# n	x	y	z
1.000000000000000	-0.233551735676946	0.377825316274087	0.025452756825380
1.000000000000000	-0.259918617232700	0.360140805368379	0.028221001583953
1.000000000000000	-0.285109971649908	0.340797565194270	0.030861559748958
1.000000000000000	-0.309024362235461	0.319873484152865	0.033363798724635
1.000000000000000	-0.331565494178908	0.297452816133494	0.035717642877777
1.000000000000000	-0.352642602297664	0.273625841253036	0.037913614108755
1.000000000000000	-0.372170816516369	0.248488502329752	0.039942870016475
1.000000000000000	-0.390071503608726	0.222142018555418	0.041797239503611
1.000000000000000	-0.406272583825749	0.194692477921368	0.043469255678726
1.000000000000000	-0.420708821135475	0.166250410039590	0.044952185922810
1.000000000000000	-0.433322085905438	0.136930341078993	0.046240058999162
1.000000000000000	-0.444061588970183	0.106850332608946	0.047327689097450
1.000000000000000	-0.452884086141307	0.076131506207006	0.048210696715140
1.000000000000000	-0.459754052336550	0.044897555745076	0.048885526292209
1.000000000000000	-0.464643824626753	0.013274249317837	0.049349460528125
1.000000000000000	-0.467533713624720	-0.018611077180977	0.049600631323464
1.000000000000000	-0.468412082767423	-0.050630032795282	0.049638027302081
1.000000000000000	-0.467275395172340	-0.082653688491711	0.049461497883571
1.000000000000000	-0.464128227879230	-0.114553096311324	0.049071753889596
1.000000000000000	-0.458983253420008	-0.146199808597528	0.048470364681661
1.000000000000000	-0.451861188790936	-0.177466395209457	0.047659751841852
1.000000000000000	-0.442790712032586	-0.208226956638171	0.046643179421973
1.000000000000000	-0.431808346753496	-0.238357630959546	0.045424740800366
1.000000000000000	-0.418958315062487	-0.267737092582523	0.044009342199320
1.000000000000000	-0.404292359501841	-0.296247040784444	0.042402682929445
1.000000000000000	-0.387869534698342	-0.323772676066309	0.040611232440561
1.000000000000000	-0.369755969571141	-0.350203162409839	0.038642204271505
1.000000000000000	-0.350024601053935	-0.375432073575004	0.036503527003758
1.000000000000000	-0.328754880403679	-0.399357821640929	0.034203812335844
1.000000000000000	-0.306032453278416	-0.421884066064597	0.031752320407060
1.000000000000000	-0.281948814872441	-0.442920101610210	0.029158922510166
1.000000000000000	-0.256600941497445	-0.462381223587165	0.026434061343168
1.000000000000000	-0.230090900093134	-0.480189068925941	0.023588708960263
1.000000000000000	-0.202525437239690	-0.496271931718528	0.020634322591248
1.000000000000000	-0.174015549326966	-0.510565051952805	0.017582798507299
1.000000000000000	-0.144676035611197	-0.523010876278258	0.014446424118884
1.000000000000000	-0.114625035958921	-0.533559289753004	0.011237828498703
1.000000000000000	-0.083983555139422	-0.542167817638977	0.007969931528864
1.000000000000000	-0.052874975581242	-0.548801796432706	0.004655891877081
1.000000000000000	-0.021424560554682	-0.553434513443010	0.001309054011361
1.000000000000000	0.010241050219174	-0.556047314353578	-0.002057105533455
1.000000000000000	0.041994350501921	-0.556629678337315	-0.005429032420945
1.000000000000000	0.073707480960447	-0.555179260419999	-0.008793149091635
1.000000000000000	0.105252744011350	-0.551701900922668	-0.012135909435035
1.000000000000000	0.136503118014027	-0.546211601944705	-0.015443853335049
1.000000000000000	0.167332768741993	-0.538730470982328	-0.018703660869109
1.000000000000000	0.197617556072901	-0.529288631909504	-0.021902205942806
1.000000000000000	0.227235533856997	-0.517924103679740	-0.025026609144033
1.000000000000000	0.256067440951223	-0.504682647237178	-0.028064289603838
1.000000000000000	0.283997181441754	-0.489617581253423	-0.031003015655140
1.000000000000000	0.310912292121262	-0.472789567432071	-0.033830954085334
1.000000000000000	0.336704395338562	-0.454266366245437	-0.036536717784467
1.000000000000000	0.361269635397159	-0.434122564087052	-0.039109411597104
1.000000000000000	0.384509096745485	-0.412439272938578	-0.041538676193277
1.000000000000000	0.406329202274915	-0.389303803760487	-0.043814729781853
1.000000000000000	0.426642090121752	-0.364809314921640	-0.045928407498348
1.000000000000000	0.445365967455943	-0.339054437083413	-0.047871198308607
1.000000000000000	0.462425439831939	-0.312142876048838	-0.049635279279734
1.000000000000000	0.477751814775517	-0.284182995175933	-0.051213547080279
1.000000000000000	0.491283378384128	-0.255287379036708	-0.052599646582850
1.000000000000000	0.502965643827001	-0.225572380078826	-0.053787996453964
1.000000000000000	0.512751570744379	-0.195157650115370	-0.054773811628111
1.000000000000000	0.520601754662450	-0.164165658529210	-0.055553122575523
1.000000000000000	0.526484585661248	-0.132721199132036	-0.056122791286066
1.000000000000000	0.530376375656649	-0.100950887663712	-0.056480523904905
1.000000000000000	0.532261453783925	-0.068982651955389	-0.056624879969044
1.000000000000000	0.532132229498785	-0.036945216809274	-0.056555278207560
1.000000000000000	0.529989223141815	-0.004967585669288	-0.056271998882183
1.000000000000000	0.525841063843254	0.026821478830274	-0.055776182658775
1.000000000000000	0.519704454776531	0.058293973346424	-0.055069826014270
1.000000000000000	0.511604105900479	0.089323169251768	-0.054155773197573
1.000000000000000	0.501572634461055	0.119784122925956	-0.053037704776768
1.000000000000000	0.489650433653200	0.149554178859544	-0.051720122818769
1.000000000000000	0.475885509971700	0.178513463544445	-0.050208332761089
1.000000000000000	0.460333289905977	0.206545368162232	-0.048508422048713
1.000000000000000	0.443056396757177	0.233537018126695	-0.046627235622108
1.000000000000000	0.424124398476237	0.259379727589961	-0.044572348355060
1.000000000000000	0.403613527538305	0.283969437082045	-0.042352034553334
1.000000000000000	0.381606373981463	0.307207132521608	-0.039975234636963
1.000000000000000	0.358191552845797	0.328999243910713	-0.037451519140335
1.000000000000000	0.333463347351906	0.349258022108188	-0.034791050175024
1.000000000000000	0.307521329255646	0.367901892164440	-0.032004540510558
1.000000000000000	0.280469957907818	0.384855781794991	-0.029103210437874
1.000000000000000	0.252418159633227	0.400051423670067	-0.026098742589169
1.000000000000000	0.223478889122817	0.413427630303046	-0.023003234896061
1.000000000000000	0.193768674604998	0.424930540430865	-0.019829151875490
1.000000000000000	0.163407148627599	0.434513835894320	-0.016589274439507
1.000000000000000	0.132516566339819	0.442138928144943	-0.013296648431053
1.000000000000000	0.101221313213893	0.447775113627471	-0.009964532092951
1.000000000000000	0.069647404188693	0.451399697412221	-0.006606342681645
1.000000000000000	0.037921976252050	0.452998084579567	-0.003235602440644
1.000000000000000	0.006172776504974	0.452563838988527	0.000134115848786
1.000000000000000	-0.025472352230838	0.450098709192832	0.003489243520412
1.000000000000000	-0.056885986190917	0.445612621400116	0.006816270659274
1.000000000000000	-0.087941633758552	0.439123639502585	0.010101800501335
1.000000000000000	-0.118514244801885	0.430657892340093	0.013332603377530
1.000000000000000	-0.148480714206657	0.420249468488531	0.016495669984968
1.000000000000000	-0.177720377577055	0.407940278997162	0.019578263770805
1.000000000000000	-0.206115497108642	0.393779888627615	0.022567972217848
1.000000000000000	-0.233551735676946	0.377825316274087	0.025452756825380


2.000000000000000	nan	nan	nan
2.000000000000000	nan	nan	nan
2.000000000000000	nan	nan	nan
2.000000000000000	nan	nan	nan
2.000000000000000	nan	nan	nan
2.000000000000000	nan	nan	nan
2.000000000000000	nan	nan	nan
2.000000000000000	nan	nan	nan
2.000000000000000	nan	nan	nan
2.000000000000000	nan	nan	nan
2.000000000000000	nan	nan	nan
2.000000000000000	nan	nan	nan
2.000000000000000	nan	nan	nan
2.000000000000000	nan	nan	nan
2.000000000000000	nan	nan	nan
2.000000000000000	nan	nan	nan
2.000000000000000	nan	nan	nan
2.000000000000000	nan	nan	nan
2.000000000000000	nan	nan	nan
2.000000000000000	nan	nan	nan
2.000000000000000	nan	nan	nan
2.000000000000000	nan	nan	nan
2.000000000000000	nan	nan	nan
2.000000000000000	nan	nan	nan
2.000000000000000	nan	nan	nan
2.000000000000000	nan	nan	nan
2.000000000000000	nan	nan	nan
2.000000000000000	nan	nan	nan
2.000000000000000	nan	nan	nan
2.000000000000000	nan	nan	nan
2.000000000000000	nan	nan	nan
2.000000000000000	nan	nan	nan
2.000000000000000	nan	nan	nan
2.000000000000000	nan	nan	nan
2.000000000000000	nan	nan	nan
2.000000000000000	nan	nan	nan
2.000000000000000	nan	nan	nan
2.000000000000000	nan	nan	nan
2.000000000000000	nan	nan	nan
2.000000000000000	nan	nan	nan
2.000000000000000	nan	nan	nan
2.000000000000000	nan	nan	nan
2.000000000000000	nan	nan	nan
2.000000000000000	nan	nan	nan
2.000000000000000	nan	nan	nan
2.000000000000000	nan	nan	nan
2.000000000000000	nan	nan	nan
2.000000000000000	nan	nan	nan
2.000000000000000	nan	nan	nan
2.000000000000000	nan	nan	nan
2.000000000000000	nan	nan	nan
2.000000000000000	nan	nan	nan
2.000000000000000	nan	nan	nan
2.000000000000000	nan	nan	nan
2.000000000000000	nan	nan	nan
2.000000000000000	nan	nan	nan
2.000000000000000	nan	nan	nan
2.000000000000000	nan	nan	nan
2.000000000000000	nan	nan	nan
2.000000000000000	nan	nan	nan
2.000000000000000	nan	nan	nan
2.000000000000000	nan	nan	nan
2.000000000000000	nan	nan	nan
2.000000000000000	nan	nan	nan
2.000000000000000	nan	nan	nan
2.000000000000000	nan	nan	nan
2.000000000000000	nan	nan	nan
2.000000000000000	nan	nan	nan
2.000000000000000	nan	nan	nan
2.000000000000000	nan	nan	nan
2.000000000000000	nan	nan	nan
2.000000000000000	nan	nan	nan
2.000000000000000	nan	nan	nan
2.000000000000000	nan	nan	nan
2.000000000000000	nan	nan	nan
2.000000000000000	nan	nan	nan
2.000000000000000	nan	nan	nan
2.000000000000000	nan	nan	nan
2.000000000000000	nan	nan	nan
2.000000000000000	nan	nan	nan
2.000000000000000	nan	nan	nan
2.000000000000000	nan	nan	nan
2.000000000000000	nan	nan	nan
2.000000000000000	nan	nan	nan
2.000000000000000	nan	nan	nan
2.000000000000000	nan	nan	nan
2.000000000000000	nan	nan	nan
2.000000000000000	nan	nan	nan
2.000000000000000	nan	nan	nan
2.000000000000000	nan	nan	nan
2.000000000000000	nan	nan	nan
2.000000000000000	nan	nan	nan
2.000000000000000	nan	nan	nan
2.000000000000000	nan	nan	nan
2.000000000000000	nan	nan	nan
2.000000000000000	nan	nan	nan
2.000000000000000	nan	nan	nan
2.000000000000000	nan	nan	nan
2.000000000000000	nan	nan	nan
2.000000000000000	nan	nan	nan


3.000000000000000	nan	nan	nan
3.000000000000000	nan	nan	nan
3.000000000000000	nan	nan	nan
3.000000000000000	nan	nan	nan
3.000000000000000	nan	nan	nan
3.000000000000000	nan	nan	nan
3.000000000000000	nan	nan	nan
3.000000000000000	nan	nan	nan
3.000000000000000	nan	nan	nan
3.000000000000000	nan	nan	nan
3.000000000000000	nan	nan	nan
3.000000000000000	nan	nan	nan
3.000000000000000	nan	nan	nan
3.000000000000000	nan	nan	nan
3.000000000000000	nan	nan	nan
3.000000000000000	nan	nan	nan
3.000000000000000	nan	nan	nan
3.000000000000000	nan	nan	nan
3.000000000000000	nan	nan	nan
3.000000000000000	nan	nan	nan
3.000000000000000	nan	nan	nan
3.000000000000000	nan	nan	nan
3.000000000000000	nan	nan	nan
3.000000000000000	nan	nan	nan
3.000000000000000	nan	nan	nan
3.000000000000000	nan	nan	nan
3.000000000000000	nan	nan	nan
3.000000000000000	nan	nan	nan
3.000000000000000	nan	nan	nan
3.000000000000000	nan	nan	nan
3.000000000000000	nan	nan	nan
3.000000000000000	nan	nan	nan
3.000000000000000	nan	nan	nan
3.000000000000000	nan	nan	nan
3.000000000000000	nan	nan	nan
3.000000000000000	nan	nan	nan
3.000000000000000	nan	nan	nan
3.000000000000000	nan	nan	nan
3.000000000000000	nan	nan	nan
3.000000000000000	nan	nan	nan
3.000000000000000	nan	nan	nan
3.000000000000000	nan	nan	nan
3.000000000000000	nan	nan	nan
3.000000000000000	nan	nan	nan
3.000000000000000	nan	nan	nan
3.000000000000000	nan	nan	nan
3.000000000000000	nan	nan	nan
3.000000000000000	nan	nan	nan
3.000000000000000	nan	nan	nan
3.000000000000000	nan	nan	nan
3.000000000000000	nan	nan	nan
3.000000000000000	nan	nan	nan
3.000000000000000	nan	nan	nan
3.000000000000000	nan	nan	nan
3.000000000000000	nan	nan	nan
3.000000000000000	nan	nan	nan
3.000000000000000	nan	nan	nan
3.000000000000000	nan	nan	nan
3.000000000000000	nan	nan	nan
3.000000000000000	nan	nan	nan
3.000000000000000	nan	nan	nan
3.000000000000000	nan	nan	nan
3.000000000000000	nan	nan	nan
3.000000000000000	nan	nan	nan
3.000000000000000	nan	nan	nan
3.000000000000000	nan	nan	nan
3.000000000000000	nan	nan	nan
3.000000000000000	nan	nan	nan
3.000000000000000	nan	nan	nan
3.000000000000000	nan	nan	nan
3.000000000000000	nan	nan	nan
3.000000000000000	nan	nan	nan
3.000000000000000	nan	nan	nan
3.000000000000000	nan	nan	nan
3.000000000000000	nan	nan	nan
3.000000000000000	nan	nan	nan
3.000000000000000	nan	nan	nan
3.000000000000000	nan	nan	nan
3.000000000000000	nan	nan	nan
3.000000000000000	nan	nan	nan
3.000000000000000	nan	nan	nan
3.000000000000000	nan	nan	nan
3.000000000000000	nan	nan	nan
3.000000000000000	nan	nan	nan
3.000000000000000	nan	nan	nan
3.000000000000000	nan	nan	nan
3.000000000000000	nan	nan	nan
3.000000000000000	nan	nan	nan
3.000000000000000	nan	nan	nan
3.000000000000000	nan	nan	nan
3.000000000000000	nan	nan	nan
3.000000000000000	nan	nan	nan
3.000000000000000	nan	nan	nan
3.000000000000000	nan	nan	nan
3.000000000000000	nan	nan	nan
3.000000000000000	nan	nan	nan
3.000000000000000	nan	nan	nan
3.000000000000000	nan	nan	nan
3.000000000000000	nan	nan	nan
3.000000000000000	nan	nan	nan


4.000000000000000	nan	nan	nan
4.000000000000000	nan	nan	nan
4.000000000000000	nan	nan	nan
4.000000000000000	nan	nan	nan
4.000000000000000	nan	nan	nan
4.000000000000000	nan	nan	nan
4.000000000000000	nan	nan	nan
4.000000000000000	nan	nan	nan
4.000000000000000	nan	nan	nan
4.000000000000000	nan	nan	nan
4.000000000000000	nan	nan	nan
4.000000000000000	nan	nan	nan
4.000000000000000	nan	nan	nan
4.000000000000000	nan	nan	nan
4.000000000000000	nan	nan	nan
4.000000000000000	nan	nan	nan
4.000000000000000	nan	nan	nan
4.000000000000000	nan	nan	nan
4.000000000000000	nan	nan	nan
4.000000000000000	nan	nan	nan
4.000000000000000	nan	nan	nan
4.000000000000000	nan	nan	nan
4.000000000000000	nan	nan	nan
4.000000000000000	nan	nan	nan
4.000000000000000	nan	nan	nan
4.000000000000000	nan	nan	nan
4.000000000000000	nan	nan	nan
4.000000000000000	nan	nan	nan
4.000000000000000	nan	nan	nan
4.000000000000000	nan	nan	nan
4.000000000000000	nan	nan	nan
4.000000000000000	nan	nan	nan
4.000000000000000	nan	nan	nan
4.000000000000000	nan	nan	nan
4.000000000000000	nan	nan	nan
4.000000000000000	nan	nan	nan
4.000000000000000	nan	nan	nan
4.000000000000000	nan	nan	nan
4.000000000000000	nan	nan	nan
4.000000000000000	nan	nan	nan
4.000000000000000	nan	nan	nan
4.000000000000000	nan	nan	nan
4.000000000000000	nan	nan	nan
4.000000000000000	nan	nan	nan
4.000000000000000	nan	nan	nan
4.000000000000000	nan	nan	nan
4.000000000000000	nan	nan	nan
4.000000000000000	nan	nan	nan
4.000000000000000	nan	nan	nan
4.000000000000000	nan	nan	nan
4.000000000000000	nan	nan	nan
4.000000000000000	nan	nan	nan
4.000000000000000	nan	nan	nan
4.000000000000000	nan	nan	nan
4.000000000000000	nan	nan	nan
4.000000000000000	nan	nan	nan
4.000000000000000	nan	nan	nan
4.000000000000000	nan	nan	nan
4.000000000000000	nan	nan	nan
4.000000000000000	nan	nan	nan
4.000000000000000	nan	nan	nan
4.000000000000000	nan	nan	nan
4.000000000000000	nan	nan	nan
4.000000000000000	nan	nan	nan
4.000000000000000	nan	nan	nan
4.000000000000000	nan	nan	nan
4.000000000000000	nan	nan	nan
4.000000000000000	nan	nan	nan
4.000000000000000	nan	nan	nan
4.000000000000000	nan	nan	nan
4.000000000000000	nan	nan	nan
4.000000000000000	nan	nan	nan
4.000000000000000	nan	nan	nan
4.000000000000000	nan	nan	nan
4.000000000000000	nan	nan	nan
4.000000000000000	nan	nan	nan
4.000000000000000	nan	nan	nan
4.000000000000000	nan	nan	nan
4.000000000000000	nan	nan	nan
4.000000000000000	nan	nan	nan
4.000000000000000	nan	nan	nan
4.000000000000000	nan	nan	nan
4.000000000000000	nan	nan	nan
4.000000000000000	nan	nan	nan
4.000000000000000	nan	nan	nan
4.000000000000000	nan	nan	nan
4.000000000000000	nan	nan	nan
4.000000000000000	nan	nan	nan
4.000000000000000	nan	nan	nan
4.000000000000000	nan	nan	nan
4.000000000000000	nan	nan	nan
4.000000000000000	nan	nan	nan
4.000000000000000	nan	nan	nan
4.000000000000000	nan	nan	nan
4.000000000000000	nan	nan	nan
4.000000000000000	nan	nan	nan
4.000000000000000	nan	nan	nan
4.000000000000000	nan	nan	nan
4.000000000000000	nan	nan	nan
4.000000000000000	nan	nan	nan


5.000000000000000	nan	nan	nan
5.000000000000000	nan	nan	nan
5.000000000000000	nan	nan	nan
5.000000000000000	nan	nan	nan
5.000000000000000	nan	nan	nan
5.000000000000000	nan	nan	nan
5.000000000000000	nan	nan	nan
5.000000000000000	nan	nan	nan
5.000000000000000	nan	nan	nan
5.000000000000000	nan	nan	nan
5.000000000000000	nan	nan	nan
5.000000000000000	nan	nan	nan
5.000000000000000	nan	nan	nan
5.000000000000000	nan	nan	nan
5.000000000000000	nan	nan	nan
5.000000000000000	nan	nan	nan
5.000000000000000	nan	nan	nan
5.000000000000000	nan	nan	nan
5.000000000000000	nan	nan	nan
5.000000000000000	nan	nan	nan
5.000000000000000	nan	nan	nan
5.000000000000000	nan	nan	nan
5.000000000000000	nan	nan	nan
5.000000000000000	nan	nan	nan
5.000000000000000	nan	nan	nan
5.000000000000000	nan	nan	nan
5.000000000000000	nan	nan	nan
5.000000000000000	nan	nan	nan
5.000000000000000	nan	nan	nan
5.000000000000000	nan	nan	nan
5.000000000000000	nan	nan	nan
5.000000000000000	nan	nan	nan
5.000000000000000	nan	nan	nan
5.000000000000000	nan	nan	nan
5.000000000000000	nan	nan	nan
5.000000000000000	nan	nan	nan
5.000000000000000	nan	nan	nan
5.000000000000000	nan	nan	nan
5.000000000000000	nan	nan	nan
5.000000000000000	nan	nan	nan
5.000000000000000	nan	nan	nan
5.000000000000000	nan	nan	nan
5.000000000000000	nan	nan	nan
5.000000000000000	nan	nan	nan
5.000000000000000	nan	nan	nan
5.000000000000000	nan	nan	nan
5.000000000000000	nan	nan	nan
5.000000000000000	nan	nan	nan
5.000000000000000	nan	nan	nan
5.000000000000000	nan	nan	nan
5.000000000000000	nan	nan	nan
5.000000000000000	nan	nan	nan
5.000000000000000	nan	nan	nan
5.000000000000000	nan	nan	nan
5.000000000000000	nan	nan	nan
5.000000000000000	nan	nan	nan
5.000000000000000	nan	nan	nan
5.000000000000000	nan	nan	nan
5.000000000000000	nan	nan	nan
5.000000000000000	nan	nan	nan
5.000000000000000	nan	nan	nan
5.000000000000000	nan	nan	nan
5.000000000000000	nan	nan	nan
5.000000000000000	nan	nan	nan
5.000000000000000	nan	nan	nan
5.000000000000000	nan	nan	nan
5.000000000000000	nan	nan	nan
5.000000000000000	nan	nan	nan
5.000000000000000	nan	nan	nan
5.000000000000000	nan	nan	nan
5.000000000000000	nan	nan	nan
5.000000000000000	nan	nan	nan
5.000000000000000	nan	nan	nan
5.000000000000000	nan	nan	nan
5.000000000000000	nan	nan	nan
5.000000000000000	nan	nan	nan
5.000000000000000	nan	nan	nan
5.000000000000000	nan	nan	nan
5.000000000000000	nan	nan	nan
5.000000000000000	nan	nan	nan
5.000000000000000	nan	nan	nan
5.000000000000000	nan	nan	nan
5.000000000000000	nan	nan	nan
5.000000000000000	nan	nan	nan
5.000000000000000	nan	nan	nan
5.000000000000000	nan	nan	nan
5.000000000000000	nan	nan	nan
5.000000000000000	nan	nan	nan
5.000000000000000	nan	nan	nan
5.000000000000000	nan	nan	nan
5.000000000000000	nan	nan	nan
5.000000000000000	nan	nan	nan
5.000000000000000	nan	nan	nan
5.000000000000000	nan	nan	nan
5.000000000000000	nan	nan	nan
5.000000000000000	nan	nan	nan
5.000000000000000	nan	nan	nan
5.000000000000000	nan	nan	nan
5.000000000000000	nan	nan	nan
5.000000000000000	nan	nan	nan


6.000000000000000	nan	nan	nan
6.000000000000000	nan	nan	nan
6.000000000000000	nan	nan	nan
6.000000000000000	nan	nan	nan
6.000000000000000	nan	nan	nan
6.000000000000000	nan	nan	nan
6.000000000000000	nan	nan	nan
6.000000000000000	nan	nan	nan
6.000000000000000	nan	nan	nan
6.000000000000000	nan	nan	nan
6.000000000000000	nan	nan	nan
6.000000000000000	nan	nan	nan
6.000000000000000	nan	nan	nan
6.000000000000000	nan	nan	nan
6.000000000000000	nan	nan	nan
6.000000000000000	nan	nan	nan
6.000000000000000	nan	nan	nan
6.000000000000000	nan	nan	nan
6.000000000000000	nan	nan	nan
6.000000000000000	nan	nan	nan
6.000000000000000	nan	nan	nan
6.000000000000000	nan	nan	nan
6.000000000000000	nan	nan	nan
6.000000000000000	nan	nan	nan
6.000000000000000	nan	nan	nan
6.000000000000000	nan	nan	nan
6.000000000000000	nan	nan	nan
6.000000000000000	nan	nan	nan
6.000000000000000	nan	nan	nan
6.000000000000000	nan	nan	nan
6.000000000000000	nan	nan	nan
6.000000000000000	nan	nan	nan
6.000000000000000	nan	nan	nan
6.000000000000000	nan	nan	nan
6.000000000000000	nan	nan	nan
6.000000000000000	nan	nan	nan
6.000000000000000	nan	nan	nan
6.000000000000000	nan	nan	nan
6.000000000000000	nan	nan	nan
6.000000000000000	nan	nan	nan
6.000000000000000	nan	nan	nan
6.000000000000000	nan	nan	nan
6.000000000000000	nan	nan	nan
6.000000000000000	nan	nan	nan
6.000000000000000	nan	nan	nan
6.000000000000000	nan	nan	nan
6.000000000000000	nan	nan	nan
6.000000000000000	nan	nan	nan
6.000000000000000	nan	nan	nan
6.000000000000000	nan	nan	nan
6.000000000000000	nan	nan	nan
6.000000000000000	nan	nan	nan
6.000000000000000	nan	nan	nan
6.000000000000000	nan	nan	nan
6.000000000000000	nan	nan	nan
6.000000000000000	nan	nan	nan
6.000000000000000	nan	nan	nan
6.000000000000000	nan	nan	nan
6.000000000000000	nan	nan	nan
6.000000000000000	nan	nan	nan
6.000000000000000	nan	nan	nan
6.000000000000000	nan	nan	nan
6.000000000000000	nan	nan	nan
6.000000000000000	nan	nan	nan
6.000000000000000	nan	nan	nan
6.000000000000000	nan	nan	nan
6.000000000000000	nan	nan	nan
6.000000000000000	nan	nan	nan
6.000000000000000	nan	nan	nan
6.000000000000000	nan	nan	nan
6.000000000000000	nan	nan	nan
6.000000000000000	nan	nan	nan
6.000000000000000	nan	nan	nan
6.000000000000000	nan	nan	nan
6.000000000000000	nan	nan	nan
6.000000000000000	nan	nan	nan
6.000000000000000	nan	nan	nan
6.000000000000000	nan	nan	nan
6.000000000000000	nan	nan	nan
6.000000000000000	nan	nan	nan
6.000000000000000	nan	nan	nan
6.000000000000000	nan	nan	nan
6.000000000000000	nan	nan	nan
6.000000000000000	nan	nan	nan
6.000000000000000	nan	nan	nan
6.000000000000000	nan	nan	nan
6.000000000000000	nan	nan	nan
6.000000000000000	nan	nan	nan
6.000000000000000	nan	nan	nan
6.000000000000000	nan	nan	nan
6.000000000000000	nan	nan	nan
6.000000000000000	nan	nan	nan
6.000000000000000	nan	nan	nan
6.000000000000000	nan	nan	nan
6.000000000000000	nan	nan	nan
6.000000000000000	nan	nan	nan
6.000000000000000	nan	nan	nan
6.000000000000000	nan	nan	nan
6.000000000000000	nan	nan	nan
6.000000000000000	nan	nan	nan


7.000000000000000	nan	nan	nan
7.000000000000000	nan	nan	nan
7.000000000000000	nan	nan	nan
7.000000000000000	nan	nan	nan
7.000000000000000	nan	nan	nan
7.000000000000000	nan	nan	nan
7.000000000000000	nan	nan	nan
7.000000000000000	nan	nan	nan
7.000000000000000	nan	nan	nan
7.000000000000000	nan	nan	nan
7.000000000000000	nan	nan	nan
7.000000000000000	nan	nan	nan
7.000000000000000	nan	nan	nan
7.000000000000000	nan	nan	nan
7.000000000000000	nan	nan	nan
7.000000000000000	nan	nan	nan
7.000000000000000	nan	nan	nan
7.000000000000000	nan	nan	nan
7.000000000000000	nan	nan	nan
7.000000000000000	nan	nan	nan
7.000000000000000	nan	nan	nan
7.000000000000000	nan	nan	nan
7.000000000000000	nan	nan	nan
7.000000000000000	nan	nan	nan
7.000000000000000	nan	nan	nan
7.000000000000000	nan	nan	nan
7.000000000000000	nan	nan	nan
7.000000000000000	nan	nan	nan
7.000000000000000	nan	nan	nan
7.000000000000000	nan	nan	nan
7.000000000000000	nan	nan	nan
7.000000000000000	nan	nan	nan
7.000000000000000	nan	nan	nan
7.000000000000000	nan	nan	nan
7.000000000000000	nan	nan	nan
7.000000000000000	nan	nan	nan
7.000000000000000	nan	nan	nan
7.000000000000000	nan	nan	nan
7.000000000000000	nan	nan	nan
7.000000000000000	nan	nan	nan
7.000000000000000	nan	nan	nan
7.000000000000000	nan	nan	nan
7.000000000000000	nan	nan	nan
7.000000000000000	nan	nan	nan
7.000000000000000	nan	nan	nan
7.000000000000000	nan	nan	nan
7.000000000000000	nan	nan	nan
7.000000000000000	nan	nan	nan
7.000000000000000	nan	nan	nan
7.000000000000000	nan	nan	nan
7.000000000000000	nan	nan	nan
7.000000000000000	nan	nan	nan
7.000000000000000	nan	nan	nan
7.000000000000000	nan	nan	nan
7.000000000000000	nan	nan	nan
7.000000000000000	nan	nan	nan
7.000000000000000	nan	nan	nan
7.000000000000000	nan	nan	nan
7.000000000000000	nan	nan	nan
7.000000000000000	nan	nan	nan
7.000000000000000	nan	nan	nan
7.000000000000000	nan	nan	nan
7.000000000000000	nan	nan	nan
7.000000000000000	nan	nan	nan
7.000000000000000	nan	nan	nan
7.000000000000000	nan	nan	nan
7.000000000000000	nan	nan	nan
7.000000000000000	nan	nan	nan
7.000000000000000	nan	nan	nan
7.000000000000000	nan	nan	nan
7.000000000000000	nan	nan	nan
7.000000000000000	nan	nan	nan
7.000000000000000	nan	nan	nan
7.000000000000000	nan	nan	nan
7.000000000000000	nan	nan	nan
7.000000000000000	nan	nan	nan
7.000000000000000	nan	nan	nan
7.000000000000000	nan	nan	nan
7.000000000000000	nan	nan	nan
7.000000000000000	nan	nan	nan
7.000000000000000	nan	nan	nan
7.000000000000000	nan	nan	nan
7.000000000000000	nan	nan	nan
7.000000000000000	nan	nan	nan
7.000000000000000	nan	nan	nan
7.000000000000000	nan	nan	nan
7.000000000000000	nan	nan	nan
7.000000000000000	nan	nan	nan
7.000000000000000	nan	nan	nan
7.000000000000000	nan	nan	nan
7.000000000000000	nan	nan	nan
7.000000000000000	nan	nan	nan
7.000000000000000	nan	nan	nan
7.000000000000000	nan	nan	nan
7.000000000000000	nan	nan	nan
7.000000000000000	nan	nan	nan
7.000000000000000	nan	nan	nan
7.000000000000000	nan	nan	nan
7.000000000000000	nan	nan	nan
7.000000000000000	nan	nan	nan


8.000000000000000	nan	nan	nan
8.000000000000000	nan	nan	nan
8.000000000000000	nan	nan	nan
8.000000000000000	nan	nan	nan
8.000000000000000	nan	nan	nan
8.000000000000000	nan	nan	nan
8.000000000000000	nan	nan	nan
8.000000000000000	nan	nan	nan
8.000000000000000	nan	nan	nan
8.000000000000000	nan	nan	nan
8.000000000000000	nan	nan	nan
8.000000000000000	nan	nan	nan
8.000000000000000	nan	nan	nan
8.000000000000000	nan	nan	nan
8.000000000000000	nan	nan	nan
8.000000000000000	nan	nan	nan
8.000000000000000	nan	nan	nan
8.000000000000000	nan	nan	nan
8.000000000000000	nan	nan	nan
8.000000000000000	nan	nan	nan
8.000000000000000	nan	nan	nan
8.000000000000000	nan	nan	nan
8.000000000000000	nan	nan	nan
8.000000000000000	nan	nan	nan
8.000000000000000	nan	nan	nan
8.000000000000000	nan	nan	nan
8.000000000000000	nan	nan	nan
8.000000000000000	nan	nan	nan
8.000000000000000	nan	nan	nan
8.000000000000000	nan	nan	nan
8.000000000000000	nan	nan	nan
8.000000000000000	nan	nan	nan
8.000000000000000	nan	nan	nan
8.000000000000000	nan	nan	nan
8.000000000000000	nan	nan	nan
8.000000000000000	nan	nan	nan
8.000000000000000	nan	nan	nan
8.000000000000000	nan	nan	nan
8.000000000000000	nan	nan	nan
8.000000000000000	nan	nan	nan
8.000000000000000	nan	nan	nan
8.000000000000000	nan	nan	nan
8.000000000000000	nan	nan	nan
8.000000000000000	nan	nan	nan
8.000000000000000	nan	nan	nan
8.000000000000000	nan	nan	nan
8.000000000000000	nan	nan	nan
8.000000000000000	nan	nan	nan
8.000000000000000	nan	nan	nan
8.000000000000000	nan	nan	nan
8.000000000000000	nan	nan	nan
8.000000000000000	nan	nan	nan
8.000000000000000	nan	nan	nan
8.000000000000000	nan	nan	nan
8.000000000000000	nan	nan	nan
8.000000000000000	nan	nan	nan
8.000000000000000	nan	nan	nan
8.000000000000000	nan	nan	nan
8.000000000000000	nan	nan	nan
8.000000000000000	nan	nan	nan
8.000000000000000	nan	nan	nan
8.000000000000000	nan	nan	nan
8.000000000000000	nan	nan	nan
8.000000000000000	nan	nan	nan
8.000000000000000	nan	nan	nan
8.000000000000000	nan	nan	nan
8.000000000000000	nan	nan	nan
8.000000000000000	nan	nan	nan
8.000000000000000	nan	nan	nan
8.000000000000000	nan	nan	nan
8.000000000000000	nan	nan	nan
8.000000000000000	nan	nan	nan
8.000000000000000	nan	nan	nan
8.000000000000000	nan	nan	nan
8.000000000000000	nan	nan	nan
8.000000000000000	nan	nan	nan
8.000000000000000	nan	nan	nan
8.000000000000000	nan	nan	nan
8.000000000000000	nan	nan	nan
8.000000000000000	nan	nan	nan
8.000000000000000	nan	nan	nan
8.000000000000000	nan	nan	nan
8.000000000000000	nan	nan	nan
8.000000000000000	nan	nan	nan
8.000000000000000	nan	nan	nan
8.000000000000000	nan	nan	nan
8.000000000000000	nan	nan	nan
8.000000000000000	nan	nan	nan
8.000000000000000	nan	nan	nan
8.000000000000000	nan	nan	nan
8.000000000000000	nan	nan	nan
8.000000000000000	nan	nan	nan
8.000000000000000	nan	nan	nan
8.000000000000000	nan	nan	nan
8.000000000000000	nan	nan	nan
8.000000000000000	nan	nan	nan
8.000000000000000	nan	nan	nan
8.000000000000000	nan	nan	nan
8.000000000000000	nan	nan	nan
8.000000000000000	nan	nan	nan


9.000000000000000	-0.815683214588771	-0.246186365258321	-0.046232279669255
9.000000000000000	-0.796372001729606	-0.303560422825958	-0.045755671068209
9.000000000000000	-0.773443401732866	-0.359588200410250	-0.045071543615487
9.000000000000000	-0.746989739978232	-0.414044093925520	-0.044182652050881
9.000000000000000	-0.717117536024935	-0.466708828708452	-0.043092575626994
9.000000000000000	-0.683947074695088	-0.517370342459763	-0.041805703696850
9.000000000000000	-0.647611921729156	-0.565824639144244	-0.040327218039516
9.000000000000000	-0.608258385963869	-0.611876610410788	-0.038663071994914
9.000000000000000	-0.566044930198168	-0.655340821224860	-0.036819966491814
9.000000000000000	-0.521141533119446	-0.696042256549936	-0.034805323065565
9.000000000000000	-0.473729004859364	-0.733817026071278	-0.032627253974189
9.000000000000000	-0.423998258935268	-0.768513024124394	-0.030294529533181
9.000000000000000	-0.372149543508839	-0.799990542170860	-0.027816542800545
9.000000000000000	-0.318391635057418	-0.828122831355297	-0.025203271754261
9.000000000000000	-0.262940997704819	-0.852796612878276	-0.022465239114497
9.000000000000000	-0.206020911596706	-0.873912534130060	-0.019613469972321
9.000000000000000	-0.147860573830244	-0.891385568748502	-0.016659447395555
9.000000000000000	-0.088694175558292	-0.905145358990193	-0.013615066190510
9.000000000000000	-0.028759958984279	-0.915136499036260	-0.010492585005805
9.000000000000000	0.031700741955061	-0.921318758092049	-0.007304576971110
9.000000000000000	0.092444473356271	-0.923667242382332	-0.004063879069594
9.000000000000000	0.153226641652121	-0.922172495389755	-0.000783540447920
9.000000000000000	0.213802498503571	-0.916840535932896	0.002523230128055
9.000000000000000	0.273928126314952	-0.907692833930605	0.005843117460327
9.000000000000000	0.333361420404032	-0.894766223950222	0.009162753534343
9.000000000000000	0.391863063872125	-0.878112756887770	0.012468771347276
9.000000000000000	0.449197491248777	-0.857799490377373	0.015747858732234
9.000000000000000	0.505133837030771	-0.833908218773828	0.018986811961649
9.000000000000000	0.559446865296026	-0.806535143795606	0.022172588914036
9.000000000000000	0.611917876649164	-0.775790487154489	0.025292361590007
9.000000000000000	0.662335588846781	-0.741798046731635	0.028333567766101
9.000000000000000	0.710496987556477	-0.704694698087207	0.031283961578421
9.000000000000000	0.756208143823911	-0.664629843310800	0.034131662832408
9.000000000000000	0.799284994956264	-0.621764809431959	0.036865204840190
9.000000000000000	0.839554085677730	-0.576272198813167	0.039473580592890
9.000000000000000	0.876853266572701	-0.528335194141051	0.041946287081960
9.000000000000000	0.911032347004224	-0.478146820814361	0.044273367591097
9.000000000000000	0.941953699878696	-0.425909169698808	0.046445451788417
9.000000000000000	0.969492815821590	-0.371832583378481	0.048453793457482
9.000000000000000	0.993538804532763	-0.316134809180499	0.050290305715222
9.000000000000000	1.013994841302557	-0.259040122383374	0.051947593574961
9.000000000000000	1.030778556890732	-0.200778423139624	0.053418983723418
9.000000000000000	1.043822369198321	-0.141584310749001	0.054698551391782
9.000000000000000	1.053073755396894	-0.081696139009907	0.055781144212668
9.000000000000000	1.058495463419448	-0.021355056452781	0.056662402966881
9.000000000000000	1.060065661961335	0.039195964679932	0.057338779136452
9.000000000000000	1.057778028387218	0.099713106797233	0.057807549193270
9.000000000000000	1.051641774190094	0.159952688726965	0.058066825565765
9.000000000000000	1.041681607899863	0.219672146933883	0.058115564239495
9.000000000000000	1.027937635590796	0.278631012237398	0.057953568961023
9.000000000000000	1.010465199388532	0.336591878096096	0.057581492028160
9.000000000000000	0.989334654626872	0.393321356560090	0.057000831663393
9.000000000000000	0.964631086551675	0.448591018041923	0.056213925981069
9.000000000000000	0.936453967712611	0.502178311121890	0.055223943572639
9.000000000000000	0.904916757422305	0.553867458684058	0.054034870747852
9.000000000000000	0.870146444895735	0.603450326774558	0.052651495483299
9.000000000000000	0.832283037909480	0.650727262683554	0.051079388142916
9.000000000000000	0.791478999039820	0.695507898876239	0.049324879048098
9.000000000000000	0.747898631749752	0.737611919535712	0.047395032987725
9.000000000000000	0.701717418796935	0.776869786631130	0.045297620770757
9.000000000000000	0.653121315626557	0.813123422587518	0.043041087935921
9.000000000000000	0.602306001594395	0.846226846808376	0.040634520744516
9.000000000000000	0.549476092035107	0.876046763488013	0.038087609593238
9.000000000000000	0.494844314348500	0.902463098346714	0.035410609994376
9.000000000000000	0.438630651421374	0.925369482127483	0.032614301280485
9.000000000000000	0.381061455834075	0.944673678907502	0.029709943199816
9.000000000000000	0.322368538418542	0.960297957499633	0.026709230577285
9.000000000000000	0.262788234837909	0.972179404448477	0.023624246223539
9.000000000000000	0.202560453946199	0.980270177360653	0.020467412281746
9.000000000000000	0.141927711760042	0.984537697549233	0.017251440208004
9.000000000000000	0.081134154932273	0.984964781216612	0.013989279586797
9.000000000000000	0.020424577659532	0.981549708647597	0.010694065987587
9.000000000000000	-0.039956564017572	0.974306231134096	0.007379068072514
9.000000000000000	-0.099766136552654	0.963263515603514	0.004057634168172
9.000000000000000	-0.158763307906530	0.948466027173837	0.000743138516616
9.000000000000000	-0.216710517292841	0.929973350108289	-0.002551072577997
9.000000000000000	-0.273374431751496	0.907859947890538	-0.005811734490259
9.000000000000000	-0.328526885698146	0.882214863386527	-0.009025717685480
9.000000000000000	-0.381945799666462	0.853141360300281	-0.012180080587688
9.000000000000000	-0.433416074543766	0.820756507367417	-0.015262121690789
9.000000000000000	-0.482730457699241	0.785190706960663	-0.018259430703048
9.000000000000000	-0.529690377517123	0.746587170005529	-0.021159938518954
9.000000000000000	-0.574106742974517	0.705101339320457	-0.023951965817249
9.000000000000000	-0.615800705044206	0.660900263703450	-0.026624270089430
9.000000000000000	-0.654604376856559	0.614161925285522	-0.029166090909367
9.000000000000000	-0.690361509720702	0.565074522859478	-0.031567193261739
9.000000000000000	-0.722928122282848	0.513835714069794	-0.033817908754825
9.000000000000000	-0.752173080288392	0.460651819515049	-0.035909174551712
9.000000000000000	-0.777978624613272	0.405736991967690	-0.037832569863135
9.000000000000000	-0.800240845438397	0.349312354056404	-0.039580349855024
9.000000000000000	-0.818870100657818	0.291605107883335	-0.041145476834221
9.000000000000000	-0.833791376835844	0.232847620161411	-0.042521648586782
9.000000000000000	-0.844944591259678	0.173276486555596	-0.043703323754771
9.000000000000000	-0.852284833871294	0.113131578995662	-0.044685744149351
9.000000000000000	-0.855782548104386	0.052655079796582	-0.045464953910332
9.000000000000000	-0.855423649898236	-0.007909493524172	-0.046037815435025
9.000000000000000	-0.851209584409247	-0.068318268805727	-0.046402022012257
9.000000000000000	-0.843157320191817	-0.128328001230925	-0.046556107110686
9.000000000000000	-0.831299280871952	-0.187697052787350	-0.046499450284004
9.000000000000000	-0.815683214588772	-0.246186365258321	-0.046232279669255


10.000000000000000	nan	nan	nan
10.000000000000000	nan	nan	nan
10.000000000000000	nan	nan	nan
10.000000000000000	nan	nan	nan
10.000000000000000	nan	nan	nan
10.000000000000000	nan	nan	nan
10.000000000000000	nan	nan	nan
10.000000000000000	nan	nan	nan
10.000000000000000	nan	nan	nan
10.000000000000000	nan	nan	nan
10.000000000000000	nan	nan	nan
10.000000000000000	nan	nan	nan
10.000000000000000	nan	nan	nan
10.000000000000000	nan	nan	nan
10.000000000000000	nan	nan	nan
10.000000000000000	nan	nan	nan
10.000000000000000	nan	nan	nan
10.000000000000000	nan	nan	nan
10.000000000000000	nan	nan	nan
10.000000000000000	nan	nan	nan
10.000000000000000	nan	nan	nan
10.000000000000000	nan	nan	nan
10.000000000000000	nan	nan	nan
10.000000000000000	nan	nan	nan
10.000000000000000	nan	nan	nan
10.000000000000000	nan	nan	nan
10.000000000000000	nan	nan	nan
10.000000000000000	nan	nan	nan
10.000000000000000	nan	nan	nan
10.000000000000000	nan	nan	nan
10.000000000000000	nan	nan	nan
10.000000000000000	nan	nan	nan
10.000000000000000	nan	nan	nan
10.000000000000000	nan	nan	nan
10.000000000000000	nan	nan	nan
10.000000000000000	nan	nan	nan
10.000000000000000	nan	nan	nan
10.000000000000000	nan	nan	nan
10.000000000000000	nan	nan	nan
10.000000000000000	nan	nan	nan
10.000000000000000	nan	nan	nan
10.000000000000000	nan	nan	nan
10.000000000000000	nan	nan	nan
10.000000000000000	nan	nan	nan
10.000000000000000	nan	nan	nan
10.000000000000000	nan	nan	nan
10.000000000000000	nan	nan	nan
10.000000000000000	nan	nan	nan
10.000000000000000	nan	nan	nan
10.000000000000000	nan	nan	nan
10.000000000000000	nan	nan	nan
10.000000000000000	nan	nan	nan
10.000000000000000	nan	nan	nan
10.000000000000000	nan	nan	nan
10.000000000000000	nan	nan	nan
10.000000000000000	nan	nan	nan
10.000000000000000	nan	nan	nan
10.000000000000000	nan	nan	nan
10.000000000000000	nan	nan	nan
10.000000000000000	nan	nan	nan
10.000000000000000	nan	nan	nan
10.000000000000000	nan	nan	nan
10.000000000000000	nan	nan	nan
10.000000000000000	nan	nan	nan
10.000000000000000	nan	nan	nan
10.000000000000000	nan	nan	nan
10.000000000000000	nan	nan	nan
10.000000000000000	nan	nan	nan
10.000000000000000	nan	nan	nan
10.000000000000000	nan	nan	nan
10.000000000000000	nan	nan	nan
10.000000000000000	nan	nan	nan
10.000000000000000	nan	nan	nan
10.000000000000000	nan	nan	nan
10.000000000000000	nan	nan	nan
10.000000000000000	nan	nan	nan
10.000000000000000	nan	nan	nan
10.000000000000000	nan	nan	nan
10.000000000000000	nan	nan	nan
10.000000000000000	nan	nan	nan
10.000000000000000	nan	nan	nan
10.000000000000000	nan	nan	nan
10.000000000000000	nan	nan	nan
10.000000000000000	nan	nan	nan
10.000000000000000	nan	nan	nan
10.000000000000000	nan	nan	nan
10.000000000000000	nan	nan	nan
10.000000000000000	nan	nan	nan
10.000000000000000	nan	nan	nan
10.000000000000000	nan	nan	nan
10.000000000000000	nan	nan	nan
10.000000000000000	nan	nan	nan
10.000000000000000	nan	nan	nan
10.000000000000000	nan	nan	nan
10.000000000000000	nan	nan	nan
10.000000000000000	nan	nan	nan
10.000000000000000	nan	nan	nan
10.000000000000000	nan	nan	nan
10.000000000000000	nan	nan	nan
10.000000000000000	nan	nan	nan


11.000000000000000	nan	nan	nan
11.000000000000000	nan	nan	nan
11.000000000000000	nan	nan	nan
11.000000000000000	nan	nan	nan
11.000000000000000	nan	nan	nan
11.000000000000000	nan	nan	nan
11.000000000000000	nan	nan	nan
11.000000000000000	nan	nan	nan
11.000000000000000	nan	nan	nan
11.000000000000000	nan	nan	nan
11.000000000000000	nan	nan	nan
11.000000000000000	nan	nan	nan
11.000000000000000	nan	nan	nan
11.000000000000000	nan	nan	nan
11.000000000000000	nan	nan	nan
11.000000000000000	nan	nan	nan
11.000000000000000	nan	nan	nan
11.000000000000000	nan	nan	nan
11.000000000000000	nan	nan	nan
11.000000000000000	nan	nan	nan
11.000000000000000	nan	nan	nan
11.000000000000000	nan	nan	nan
11.000000000000000	nan	nan	nan
11.000000000000000	nan	nan	nan
11.000000000000000	nan	nan	nan
11.000000000000000	nan	nan	nan
11.000000000000000	nan	nan	nan
11.000000000000000	nan	nan	nan
11.000000000000000	nan	nan	nan
11.000000000000000	nan	nan	nan
11.000000000000000	nan	nan	nan
11.000000000000000	nan	nan	nan
11.000000000000000	nan	nan	nan
11.000000000000000	nan	nan	nan
11.000000000000000	nan	nan	nan
11.000000000000000	nan	nan	nan
11.000000000000000	nan	nan	nan
11.000000000000000	nan	nan	nan
11.000000000000000	nan	nan	nan
11.000000000000000	nan	nan	nan
11.000000000000000	nan	nan	nan
11.000000000000000	nan	nan	nan
11.000000000000000	nan	nan	nan
11.000000000000000	nan	nan	nan
11.000000000000000	nan	nan	nan
11.000000000000000	nan	nan	nan
11.000000000000000	nan	nan	nan
11.000000000000000	nan	nan	nan
11.000000000000000	nan	nan	nan
11.000000000000000	nan	nan	nan
11.000000000000000	nan	nan	nan
11.000000000000000	nan	nan	nan
11.000000000000000	nan	nan	nan
11.000000000000000	nan	nan	nan
11.000000000000000	nan	nan	nan
11.000000000000000	nan	nan	nan
11.000000000000000	nan	nan	nan
11.000000000000000	nan	nan	nan
11.000000000000000	nan	nan	nan
11.000000000000000	nan	nan	nan
11.000000000000000	nan	nan	nan
11.000000000000000	nan	nan	nan
11.000000000000000	nan	nan	nan
11.000000000000000	nan	nan	nan
11.000000000000000	nan	nan	nan
11.000000000000000	nan	nan	nan
11.000000000000000	nan	nan	nan
11.000000000000000	nan	nan	nan
11.000000000000000	nan	nan	nan
11.000000000000000	nan	nan	nan
11.000000000000000	nan	nan	nan
11.000000000000000	nan	nan	nan
11.000000000000000	nan	nan	nan
11.000000000000000	nan	nan	nan
11.000000000000000	nan	nan	nan
11.000000000000000	nan	nan	nan
11.000000000000000	nan	nan	nan
11.000000000000000	nan	nan	nan
11.000000000000000	nan	nan	nan
11.000000000000000	nan	nan	nan
11.000000000000000	nan	nan	nan
11.000000000000000	nan	nan	nan
11.000000000000000	nan	nan	nan
11.000000000000000	nan	nan	nan
11.000000000000000	nan	nan	nan
11.000000000000000	nan	nan	nan
11.000000000000000	nan	nan	nan
11.000000000000000	nan	nan	nan
11.000000000000000	nan	nan	nan
11.000000000000000	nan	nan	nan
11.000000000000000	nan	nan	nan
11.000000000000000	nan	nan	nan
11.000000000000000	nan	nan	nan
11.000000000000000	nan	nan	nan
11.000000000000000	nan	nan	nan
11.000000000000000	nan	nan	nan
11.000000000000000	nan	nan	nan
11.000000000000000	nan	nan	nan
11.000000000000000	nan	nan	nan
11.000000000000000	nan	nan	nan


12.000000000000000	nan	nan	nan
12.000000000000000	nan	nan	nan
12.000000000000000	nan	nan	nan
12.000000000000000	nan	nan	nan
12.000000000000000	nan	nan	nan
12.000000000000000	nan	nan	nan
12.000000000000000	nan	nan	nan
12.000000000000000	nan	nan	nan
12.000000000000000	nan	nan	nan
12.000000000000000	nan	nan	nan
12.000000000000000	nan	nan	nan
12.000000000000000	nan	nan	nan
12.000000000000000	nan	nan	nan
12.000000000000000	nan	nan	nan
12.000000000000000	nan	nan	nan
12.000000000000000	nan	nan	nan
12.000000000000000	nan	nan	nan
12.000000000000000	nan	nan	nan
12.000000000000000	nan	nan	nan
12.000000000000000	nan	nan	nan
12.000000000000000	nan	nan	nan
12.000000000000000	nan	nan	nan
12.000000000000000	nan	nan	nan
12.000000000000000	nan	nan	nan
12.000000000000000	nan	nan	nan
12.000000000000000	nan	nan	nan
12.000000000000000	nan	nan	nan
12.000000000000000	nan	nan	nan
12.000000000000000	nan	nan	nan
12.000000000000000	nan	nan	nan
12.000000000000000	nan	nan	nan
12.000000000000000	nan	nan	nan
12.000000000000000	nan	nan	nan
12.000000000000000	nan	nan	nan
12.000000000000000	nan	nan	nan
12.000000000000000	nan	nan	nan
12.000000000000000	nan	nan	nan
12.000000000000000	nan	nan	nan
12.000000000000000	nan	nan	nan
12.000000000000000	nan	nan	nan
12.000000000000000	nan	nan	nan
12.000000000000000	nan	nan	nan
12.000000000000000	nan	nan	nan
12.000000000000000	nan	nan	nan
12.000000000000000	nan	nan	nan
12.000000000000000	nan	nan	nan
12.000000000000000	nan	nan	nan
12.000000000000000	nan	nan	nan
12.000000000000000	nan	nan	nan
12.000000000000000	nan	nan	nan
12.000000000000000	nan	nan	nan
12.000000000000000	nan	nan	nan
12.000000000000000	nan	nan	nan
12.000000000000000	nan	nan	nan
12.000000000000000	nan	nan	nan
12.000000000000000	nan	nan	nan
12.000000000000000	nan	nan	nan
12.000000000000000	nan	nan	nan
12.000000000000000	nan	nan	nan
12.000000000000000	nan	nan	nan
12.000000000000000	nan	nan	nan
12.000000000000000	nan	nan	nan
12.000000000000000	nan	nan	nan
12.000000000000000	nan	nan	nan
12.000000000000000	nan	nan	nan
12.000000000000000	nan	nan	nan
12.000000000000000	nan	nan	nan
12.000000000000000	nan	nan	nan
12.000000000000000	nan	nan	nan
12.000000000000000	nan	nan	nan
12.000000000000000	nan	nan	nan
12.000000000000000	nan	nan	nan
12.000000000000000	nan	nan	nan
12.000000000000000	nan	nan	nan
12.000000000000000	nan	nan	nan
12.000000000000000	nan	nan	nan
12.000000000000000	nan	nan	nan
12.000000000000000	nan	nan	nan
12.000000000000000	nan	nan	nan
12.000000000000000	nan	nan	nan
12.000000000000000	nan	nan	nan
12.000000000000000	nan	nan	nan
12.000000000000000	nan	nan	nan
12.000000000000000	nan	nan	nan
12.000000000000000	nan	nan	nan
12.000000000000000	nan	nan	nan
12.000000000000000	nan	nan	nan
12.000000000000000	nan	nan	nan
12.000000000000000	nan	nan	nan
12.000000000000000	nan	nan	nan
12.000000000000000	nan	nan	nan
12.000000000000000	nan	nan	nan
12.000000000000000	nan	nan	nan
12.000000000000000	nan	nan	nan
12.000000000000000	nan	nan	nan
12.000000000000000	nan	nan	nan
12.000000000000000	nan	nan	nan
12.000000000000000	nan	nan	nan
12.000000000000000	nan	nan	nan
12.000000000000000	nan	nan	nan


13.000000000000000	nan	nan	nan
13.000000000000000	nan	nan	nan
13.000000000000000	nan	nan	nan
13.000000000000000	nan	nan	nan
13.000000000000000	nan	nan	nan
13.000000000000000	nan	nan	nan
13.000000000000000	nan	nan	nan
13.000000000000000	nan	nan	nan
13.000000000000000	nan	nan	nan
13.000000000000000	nan	nan	nan
13.000000000000000	nan	nan	nan
13.000000000000000	nan	nan	nan
13.000000000000000	nan	nan	nan
13.000000000000000	nan	nan	nan
13.000000000000000	nan	nan	nan
13.000000000000000	nan	nan	nan
13.000000000000000	nan	nan	nan
13.000000000000000	nan	nan	nan
13.000000000000000	nan	nan	nan
13.000000000000000	nan	nan	nan
13.000000000000000	nan	nan	nan
13.000000000000000	nan	nan	nan
13.000000000000000	nan	nan	nan
13.000000000000000	nan	nan	nan
13.000000000000000	nan	nan	nan
13.000000000000000	nan	nan	nan
13.000000000000000	nan	nan	nan
13.000000000000000	nan	nan	nan
13.000000000000000	nan	nan	nan
13.000000000000000	nan	nan	nan
13.000000000000000	nan	nan	nan
13.000000000000000	nan	nan	nan
13.000000000000000	nan	nan	nan
13.000000000000000	nan	nan	nan
13.000000000000000	nan	nan	nan
13.000000000000000	nan	nan	nan
13.000000000000000	nan	nan	nan
13.000000000000000	nan	nan	nan
13.000000000000000	nan	nan	nan
13.000000000000000	nan	nan	nan
13.000000000000000	nan	nan	nan
13.000000000000000	nan	nan	nan
13.000000000000000	nan	nan	nan
13.000000000000000	nan	nan	nan
13.000000000000000	nan	nan	nan
13.000000000000000	nan	nan	nan
13.000000000000000	nan	nan	nan
13.000000000000000	nan	nan	nan
13.000000000000000	nan	nan	nan
13.000000000000000	nan	nan	nan
13.000000000000000	nan	nan	nan
13.000000000000000	nan	nan	nan
13.000000000000000	nan	nan	nan
13.000000000000000	nan	nan	nan
13.000000000000000	nan	nan	nan
13.000000000000000	nan	nan	nan
13.000000000000000	nan	nan	nan
13.000000000000000	nan	nan	nan
13.000000000000000	nan	nan	nan
13.000000000000000	nan	nan	nan
13.000000000000000	nan	nan	nan
13.000000000000000	nan	nan	nan
13.000000000000000	nan	nan	nan
13.000000000000000	nan	nan	nan
13.000000000000000	nan	nan	nan
13.000000000000000	nan	nan	nan
13.000000000000000	nan	nan	nan
13.000000000000000	nan	nan	nan
13.000000000000000	nan	nan	nan
13.000000000000000	nan	nan	nan
13.000000000000000	nan	nan	nan
13.000000000000000	nan	nan	nan
13.000000000000000	nan	nan	nan
13.000000000000000	nan	nan	nan
13.000000000000000	nan	nan	nan
13.000000000000000	nan	nan	nan
13.000000000000000	nan	nan	nan
13.000000000000000	nan	nan	nan
13.000000000000000	nan	nan	nan
13.000000000000000	nan	nan	nan
13.000000000000000	nan	nan	nan
13.000000000000000	nan	nan	nan
13.000000000000000	nan	nan	nan
13.000000000000000	nan	nan	nan
13.000000000000000	nan	nan	nan
13.000000000000000	nan	nan	nan
13.000000000000000	nan	nan	nan
13.000000000000000	nan	nan	nan
13.000000000000000	nan	nan	nan
13.000000000000000	nan	nan	nan
13.000000000000000	nan	nan	nan
13.000000000000000	nan	nan	nan
13.000000000000000	nan	nan	nan
13.000000000000000	nan	nan	nan
13.000000000000000	nan	nan	nan
13.000000000000000	nan	nan	nan
13.000000000000000	nan	nan	nan
13.000000000000000	nan	nan	nan
13.000000000000000	nan	nan	nan
13.000000000000000	nan	nan	nan


14.000000000000000	nan	nan	nan
14.000000000000000	nan	nan	nan
14.000000000000000	nan	nan	nan
14.000000000000000	nan	nan	nan
14.000000000000000	nan	nan	nan
14.000000000000000	nan	nan	nan
14.000000000000000	nan	nan	nan
14.000000000000000	nan	nan	nan
14.000000000000000	nan	nan	nan
14.000000000000000	nan	nan	nan
14.000000000000000	nan	nan	nan
14.000000000000000	nan	nan	nan
14.000000000000000	nan	nan	nan
14.000000000000000	nan	nan	nan
14.000000000000000	nan	nan	nan
14.000000000000000	nan	nan	nan
14.000000000000000	nan	nan	nan
14.000000000000000	nan	nan	nan
14.000000000000000	nan	nan	nan
14.000000000000000	nan	nan	nan
14.000000000000000	nan	nan	nan
14.000000000000000	nan	nan	nan
14.000000000000000	nan	nan	nan
14.000000000000000	nan	nan	nan
14.000000000000000	nan	nan	nan
14.000000000000000	nan	nan	nan
14.000000000000000	nan	nan	nan
14.000000000000000	nan	nan	nan
14.000000000000000	nan	nan	nan
14.000000000000000	nan	nan	nan
14.000000000000000	nan	nan	nan
14.000000000000000	nan	nan	nan
14.000000000000000	nan	nan	nan
14.000000000000000	nan	nan	nan
14.000000000000000	nan	nan	nan
14.000000000000000	nan	nan	nan
14.000000000000000	nan	nan	nan
14.000000000000000	nan	nan	nan
14.000000000000000	nan	nan	nan
14.000000000000000	nan	nan	nan
14.000000000000000	nan	nan	nan
14.000000000000000	nan	nan	nan
14.000000000000000	nan	nan	nan
14.000000000000000	nan	nan	nan
14.000000000000000	nan	nan	nan
14.000000000000000	nan	nan	nan
14.000000000000000	nan	nan	nan
14.000000000000000	nan	nan	nan
14.000000000000000	nan	nan	nan
14.000000000000000	nan	nan	nan
14.000000000000000	nan	nan	nan
14.000000000000000	nan	nan	nan
14.000000000000000	nan	nan	nan
14.000000000000000	nan	nan	nan
14.000000000000000	nan	nan	nan
14.000000000000000	nan	nan	nan
14.000000000000000	nan	nan	nan
14.000000000000000	nan	nan	nan
14.000000000000000	nan	nan	nan
14.000000000000000	nan	nan	nan
14.000000000000000	nan	nan	nan
14.000000000000000	nan	nan	nan
14.000000000000000	nan	nan	nan
14.000000000000000	nan	nan	nan
14.000000000000000	nan	nan	nan
14.000000000000000	nan	nan	nan
14.000000000000000	nan	nan	nan
14.000000000000000	nan	nan	nan
14.000000000000000	nan	nan	nan
14.000000000000000	nan	nan	nan
14.000000000000000	nan	nan	nan
14.000000000000000	nan	nan	nan
14.000000000000000	nan	nan	nan
14.000000000000000	nan	nan	nan
14.000000000000000	nan	nan	nan
14.000000000000000	nan	nan	nan
14.000000000000000	nan	nan	nan
14.000000000000000	nan	nan	nan
14.000000000000000	nan	nan	nan
14.000000000000000	nan	nan	nan
14.000000000000000	nan	nan	nan
14.000000000000000	nan	nan	nan
14.000000000000000	nan	nan	nan
14.000000000000000	nan	nan	nan
14.000000000000000	nan	nan	nan
14.000000000000000	nan	nan	nan
14.000000000000000	nan	nan	nan
14.000000000000000	nan	nan	nan
14.000000000000000	nan	nan	nan
14.000000000000000	nan	nan	nan
14.000000000000000	nan	nan	nan
14.000000000000000	nan	nan	nan
14.000000000000000	nan	nan	nan
14.000000000000000	nan	nan	nan
14.000000000000000	nan	nan	nan
14.000000000000000	nan	nan	nan
14.000000000000000	nan	nan	nan
14.000000000000000	nan	nan	nan
14.000000000000000	nan	nan	nan
14.000000000000000	nan	nan	nan


15.000000000000000	nan	nan	nan
15.000000000000000	nan	nan	nan
15.000000000000000	nan	nan	nan
15.000000000000000	nan	nan	nan
15.000000000000000	nan	nan	nan
15.000000000000000	nan	nan	nan
15.000000000000000	nan	nan	nan
15.000000000000000	nan	nan	nan
15.000000000000000	nan	nan	nan
15.000000000000000	nan	nan	nan
15.000000000000000	nan	nan	nan
15.000000000000000	nan	nan	nan
15.000000000000000	nan	nan	nan
15.000000000000000	nan	nan	nan
15.000000000000000	nan	nan	nan
15.000000000000000	nan	nan	nan
15.000000000000000	nan	nan	nan
15.000000000000000	nan	nan	nan
15.000000000000000	nan	nan	nan
15.000000000000000	nan	nan	nan
15.000000000000000	nan	nan	nan
15.000000000000000	nan	nan	nan
15.000000000000000	nan	nan	nan
15.000000000000000	nan	nan	nan
15.000000000000000	nan	nan	nan
15.000000000000000	nan	nan	nan
15.000000000000000	nan	nan	nan
15.000000000000000	nan	nan	nan
15.000000000000000	nan	nan	nan
15.000000000000000	nan	nan	nan
15.000000000000000	nan	nan	nan
15.000000000000000	nan	nan	nan
15.000000000000000	nan	nan	nan
15.000000000000000	nan	nan	nan
15.000000000000000	nan	nan	nan
15.000000000000000	nan	nan	nan
15.000000000000000	nan	nan	nan
15.000000000000000	nan	nan	nan
15.000000000000000	nan	nan	nan
15.000000000000000	nan	nan	nan
15.000000000000000	nan	nan	nan
15.000000000000000	nan	nan	nan
15.000000000000000	nan	nan	nan
15.000000000000000	nan	nan	nan
15.000000000000000	nan	nan	nan
15.000000000000000	nan	nan	nan
15.000000000000000	nan	nan	nan
15.000000000000000	nan	nan	nan
15.000000000000000	nan	nan	nan
15.000000000000000	nan	nan	nan
15.000000000000000	nan	nan	nan
15.000000000000000	nan	nan	nan
15.000000000000000	nan	nan	nan
15.000000000000000	nan	nan	nan
15.000000000000000	nan	nan	nan
15.000000000000000	nan	nan	nan
15.000000000000000	nan	nan	nan
15.000000000000000	nan	nan	nan
15.000000000000000	nan	nan	nan
15.000000000000000	nan	nan	nan
15.000000000000000	nan	nan	nan
15.000000000000000	nan	nan	nan
15.000000000000000	nan	nan	nan
15.000000000000000	nan	nan	nan
15.000000000000000	nan	nan	nan
15.000000000000000	nan	nan	nan
15.000000000000000	nan	nan	nan
15.000000000000000	nan	nan	nan
15.000000000000000	nan	nan	nan
15.000000000000000	nan	nan	nan
15.000000000000000	nan	nan	nan
15.000000000000000	nan	nan	nan
15.000000000000000	nan	nan	nan
15.000000000000000	nan	nan	nan
15.000000000000000	nan	nan	nan
15.000000000000000	nan	nan	nan
15.000000000000000	nan	nan	nan
15.000000000000000	nan	nan	nan
15.000000000000000	nan	nan	nan
15.000000000000000	nan	nan	nan
15.000000000000000	nan	nan	nan
15.000000000000000	nan	nan	nan
15.000000000000000	nan	nan	nan
15.000000000000000	nan	nan	nan
15.000000000000000	nan	nan	nan
15.000000000000000	nan	nan	nan
15.000000000000000	nan	nan	nan
15.000000000000000	nan	nan	nan
15.000000000000000	nan	nan	nan
15.000000000000000	nan	nan	nan
15.000000000000000	nan	nan	nan
15.000000000000000	nan	nan	nan
15.000000000000000	nan	nan	nan
15.000000000000000	nan	nan	nan
15.000000000000000	nan	nan	nan
15.000000000000000	nan	nan	nan
15.000000000000000	nan	nan	nan
15.000000000000000	nan	nan	nan
15.000000000000000	nan	nan	nan
15.000000000000000	nan	nan	nan


16.000000000000000	nan	nan	nan
16.000000000000000	nan	nan	nan
16.000000000000000	nan	nan	nan
16.000000000000000	nan	nan	nan
16.000000000000000	nan	nan	nan
16.000000000000000	nan	nan	nan
16.000000000000000	nan	nan	nan
16.000000000000000	nan	nan	nan
16.000000000000000	nan	nan	nan
16.000000000000000	nan	nan	nan
16.000000000000000	nan	nan	nan
16.000000000000000	nan	nan	nan
16.000000000000000	nan	nan	nan
16.000000000000000	nan	nan	nan
16.000000000000000	nan	nan	nan
16.000000000000000	nan	nan	nan
16.000000000000000	nan	nan	nan
16.000000000000000	nan	nan	nan
16.000000000000000	nan	nan	nan
16.000000000000000	nan	nan	nan
16.000000000000000	nan	nan	nan
16.000000000000000	nan	nan	nan
16.000000000000000	nan	nan	nan
16.000000000000000	nan	nan	nan
16.000000000000000	nan	nan	nan
16.000000000000000	nan	nan	nan
16.000000000000000	nan	nan	nan
16.000000000000000	nan	nan	nan
16.000000000000000	nan	nan	nan
16.000000000000000	nan	nan	nan
16.000000000000000	nan	nan	nan
16.000000000000000	nan	nan	nan
16.000000000000000	nan	nan	nan
16.000000000000000	nan	nan	nan
16.000000000000000	nan	nan	nan
16.000000000000000	nan	nan	nan
16.000000000000000	nan	nan	nan
16.000000000000000	nan	nan	nan
16.000000000000000	nan	nan	nan
16.000000000000000	nan	nan	nan
16.000000000000000	nan	nan	nan
16.000000000000000	nan	nan	nan
16.000000000000000	nan	nan	nan
16.000000000000000	nan	nan	nan
16.000000000000000	nan	nan	nan
16.000000000000000	nan	nan	nan
16.000000000000000	nan	nan	nan
16.000000000000000	nan	nan	nan
16.000000000000000	nan	nan	nan
16.000000000000000	nan	nan	nan
16.000000000000000	nan	nan	nan
16.000000000000000	nan	nan	nan
16.000000000000000	nan	nan	nan
16.000000000000000	nan	nan	nan
16.000000000000000	nan	nan	nan
16.000000000000000	nan	nan	nan
16.000000000000000	nan	nan	nan
16.000000000000000	nan	nan	nan
16.000000000000000	nan	nan	nan
16.000000000000000	nan	nan	nan
16.000000000000000	nan	nan	nan
16.000000000000000	nan	nan	nan
16.000000000000000	nan	nan	nan
16.000000000000000	nan	nan	nan
16.000000000000000	nan	nan	nan
16.000000000000000	nan	nan	nan
16.000000000000000	nan	nan	nan
16.000000000000000	nan	nan	nan
16.000000000000000	nan	nan	nan
16.000000000000000	nan	nan	nan
16.000000000000000	nan	nan	nan
16.000000000000000	nan	nan	nan
16.000000000000000	nan	nan	nan
16.000000000000000	nan	nan	nan
16.000000000000000	nan	nan	nan
16.000000000000000	nan	nan	nan
16.000000000000000	nan	nan	nan
16.000000000000000	nan	nan	nan
16.000000000000000	nan	nan	nan
16.000000000000000	nan	nan	nan
16.000000000000000	nan	nan	nan
16.000000000000000	nan	nan	nan
16.000000000000000	nan	nan	nan
16.000000000000000	nan	nan	nan
16.000000000000000	nan	nan	nan
16.000000000000000	nan	nan	nan
16.000000000000000	nan	nan	nan
16.000000000000000	nan	nan	nan
16.000000000000000	nan	nan	nan
16.000000000000000	nan	nan	nan
16.000000000000000	nan	nan	nan
16.000000000000000	nan	nan	nan
16.000000000000000	nan	nan	nan
16.000000000000000	nan	nan	nan
16.000000000000000	nan	nan	nan
16.000000000000000	nan	nan	nan
16.000000000000000	nan	nan	nan
16.000000000000000	nan	nan	nan
16.000000000000000	nan	nan	nan
16.000000000000000	nan	nan	nan


17.000000000000000	nan	nan	nan
17.000000000000000	nan	nan	nan
17.000000000000000	nan	nan	nan
17.000000000000000	nan	nan	nan
17.000000000000000	nan	nan	nan
17.000000000000000	nan	nan	nan
17.000000000000000	nan	nan	nan
17.000000000000000	nan	nan	nan
17.000000000000000	nan	nan	nan
17.000000000000000	nan	nan	nan
17.000000000000000	nan	nan	nan
17.000000000000000	nan	nan	nan
17.000000000000000	nan	nan	nan
17.000000000000000	nan	nan	nan
17.000000000000000	nan	nan	nan
17.000000000000000	nan	nan	nan
17.000000000000000	nan	nan	nan
17.000000000000000	nan	nan	nan
17.000000000000000	nan	nan	nan
17.000000000000000	nan	nan	nan
17.000000000000000	nan	nan	nan
17.000000000000000	nan	nan	nan
17.000000000000000	nan	nan	nan
17.000000000000000	nan	nan	nan
17.000000000000000	nan	nan	nan
17.000000000000000	nan	nan	nan
17.000000000000000	nan	nan	nan
17.000000000000000	nan	nan	nan
17.000000000000000	nan	nan	nan
17.000000000000000	nan	nan	nan
17.000000000000000	nan	nan	nan
17.000000000000000	nan	nan	nan
17.000000000000000	nan	nan	nan
17.000000000000000	nan	nan	nan
17.000000000000000	nan	nan	nan
17.000000000000000	nan	nan	nan
17.000000000000000	nan	nan	nan
17.000000000000000	nan	nan	nan
17.000000000000000	nan	nan	nan
17.000000000000000	nan	nan	nan
17.000000000000000	nan	nan	nan
17.000000000000000	nan	nan	nan
17.000000000000000	nan	nan	nan
17.000000000000000	nan	nan	nan
17.000000000000000	nan	nan	nan
17.000000000000000	nan	nan	nan
17.000000000000000	nan	nan	nan
17.000000000000000	nan	nan	nan
17.000000000000000	nan	nan	nan
17.000000000000000	nan	nan	nan
17.000000000000000	nan	nan	nan
17.000000000000000	nan	nan	nan
17.000000000000000	nan	nan	nan
17.000000000000000	nan	nan	nan
17.000000000000000	nan	nan	nan
17.000000000000000	nan	nan	nan
17.000000000000000	nan	nan	nan
17.000000000000000	nan	nan	nan
17.000000000000000	nan	nan	nan
17.000000000000000	nan	nan	nan
17.000000000000000	nan	nan	nan
17.000000000000000	nan	nan	nan
17.000000000000000	nan	nan	nan
17.000000000000000	nan	nan	nan
17.000000000000000	nan	nan	nan
17.000000000000000	nan	nan	nan
17.000000000000000	nan	nan	nan
17.000000000000000	nan	nan	nan
17.000000000000000	nan	nan	nan
17.000000000000000	nan	nan	nan
17.000000000000000	nan	nan	nan
17.000000000000000	nan	nan	nan
17.000000000000000	nan	nan	nan
17.000000000000000	nan	nan	nan
17.000000000000000	nan	nan	nan
17.000000000000000	nan	nan	nan
17.000000000000000	nan	nan	nan
17.000000000000000	nan	nan	nan
17.000000000000000	nan	nan	nan
17.000000000000000	nan	nan	nan
17.000000000000000	nan	nan	nan
17.000000000000000	nan	nan	nan
17.000000000000000	nan	nan	nan
17.000000000000000	nan	nan	nan
17.000000000000000	nan	nan	nan
17.000000000000000	nan	nan	nan
17.000000000000000	nan	nan	nan
17.000000000000000	nan	nan	nan
17.000000000000000	nan	nan	nan
17.000000000000000	nan	nan	nan
17.000000000000000	nan	nan	nan
17.000000000000000	nan	nan	nan
17.000000000000000	nan	nan	nan
17.000000000000000	nan	nan	nan
17.000000000000000	nan	nan	nan
17.000000000000000	nan	nan	nan
17.000000000000000	nan	nan	nan
17.000000000000000	nan	nan	nan
17.000000000000000	nan	nan	nan
17.000000000000000	nan	nan	nan


18.000000000000000	-1.124262173185504	-0.211072704803358	-0.063579997460524
18.000000000000000	-1.105157740556719	-0.295624633419896	-0.070202792619751
18.000000000000000	-1.080630020841705	-0.378803472884698	-0.076487868486903
18.000000000000000	-1.050777778510851	-0.460274291368693	-0.082409917279738
18.000000000000000	-1.015721218007859	-0.539709034640463	-0.087945092997920
18.000000000000000	-0.975601499728880	-0.616787847024851	-0.093071107442437
18.000000000000000	-0.930580171619420	-0.691200359348872	-0.097767319962315
18.000000000000000	-0.880838518677778	-0.762646938688828	-0.102014820567236
18.000000000000000	-0.826576832984343	-0.830839894886343	-0.105796506071393
18.000000000000000	-0.768013607196079	-0.895504638975088	-0.109097148961983
18.000000000000000	-0.705384654753710	-0.956380788853637	-0.111903458715027
18.000000000000000	-0.638942160344223	-1.013223217752287	-0.114204135311618
18.000000000000000	-0.568953664442140	-1.065803041272043	-0.115989914739113
18.000000000000000	-0.495700986018456	-1.113908539021313	-0.117253606294035
18.000000000000000	-0.419479087755105	-1.157346007139196	-0.117990121536506
18.000000000000000	-0.340594888334352	-1.195940538272565	-0.118196494779593
18.000000000000000	-0.259366026585576	-1.229536725866246	-0.117871895031083
18.000000000000000	-0.176119582465819	-1.257999289930362	-0.117017629339599
18.000000000000000	-0.091190760024238	-1.281213621765114	-0.115637137531572
18.000000000000000	-0.004921537653706	-1.299086245449556	-0.113735978360277
18.000000000000000	0.082340708935475	-1.311545194236142	-0.111321807122695
18.000000000000000	0.170244605474956	-1.318540300335417	-0.108404344834333
18.000000000000000	0.258436193998506	-1.320043396923998	-0.104995339086126
18.000000000000000	0.346560358105812	-1.316048431562432	-0.101108516741035
18.000000000000000	0.434262252890889	-1.306571490566231	-0.096759528660814
18.000000000000000	0.521188733777273	-1.291650734231961	-0.091965886685512
18.000000000000000	0.606989778506597	-1.271346243179190	-0.086746893119480
18.000000000000000	0.691319896554677	-1.245739776427045	-0.081123563007796
18.000000000000000	0.773839520299926	-1.214934442179494	-0.075118539516100
18.000000000000000	0.854216372342306	-1.179054282645001	-0.068756002754559
18.000000000000000	0.932126803467154	-1.138243774562333	-0.062061572413092
18.000000000000000	1.007257095866331	-1.092667247443723	-0.055062204599927
18.000000000000000	1.079304726369112	-1.042508221877929	-0.047786083298866
18.000000000000000	1.147979584596227	-0.987968670557587	-0.040262506882325
18.000000000000000	1.213005141131957	-0.929268205006469	-0.032521770137135
18.000000000000000	1.274119561010499	-0.866643191281387	-0.024595042278124
18.000000000000000	1.331076758032955	-0.800345798209503	-0.016514241440690
18.000000000000000	1.383647385669603	-0.730642981993466	-0.008311906157738
18.000000000000000	1.431619760557426	-0.657815411273003	-0.000021064338490
18.000000000000000	1.474800714874302	-0.582156336971367	0.008324899723251
18.000000000000000	1.513016374157645	-0.503970411477374	0.016692379775862
18.000000000000000	1.546112857435501	-0.423572461917752	0.025047682930423
18.000000000000000	1.573956896850905	-0.341286222459422	0.033357165330082
18.000000000000000	1.596436374284515	-0.257443030746267	0.041587367621996
18.000000000000000	1.613460772814695	-0.172380493719386	0.049705149686333
18.000000000000000	1.624961541197219	-0.086441128193090	0.057677824079841
18.000000000000000	1.630892369896936	0.000029018339406	0.065473287656643
18.000000000000000	1.631229377559921	0.086681761117118	0.073060150836277
18.000000000000000	1.625971207175261	0.173168180128425	0.080407863998453
18.000000000000000	1.615139031539255	0.259140025088810	0.087486840495596
18.000000000000000	1.598776468000041	0.344251117721847	0.094268575787835
18.000000000000000	1.576949402825927	0.428158745696929	0.100725762220717
18.000000000000000	1.549745725904641	0.510525042610878	0.106832398983502
18.000000000000000	1.517274976841779	0.591018348456692	0.112563896805245
18.000000000000000	1.479667903883467	0.669314545101339	0.117897176967114
18.000000000000000	1.437075937439326	0.745098361395088	0.122810764232246
18.000000000000000	1.389670580325658	0.818064642657148	0.127284873318944
18.000000000000000	1.337642717184135	0.887919579425872	0.131301488569024
18.000000000000000	1.281201845856716	0.954381890525757	0.134844436490515
18.000000000000000	1.220575233811784	1.017183955687461	0.137899450882597
18.000000000000000	1.156007003018258	1.076072893160178	0.140454230280562
18.000000000000000	1.087757146952591	1.130811577977186	0.142498487489467
18.000000000000000	1.016100483696795	1.181179596774406	0.144023991007041
18.000000000000000	0.941325549343031	1.226974135317221	0.145024598169035
18.000000000000000	0.863733436160592	1.268010795161814	0.145496279883566
18.000000000000000	0.783636580203613	1.304124336162626	0.145437136854846
18.000000000000000	0.701357503241345	1.335169341836095	0.144847407230977
18.000000000000000	0.617227514076829	1.361020804901515	0.143729465645015
18.000000000000000	0.531585374483274	1.381574630641235	0.142087813653155
18.000000000000000	0.444775935129964	1.396748056053346	0.139929061608557
18.000000000000000	0.357148746990323	1.406479983109080	0.137261902043787
18.000000000000000	0.269056653823522	1.410731224773004	0.134097074669055
18.000000000000000	0.180854371397186	1.409484662795389	0.130447323127193
18.000000000000000	0.092897059172201	1.402745316641352	0.126327343679502
18.000000000000000	0.005538890200910	1.390540323279245	0.121753726029098
18.000000000000000	-0.080868375002759	1.372918827909660	0.116744886520029
18.000000000000000	-0.165976804878737	1.349951786075055	0.111320993981160
18.000000000000000	-0.249443697818403	1.321731677946823	0.105503888513414
18.000000000000000	-0.330932962103011	1.288372135940284	0.099316993547400
18.000000000000000	-0.410116469226413	1.250007487157057	0.092785221525520
18.000000000000000	-0.486675375152748	1.206792212497228	0.085934873588358
18.000000000000000	-0.560301404188842	1.158900324619290	0.078793533669269
18.000000000000000	-0.630698090301612	1.106524667252585	0.071389957423615
18.000000000000000	-0.697581970882154	1.049876138683666	0.063753956439893
18.000000000000000	-0.760683728149621	0.989182842543335	0.055916278198983
18.000000000000000	-0.819749273598868	0.924689169313828	0.047908482264904
18.000000000000000	-0.874540771125186	0.856654812254600	0.039762813205579
18.000000000000000	-0.924837594706355	0.785353721709228	0.031512070755348
18.000000000000000	-0.970437216785765	0.711073002004061	0.023189477742009
18.000000000000000	-1.011156023779403	0.634111755380434	0.014828546310220
18.000000000000000	-1.046830055422955	0.554779877615510	0.006462942979918
18.000000000000000	-1.077315664981921	0.473396810181354	-0.001873646916874
18.000000000000000	-1.102490097666312	0.390290253966879	-0.010147654874988
18.000000000000000	-1.122251984920868	0.305794849742017	-0.018325764384637
18.000000000000000	-1.136521752600448	0.220250830677458	-0.026375045085238
18.000000000000000	-1.145241941387034	0.134002652345745	-0.034263085364354
18.000000000000000	-1.148377438158117	0.047397605720261	-0.041958122867815
18.000000000000000	-1.145915617374855	-0.039215581242941	-0.049429172395510
18.000000000000000	-1.137866391920657	-0.125488147809547	-0.056646150667851
18.000000000000000	-1.124262173185504	-0.211072704803358	-0.063579997460524


19.000000000000000	nan	nan	nan
19.000000000000000	nan	nan	nan
19.000000000000000	nan	nan	nan
19.000000000000000	nan	nan	nan
19.000000000000000	nan	nan	nan
19.000000000000000	nan	nan	nan
19.000000000000000	nan	nan	nan
19.000000000000000	nan	nan	nan
19.000000000000000	nan	nan	nan
19.000000000000000	nan	nan	nan
19.000000000000000	nan	nan	nan
19.000000000000000	nan	nan	nan
19.000000000000000	nan	nan	nan
19.000000000000000	nan	nan	nan
19.000000000000000	nan	nan	nan
19.000000000000000	nan	nan	nan
19.000000000000000	nan	nan	nan
19.000000000000000	nan	nan	nan
19.000000000000000	nan	nan	nan
19.000000000000000	nan	nan	nan
19.000000000000000	nan	nan	nan
19.000000000000000	nan	nan	nan
19.000000000000000	nan	nan	nan
19.000000000000000	nan	nan	nan
19.000000000000000	nan	nan	nan
19.000000000000000	nan	nan	nan
19.000000000000000	nan	nan	nan
19.000000000000000	nan	nan	nan
19.000000000000000	nan	nan	nan
19.000000000000000	nan	nan	nan
19.000000000000000	nan	nan	nan
19.000000000000000	nan	nan	nan
19.000000000000000	nan	nan	nan
19.000000000000000	nan	nan	nan
19.000000000000000	nan	nan	nan
19.000000000000000	nan	nan	nan
19.000000000000000	nan	nan	nan
19.000000000000000	nan	nan	nan
19.000000000000000	nan	nan	nan
19.000000000000000	nan	nan	nan
19.000000000000000	nan	nan	nan
19.000000000000000	nan	nan	nan
19.000000000000000	nan	nan	nan
19.000000000000000	nan	nan	nan
19.000000000000000	nan	nan	nan
19.000000000000000	nan	nan	nan
19.000000000000000	nan	nan	nan
19.000000000000000	nan	nan	nan
19.000000000000000	nan	nan	nan
19.000000000000000	nan	nan	nan
19.000000000000000	nan	nan	nan
19.000000000000000	nan	nan	nan
19.000000000000000	nan	nan	nan
19.000000000000000	nan	nan	nan
19.000000000000000	nan	nan	nan
19.000000000000000	nan	nan	nan
19.000000000000000	nan	nan	nan
19.000000000000000	nan	nan	nan
19.000000000000000	nan	nan	nan
19.000000000000000	nan	nan	nan
19.000000000000000	nan	nan	nan
19.000000000000000	nan	nan	nan
19.000000000000000	nan	nan	nan
19.000000000000000	nan	nan	nan
19.000000000000000	nan	nan	nan
19.000000000000000	nan	nan	nan
19.000000000000000	nan	nan	nan
19.000000000000000	nan	nan	nan
19.000000000000000	nan	nan	nan
19.000000000000000	nan	nan	nan
19.000000000000000	nan	nan	nan
19.000000000000000	nan	nan	nan
19.000000000000000	nan	nan	nan
19.000000000000000	nan	nan	nan
19.000000000000000	nan	nan	nan
19.000000000000000	nan	nan	nan
19.000000000000000	nan	nan	nan
19.000000000000000	nan	nan	nan
19.000000000000000	nan	nan	nan
19.000000000000000	nan	nan	nan
19.000000000000000	nan	nan	nan
19.000000000000000	nan	nan	nan
19.000000000000000	nan	nan	nan
19.000000000000000	nan	nan	nan
19.000000000000000	nan	nan	nan
19.000000000000000	nan	nan	nan
19.000000000000000	nan	nan	nan
19.000000000000000	nan	nan	nan
19.000000000000000	nan	nan	nan
19.000000000000000	nan	nan	nan
19.000000000000000	nan	nan	nan
19.000000000000000	nan	nan	nan
19.000000000000000	nan	nan	nan
19.000000000000000	nan	nan	nan
19.000000000000000	nan	nan	nan
19.000000000000000	nan	nan	nan
19.000000000000000	nan	nan	nan
19.000000000000000	nan	nan	nan
19.000000000000000	nan	nan	nan
19.000000000000000	nan	nan	nan


20.000000000000000	1.480761683379429	-0.740154394253270	0.440317568072962
20.000000000000000	1.543192143310800	-0.609960613466054	0.430619773177748
20.000000000000000	1.597106446159826	-0.476159955156786	0.418503425014668
20.000000000000000	1.642287498057650	-0.339291187352367	0.404017311841386
20.000000000000000	1.678553370854652	-0.199905432273769	0.387219764122867
20.000000000000000	1.705758034680890	-0.058563947161358	0.368178419655185
20.000000000000000	1.723791945956854	0.084164135709915	0.346969951211985
20.000000000000000	1.732582488486792	0.227704100725313	0.323679757810294
20.000000000000000	1.732094265858503	0.371477963107257	0.298401620838809
20.000000000000000	1.722329243972196	0.514906796256022	0.271237326433355
20.000000000000000	1.703326743124504	0.657413062882833	0.242296255620034
20.000000000000000	1.675163279679525	0.798422940548681	0.211694943876441
20.000000000000000	1.637952257964435	0.937368632244765	0.179556611884424
20.000000000000000	1.591843513630280	1.073690652710638	0.146010669363892
20.000000000000000	1.537022710316702	1.206840081283894	0.111192193985543
20.000000000000000	1.473710592049982	1.336280772209929	0.075241387460763
20.000000000000000	1.402162094384764	1.461491513511670	0.038303010998812
20.000000000000000	1.322665317868548	1.581968125726245	0.000525802404534
20.000000000000000	1.235540367962474	1.697225492057735	-0.037938122836292
20.000000000000000	1.141138066089605	1.806799511771292	-0.076933884072325
20.000000000000000	1.039838537000879	1.910248968962999	-0.116304459136378
20.000000000000000	0.932049678146899	2.007157309180584	-0.155891316618267
20.000000000000000	0.818205517218864	2.097134316741188	-0.195535054214847
20.000000000000000	0.698764464472243	2.179817685992186	-0.235076040586827
20.000000000000000	0.574207466870471	2.254874480188187	-0.274355058137832
20.000000000000000	0.445036071481276	2.322002472109788	-0.313213944127468
20.000000000000000	0.311770405923651	2.380931361025931	-0.351496227536857
20.000000000000000	0.174947083997509	2.431423861099532	-0.389047759122202
20.000000000000000	0.035117044929308	2.473276656853810	-0.425717332119389
20.000000000000000	-0.107156665065765	2.506321221851944	-0.461357291100255
20.000000000000000	-0.251301159972178	2.530424497293560	-0.495824126528885
20.000000000000000	-0.396736020783847	2.545489427795558	-0.528979052623864
20.000000000000000	-0.542875632646609	2.551455352199877	-0.560688566199631
20.000000000000000	-0.689131542922560	2.548298247834577	-0.590824984236692
20.000000000000000	-0.834914830681128	2.536030827244658	-0.619266958016072
20.000000000000000	-0.979638478075815	2.514702487003126	-0.645899961747780
20.000000000000000	-1.122719734057871	2.484399108808427	-0.670616753725741
20.000000000000000	-1.263582460909094	2.445242713669165	-0.693317808152297
20.000000000000000	-1.401659454145075	2.397390970568558	-0.713911715893467
20.000000000000000	-1.536394726447469	2.341036561587098	-0.732315552551271
20.000000000000000	-1.667245746428688	2.276406406039818	-0.748455212371006
20.000000000000000	-1.793685623214320	2.203760746752294	-0.762265706638970
20.000000000000000	-1.915205228046715	2.123392102154644	-0.773691425369075
20.000000000000000	-2.031315244366802	2.035624088413051	-0.782686361224630
20.000000000000000	-2.141548138119165	1.940810116341680	-0.789214294773652
20.000000000000000	-2.245460040346677	1.839331968342059	-0.793248940331732
20.000000000000000	-2.342632534494126	1.731598261100106	-0.794774051805211
20.000000000000000	-2.432674341224007	1.618042800230940	-0.793783488108464
20.000000000000000	-2.515222893960313	1.499122833496792	-0.790281237891884
20.000000000000000	-2.589945798816172	1.375317209631638	-0.784281403480996
20.000000000000000	-2.656542173026714	1.247124450186358	-0.775808144091369
20.000000000000000	-2.714743856497767	1.115060742158405	-0.764895578547980
20.000000000000000	-2.764316491591917	0.979657859488942	-0.751587647900751
20.000000000000000	-2.805060466803989	0.841461021796878	-0.735937938489446
20.000000000000000	-2.836811720526139	0.701026698971885	-0.718009466170399
20.000000000000000	-2.859442401666034	0.558920370466560	-0.697874422573894
20.000000000000000	-2.872861384458081	0.415714248310250	-0.675613884413958
20.000000000000000	-2.877014635394724	0.271984973013172	-0.651317487021041
20.000000000000000	-2.871885430800305	0.128311291638593	-0.625083063412183
20.000000000000000	-2.857494424171405	-0.014728272607321	-0.597016250351981
20.000000000000000	-2.833899563012500	-0.156557749884275	-0.567230062990621
20.000000000000000	-2.801195855501822	-0.296606042945103	-0.535844439791758
20.000000000000000	-2.759514987926943	-0.434309226742824	-0.502985759582654
20.000000000000000	-2.709024794430587	-0.569112819157764	-0.468786332671244
20.000000000000000	-2.649928581201763	-0.700474013701357	-0.433383868079226
20.000000000000000	-2.582464307833504	-0.827863865206290	-0.396920919036434
20.000000000000000	-2.506903629143568	-0.950769419702008	-0.359544308969290
20.000000000000000	-2.423550801316371	-1.068695779899305	-0.321404540294695
20.000000000000000	-2.332741456770710	-1.181168097967040	-0.282655188399908
20.000000000000000	-2.234841252686479	-1.287733487576760	-0.243452283248665
20.000000000000000	-2.130244398632256	-1.387962847516097	-0.203953681103591
20.000000000000000	-2.019372069222514	-1.481452589527901	-0.164318428894737
20.000000000000000	-1.902670708196084	-1.567826263417713	-0.124706123793735
20.000000000000000	-1.780610230744804	-1.646736072885831	-0.085276270572308
20.000000000000000	-1.653682131330882	-1.717864275980251	-0.046187639332859
20.000000000000000	-1.522397504612180	-1.780924464531367	-0.007597626197301
20.000000000000000	-1.387284987444401	-1.835662717416584	0.030338380471575
20.000000000000000	-1.248888630247060	-1.881858623011061	0.067467625764191
20.000000000000000	-1.107765706304456	-1.919326166707524	0.103640603314288
20.000000000000000	-0.964484467822853	-1.947914479931444	0.138711657308299
20.000000000000000	-0.819621857779394	-1.967508447635535	0.172539568989900
20.000000000000000	-0.673761186776367	-1.978029171827422	0.204988125298101
20.000000000000000	-0.527489784255290	-1.979434289264008	0.235926667349164
20.000000000000000	-0.381396633528533	-1.971718142033303	0.265230616553814
20.000000000000000	-0.236070000151406	-1.954911800336840	0.292781976251252
20.000000000000000	-0.092095063184387	-1.929082937380935	0.318469806840056
20.000000000000000	0.049948441116411	-1.894335556880577	0.342190672492804
20.000000000000000	0.189488553692541	-1.850809574273170	0.363849057655645
20.000000000000000	0.325963395760471	-1.798680253328448	0.383357751655721
20.000000000000000	0.458823431299141	-1.738157500423136	0.400638199867765
20.000000000000000	0.587533679837554	-1.669485019322058	0.415620820025853
20.000000000000000	0.711575870632330	-1.592939329869082	0.428245282406631
20.000000000000000	0.830450529561054	-1.508828654539311	0.438460752755817
20.000000000000000	0.943678990328293	-1.417491677335958	0.446226096979803
20.000000000000000	1.050805321885815	-1.319296180029407	0.451510046778127
20.000000000000000	1.151398164306009	-1.214637561229820	0.454291325549888
20.000000000000000	1.245052465716067	-1.103937244256495	0.454558734067109
20.000000000000000	1.331391113298911	-0.987640980214900	0.452311195570070
20.000000000000000	1.410066451793414	-0.866217053114287	0.447557760103044
20.000000000000000	1.480761683379429	-0.740154394253270	0.440317568072962


21.000000000000000	-1.469096458743770	0.716832185391094	0.221668094721080
21.000000000000000	-1.514168129520198	0.615643092575080	0.223980605896996
21.000000000000000	-1.552786856163340	0.511801352698915	0.225337521867414
21.000000000000000	-1.584797134691241	0.405725099798787	0.225733378810634
21.000000000000000	-1.610070071010098	0.297841465506172	0.225166582750464
21.000000000000000	-1.628503899925281	0.188584859139509	0.223639415974589
21.000000000000000	-1.640024394913853	0.078395218491199	0.221158027844612
21.000000000000000	-1.644585167008582	-0.032283761646615	0.217732410034742
21.000000000000000	-1.642167851589939	-0.143006416084374	0.213376356298848
21.000000000000000	-1.632782182333938	-0.253326903771528	0.208107406927885
21.000000000000000	-1.616465952018059	-0.362801003041089	0.201946778121324
21.000000000000000	-1.593284860343074	-0.470987900333501	0.194919276557015
21.000000000000000	-1.563332249383534	-0.577451965197259	0.187053199503445
21.000000000000000	-1.526728727732188	-0.681764504418983	0.178380220876624
21.000000000000000	-1.483621684851739	-0.783505488219689	0.168935263700411
21.000000000000000	-1.434184697589506	-0.882265241566457	0.158756359483814
21.000000000000000	-1.378616831244716	-0.977646093789200	0.147884495081532
21.000000000000000	-1.317141838002809	-1.069263979860095	0.136363447654358
21.000000000000000	-1.250007255964352	-1.156749986887895	0.124239608393998
21.000000000000000	-1.177483412396484	-1.239751839599942	0.111561795722121
21.000000000000000	-1.099862335220413	-1.317935318830349	0.098381058715801
21.000000000000000	-1.017456577118051	-1.390985607302628	0.084750471550903
21.000000000000000	-0.930597956992678	-1.458608557287746	0.070724919791110
21.000000000000000	-0.839636223851330	-1.520531875033211	0.056360879383127
21.000000000000000	-0.744937648488990	-1.576506217193911	0.041716189247979
21.000000000000000	-0.646883548645370	-1.626306194849760	0.026849818384088
21.000000000000000	-0.545868753572958	-1.669731281067331	0.011821628419929
21.000000000000000	-0.442300014198967	-1.706606618351038	-0.003307867427617
21.000000000000000	-0.336594365282915	-1.736783722732561	-0.018477748018634
21.000000000000000	-0.229177446164837	-1.760141081663375	-0.033626929598096
21.000000000000000	-0.120481786865889	-1.776584643302902	-0.048694411758593
21.000000000000000	-0.010945066442612	-1.786048195232071	-0.063619523067438
21.000000000000000	0.098991649392152	-1.788493631067365	-0.078342165369115
21.000000000000000	0.208885684285215	-1.783911103901777	-0.092803055779340
21.000000000000000	0.318294533744477	-1.772319065954829	-0.106943965396313
21.000000000000000	0.426777646948340	-1.753764194271993	-0.120707953767952
21.000000000000000	0.533898200688366	-1.728321202772714	-0.134039598170998
21.000000000000000	0.639224858302181	-1.696092541403810	-0.146885216778761
21.000000000000000	0.742333506513959	-1.657207983609710	-0.159193084818888
21.000000000000000	0.842808963188906	-1.611824103780589	-0.170913642850768
21.000000000000000	0.940246649125178	-1.560123646782561	-0.181999696323903
21.000000000000000	1.034254217151536	-1.502314792108602	-0.192406605613712
21.000000000000000	1.124453131970920	-1.438630315613211	-0.202092465769537
21.000000000000000	1.210480194388501	-1.369326652206194	-0.211018275251095
21.000000000000000	1.291989003786635	-1.294682863279796	-0.219148092973913
21.000000000000000	1.368651352957906	-1.214999513026961	-0.226449183031390
21.000000000000000	1.440158549679696	-1.130597458175419	-0.232892146510738
21.000000000000000	1.506222659708829	-1.041816556010875	-0.238451039872030
21.000000000000000	1.566577666191132	-0.949014295891680	-0.243103479413677
21.000000000000000	1.620980540817424	-0.852564359765356	-0.246830731403693
21.000000000000000	1.669212222412742	-0.752855117483278	-0.249617787513826
21.000000000000000	1.711078499018372	-0.650288062972361	-0.251453425252794
21.000000000000000	1.746410789914864	-0.545276197560717	-0.252330253155299
21.000000000000000	1.775066824437091	-0.438242366967077	-0.252244740544850
21.000000000000000	1.796931214848001	-0.329617558650315	-0.251197231750546
21.000000000000000	1.811915920964308	-0.219839166375076	-0.249191944720590
21.000000000000000	1.819960604663242	-0.109349228981452	-0.246236954038100
21.000000000000000	1.821032872842867	0.001407349549408	-0.242344158407608
21.000000000000000	1.815128407857675	0.111984591566605	-0.237529232743179
21.000000000000000	1.802270984904216	0.221937241544082	-0.231811565051067
21.000000000000000	1.782512376286778	0.330822558967486	-0.225214178361052
21.000000000000000	1.755932142948585	0.438202101093944	-0.217763638020828
21.000000000000000	1.722637314107962	0.543643488406254	-0.209489944726725
21.000000000000000	1.682761956289448	0.646722145652591	-0.200426413721488
21.000000000000000	1.636466633485218	0.747023011461193	-0.190609540645559
21.000000000000000	1.583937760620560	0.844142209646013	-0.180078854582011
21.000000000000000	1.525386852926761	0.937688675473580	-0.168876758886881
21.000000000000000	1.461049674243927	1.027285730342645	-0.157048360445825
21.000000000000000	1.391185287683207	1.112572598535974	-0.144641288044603
21.000000000000000	1.316075012471081	1.193205859936822	-0.131705500584778
21.000000000000000	1.236021291176123	1.268860832860534	-0.118293085916845
21.000000000000000	1.151346471879529	1.339232881433097	-0.104458051100842
21.000000000000000	1.062391510193154	1.404038642252286	-0.090256104938986
21.000000000000000	0.969514596351611	1.463017165392072	-0.075744433655980
21.000000000000000	0.873089712906609	1.515930965155873	-0.060981470630278
21.000000000000000	0.773505128831223	1.562566976347635	-0.046026661103489
21.000000000000000	0.671161836097765	1.602737412210179	-0.030940222815370
21.000000000000000	0.566471935024645	1.636280520576193	-0.015782903528243
21.000000000000000	0.459856974893835	1.663061235187116	-0.000615736417196
21.000000000000000	0.351746256520698	1.682971719557298	0.014500205688972
21.000000000000000	0.242575103611117	1.695931801193460	0.029504056226478
21.000000000000000	0.132783109866580	1.701889294421034	0.044335399984722
21.000000000000000	0.022812368895498	1.700820210517453	0.058934516377019
21.000000000000000	-0.086894305941726	1.692728854306270	0.073242619914326
21.000000000000000	-0.195895164585812	1.677647806823153	0.087202096913654
21.000000000000000	-0.303751299050174	1.655637794123555	0.100756737488037
21.000000000000000	-0.410028410748472	1.626787442760322	0.113851961883907
21.000000000000000	-0.514298559261743	1.591212922915840	0.126435040254501
21.000000000000000	-0.616141885503423	1.549057480625719	0.138455304984339
21.000000000000000	-0.715148302343706	1.500490860977559	0.149864354709831
21.000000000000000	-0.810919145885671	1.445708624607399	0.160616249214487
21.000000000000000	-0.903068780744097	1.384931360246052	0.170667694413949
21.000000000000000	-0.991226152863051	1.318403796486145	0.179978216685996
21.000000000000000	-1.075036283619605	1.246393816346448	0.188510325843527
21.000000000000000	-1.154161699197464	1.169191378601513	0.196229666094320
21.000000000000000	-1.228283789474918	1.087107350220018	0.203105154379679
21.000000000000000	-1.297104090955353	1.000472254613207	0.209109105534940
21.000000000000000	-1.360345488574399	0.909634940733774	0.214217343767856
21.000000000000000	-1.417753331544505	0.814961178384248	0.218409300005984
21.000000000000000	-1.469096458743769	0.716832185391094	0.221668094721080


