# n	x	y	z
1.000000000000000	-0.333206171626338	-0.159127404217627	0.013683291784102
1.000000000000000	-0.319945725145369	-0.184858261033485	0.011952350176267
1.000000000000000	-0.305041769672894	-0.209675127774297	0.010158694172851
1.000000000000000	-0.288554318177342	-0.233478075676656	0.008309546193520
1.000000000000000	-0.270549759806742	-0.256171258670461	0.006412352104541
1.000000000000000	-0.251100592563055	-0.277663299317215	0.004474751236909
1.000000000000000	-0.230285131378311	-0.297867656754713	0.002504545625452
1.000000000000000	-0.208187192768012	-0.316702975166558	0.000509668592797
1.000000000000000	-0.184895757331612	-0.334093411373312	-0.001501847195326
1.000000000000000	-0.160504611459047	-0.349968940226219	-0.003521902074790
1.000000000000000	-0.135111969686043	-0.364265636573756	-0.005542361997561
1.000000000000000	-0.108820079218845	-0.376925932665661	-0.007555091284639
1.000000000000000	-0.081734808220804	-0.387898849957945	-0.009551985385564
1.000000000000000	-0.053965219518654	-0.397140204385495	-0.011525003512585
1.000000000000000	-0.025623131444994	-0.404612784275709	-0.013466201018067
1.000000000000000	0.003177332414667	-0.410286500186770	-0.015367761384790
1.000000000000000	0.032320202757309	-0.414138506067207	-0.017222027700300
1.000000000000000	0.061688131529859	-0.416153291248880	-0.019021533488598
1.000000000000000	0.091162864448376	-0.416322742902970	-0.020759032774998
1.000000000000000	0.120625717166320	-0.414646178707472	-0.022427529263113
1.000000000000000	0.149958053174527	-0.411130349594668	-0.024020304506470
1.000000000000000	0.179041761508557	-0.405789412567505	-0.025530944961326
1.000000000000000	0.207759732339862	-0.398644873694342	-0.026953367811739
1.000000000000000	0.235996328535733	-0.389725501511601	-0.028281845462927
1.000000000000000	0.263637851289222	-0.379067211183024	-0.029511028604265
1.000000000000000	0.290572997944101	-0.366712919881987	-0.030635967749076
1.000000000000000	0.316693310171385	-0.352712373979190	-0.031652133164464
1.000000000000000	0.341893610692736	-0.337121948731577	-0.032555433110951
1.000000000000000	0.366072426792242	-0.320004421279078	-0.033342230318466
1.000000000000000	0.389132398911235	-0.301428717863219	-0.034009356632350
1.000000000000000	0.410980672680863	-0.281469636285477	-0.034554125770394
1.000000000000000	0.431529272813869	-0.260207544722931	-0.034974344139554
1.000000000000000	0.450695457350018	-0.237728058113982	-0.035268319668769
1.000000000000000	0.468402050828769	-0.214121693417209	-0.035434868622340
1.000000000000000	0.484577755047613	-0.189483505131527	-0.035473320366414
1.000000000000000	0.499157436154775	-0.163912702545267	-0.035383520069389
1.000000000000000	0.512082386920246	-0.137512250255388	-0.035165829325366
1.000000000000000	0.523300563129072	-0.110388453565387	-0.034821124698139
1.000000000000000	0.532766793145047	-0.082650530431360	-0.034350794191580
1.000000000000000	0.540442959800942	-0.054410171679839	-0.033756731660639
1.000000000000000	0.546298153882891	-0.025781091268259	-0.033041329185457
1.000000000000000	0.550308798590879	0.003121431601019	-0.032207467439306
1.000000000000000	0.552458744474199	0.032181016669364	-0.031258504089131
1.000000000000000	0.552739334459589	0.061280651244108	-0.030198260275411
1.000000000000000	0.551149438710210	0.090303161367351	-0.029031005225779
1.000000000000000	0.547695459175102	0.119131683634141	-0.027761439064344
1.000000000000000	0.542391303810791	0.147650135760158	-0.026394673885953
1.000000000000000	0.535258330578861	0.175743684004100	-0.024936213171587
1.000000000000000	0.526325261444979	0.203299205562631	-0.023391929627789
1.000000000000000	0.515628066725676	0.230205744075985	-0.021768041539345
1.000000000000000	0.503209820248578	0.256354956410063	-0.020071087730445
1.000000000000000	0.489120525909305	0.281641548915999	-0.018307901235149
1.000000000000000	0.473416916323434	0.305963701410515	-0.016485581783167
1.000000000000000	0.456162224384275	0.329223477169868	-0.014611467211757
1.000000000000000	0.437425928646332	0.351327217286469	-0.012693103918839
1.000000000000000	0.417283473559681	0.372185917800245	-0.010738216476322
1.000000000000000	0.395815965681804	0.391715588086176	-0.008754676525969
1.000000000000000	0.373109847090102	0.409837589054896	-0.006750471083084
1.000000000000000	0.349256547310159	0.426478949804550	-0.004733670375613
1.000000000000000	0.324352115161317	0.441572661448865	-0.002712395348187
1.000000000000000	0.298496832001974	0.455057946938281	-0.000694784961946
1.000000000000000	0.271794807931952	0.466880505787678	0.001311036578188
1.000000000000000	0.244353562577869	0.476992732725270	0.003296992536814
1.000000000000000	0.216283592149548	0.485353909382225	0.005255086170220
1.000000000000000	0.187697924510783	0.491930368251172	0.007177432926439
1.000000000000000	0.158711664056022	0.496695628253365	0.009056292193565
1.000000000000000	0.129441528225597	0.499630501368645	0.010884098468460
1.000000000000000	0.100005377525784	0.500723169898820	0.012653491820369
1.000000000000000	0.070521740946147	0.499969234053372	0.014357347526760
1.000000000000000	0.041109338685124	0.497371729665852	0.015988804762067
1.000000000000000	0.011886604105697	0.492941115969657	0.017541294223819
1.000000000000000	-0.017028793153964	0.486695233482382	0.019008564584892
1.000000000000000	-0.045520420994604	0.478659232168360	0.020384707665408
1.000000000000000	-0.073473553686852	0.468865470168624	0.021664182222882
1.000000000000000	-0.100775633831239	0.457353383506102	0.022841836264854
1.000000000000000	-0.127316725587124	0.444169327290663	0.023912927794143
1.000000000000000	-0.152989957345518	0.429366389063456	0.024873143903194
1.000000000000000	-0.177691952063338	0.413004175032118	0.025718618140640
1.000000000000000	-0.201323243526270	0.395148570057612	0.026445946080130
1.000000000000000	-0.223788676864109	0.375871472359145	0.027052199028759
1.000000000000000	-0.244997791705839	0.355250504005417	0.027534935819876
1.000000000000000	-0.264865186431618	0.333368698357947	0.027892212642801
1.000000000000000	-0.283310862054958	0.310314165725030	0.028122590869867
1.000000000000000	-0.300260544350409	0.286179738572625	0.028225142849265
1.000000000000000	-0.315645982929653	0.261062597720779	0.028199455640368
1.000000000000000	-0.329405226061726	0.235063881030765	0.028045632676501
1.000000000000000	-0.341482870130774	0.208288276158607	0.027764293348449
1.000000000000000	-0.351830282726860	0.180843599014844	0.027356570510387
1.000000000000000	-0.360405798471515	0.152840359627905	0.026824105918283
1.000000000000000	-0.367174886789510	0.124391317159232	0.026169043619118
1.000000000000000	-0.372110290951296	0.095611025861936	0.025394021317570
1.000000000000000	-0.375192137826233	0.066615373811245	0.024502159754910
1.000000000000000	-0.376408017904674	0.037521116264133	0.023497050142873
1.000000000000000	-0.375753035266682	0.008445405527105	0.022382739703119
1.000000000000000	-0.373229827296167	-0.020494680774792	0.021163715370500
1.000000000000000	-0.368848554061076	-0.049182611128243	0.019844885725757
1.000000000000000	-0.362626857402383	-0.077502869362941	0.018431561230396
1.000000000000000	-0.354589789896625	-0.105341419794433	0.016929432843336
1.000000000000000	-0.344769713978013	-0.132586166405575	0.015344549105426
1.000000000000000	-0.333206171626338	-0.159127404217627	0.013683291784102


2.000000000000000	nan	nan	nan
2.000000000000000	nan	nan	nan
2.000000000000000	nan	nan	nan
2.000000000000000	nan	nan	nan
2.000000000000000	nan	nan	nan
2.000000000000000	nan	nan	nan
2.000000000000000	nan	nan	nan
2.000000000000000	nan	nan	nan
2.000000000000000	nan	nan	nan
2.000000000000000	nan	nan	nan
2.000000000000000	nan	nan	nan
2.000000000000000	nan	nan	nan
2.000000000000000	nan	nan	nan
2.000000000000000	nan	nan	nan
2.000000000000000	nan	nan	nan
2.000000000000000	nan	nan	nan
2.000000000000000	nan	nan	nan
2.000000000000000	nan	nan	nan
2.000000000000000	nan	nan	nan
2.000000000000000	nan	nan	nan
2.000000000000000	nan	nan	nan
2.000000000000000	nan	nan	nan
2.000000000000000	nan	nan	nan
2.000000000000000	nan	nan	nan
2.000000000000000	nan	nan	nan
2.000000000000000	nan	nan	nan
2.000000000000000	nan	nan	nan
2.000000000000000	nan	nan	nan
2.000000000000000	nan	nan	nan
2.000000000000000	nan	nan	nan
2.000000000000000	nan	nan	nan
2.000000000000000	nan	nan	nan
2.000000000000000	nan	nan	nan
2.000000000000000	nan	nan	nan
2.000000000000000	nan	nan	nan
2.000000000000000	nan	nan	nan
2.000000000000000	nan	nan	nan
2.000000000000000	nan	nan	nan
2.000000000000000	nan	nan	nan
2.000000000000000	nan	nan	nan
2.000000000000000	nan	nan	nan
2.000000000000000	nan	nan	nan
2.000000000000000	nan	nan	nan
2.000000000000000	nan	nan	nan
2.000000000000000	nan	nan	nan
2.000000000000000	nan	nan	nan
2.000000000000000	nan	nan	nan
2.000000000000000	nan	nan	nan
2.000000000000000	nan	nan	nan
2.000000000000000	nan	nan	nan
2.000000000000000	nan	nan	nan
2.000000000000000	nan	nan	nan
2.000000000000000	nan	nan	nan
2.000000000000000	nan	nan	nan
2.000000000000000	nan	nan	nan
2.000000000000000	nan	nan	nan
2.000000000000000	nan	nan	nan
2.000000000000000	nan	nan	nan
2.000000000000000	nan	nan	nan
2.000000000000000	nan	nan	nan
2.000000000000000	nan	nan	nan
2.000000000000000	nan	nan	nan
2.000000000000000	nan	nan	nan
2.000000000000000	nan	nan	nan
2.000000000000000	nan	nan	nan
2.000000000000000	nan	nan	nan
2.000000000000000	nan	nan	nan
2.000000000000000	nan	nan	nan
2.000000000000000	nan	nan	nan
2.000000000000000	nan	nan	nan
2.000000000000000	nan	nan	nan
2.000000000000000	nan	nan	nan
2.000000000000000	nan	nan	nan
2.000000000000000	nan	nan	nan
2.000000000000000	nan	nan	nan
2.000000000000000	nan	nan	nan
2.000000000000000	nan	nan	nan
2.000000000000000	nan	nan	nan
2.000000000000000	nan	nan	nan
2.000000000000000	nan	nan	nan
2.000000000000000	nan	nan	nan
2.000000000000000	nan	nan	nan
2.000000000000000	nan	nan	nan
2.000000000000000	nan	nan	nan
2.000000000000000	nan	nan	nan
2.000000000000000	nan	nan	nan
2.000000000000000	nan	nan	nan
2.000000000000000	nan	nan	nan
2.000000000000000	nan	nan	nan
2.000000000000000	nan	nan	nan
2.000000000000000	nan	nan	nan
2.000000000000000	nan	nan	nan
2.000000000000000	nan	nan	nan
2.000000000000000	nan	nan	nan
2.000000000000000	nan	nan	nan
2.000000000000000	nan	nan	nan
2.000000000000000	nan	nan	nan
2.000000000000000	nan	nan	nan
2.000000000000000	nan	nan	nan
2.000000000000000	nan	nan	nan


3.000000000000000	0.466463752360023	-0.758090307125748	0.028647696540692
3.000000000000000	0.517362402182061	-0.724518211467166	0.027962124993847
3.000000000000000	0.566023536266147	-0.687778003097234	0.027154484793754
3.000000000000000	0.612251213399968	-0.648017621867830	0.026228028022447
3.000000000000000	0.655859291043477	-0.605397168800985	0.025186485194357
3.000000000000000	0.696672174859204	-0.560088261418577	0.024034050234847
3.000000000000000	0.734525525768674	-0.512273342699138	0.022775363592754
3.000000000000000	0.769266921687880	-0.462144946444374	0.021415493554940
3.000000000000000	0.800756471277215	-0.409904922013497	0.019959915838089
3.000000000000000	0.828867377234523	-0.355763621547099	0.018414491539931
3.000000000000000	0.853486446863082	-0.299939052953325	0.016785443538666
3.000000000000000	0.874514547858645	-0.242656002066966	0.015079331435632
3.000000000000000	0.891867007480241	-0.184145127516248	0.013303025142108
3.000000000000000	0.905473953497417	-0.124642031941937	0.011463677216601
3.000000000000000	0.915280595541047	-0.064386313308664	0.009568694064020
3.000000000000000	0.921247445724815	-0.003620600128484	0.007625706112699
3.000000000000000	0.923350477648994	0.057410425518504	0.005642537089352
3.000000000000000	0.921581223146277	0.118461013232542	0.003627172515688
3.000000000000000	0.915946806380099	0.179285333844329	0.001587727553537
3.000000000000000	0.906469915158145	0.239638469282327	-0.000467585672050
3.000000000000000	0.893188709576556	0.299277398771389	-0.002530491140123
3.000000000000000	0.876156668362692	0.357961977391653	-0.004592682258451
3.000000000000000	0.855442373535166	0.415455903057370	-0.006645855311238
3.000000000000000	0.831129234248269	0.471527668022007	-0.008681742895256
3.000000000000000	0.803315150932737	0.525951491078232	-0.010692147209758
3.000000000000000	0.772112121085275	0.578508226699147	-0.012668973066128
3.000000000000000	0.737645788294164	0.628986247459978	-0.014604260484351
3.000000000000000	0.700054936316875	0.677182296187025	-0.016490216745043
3.000000000000000	0.659490930246866	0.722902304402559	-0.018319247767977
3.000000000000000	0.616117107019765	0.765962173770088	-0.020083988690769
3.000000000000000	0.570108117713189	0.806188517393381	-0.021777333524578
3.000000000000000	0.521649224288489	0.843419357984305	-0.023392463767413
3.000000000000000	0.470935553606221	0.877504780088193	-0.024922875859837
3.000000000000000	0.418171311719149	0.908307533740471	-0.026362407372503
3.000000000000000	0.363568961606542	0.935703587123820	-0.027705261820083
3.000000000000000	0.307348367660743	0.959582626000532	-0.028946032001668
3.000000000000000	0.249735910370866	0.979848497909009	-0.030079721773660
3.000000000000000	0.190963574768457	0.996419599335789	-0.031101766167475
3.000000000000000	0.131268016305659	1.009229204304092	-0.032008049771064
3.000000000000000	0.070889607927225	1.018225733055781	-0.032794923300222
3.000000000000000	0.010071472173513	1.023372959744843	-0.033459218292970
3.000000000000000	-0.050941497788180	1.024650158306082	-0.033998259867831
3.000000000000000	-0.111903624261964	1.022052185911671	-0.034409877494633
3.000000000000000	-0.172569434280734	1.015589503679505	-0.034692413734471
3.000000000000000	-0.232694648039162	1.005288134549968	-0.034844730913628
3.000000000000000	-0.292037162522265	0.991189558500742	-0.034866215704582
3.000000000000000	-0.350358026368787	0.973350545521572	-0.034756781595663
3.000000000000000	-0.407422402044005	0.951842927021557	-0.034516869239403
3.000000000000000	-0.463000511447592	0.926753306589416	-0.034147444678186
3.000000000000000	-0.516868561148925	0.898182711271404	-0.033649995454333
3.000000000000000	-0.568809643524250	0.866246184771054	-0.033026524620297
3.000000000000000	-0.618614610167124	0.831072324208785	-0.032279542673077
3.000000000000000	-0.666082914055227	0.792802762306685	-0.031412057445332
3.000000000000000	-0.711023417082445	0.751591597083531	-0.030427561993900
3.000000000000000	-0.753255159704557	0.707604771356453	-0.029330020534492
3.000000000000000	-0.792608089599455	0.661019404547778	-0.028123852479196
3.000000000000000	-0.828923746407823	0.612023079487628	-0.026813914641060
3.000000000000000	-0.862055899797079	0.560813087084075	-0.025405481677424
3.000000000000000	-0.891871138279311	0.507595631902279	-0.023904224850736
3.000000000000000	-0.918249406412254	0.452585001851488	-0.022316189192376
3.000000000000000	-0.941084488220183	0.396002705323257	-0.020647769161454
3.000000000000000	-0.960284434888155	0.338076579255337	-0.018905682896576
3.000000000000000	-0.975771935007441	0.279039871712739	-0.017096945164272
3.000000000000000	-0.987484625881278	0.219130302680097	-0.015228839113008
3.000000000000000	-0.995375344637437	0.158589106847198	-0.013308886946515
3.000000000000000	-0.999412318136467	0.097660062242022	-0.011344819634532
3.000000000000000	-0.999579290910913	0.036588508622668	-0.009344545782921
3.000000000000000	-0.995875590620344	-0.024379640419263	-0.007316119788496
3.000000000000000	-0.988316130758632	-0.084998887665907	-0.005267709406818
3.000000000000000	-0.976931350602575	-0.145025140803788	-0.003207562863519
3.000000000000000	-0.961767092643676	-0.204216695297412	-0.001143975641614
3.000000000000000	-0.942884417996604	-0.262335207648123	0.000914742921485
3.000000000000000	-0.920359360527641	-0.319146655119251	0.002960303092737
3.000000000000000	-0.894282620693135	-0.374422278063078	0.004984468123299
3.000000000000000	-0.864759200320777	-0.427939501055194	0.006979087415010
3.000000000000000	-0.831907979804299	-0.479482829127181	0.008936129339970
3.000000000000000	-0.795861239414089	-0.528844715488789	0.010847713581074
3.000000000000000	-0.756764126651224	-0.575826397245611	0.012706142863264
3.000000000000000	-0.714774071789718	-0.620238695747103	0.014503933947742
3.000000000000000	-0.670060153960371	-0.661902778342244	0.016233847764330
3.000000000000000	-0.622802420328783	-0.700650878475502	0.017888918560651
3.000000000000000	-0.573191161108964	-0.736326971223541	0.019462481950755
3.000000000000000	-0.521426143331810	-0.768787401552518	0.020948201750249
3.000000000000000	-0.467715806453768	-0.797901462766205	0.022340095489877
3.000000000000000	-0.412276423044717	-0.823551922815723	0.023632558504809
3.000000000000000	-0.355331227934659	-0.845635496351621	0.024820386502650
3.000000000000000	-0.297109519325853	-0.864063260617529	0.025898796519291
3.000000000000000	-0.237845735489876	-0.878761013510714	0.026863446178211
3.000000000000000	-0.177778510767453	-0.889669572367756	0.027710451175702
3.000000000000000	-0.117149714672187	-0.896745012272244	0.028436400921584
3.000000000000000	-0.056203477967399	-0.899958842924915	0.029038372272450
3.000000000000000	0.004814790362295	-0.899298123364034	0.029513941302132
3.000000000000000	0.065659391286349	-0.894765514074074	0.029861193061995
3.000000000000000	0.126085325071566	-0.886379266272891	0.030078729291765
3.000000000000000	0.185849277809548	-0.874173148420505	0.030165674049821
3.000000000000000	0.244710601155934	-0.858196310245435	0.030121677240310
3.000000000000000	0.302432281336348	-0.838513084836086	0.029946916022854
3.000000000000000	0.358781893517207	-0.815202729594111	0.029642094099196
3.000000000000000	0.413532537698505	-0.788359107092824	0.029208438879638
3.000000000000000	0.466463752360023	-0.758090307125748	0.028647696540692


4.000000000000000	nan	nan	nan
4.000000000000000	nan	nan	nan
4.000000000000000	nan	nan	nan
4.000000000000000	nan	nan	nan
4.000000000000000	nan	nan	nan
4.000000000000000	nan	nan	nan
4.000000000000000	nan	nan	nan
4.000000000000000	nan	nan	nan
4.000000000000000	nan	nan	nan
4.000000000000000	nan	nan	nan
4.000000000000000	nan	nan	nan
4.000000000000000	nan	nan	nan
4.000000000000000	nan	nan	nan
4.000000000000000	nan	nan	nan
4.000000000000000	nan	nan	nan
4.000000000000000	nan	nan	nan
4.000000000000000	nan	nan	nan
4.000000000000000	nan	nan	nan
4.000000000000000	nan	nan	nan
4.000000000000000	nan	nan	nan
4.000000000000000	nan	nan	nan
4.000000000000000	nan	nan	nan
4.000000000000000	nan	nan	nan
4.000000000000000	nan	nan	nan
4.000000000000000	nan	nan	nan
4.000000000000000	nan	nan	nan
4.000000000000000	nan	nan	nan
4.000000000000000	nan	nan	nan
4.000000000000000	nan	nan	nan
4.000000000000000	nan	nan	nan
4.000000000000000	nan	nan	nan
4.000000000000000	nan	nan	nan
4.000000000000000	nan	nan	nan
4.000000000000000	nan	nan	nan
4.000000000000000	nan	nan	nan
4.000000000000000	nan	nan	nan
4.000000000000000	nan	nan	nan
4.000000000000000	nan	nan	nan
4.000000000000000	nan	nan	nan
4.000000000000000	nan	nan	nan
4.000000000000000	nan	nan	nan
4.000000000000000	nan	nan	nan
4.000000000000000	nan	nan	nan
4.000000000000000	nan	nan	nan
4.000000000000000	nan	nan	nan
4.000000000000000	nan	nan	nan
4.000000000000000	nan	nan	nan
4.000000000000000	nan	nan	nan
4.000000000000000	nan	nan	nan
4.000000000000000	nan	nan	nan
4.000000000000000	nan	nan	nan
4.000000000000000	nan	nan	nan
4.000000000000000	nan	nan	nan
4.000000000000000	nan	nan	nan
4.000000000000000	nan	nan	nan
4.000000000000000	nan	nan	nan
4.000000000000000	nan	nan	nan
4.000000000000000	nan	nan	nan
4.000000000000000	nan	nan	nan
4.000000000000000	nan	nan	nan
4.000000000000000	nan	nan	nan
4.000000000000000	nan	nan	nan
4.000000000000000	nan	nan	nan
4.000000000000000	nan	nan	nan
4.000000000000000	nan	nan	nan
4.000000000000000	nan	nan	nan
4.000000000000000	nan	nan	nan
4.000000000000000	nan	nan	nan
4.000000000000000	nan	nan	nan
4.000000000000000	nan	nan	nan
4.000000000000000	nan	nan	nan
4.000000000000000	nan	nan	nan
4.000000000000000	nan	nan	nan
4.000000000000000	nan	nan	nan
4.000000000000000	nan	nan	nan
4.000000000000000	nan	nan	nan
4.000000000000000	nan	nan	nan
4.000000000000000	nan	nan	nan
4.000000000000000	nan	nan	nan
4.000000000000000	nan	nan	nan
4.000000000000000	nan	nan	nan
4.000000000000000	nan	nan	nan
4.000000000000000	nan	nan	nan
4.000000000000000	nan	nan	nan
4.000000000000000	nan	nan	nan
4.000000000000000	nan	nan	nan
4.000000000000000	nan	nan	nan
4.000000000000000	nan	nan	nan
4.000000000000000	nan	nan	nan
4.000000000000000	nan	nan	nan
4.000000000000000	nan	nan	nan
4.000000000000000	nan	nan	nan
4.000000000000000	nan	nan	nan
4.000000000000000	nan	nan	nan
4.000000000000000	nan	nan	nan
4.000000000000000	nan	nan	nan
4.000000000000000	nan	nan	nan
4.000000000000000	nan	nan	nan
4.000000000000000	nan	nan	nan
4.000000000000000	nan	nan	nan


5.000000000000000	nan	nan	nan
5.000000000000000	nan	nan	nan
5.000000000000000	nan	nan	nan
5.000000000000000	nan	nan	nan
5.000000000000000	nan	nan	nan
5.000000000000000	nan	nan	nan
5.000000000000000	nan	nan	nan
5.000000000000000	nan	nan	nan
5.000000000000000	nan	nan	nan
5.000000000000000	nan	nan	nan
5.000000000000000	nan	nan	nan
5.000000000000000	nan	nan	nan
5.000000000000000	nan	nan	nan
5.000000000000000	nan	nan	nan
5.000000000000000	nan	nan	nan
5.000000000000000	nan	nan	nan
5.000000000000000	nan	nan	nan
5.000000000000000	nan	nan	nan
5.000000000000000	nan	nan	nan
5.000000000000000	nan	nan	nan
5.000000000000000	nan	nan	nan
5.000000000000000	nan	nan	nan
5.000000000000000	nan	nan	nan
5.000000000000000	nan	nan	nan
5.000000000000000	nan	nan	nan
5.000000000000000	nan	nan	nan
5.000000000000000	nan	nan	nan
5.000000000000000	nan	nan	nan
5.000000000000000	nan	nan	nan
5.000000000000000	nan	nan	nan
5.000000000000000	nan	nan	nan
5.000000000000000	nan	nan	nan
5.000000000000000	nan	nan	nan
5.000000000000000	nan	nan	nan
5.000000000000000	nan	nan	nan
5.000000000000000	nan	nan	nan
5.000000000000000	nan	nan	nan
5.000000000000000	nan	nan	nan
5.000000000000000	nan	nan	nan
5.000000000000000	nan	nan	nan
5.000000000000000	nan	nan	nan
5.000000000000000	nan	nan	nan
5.000000000000000	nan	nan	nan
5.000000000000000	nan	nan	nan
5.000000000000000	nan	nan	nan
5.000000000000000	nan	nan	nan
5.000000000000000	nan	nan	nan
5.000000000000000	nan	nan	nan
5.000000000000000	nan	nan	nan
5.000000000000000	nan	nan	nan
5.000000000000000	nan	nan	nan
5.000000000000000	nan	nan	nan
5.000000000000000	nan	nan	nan
5.000000000000000	nan	nan	nan
5.000000000000000	nan	nan	nan
5.000000000000000	nan	nan	nan
5.000000000000000	nan	nan	nan
5.000000000000000	nan	nan	nan
5.000000000000000	nan	nan	nan
5.000000000000000	nan	nan	nan
5.000000000000000	nan	nan	nan
5.000000000000000	nan	nan	nan
5.000000000000000	nan	nan	nan
5.000000000000000	nan	nan	nan
5.000000000000000	nan	nan	nan
5.000000000000000	nan	nan	nan
5.000000000000000	nan	nan	nan
5.000000000000000	nan	nan	nan
5.000000000000000	nan	nan	nan
5.000000000000000	nan	nan	nan
5.000000000000000	nan	nan	nan
5.000000000000000	nan	nan	nan
5.000000000000000	nan	nan	nan
5.000000000000000	nan	nan	nan
5.000000000000000	nan	nan	nan
5.000000000000000	nan	nan	nan
5.000000000000000	nan	nan	nan
5.000000000000000	nan	nan	nan
5.000000000000000	nan	nan	nan
5.000000000000000	nan	nan	nan
5.000000000000000	nan	nan	nan
5.000000000000000	nan	nan	nan
5.000000000000000	nan	nan	nan
5.000000000000000	nan	nan	nan
5.000000000000000	nan	nan	nan
5.000000000000000	nan	nan	nan
5.000000000000000	nan	nan	nan
5.000000000000000	nan	nan	nan
5.000000000000000	nan	nan	nan
5.000000000000000	nan	nan	nan
5.000000000000000	nan	nan	nan
5.000000000000000	nan	nan	nan
5.000000000000000	nan	nan	nan
5.000000000000000	nan	nan	nan
5.000000000000000	nan	nan	nan
5.000000000000000	nan	nan	nan
5.000000000000000	nan	nan	nan
5.000000000000000	nan	nan	nan
5.000000000000000	nan	nan	nan
5.000000000000000	nan	nan	nan


6.000000000000000	nan	nan	nan
6.000000000000000	nan	nan	nan
6.000000000000000	nan	nan	nan
6.000000000000000	nan	nan	nan
6.000000000000000	nan	nan	nan
6.000000000000000	nan	nan	nan
6.000000000000000	nan	nan	nan
6.000000000000000	nan	nan	nan
6.000000000000000	nan	nan	nan
6.000000000000000	nan	nan	nan
6.000000000000000	nan	nan	nan
6.000000000000000	nan	nan	nan
6.000000000000000	nan	nan	nan
6.000000000000000	nan	nan	nan
6.000000000000000	nan	nan	nan
6.000000000000000	nan	nan	nan
6.000000000000000	nan	nan	nan
6.000000000000000	nan	nan	nan
6.000000000000000	nan	nan	nan
6.000000000000000	nan	nan	nan
6.000000000000000	nan	nan	nan
6.000000000000000	nan	nan	nan
6.000000000000000	nan	nan	nan
6.000000000000000	nan	nan	nan
6.000000000000000	nan	nan	nan
6.000000000000000	nan	nan	nan
6.000000000000000	nan	nan	nan
6.000000000000000	nan	nan	nan
6.000000000000000	nan	nan	nan
6.000000000000000	nan	nan	nan
6.000000000000000	nan	nan	nan
6.000000000000000	nan	nan	nan
6.000000000000000	nan	nan	nan
6.000000000000000	nan	nan	nan
6.000000000000000	nan	nan	nan
6.000000000000000	nan	nan	nan
6.000000000000000	nan	nan	nan
6.000000000000000	nan	nan	nan
6.000000000000000	nan	nan	nan
6.000000000000000	nan	nan	nan
6.000000000000000	nan	nan	nan
6.000000000000000	nan	nan	nan
6.000000000000000	nan	nan	nan
6.000000000000000	nan	nan	nan
6.000000000000000	nan	nan	nan
6.000000000000000	nan	nan	nan
6.000000000000000	nan	nan	nan
6.000000000000000	nan	nan	nan
6.000000000000000	nan	nan	nan
6.000000000000000	nan	nan	nan
6.000000000000000	nan	nan	nan
6.000000000000000	nan	nan	nan
6.000000000000000	nan	nan	nan
6.000000000000000	nan	nan	nan
6.000000000000000	nan	nan	nan
6.000000000000000	nan	nan	nan
6.000000000000000	nan	nan	nan
6.000000000000000	nan	nan	nan
6.000000000000000	nan	nan	nan
6.000000000000000	nan	nan	nan
6.000000000000000	nan	nan	nan
6.000000000000000	nan	nan	nan
6.000000000000000	nan	nan	nan
6.000000000000000	nan	nan	nan
6.000000000000000	nan	nan	nan
6.000000000000000	nan	nan	nan
6.000000000000000	nan	nan	nan
6.000000000000000	nan	nan	nan
6.000000000000000	nan	nan	nan
6.000000000000000	nan	nan	nan
6.000000000000000	nan	nan	nan
6.000000000000000	nan	nan	nan
6.000000000000000	nan	nan	nan
6.000000000000000	nan	nan	nan
6.000000000000000	nan	nan	nan
6.000000000000000	nan	nan	nan
6.000000000000000	nan	nan	nan
6.000000000000000	nan	nan	nan
6.000000000000000	nan	nan	nan
6.000000000000000	nan	nan	nan
6.000000000000000	nan	nan	nan
6.000000000000000	nan	nan	nan
6.000000000000000	nan	nan	nan
6.000000000000000	nan	nan	nan
6.000000000000000	nan	nan	nan
6.000000000000000	nan	nan	nan
6.000000000000000	nan	nan	nan
6.000000000000000	nan	nan	nan
6.000000000000000	nan	nan	nan
6.000000000000000	nan	nan	nan
6.000000000000000	nan	nan	nan
6.000000000000000	nan	nan	nan
6.000000000000000	nan	nan	nan
6.000000000000000	nan	nan	nan
6.000000000000000	nan	nan	nan
6.000000000000000	nan	nan	nan
6.000000000000000	nan	nan	nan
6.000000000000000	nan	nan	nan
6.000000000000000	nan	nan	nan
6.000000000000000	nan	nan	nan


7.000000000000000	nan	nan	nan
7.000000000000000	nan	nan	nan
7.000000000000000	nan	nan	nan
7.000000000000000	nan	nan	nan
7.000000000000000	nan	nan	nan
7.000000000000000	nan	nan	nan
7.000000000000000	nan	nan	nan
7.000000000000000	nan	nan	nan
7.000000000000000	nan	nan	nan
7.000000000000000	nan	nan	nan
7.000000000000000	nan	nan	nan
7.000000000000000	nan	nan	nan
7.000000000000000	nan	nan	nan
7.000000000000000	nan	nan	nan
7.000000000000000	nan	nan	nan
7.000000000000000	nan	nan	nan
7.000000000000000	nan	nan	nan
7.000000000000000	nan	nan	nan
7.000000000000000	nan	nan	nan
7.000000000000000	nan	nan	nan
7.000000000000000	nan	nan	nan
7.000000000000000	nan	nan	nan
7.000000000000000	nan	nan	nan
7.000000000000000	nan	nan	nan
7.000000000000000	nan	nan	nan
7.000000000000000	nan	nan	nan
7.000000000000000	nan	nan	nan
7.000000000000000	nan	nan	nan
7.000000000000000	nan	nan	nan
7.000000000000000	nan	nan	nan
7.000000000000000	nan	nan	nan
7.000000000000000	nan	nan	nan
7.000000000000000	nan	nan	nan
7.000000000000000	nan	nan	nan
7.000000000000000	nan	nan	nan
7.000000000000000	nan	nan	nan
7.000000000000000	nan	nan	nan
7.000000000000000	nan	nan	nan
7.000000000000000	nan	nan	nan
7.000000000000000	nan	nan	nan
7.000000000000000	nan	nan	nan
7.000000000000000	nan	nan	nan
7.000000000000000	nan	nan	nan
7.000000000000000	nan	nan	nan
7.000000000000000	nan	nan	nan
7.000000000000000	nan	nan	nan
7.000000000000000	nan	nan	nan
7.000000000000000	nan	nan	nan
7.000000000000000	nan	nan	nan
7.000000000000000	nan	nan	nan
7.000000000000000	nan	nan	nan
7.000000000000000	nan	nan	nan
7.000000000000000	nan	nan	nan
7.000000000000000	nan	nan	nan
7.000000000000000	nan	nan	nan
7.000000000000000	nan	nan	nan
7.000000000000000	nan	nan	nan
7.000000000000000	nan	nan	nan
7.000000000000000	nan	nan	nan
7.000000000000000	nan	nan	nan
7.000000000000000	nan	nan	nan
7.000000000000000	nan	nan	nan
7.000000000000000	nan	nan	nan
7.000000000000000	nan	nan	nan
7.000000000000000	nan	nan	nan
7.000000000000000	nan	nan	nan
7.000000000000000	nan	nan	nan
7.000000000000000	nan	nan	nan
7.000000000000000	nan	nan	nan
7.000000000000000	nan	nan	nan
7.000000000000000	nan	nan	nan
7.000000000000000	nan	nan	nan
7.000000000000000	nan	nan	nan
7.000000000000000	nan	nan	nan
7.000000000000000	nan	nan	nan
7.000000000000000	nan	nan	nan
7.000000000000000	nan	nan	nan
7.000000000000000	nan	nan	nan
7.000000000000000	nan	nan	nan
7.000000000000000	nan	nan	nan
7.000000000000000	nan	nan	nan
7.000000000000000	nan	nan	nan
7.000000000000000	nan	nan	nan
7.000000000000000	nan	nan	nan
7.000000000000000	nan	nan	nan
7.000000000000000	nan	nan	nan
7.000000000000000	nan	nan	nan
7.000000000000000	nan	nan	nan
7.000000000000000	nan	nan	nan
7.000000000000000	nan	nan	nan
7.000000000000000	nan	nan	nan
7.000000000000000	nan	nan	nan
7.000000000000000	nan	nan	nan
7.000000000000000	nan	nan	nan
7.000000000000000	nan	nan	nan
7.000000000000000	nan	nan	nan
7.000000000000000	nan	nan	nan
7.000000000000000	nan	nan	nan
7.000000000000000	nan	nan	nan
7.000000000000000	nan	nan	nan


8.000000000000000	nan	nan	nan
8.000000000000000	nan	nan	nan
8.000000000000000	nan	nan	nan
8.000000000000000	nan	nan	nan
8.000000000000000	nan	nan	nan
8.000000000000000	nan	nan	nan
8.000000000000000	nan	nan	nan
8.000000000000000	nan	nan	nan
8.000000000000000	nan	nan	nan
8.000000000000000	nan	nan	nan
8.000000000000000	nan	nan	nan
8.000000000000000	nan	nan	nan
8.000000000000000	nan	nan	nan
8.000000000000000	nan	nan	nan
8.000000000000000	nan	nan	nan
8.000000000000000	nan	nan	nan
8.000000000000000	nan	nan	nan
8.000000000000000	nan	nan	nan
8.000000000000000	nan	nan	nan
8.000000000000000	nan	nan	nan
8.000000000000000	nan	nan	nan
8.000000000000000	nan	nan	nan
8.000000000000000	nan	nan	nan
8.000000000000000	nan	nan	nan
8.000000000000000	nan	nan	nan
8.000000000000000	nan	nan	nan
8.000000000000000	nan	nan	nan
8.000000000000000	nan	nan	nan
8.000000000000000	nan	nan	nan
8.000000000000000	nan	nan	nan
8.000000000000000	nan	nan	nan
8.000000000000000	nan	nan	nan
8.000000000000000	nan	nan	nan
8.000000000000000	nan	nan	nan
8.000000000000000	nan	nan	nan
8.000000000000000	nan	nan	nan
8.000000000000000	nan	nan	nan
8.000000000000000	nan	nan	nan
8.000000000000000	nan	nan	nan
8.000000000000000	nan	nan	nan
8.000000000000000	nan	nan	nan
8.000000000000000	nan	nan	nan
8.000000000000000	nan	nan	nan
8.000000000000000	nan	nan	nan
8.000000000000000	nan	nan	nan
8.000000000000000	nan	nan	nan
8.000000000000000	nan	nan	nan
8.000000000000000	nan	nan	nan
8.000000000000000	nan	nan	nan
8.000000000000000	nan	nan	nan
8.000000000000000	nan	nan	nan
8.000000000000000	nan	nan	nan
8.000000000000000	nan	nan	nan
8.000000000000000	nan	nan	nan
8.000000000000000	nan	nan	nan
8.000000000000000	nan	nan	nan
8.000000000000000	nan	nan	nan
8.000000000000000	nan	nan	nan
8.000000000000000	nan	nan	nan
8.000000000000000	nan	nan	nan
8.000000000000000	nan	nan	nan
8.000000000000000	nan	nan	nan
8.000000000000000	nan	nan	nan
8.000000000000000	nan	nan	nan
8.000000000000000	nan	nan	nan
8.000000000000000	nan	nan	nan
8.000000000000000	nan	nan	nan
8.000000000000000	nan	nan	nan
8.000000000000000	nan	nan	nan
8.000000000000000	nan	nan	nan
8.000000000000000	nan	nan	nan
8.000000000000000	nan	nan	nan
8.000000000000000	nan	nan	nan
8.000000000000000	nan	nan	nan
8.000000000000000	nan	nan	nan
8.000000000000000	nan	nan	nan
8.000000000000000	nan	nan	nan
8.000000000000000	nan	nan	nan
8.000000000000000	nan	nan	nan
8.000000000000000	nan	nan	nan
8.000000000000000	nan	nan	nan
8.000000000000000	nan	nan	nan
8.000000000000000	nan	nan	nan
8.000000000000000	nan	nan	nan
8.000000000000000	nan	nan	nan
8.000000000000000	nan	nan	nan
8.000000000000000	nan	nan	nan
8.000000000000000	nan	nan	nan
8.000000000000000	nan	nan	nan
8.000000000000000	nan	nan	nan
8.000000000000000	nan	nan	nan
8.000000000000000	nan	nan	nan
8.000000000000000	nan	nan	nan
8.000000000000000	nan	nan	nan
8.000000000000000	nan	nan	nan
8.000000000000000	nan	nan	nan
8.000000000000000	nan	nan	nan
8.000000000000000	nan	nan	nan
8.000000000000000	nan	nan	nan
8.000000000000000	nan	nan	nan


9.000000000000000	0.587503127095796	-0.091694397874734	0.046660622318575
9.000000000000000	0.592927490941410	-0.041851922991430	0.054812085532087
9.000000000000000	0.595016852685084	0.008306954439161	0.062667588166372
9.000000000000000	0.593762799204501	0.058580262320889	0.070195498884871
9.000000000000000	0.589170380130418	0.108765567786566	0.077365505448051
9.000000000000000	0.581258087513581	0.158660792323671	0.084148736770091
9.000000000000000	0.570057781363763	0.208065025473204	0.090517879172556
9.000000000000000	0.555614561360752	0.256779333825187	0.096447286366940
9.000000000000000	0.537986585253854	0.304607562053297	0.101913082723219
9.000000000000000	0.517244834681169	0.351357122763136	0.106893259408585
9.000000000000000	0.493472829351581	0.396839771973691	0.111367763009249
9.000000000000000	0.466766290740370	0.440872367109409	0.115318576278458
9.000000000000000	0.437232756652618	0.483277604450709	0.118729790685593
9.000000000000000	0.404991148206420	0.523884733073480	0.121587670474203
9.000000000000000	0.370171290979513	0.562530242402793	0.123880707971050
9.000000000000000	0.332913392247498	0.599058520612270	0.125599669923447
9.000000000000000	0.293367476418627	0.633322481217990	0.126737634678309
9.000000000000000	0.251692780938457	0.665184155343844	0.127290020053206
9.000000000000000	0.208057115096863	0.694515247273508	0.127254601787195
9.000000000000000	0.162636184319252	0.721197651052006	0.126631522497130
9.000000000000000	0.115612882662832	0.745123926056711	0.125423291103403
9.000000000000000	0.067176556366793	0.766197729622809	0.123634772727398
9.000000000000000	0.017522241421827	0.784334204981206	0.121273169101367
9.000000000000000	-0.033150121770962	0.799460322946790	0.118347989569601
9.000000000000000	-0.084636493489492	0.811515175981183	0.114871012797649
9.000000000000000	-0.136729556286646	0.820450223445900	0.110856239343796
9.000000000000000	-0.189219549784462	0.826229487058371	0.106319835283750
9.000000000000000	-0.241895115305140	0.828829695763784	0.101280067115565
9.000000000000000	-0.294544146937842	0.828240379439408	0.095757228206901
9.000000000000000	-0.346954645614330	0.824463911054087	0.089773557080790
9.000000000000000	-0.398915572754394	0.817515497113127	0.083353147868959
9.000000000000000	-0.450217700043724	0.807423116427069	0.076521853293259
9.000000000000000	-0.500654451922493	0.794227407450894	0.069307180565885
9.000000000000000	-0.550022737392224	0.777981504647305	0.061738180627535
9.000000000000000	-0.598123767791557	0.758750824533001	0.053845331169531
9.000000000000000	-0.644763857248034	0.736612802269454	0.045660413910906
9.000000000000000	-0.689755202582742	0.711656579858844	0.037216386624648
9.000000000000000	-0.732916639527434	0.683982647200673	0.028547250428369
9.000000000000000	-0.774074372209094	0.653702437454415	0.019687912873815
9.000000000000000	-0.813062672964577	0.620937878337506	0.010674047386471
9.000000000000000	-0.849724549667420	0.585820901165463	0.001541949621266
9.000000000000000	-0.883912377879720	0.548492909611039	-0.007671608687217
9.000000000000000	-0.915488495283648	0.509104210321543	-0.016929527791537
9.000000000000000	-0.944325755999013	0.467813407687017	-0.026194529318985
9.000000000000000	-0.970308042554844	0.424786765196338	-0.035429306378436
9.000000000000000	-0.993330733453467	0.380197535952832	-0.044596673782028
9.000000000000000	-1.013301124444350	0.334225265045172	-0.053659717776792
9.000000000000000	-1.030138801811397	0.287055066582675	-0.062581944683306
9.000000000000000	-1.043775966170604	0.238876878306123	-0.071327427842862
9.000000000000000	-1.054157705474248	0.189884696775514	-0.079860952281439
9.000000000000000	-1.061242216122325	0.140275796214387	-0.088148156507979
9.000000000000000	-1.065000971290888	0.090249934156149	-0.096155670875978
9.000000000000000	-1.065418835799503	0.040008547090992	-0.103851251951278
9.000000000000000	-1.062494127055276	-0.010246060647757	-0.111203912344997
9.000000000000000	-1.056238621828063	-0.060311531491784	-0.118184045488804
9.000000000000000	-1.046677508829571	-0.109986269460296	-0.124763544850125
9.000000000000000	-1.033849287287311	-0.159070251915885	-0.130915917107223
9.000000000000000	-1.017805611921792	-0.207365834985086	-0.136616388828462
9.000000000000000	-0.998611084951196	-0.254678549400506	-0.141842006226167
9.000000000000000	-0.976342995961045	-0.300817883559920	-0.146571727583424
9.000000000000000	-0.951091010686320	-0.345598050649260	-0.150786507981656
9.000000000000000	-0.922956809959189	-0.388838736740537	-0.154469375987777
9.000000000000000	-0.892053680276192	-0.430365826852394	-0.157605501992174
9.000000000000000	-0.858506057633493	-0.470012106049677	-0.160182257922302
9.000000000000000	-0.822449026467052	-0.507617932758965	-0.162189268091480
9.000000000000000	-0.784027775715271	-0.543031881588843	-0.163618450978120
9.000000000000000	-0.743397014194385	-0.576111353066506	-0.164464051767158
9.000000000000000	-0.700720347640666	-0.606723147835506	-0.164722665522666
9.000000000000000	-0.656169619927862	-0.634744003002550	-0.164393250898326
9.000000000000000	-0.609924221112571	-0.660061088473668	-0.163477134330566
9.000000000000000	-0.562170365093796	-0.682572461281174	-0.161978004697467
9.000000000000000	-0.513100339795300	-0.702187476072021	-0.159901898464953
9.000000000000000	-0.462911732889999	-0.718827150104645	-0.157257175380074
9.000000000000000	-0.411806636184145	-0.732424481284584	-0.154054484809253
9.000000000000000	-0.359990831864947	-0.742924717958272	-0.150306722857049
9.000000000000000	-0.307672963888334	-0.750285579378614	-0.146028980438096
9.000000000000000	-0.255063697843381	-0.754477425954643	-0.141238482511311
9.000000000000000	-0.202374872676340	-0.755483378599683	-0.135954518721069
9.000000000000000	-0.149818647689964	-0.753299386697476	-0.130198365724612
9.000000000000000	-0.097606648252882	-0.747934244412587	-0.123993201518458
9.000000000000000	-0.045949113658929	-0.739409555279403	-0.117364012108791
9.000000000000000	0.004945949432293	-0.727759645212328	-0.110337490901633
9.000000000000000	0.054873604564809	-0.713031424287439	-0.102941931217917
9.000000000000000	0.103632810693056	-0.695284197852166	-0.095207112366275
9.000000000000000	0.151027231703213	-0.674589427723592	-0.087164179732264
9.000000000000000	0.196866026989438	-0.651030444436933	-0.078845519366900
9.000000000000000	0.240964619901631	-0.624702111702889	-0.070284627579454
9.000000000000000	0.283145440970457	-0.595710444424960	-0.061515976059641
9.000000000000000	0.323238642916931	-0.564172181814844	-0.052574873072290
9.000000000000000	0.361082784567460	-0.530214317324839	-0.043497321283425
9.000000000000000	0.396525480920471	-0.493973587290031	-0.034319872790234
9.000000000000000	0.429424016747029	-0.455595920339330	-0.025079481938677
9.000000000000000	0.459645921254694	-0.415235849792387	-0.015813356521373
9.000000000000000	0.487069501500647	-0.373055891408458	-0.006558807954957
9.000000000000000	0.511584332406219	-0.329225888992805	0.002646898959829
9.000000000000000	0.533091701399709	-0.283922330495628	0.011766696090336
9.000000000000000	0.551505005897074	-0.237327637357385	0.020763861232295
9.000000000000000	0.566750102019963	-0.189629429962039	0.029602165977174
9.000000000000000	0.578765603146951	-0.141019772155986	0.038246021591188
9.000000000000000	0.587503127095796	-0.091694397874734	0.046660622318575


10.000000000000000	nan	nan	nan
10.000000000000000	nan	nan	nan
10.000000000000000	nan	nan	nan
10.000000000000000	nan	nan	nan
10.000000000000000	nan	nan	nan
10.000000000000000	nan	nan	nan
10.000000000000000	nan	nan	nan
10.000000000000000	nan	nan	nan
10.000000000000000	nan	nan	nan
10.000000000000000	nan	nan	nan
10.000000000000000	nan	nan	nan
10.000000000000000	nan	nan	nan
10.000000000000000	nan	nan	nan
10.000000000000000	nan	nan	nan
10.000000000000000	nan	nan	nan
10.000000000000000	nan	nan	nan
10.000000000000000	nan	nan	nan
10.000000000000000	nan	nan	nan
10.000000000000000	nan	nan	nan
10.000000000000000	nan	nan	nan
10.000000000000000	nan	nan	nan
10.000000000000000	nan	nan	nan
10.000000000000000	nan	nan	nan
10.000000000000000	nan	nan	nan
10.000000000000000	nan	nan	nan
10.000000000000000	nan	nan	nan
10.000000000000000	nan	nan	nan
10.000000000000000	nan	nan	nan
10.000000000000000	nan	nan	nan
10.000000000000000	nan	nan	nan
10.000000000000000	nan	nan	nan
10.000000000000000	nan	nan	nan
10.000000000000000	nan	nan	nan
10.000000000000000	nan	nan	nan
10.000000000000000	nan	nan	nan
10.000000000000000	nan	nan	nan
10.000000000000000	nan	nan	nan
10.000000000000000	nan	nan	nan
10.000000000000000	nan	nan	nan
10.000000000000000	nan	nan	nan
10.000000000000000	nan	nan	nan
10.000000000000000	nan	nan	nan
10.000000000000000	nan	nan	nan
10.000000000000000	nan	nan	nan
10.000000000000000	nan	nan	nan
10.000000000000000	nan	nan	nan
10.000000000000000	nan	nan	nan
10.000000000000000	nan	nan	nan
10.000000000000000	nan	nan	nan
10.000000000000000	nan	nan	nan
10.000000000000000	nan	nan	nan
10.000000000000000	nan	nan	nan
10.000000000000000	nan	nan	nan
10.000000000000000	nan	nan	nan
10.000000000000000	nan	nan	nan
10.000000000000000	nan	nan	nan
10.000000000000000	nan	nan	nan
10.000000000000000	nan	nan	nan
10.000000000000000	nan	nan	nan
10.000000000000000	nan	nan	nan
10.000000000000000	nan	nan	nan
10.000000000000000	nan	nan	nan
10.000000000000000	nan	nan	nan
10.000000000000000	nan	nan	nan
10.000000000000000	nan	nan	nan
10.000000000000000	nan	nan	nan
10.000000000000000	nan	nan	nan
10.000000000000000	nan	nan	nan
10.000000000000000	nan	nan	nan
10.000000000000000	nan	nan	nan
10.000000000000000	nan	nan	nan
10.000000000000000	nan	nan	nan
10.000000000000000	nan	nan	nan
10.000000000000000	nan	nan	nan
10.000000000000000	nan	nan	nan
10.000000000000000	nan	nan	nan
10.000000000000000	nan	nan	nan
10.000000000000000	nan	nan	nan
10.000000000000000	nan	nan	nan
10.000000000000000	nan	nan	nan
10.000000000000000	nan	nan	nan
10.000000000000000	nan	nan	nan
10.000000000000000	nan	nan	nan
10.000000000000000	nan	nan	nan
10.000000000000000	nan	nan	nan
10.000000000000000	nan	nan	nan
10.000000000000000	nan	nan	nan
10.000000000000000	nan	nan	nan
10.000000000000000	nan	nan	nan
10.000000000000000	nan	nan	nan
10.000000000000000	nan	nan	nan
10.000000000000000	nan	nan	nan
10.000000000000000	nan	nan	nan
10.000000000000000	nan	nan	nan
10.000000000000000	nan	nan	nan
10.000000000000000	nan	nan	nan
10.000000000000000	nan	nan	nan
10.000000000000000	nan	nan	nan
10.000000000000000	nan	nan	nan
10.000000000000000	nan	nan	nan


11.000000000000000	nan	nan	nan
11.000000000000000	nan	nan	nan
11.000000000000000	nan	nan	nan
11.000000000000000	nan	nan	nan
11.000000000000000	nan	nan	nan
11.000000000000000	nan	nan	nan
11.000000000000000	nan	nan	nan
11.000000000000000	nan	nan	nan
11.000000000000000	nan	nan	nan
11.000000000000000	nan	nan	nan
11.000000000000000	nan	nan	nan
11.000000000000000	nan	nan	nan
11.000000000000000	nan	nan	nan
11.000000000000000	nan	nan	nan
11.000000000000000	nan	nan	nan
11.000000000000000	nan	nan	nan
11.000000000000000	nan	nan	nan
11.000000000000000	nan	nan	nan
11.000000000000000	nan	nan	nan
11.000000000000000	nan	nan	nan
11.000000000000000	nan	nan	nan
11.000000000000000	nan	nan	nan
11.000000000000000	nan	nan	nan
11.000000000000000	nan	nan	nan
11.000000000000000	nan	nan	nan
11.000000000000000	nan	nan	nan
11.000000000000000	nan	nan	nan
11.000000000000000	nan	nan	nan
11.000000000000000	nan	nan	nan
11.000000000000000	nan	nan	nan
11.000000000000000	nan	nan	nan
11.000000000000000	nan	nan	nan
11.000000000000000	nan	nan	nan
11.000000000000000	nan	nan	nan
11.000000000000000	nan	nan	nan
11.000000000000000	nan	nan	nan
11.000000000000000	nan	nan	nan
11.000000000000000	nan	nan	nan
11.000000000000000	nan	nan	nan
11.000000000000000	nan	nan	nan
11.000000000000000	nan	nan	nan
11.000000000000000	nan	nan	nan
11.000000000000000	nan	nan	nan
11.000000000000000	nan	nan	nan
11.000000000000000	nan	nan	nan
11.000000000000000	nan	nan	nan
11.000000000000000	nan	nan	nan
11.000000000000000	nan	nan	nan
11.000000000000000	nan	nan	nan
11.000000000000000	nan	nan	nan
11.000000000000000	nan	nan	nan
11.000000000000000	nan	nan	nan
11.000000000000000	nan	nan	nan
11.000000000000000	nan	nan	nan
11.000000000000000	nan	nan	nan
11.000000000000000	nan	nan	nan
11.000000000000000	nan	nan	nan
11.000000000000000	nan	nan	nan
11.000000000000000	nan	nan	nan
11.000000000000000	nan	nan	nan
11.000000000000000	nan	nan	nan
11.000000000000000	nan	nan	nan
11.000000000000000	nan	nan	nan
11.000000000000000	nan	nan	nan
11.000000000000000	nan	nan	nan
11.000000000000000	nan	nan	nan
11.000000000000000	nan	nan	nan
11.000000000000000	nan	nan	nan
11.000000000000000	nan	nan	nan
11.000000000000000	nan	nan	nan
11.000000000000000	nan	nan	nan
11.000000000000000	nan	nan	nan
11.000000000000000	nan	nan	nan
11.000000000000000	nan	nan	nan
11.000000000000000	nan	nan	nan
11.000000000000000	nan	nan	nan
11.000000000000000	nan	nan	nan
11.000000000000000	nan	nan	nan
11.000000000000000	nan	nan	nan
11.000000000000000	nan	nan	nan
11.000000000000000	nan	nan	nan
11.000000000000000	nan	nan	nan
11.000000000000000	nan	nan	nan
11.000000000000000	nan	nan	nan
11.000000000000000	nan	nan	nan
11.000000000000000	nan	nan	nan
11.000000000000000	nan	nan	nan
11.000000000000000	nan	nan	nan
11.000000000000000	nan	nan	nan
11.000000000000000	nan	nan	nan
11.000000000000000	nan	nan	nan
11.000000000000000	nan	nan	nan
11.000000000000000	nan	nan	nan
11.000000000000000	nan	nan	nan
11.000000000000000	nan	nan	nan
11.000000000000000	nan	nan	nan
11.000000000000000	nan	nan	nan
11.000000000000000	nan	nan	nan
11.000000000000000	nan	nan	nan
11.000000000000000	nan	nan	nan


12.000000000000000	nan	nan	nan
12.000000000000000	nan	nan	nan
12.000000000000000	nan	nan	nan
12.000000000000000	nan	nan	nan
12.000000000000000	nan	nan	nan
12.000000000000000	nan	nan	nan
12.000000000000000	nan	nan	nan
12.000000000000000	nan	nan	nan
12.000000000000000	nan	nan	nan
12.000000000000000	nan	nan	nan
12.000000000000000	nan	nan	nan
12.000000000000000	nan	nan	nan
12.000000000000000	nan	nan	nan
12.000000000000000	nan	nan	nan
12.000000000000000	nan	nan	nan
12.000000000000000	nan	nan	nan
12.000000000000000	nan	nan	nan
12.000000000000000	nan	nan	nan
12.000000000000000	nan	nan	nan
12.000000000000000	nan	nan	nan
12.000000000000000	nan	nan	nan
12.000000000000000	nan	nan	nan
12.000000000000000	nan	nan	nan
12.000000000000000	nan	nan	nan
12.000000000000000	nan	nan	nan
12.000000000000000	nan	nan	nan
12.000000000000000	nan	nan	nan
12.000000000000000	nan	nan	nan
12.000000000000000	nan	nan	nan
12.000000000000000	nan	nan	nan
12.000000000000000	nan	nan	nan
12.000000000000000	nan	nan	nan
12.000000000000000	nan	nan	nan
12.000000000000000	nan	nan	nan
12.000000000000000	nan	nan	nan
12.000000000000000	nan	nan	nan
12.000000000000000	nan	nan	nan
12.000000000000000	nan	nan	nan
12.000000000000000	nan	nan	nan
12.000000000000000	nan	nan	nan
12.000000000000000	nan	nan	nan
12.000000000000000	nan	nan	nan
12.000000000000000	nan	nan	nan
12.000000000000000	nan	nan	nan
12.000000000000000	nan	nan	nan
12.000000000000000	nan	nan	nan
12.000000000000000	nan	nan	nan
12.000000000000000	nan	nan	nan
12.000000000000000	nan	nan	nan
12.000000000000000	nan	nan	nan
12.000000000000000	nan	nan	nan
12.000000000000000	nan	nan	nan
12.000000000000000	nan	nan	nan
12.000000000000000	nan	nan	nan
12.000000000000000	nan	nan	nan
12.000000000000000	nan	nan	nan
12.000000000000000	nan	nan	nan
12.000000000000000	nan	nan	nan
12.000000000000000	nan	nan	nan
12.000000000000000	nan	nan	nan
12.000000000000000	nan	nan	nan
12.000000000000000	nan	nan	nan
12.000000000000000	nan	nan	nan
12.000000000000000	nan	nan	nan
12.000000000000000	nan	nan	nan
12.000000000000000	nan	nan	nan
12.000000000000000	nan	nan	nan
12.000000000000000	nan	nan	nan
12.000000000000000	nan	nan	nan
12.000000000000000	nan	nan	nan
12.000000000000000	nan	nan	nan
12.000000000000000	nan	nan	nan
12.000000000000000	nan	nan	nan
12.000000000000000	nan	nan	nan
12.000000000000000	nan	nan	nan
12.000000000000000	nan	nan	nan
12.000000000000000	nan	nan	nan
12.000000000000000	nan	nan	nan
12.000000000000000	nan	nan	nan
12.000000000000000	nan	nan	nan
12.000000000000000	nan	nan	nan
12.000000000000000	nan	nan	nan
12.000000000000000	nan	nan	nan
12.000000000000000	nan	nan	nan
12.000000000000000	nan	nan	nan
12.000000000000000	nan	nan	nan
12.000000000000000	nan	nan	nan
12.000000000000000	nan	nan	nan
12.000000000000000	nan	nan	nan
12.000000000000000	nan	nan	nan
12.000000000000000	nan	nan	nan
12.000000000000000	nan	nan	nan
12.000000000000000	nan	nan	nan
12.000000000000000	nan	nan	nan
12.000000000000000	nan	nan	nan
12.000000000000000	nan	nan	nan
12.000000000000000	nan	nan	nan
12.000000000000000	nan	nan	nan
12.000000000000000	nan	nan	nan
12.000000000000000	nan	nan	nan


13.000000000000000	nan	nan	nan
13.000000000000000	nan	nan	nan
13.000000000000000	nan	nan	nan
13.000000000000000	nan	nan	nan
13.000000000000000	nan	nan	nan
13.000000000000000	nan	nan	nan
13.000000000000000	nan	nan	nan
13.000000000000000	nan	nan	nan
13.000000000000000	nan	nan	nan
13.000000000000000	nan	nan	nan
13.000000000000000	nan	nan	nan
13.000000000000000	nan	nan	nan
13.000000000000000	nan	nan	nan
13.000000000000000	nan	nan	nan
13.000000000000000	nan	nan	nan
13.000000000000000	nan	nan	nan
13.000000000000000	nan	nan	nan
13.000000000000000	nan	nan	nan
13.000000000000000	nan	nan	nan
13.000000000000000	nan	nan	nan
13.000000000000000	nan	nan	nan
13.000000000000000	nan	nan	nan
13.000000000000000	nan	nan	nan
13.000000000000000	nan	nan	nan
13.000000000000000	nan	nan	nan
13.000000000000000	nan	nan	nan
13.000000000000000	nan	nan	nan
13.000000000000000	nan	nan	nan
13.000000000000000	nan	nan	nan
13.000000000000000	nan	nan	nan
13.000000000000000	nan	nan	nan
13.000000000000000	nan	nan	nan
13.000000000000000	nan	nan	nan
13.000000000000000	nan	nan	nan
13.000000000000000	nan	nan	nan
13.000000000000000	nan	nan	nan
13.000000000000000	nan	nan	nan
13.000000000000000	nan	nan	nan
13.000000000000000	nan	nan	nan
13.000000000000000	nan	nan	nan
13.000000000000000	nan	nan	nan
13.000000000000000	nan	nan	nan
13.000000000000000	nan	nan	nan
13.000000000000000	nan	nan	nan
13.000000000000000	nan	nan	nan
13.000000000000000	nan	nan	nan
13.000000000000000	nan	nan	nan
13.000000000000000	nan	nan	nan
13.000000000000000	nan	nan	nan
13.000000000000000	nan	nan	nan
13.000000000000000	nan	nan	nan
13.000000000000000	nan	nan	nan
13.000000000000000	nan	nan	nan
13.000000000000000	nan	nan	nan
13.000000000000000	nan	nan	nan
13.000000000000000	nan	nan	nan
13.000000000000000	nan	nan	nan
13.000000000000000	nan	nan	nan
13.000000000000000	nan	nan	nan
13.000000000000000	nan	nan	nan
13.000000000000000	nan	nan	nan
13.000000000000000	nan	nan	nan
13.000000000000000	nan	nan	nan
13.000000000000000	nan	nan	nan
13.000000000000000	nan	nan	nan
13.000000000000000	nan	nan	nan
13.000000000000000	nan	nan	nan
13.000000000000000	nan	nan	nan
13.000000000000000	nan	nan	nan
13.000000000000000	nan	nan	nan
13.000000000000000	nan	nan	nan
13.000000000000000	nan	nan	nan
13.000000000000000	nan	nan	nan
13.000000000000000	nan	nan	nan
13.000000000000000	nan	nan	nan
13.000000000000000	nan	nan	nan
13.000000000000000	nan	nan	nan
13.000000000000000	nan	nan	nan
13.000000000000000	nan	nan	nan
13.000000000000000	nan	nan	nan
13.000000000000000	nan	nan	nan
13.000000000000000	nan	nan	nan
13.000000000000000	nan	nan	nan
13.000000000000000	nan	nan	nan
13.000000000000000	nan	nan	nan
13.000000000000000	nan	nan	nan
13.000000000000000	nan	nan	nan
13.000000000000000	nan	nan	nan
13.000000000000000	nan	nan	nan
13.000000000000000	nan	nan	nan
13.000000000000000	nan	nan	nan
13.000000000000000	nan	nan	nan
13.000000000000000	nan	nan	nan
13.000000000000000	nan	nan	nan
13.000000000000000	nan	nan	nan
13.000000000000000	nan	nan	nan
13.000000000000000	nan	nan	nan
13.000000000000000	nan	nan	nan
13.000000000000000	nan	nan	nan
13.000000000000000	nan	nan	nan


14.000000000000000	nan	nan	nan
14.000000000000000	nan	nan	nan
14.000000000000000	nan	nan	nan
14.000000000000000	nan	nan	nan
14.000000000000000	nan	nan	nan
14.000000000000000	nan	nan	nan
14.000000000000000	nan	nan	nan
14.000000000000000	nan	nan	nan
14.000000000000000	nan	nan	nan
14.000000000000000	nan	nan	nan
14.000000000000000	nan	nan	nan
14.000000000000000	nan	nan	nan
14.000000000000000	nan	nan	nan
14.000000000000000	nan	nan	nan
14.000000000000000	nan	nan	nan
14.000000000000000	nan	nan	nan
14.000000000000000	nan	nan	nan
14.000000000000000	nan	nan	nan
14.000000000000000	nan	nan	nan
14.000000000000000	nan	nan	nan
14.000000000000000	nan	nan	nan
14.000000000000000	nan	nan	nan
14.000000000000000	nan	nan	nan
14.000000000000000	nan	nan	nan
14.000000000000000	nan	nan	nan
14.000000000000000	nan	nan	nan
14.000000000000000	nan	nan	nan
14.000000000000000	nan	nan	nan
14.000000000000000	nan	nan	nan
14.000000000000000	nan	nan	nan
14.000000000000000	nan	nan	nan
14.000000000000000	nan	nan	nan
14.000000000000000	nan	nan	nan
14.000000000000000	nan	nan	nan
14.000000000000000	nan	nan	nan
14.000000000000000	nan	nan	nan
14.000000000000000	nan	nan	nan
14.000000000000000	nan	nan	nan
14.000000000000000	nan	nan	nan
14.000000000000000	nan	nan	nan
14.000000000000000	nan	nan	nan
14.000000000000000	nan	nan	nan
14.000000000000000	nan	nan	nan
14.000000000000000	nan	nan	nan
14.000000000000000	nan	nan	nan
14.000000000000000	nan	nan	nan
14.000000000000000	nan	nan	nan
14.000000000000000	nan	nan	nan
14.000000000000000	nan	nan	nan
14.000000000000000	nan	nan	nan
14.000000000000000	nan	nan	nan
14.000000000000000	nan	nan	nan
14.000000000000000	nan	nan	nan
14.000000000000000	nan	nan	nan
14.000000000000000	nan	nan	nan
14.000000000000000	nan	nan	nan
14.000000000000000	nan	nan	nan
14.000000000000000	nan	nan	nan
14.000000000000000	nan	nan	nan
14.000000000000000	nan	nan	nan
14.000000000000000	nan	nan	nan
14.000000000000000	nan	nan	nan
14.000000000000000	nan	nan	nan
14.000000000000000	nan	nan	nan
14.000000000000000	nan	nan	nan
14.000000000000000	nan	nan	nan
14.000000000000000	nan	nan	nan
14.000000000000000	nan	nan	nan
14.000000000000000	nan	nan	nan
14.000000000000000	nan	nan	nan
14.000000000000000	nan	nan	nan
14.000000000000000	nan	nan	nan
14.000000000000000	nan	nan	nan
14.000000000000000	nan	nan	nan
14.000000000000000	nan	nan	nan
14.000000000000000	nan	nan	nan
14.000000000000000	nan	nan	nan
14.000000000000000	nan	nan	nan
14.000000000000000	nan	nan	nan
14.000000000000000	nan	nan	nan
14.000000000000000	nan	nan	nan
14.000000000000000	nan	nan	nan
14.000000000000000	nan	nan	nan
14.000000000000000	nan	nan	nan
14.000000000000000	nan	nan	nan
14.000000000000000	nan	nan	nan
14.000000000000000	nan	nan	nan
14.000000000000000	nan	nan	nan
14.000000000000000	nan	nan	nan
14.000000000000000	nan	nan	nan
14.000000000000000	nan	nan	nan
14.000000000000000	nan	nan	nan
14.000000000000000	nan	nan	nan
14.000000000000000	nan	nan	nan
14.000000000000000	nan	nan	nan
14.000000000000000	nan	nan	nan
14.000000000000000	nan	nan	nan
14.000000000000000	nan	nan	nan
14.000000000000000	nan	nan	nan
14.000000000000000	nan	nan	nan


15.000000000000000	-0.317744902304485	0.473966291506752	-0.021465918276070
15.000000000000000	-0.355739539555046	0.446622800715111	-0.021987950585105
15.000000000000000	-0.391873734581329	0.416842481555306	-0.022392530432294
15.000000000000000	-0.426001987733303	0.384745248861815	-0.022678028717387
15.000000000000000	-0.457986876580878	0.350460346862177	-0.022843295839555
15.000000000000000	-0.487699609265534	0.314125828756101	-0.022887666326426
15.000000000000000	-0.515020543099673	0.275888000823959	-0.022810961513711
15.000000000000000	-0.539839666325497	0.235900833303031	-0.022613490264617
15.000000000000000	-0.562057041093533	0.194325340403703	-0.022296047726169
15.000000000000000	-0.581583205877072	0.151328931962067	-0.021859912127429
15.000000000000000	-0.598339535702169	0.107084739339605	-0.021306839632522
15.000000000000000	-0.612258558742662	0.061770918284294	-0.020639057269182
15.000000000000000	-0.623284228005398	0.015569931560295	-0.019859253961297
15.000000000000000	-0.631372147011697	-0.031332185765207	-0.018970569701560
15.000000000000000	-0.636489748566303	-0.078746575419550	-0.017976582907829
15.000000000000000	-0.638616425893980	-0.126482316390212	-0.016881296014103
15.000000000000000	-0.637743615615727	-0.174347193696334	-0.015689119354126
15.000000000000000	-0.633874832230481	-0.222148472370616	-0.014404853402538
15.000000000000000	-0.627025653963473	-0.269693673534999	-0.013033669445052
15.000000000000000	-0.617223660038208	-0.316791349445177	-0.011581088755513
15.000000000000000	-0.604508319624671	-0.363251854383092	-0.010052960363680
15.000000000000000	-0.588930832910907	-0.408888108293303	-0.008455437503243
15.000000000000000	-0.570553924937935	-0.453516350088346	-0.006794952834924
15.000000000000000	-0.549451593028148	-0.496956877589772	-0.005078192544427
15.000000000000000	-0.525708808824210	-0.539034771125396	-0.003312069419520
15.000000000000000	-0.499421176138241	-0.579580597869081	-0.001503695014685
15.000000000000000	-0.470694545989013	-0.618431094086927	0.000339648984603
15.000000000000000	-0.439644590377252	-0.655429822542705	0.002210540082657
15.000000000000000	-0.406396336515316	-0.690427802415393	0.004101444861344
15.000000000000000	-0.371083663386746	-0.723284109192365	0.006004749314502
15.000000000000000	-0.333848762662840	-0.753866442122658	0.007912789506860
15.000000000000000	-0.294841566146989	-0.782051656945404	0.009817882433992
15.000000000000000	-0.254219142052214	-0.807726261748310	0.011712356959073
15.000000000000000	-0.212145062542914	-0.830786873959525	0.013588584701832
15.000000000000000	-0.168788745087489	-0.851140636632775	0.015439010755353
15.000000000000000	-0.124324770273988	-0.868705592349508	0.017256184107013
15.000000000000000	-0.078932178835705	-0.883411013232493	0.019032787641087
15.000000000000000	-0.032793750717328	-0.895197685742023	0.020761667602184
15.000000000000000	0.013904730915381	-0.904018149107934	0.022435862400897
15.000000000000000	0.060975227758824	-0.909836886437378	0.024048630645669
15.000000000000000	0.108228203535453	-0.912630467728818	0.025593478287994
15.000000000000000	0.155473387189458	-0.912387644216370	0.027064184771662
15.000000000000000	0.202520539041156	-0.909109393664615	0.028454828080739
15.000000000000000	0.249180216815042	-0.902808916431488	0.029759808585438
15.000000000000000	0.295264538456961	-0.893511582315091	0.030973871589853
15.000000000000000	0.340587938668835	-0.881254828398475	0.032092128490759
15.000000000000000	0.384967916114625	-0.866088008303719	0.033110076462299
15.000000000000000	0.428225768288790	-0.848072193462308	0.034023616587271
15.000000000000000	0.470187311088217	-0.827279927202039	0.034829070362018
15.000000000000000	0.510683580190116	-0.803794932640642	0.035523194508469
15.000000000000000	0.549551511411719	-0.777711775562333	0.036103194033675
15.000000000000000	0.586634597312193	-0.749135483634779	0.036566733484254
15.000000000000000	0.621783517392858	-0.718181123499747	0.036911946350442
15.000000000000000	0.654856739358144	-0.684973337440354	0.037137442581868
15.000000000000000	0.685721089016183	-0.649645841490578	0.037242314184795
15.000000000000000	0.714252286524283	-0.612340887007990	0.037226138878291
15.000000000000000	0.740335446819986	-0.573208687877740	0.037088981794608
15.000000000000000	0.763865542222671	-0.532406815654261	0.036831395216913
15.000000000000000	0.784747825342951	-0.490099565076229	0.036454416355440
15.000000000000000	0.802898210596974	-0.446457292509641	0.035959563171011
15.000000000000000	0.818243612789386	-0.401655729982855	0.035348828262747
15.000000000000000	0.830722241401622	-0.355875277575735	0.034624670844566
15.000000000000000	0.840283849400516	-0.309300277012197	0.033790006842806
15.000000000000000	0.846889935565366	-0.262118269381157	0.032848197154811
15.000000000000000	0.850513899518762	-0.214519239974746	0.031803034115790
15.000000000000000	0.851141148836921	-0.166694853284606	0.030658726228416
15.000000000000000	0.848769157808221	-0.118837681236617	0.029419881216676
15.000000000000000	0.843407477603356	-0.071140427771726	0.028091487472191
15.000000000000000	0.835077697816139	-0.023795152895189	0.026678893967719
15.000000000000000	0.823813359529830	0.023007500681287	0.025187788718738
15.000000000000000	0.809659820259028	0.069079075190456	0.023624175879809
15.000000000000000	0.792674071310975	0.114234056662442	0.021994351567967
15.000000000000000	0.772924508301670	0.158290621924028	0.020304878510480
15.000000000000000	0.750490655750866	0.201071370736396	0.018562559619061
15.000000000000000	0.725462846864897	0.242404040123277	0.016774410596945
15.000000000000000	0.697941859796737	0.282122198013158	0.014947631689128
15.000000000000000	0.668038511847949	0.320065913402492	0.013089578689522
15.000000000000000	0.635873213246523	0.356082400341406	0.011207733321768
15.000000000000000	0.601575482297384	0.390026633148790	0.009309673112976
15.000000000000000	0.565283423857895	0.421761930379535	0.007403040881699
15.000000000000000	0.527143173238334	0.451160505192467	0.005495513962997
15.000000000000000	0.487308307766585	0.478103979902860	0.003594773294523
15.000000000000000	0.445939228386433	0.502483862647586	0.001708472488095
15.000000000000000	0.403202513779584	0.524201984243558	-0.000155792988699
15.000000000000000	0.359270249612102	0.543170893480387	-0.001990516396764
15.000000000000000	0.314319335606171	0.559314209255534	-0.003788309952491
15.000000000000000	0.268530773227348	0.572566928134055	-0.005541934575750
15.000000000000000	0.222088936855545	0.582875686094490	-0.007244329039114
15.000000000000000	0.175180831374474	0.590198973406945	-0.008888638400929
15.000000000000000	0.127995339168984	0.594507301778122	-0.010468241607743
15.000000000000000	0.080722459562361	0.595783323090266	-0.011976778154955
15.000000000000000	0.033552543756112	0.594021899255919	-0.013408173698316
15.000000000000000	-0.013324471647138	0.589230122907177	-0.014756664513177
15.000000000000000	-0.059719829451312	0.581427288836169	-0.016016820702966
15.000000000000000	-0.105446711925484	0.570644816301738	-0.017183568063472
15.000000000000000	-0.150320993052948	0.556926122515172	-0.018252208514870
15.000000000000000	-0.194161979941704	0.540326447814423	-0.019218439019232
15.000000000000000	-0.236793140410952	0.520912633230760	-0.020078368907344
15.000000000000000	-0.278042813823885	0.498762851343525	-0.020828535545051
15.000000000000000	-0.317744902304485	0.473966291506752	-0.021465918276070


16.000000000000000	nan	nan	nan
16.000000000000000	nan	nan	nan
16.000000000000000	nan	nan	nan
16.000000000000000	nan	nan	nan
16.000000000000000	nan	nan	nan
16.000000000000000	nan	nan	nan
16.000000000000000	nan	nan	nan
16.000000000000000	nan	nan	nan
16.000000000000000	nan	nan	nan
16.000000000000000	nan	nan	nan
16.000000000000000	nan	nan	nan
16.000000000000000	nan	nan	nan
16.000000000000000	nan	nan	nan
16.000000000000000	nan	nan	nan
16.000000000000000	nan	nan	nan
16.000000000000000	nan	nan	nan
16.000000000000000	nan	nan	nan
16.000000000000000	nan	nan	nan
16.000000000000000	nan	nan	nan
16.000000000000000	nan	nan	nan
16.000000000000000	nan	nan	nan
16.000000000000000	nan	nan	nan
16.000000000000000	nan	nan	nan
16.000000000000000	nan	nan	nan
16.000000000000000	nan	nan	nan
16.000000000000000	nan	nan	nan
16.000000000000000	nan	nan	nan
16.000000000000000	nan	nan	nan
16.000000000000000	nan	nan	nan
16.000000000000000	nan	nan	nan
16.000000000000000	nan	nan	nan
16.000000000000000	nan	nan	nan
16.000000000000000	nan	nan	nan
16.000000000000000	nan	nan	nan
16.000000000000000	nan	nan	nan
16.000000000000000	nan	nan	nan
16.000000000000000	nan	nan	nan
16.000000000000000	nan	nan	nan
16.000000000000000	nan	nan	nan
16.000000000000000	nan	nan	nan
16.000000000000000	nan	nan	nan
16.000000000000000	nan	nan	nan
16.000000000000000	nan	nan	nan
16.000000000000000	nan	nan	nan
16.000000000000000	nan	nan	nan
16.000000000000000	nan	nan	nan
16.000000000000000	nan	nan	nan
16.000000000000000	nan	nan	nan
16.000000000000000	nan	nan	nan
16.000000000000000	nan	nan	nan
16.000000000000000	nan	nan	nan
16.000000000000000	nan	nan	nan
16.000000000000000	nan	nan	nan
16.000000000000000	nan	nan	nan
16.000000000000000	nan	nan	nan
16.000000000000000	nan	nan	nan
16.000000000000000	nan	nan	nan
16.000000000000000	nan	nan	nan
16.000000000000000	nan	nan	nan
16.000000000000000	nan	nan	nan
16.000000000000000	nan	nan	nan
16.000000000000000	nan	nan	nan
16.000000000000000	nan	nan	nan
16.000000000000000	nan	nan	nan
16.000000000000000	nan	nan	nan
16.000000000000000	nan	nan	nan
16.000000000000000	nan	nan	nan
16.000000000000000	nan	nan	nan
16.000000000000000	nan	nan	nan
16.000000000000000	nan	nan	nan
16.000000000000000	nan	nan	nan
16.000000000000000	nan	nan	nan
16.000000000000000	nan	nan	nan
16.000000000000000	nan	nan	nan
16.000000000000000	nan	nan	nan
16.000000000000000	nan	nan	nan
16.000000000000000	nan	nan	nan
16.000000000000000	nan	nan	nan
16.000000000000000	nan	nan	nan
16.000000000000000	nan	nan	nan
16.000000000000000	nan	nan	nan
16.000000000000000	nan	nan	nan
16.000000000000000	nan	nan	nan
16.000000000000000	nan	nan	nan
16.000000000000000	nan	nan	nan
16.000000000000000	nan	nan	nan
16.000000000000000	nan	nan	nan
16.000000000000000	nan	nan	nan
16.000000000000000	nan	nan	nan
16.000000000000000	nan	nan	nan
16.000000000000000	nan	nan	nan
16.000000000000000	nan	nan	nan
16.000000000000000	nan	nan	nan
16.000000000000000	nan	nan	nan
16.000000000000000	nan	nan	nan
16.000000000000000	nan	nan	nan
16.000000000000000	nan	nan	nan
16.000000000000000	nan	nan	nan
16.000000000000000	nan	nan	nan
16.000000000000000	nan	nan	nan


17.000000000000000	nan	nan	nan
17.000000000000000	nan	nan	nan
17.000000000000000	nan	nan	nan
17.000000000000000	nan	nan	nan
17.000000000000000	nan	nan	nan
17.000000000000000	nan	nan	nan
17.000000000000000	nan	nan	nan
17.000000000000000	nan	nan	nan
17.000000000000000	nan	nan	nan
17.000000000000000	nan	nan	nan
17.000000000000000	nan	nan	nan
17.000000000000000	nan	nan	nan
17.000000000000000	nan	nan	nan
17.000000000000000	nan	nan	nan
17.000000000000000	nan	nan	nan
17.000000000000000	nan	nan	nan
17.000000000000000	nan	nan	nan
17.000000000000000	nan	nan	nan
17.000000000000000	nan	nan	nan
17.000000000000000	nan	nan	nan
17.000000000000000	nan	nan	nan
17.000000000000000	nan	nan	nan
17.000000000000000	nan	nan	nan
17.000000000000000	nan	nan	nan
17.000000000000000	nan	nan	nan
17.000000000000000	nan	nan	nan
17.000000000000000	nan	nan	nan
17.000000000000000	nan	nan	nan
17.000000000000000	nan	nan	nan
17.000000000000000	nan	nan	nan
17.000000000000000	nan	nan	nan
17.000000000000000	nan	nan	nan
17.000000000000000	nan	nan	nan
17.000000000000000	nan	nan	nan
17.000000000000000	nan	nan	nan
17.000000000000000	nan	nan	nan
17.000000000000000	nan	nan	nan
17.000000000000000	nan	nan	nan
17.000000000000000	nan	nan	nan
17.000000000000000	nan	nan	nan
17.000000000000000	nan	nan	nan
17.000000000000000	nan	nan	nan
17.000000000000000	nan	nan	nan
17.000000000000000	nan	nan	nan
17.000000000000000	nan	nan	nan
17.000000000000000	nan	nan	nan
17.000000000000000	nan	nan	nan
17.000000000000000	nan	nan	nan
17.000000000000000	nan	nan	nan
17.000000000000000	nan	nan	nan
17.000000000000000	nan	nan	nan
17.000000000000000	nan	nan	nan
17.000000000000000	nan	nan	nan
17.000000000000000	nan	nan	nan
17.000000000000000	nan	nan	nan
17.000000000000000	nan	nan	nan
17.000000000000000	nan	nan	nan
17.000000000000000	nan	nan	nan
17.000000000000000	nan	nan	nan
17.000000000000000	nan	nan	nan
17.000000000000000	nan	nan	nan
17.000000000000000	nan	nan	nan
17.000000000000000	nan	nan	nan
17.000000000000000	nan	nan	nan
17.000000000000000	nan	nan	nan
17.000000000000000	nan	nan	nan
17.000000000000000	nan	nan	nan
17.000000000000000	nan	nan	nan
17.000000000000000	nan	nan	nan
17.000000000000000	nan	nan	nan
17.000000000000000	nan	nan	nan
17.000000000000000	nan	nan	nan
17.000000000000000	nan	nan	nan
17.000000000000000	nan	nan	nan
17.000000000000000	nan	nan	nan
17.000000000000000	nan	nan	nan
17.000000000000000	nan	nan	nan
17.000000000000000	nan	nan	nan
17.000000000000000	nan	nan	nan
17.000000000000000	nan	nan	nan
17.000000000000000	nan	nan	nan
17.000000000000000	nan	nan	nan
17.000000000000000	nan	nan	nan
17.000000000000000	nan	nan	nan
17.000000000000000	nan	nan	nan
17.000000000000000	nan	nan	nan
17.000000000000000	nan	nan	nan
17.000000000000000	nan	nan	nan
17.000000000000000	nan	nan	nan
17.000000000000000	nan	nan	nan
17.000000000000000	nan	nan	nan
17.000000000000000	nan	nan	nan
17.000000000000000	nan	nan	nan
17.000000000000000	nan	nan	nan
17.000000000000000	nan	nan	nan
17.000000000000000	nan	nan	nan
17.000000000000000	nan	nan	nan
17.000000000000000	nan	nan	nan
17.000000000000000	nan	nan	nan
17.000000000000000	nan	nan	nan


18.000000000000000	-0.771288919755511	-1.032433254034569	-0.033129590111953
18.000000000000000	-0.693578741523386	-1.087027744924089	-0.021336073243014
18.000000000000000	-0.612503439975685	-1.136479052926060	-0.009432060087108
18.000000000000000	-0.528389476736718	-1.180588055076691	0.002534516096235
18.000000000000000	-0.441575549048948	-1.219177139992318	0.014515470128253
18.000000000000000	-0.352411225958740	-1.252090923047763	0.026462558935662
18.000000000000000	-0.261255540725186	-1.279196872055377	0.038327675808485
18.000000000000000	-0.168475545119889	-1.300385840925381	0.050063044108794
18.000000000000000	-0.074444831439032	-1.315572509158650	0.061621409650369
18.000000000000000	0.020457971820948	-1.324695725402250	0.072956230974628
18.000000000000000	0.115850724566675	-1.327718753684349	0.084021866756651
18.000000000000000	0.211349313851120	-1.324629421337015	0.094773759586692
18.000000000000000	0.306569200560868	-1.315440168011249	0.105168615387138
18.000000000000000	0.401126967819402	-1.300187995586904	0.115164577742480
18.000000000000000	0.494641864871548	-1.278934319179176	0.124721396440326
18.000000000000000	0.586737340232377	-1.251764719841603	0.133800589544799
18.000000000000000	0.677042557927136	-1.218788599961379	0.142365598349712
18.000000000000000	0.765193890716831	-1.180138742734545	0.150381934587575
18.000000000000000	0.850836384296781	-1.135970777494926	0.157817319301672
18.000000000000000	0.933625186572325	-1.086462553049736	0.164641812822034
18.000000000000000	1.013226936256492	-1.031813421545195	0.170827935321916
18.000000000000000	1.089321105198243	-0.972243435745801	0.176350777469365
18.000000000000000	1.161601289036215	-0.907992462959514	0.181188100728305
18.000000000000000	1.229776440980931	-0.839319219176764	0.185320426905277
18.000000000000000	1.293572043757506	-0.766500227312469	0.188731116581243
18.000000000000000	1.352731214989819	-0.689828703745859	0.191406436112660
18.000000000000000	1.407015741575177	-0.609613377641599	0.193335612932014
18.000000000000000	1.456207038884408	-0.526177247806412	0.194510878925143
18.000000000000000	1.500107030925008	-0.439856282086882	0.194927501710696
18.000000000000000	1.538538947923259	-0.350998064545514	0.194583803695759
18.000000000000000	1.571348038113715	-0.259960395862394	0.193481168830933
18.000000000000000	1.598402190869942	-0.167109852598131	0.191624037037651
18.000000000000000	1.619592468667387	-0.072820311119428	0.189019886330180
18.000000000000000	1.634833545736334	0.022528557869085	0.185679202704302
18.000000000000000	1.644064051638670	0.118552818124781	0.181615437913904
18.000000000000000	1.647246818384978	0.214865813842775	0.176844955305516
18.000000000000000	1.644369030096906	0.311079726582380	0.171386963928890
18.000000000000000	1.635442274612193	0.406807136875098	0.165263441188937
18.000000000000000	1.620502496824534	0.501662584226071	0.158499044350470
18.000000000000000	1.599609853946177	0.595264119227457	0.151121011252106
18.000000000000000	1.572848473276067	0.687234841533882	0.143159050629102
18.000000000000000	1.540326113448899	0.777204417507114	0.134645222486762
18.000000000000000	1.502173730529132	0.864810571418907	0.125613809006113
18.000000000000000	1.458544950697140	0.949700544207507	0.116101176501660
18.000000000000000	1.409615451650799	1.031532513913880	0.106145628987074
18.000000000000000	1.355582255213406	1.109976972078102	0.095787253938449
18.000000000000000	1.296662933996336	1.184718050553629	0.085067760876180
18.000000000000000	1.233094735310923	1.255454793396838	0.074030313415452
18.000000000000000	1.165133625857272	1.321902368710392	0.062719355461590
18.000000000000000	1.093053261036704	1.383793215560760	0.051180432250142
18.000000000000000	1.017143883038035	1.440878121351665	0.039460006952291
18.000000000000000	0.937711152134725	1.492927225315250	0.027605273584059
18.000000000000000	0.855074915898833	1.539730944080259	0.015663966972666
18.000000000000000	0.769567921287737	1.581100815590306	0.003684170545226
18.000000000000000	0.681534474789574	1.616870257974059	-0.008285877286242
18.000000000000000	0.591329056022537	1.646895240311641	-0.020197977363874
18.000000000000000	0.499314890370559	1.671054862596309	-0.032004163864960
18.000000000000000	0.405862486402895	1.689251842556109	-0.043656897443378
18.000000000000000	0.311348143966878	1.701412907375256	-0.055109256653770
18.000000000000000	0.216152438961252	1.707489088737893	-0.066315126887633
18.000000000000000	0.120658690891342	1.707455920006225	-0.077229386060578
18.000000000000000	0.025251419376702	1.701313534739026	-0.087808086303035
18.000000000000000	-0.069685204173680	1.689086666153852	-0.098008630922813
18.000000000000000	-0.163768903484056	1.670824547535098	-0.107789945926949
18.000000000000000	-0.256620836703559	1.646600713988940	-0.117112645412173
18.000000000000000	-0.347867121868625	1.616512706343418	-0.125939190158049
18.000000000000000	-0.437140342393704	1.580681678385945	-0.134234038784158
18.000000000000000	-0.524081026528165	1.539251909019768	-0.141963790862698
18.000000000000000	-0.608339094822172	1.492390221303747	-0.149097321410216
18.000000000000000	-0.689575269773067	1.440285310714772	-0.155605906216934
18.000000000000000	-0.767462441976125	1.383146985337681	-0.161463337508999
18.000000000000000	-0.841686987278674	1.321205321042153	-0.166646029477940
18.000000000000000	-0.911950029633871	1.254709735048381	-0.171133113252400
18.000000000000000	-0.977968644569057	1.183927981611960	-0.174906520929705
18.000000000000000	-1.039476998422747	1.109145073871998	-0.177951058328940
18.000000000000000	-1.096227418762960	1.030662136203804	-0.180254466172549
18.000000000000000	-1.147991391676694	0.948795191697303	-0.181807469450119
18.000000000000000	-1.194560481914798	0.863873889643596	-0.182603814765575
18.000000000000000	-1.235747172187154	0.776240178153607	-0.182640295517395
18.000000000000000	-1.271385618228618	0.686246927253736	-0.181916764810469
18.000000000000000	-1.301332316595351	0.594256508002799	-0.180436136047586
18.000000000000000	-1.325466682502530	0.500639333351672	-0.178204371198198
18.000000000000000	-1.343691535376720	0.405772366621080	-0.175230456791663
18.000000000000000	-1.355933490167746	0.310037603603340	-0.171526367731674
18.000000000000000	-1.362143252844386	0.213820534400138	-0.167107019077540
18.000000000000000	-1.362295818884039	0.117508591189938	-0.161990205986509
18.000000000000000	-1.356390573957108	0.021489588175350	-0.156196532058951
18.000000000000000	-1.344451296400698	-0.073849840007797	-0.149749326374932
18.000000000000000	-1.326526061471632	-0.168125795131666	-0.142674549556240
18.000000000000000	-1.302687047764370	-0.260958661199084	-0.135000689232125
18.000000000000000	-1.273030246573281	-0.351974633023179	-0.126758645329673
18.000000000000000	-1.237675075369577	-0.440807221408935	-0.117981605650699
18.000000000000000	-1.196763896949309	-0.527098728875832	-0.108704912236189
18.000000000000000	-1.150461446188629	-0.610501689979352	-0.098965919056374
18.000000000000000	-1.098954166714590	-0.690680270431683	-0.088803841599470
18.000000000000000	-1.042449460162459	-0.767311619387877	-0.078259598964754
18.000000000000000	-0.981174851042538	-0.840087169452243	-0.067375649095793
18.000000000000000	-0.915377070579263	-0.908713879170349	-0.056195817817286
18.000000000000000	-0.845321063211641	-0.972915413003529	-0.044765122363940
18.000000000000000	-0.771288919755511	-1.032433254034569	-0.033129590111953


19.000000000000000	nan	nan	nan
19.000000000000000	nan	nan	nan
19.000000000000000	nan	nan	nan
19.000000000000000	nan	nan	nan
19.000000000000000	nan	nan	nan
19.000000000000000	nan	nan	nan
19.000000000000000	nan	nan	nan
19.000000000000000	nan	nan	nan
19.000000000000000	nan	nan	nan
19.000000000000000	nan	nan	nan
19.000000000000000	nan	nan	nan
19.000000000000000	nan	nan	nan
19.000000000000000	nan	nan	nan
19.000000000000000	nan	nan	nan
19.000000000000000	nan	nan	nan
19.000000000000000	nan	nan	nan
19.000000000000000	nan	nan	nan
19.000000000000000	nan	nan	nan
19.000000000000000	nan	nan	nan
19.000000000000000	nan	nan	nan
19.000000000000000	nan	nan	nan
19.000000000000000	nan	nan	nan
19.000000000000000	nan	nan	nan
19.000000000000000	nan	nan	nan
19.000000000000000	nan	nan	nan
19.000000000000000	nan	nan	nan
19.000000000000000	nan	nan	nan
19.000000000000000	nan	nan	nan
19.000000000000000	nan	nan	nan
19.000000000000000	nan	nan	nan
19.000000000000000	nan	nan	nan
19.000000000000000	nan	nan	nan
19.000000000000000	nan	nan	nan
19.000000000000000	nan	nan	nan
19.000000000000000	nan	nan	nan
19.000000000000000	nan	nan	nan
19.000000000000000	nan	nan	nan
19.000000000000000	nan	nan	nan
19.000000000000000	nan	nan	nan
19.000000000000000	nan	nan	nan
19.000000000000000	nan	nan	nan
19.000000000000000	nan	nan	nan
19.000000000000000	nan	nan	nan
19.000000000000000	nan	nan	nan
19.000000000000000	nan	nan	nan
19.000000000000000	nan	nan	nan
19.000000000000000	nan	nan	nan
19.000000000000000	nan	nan	nan
19.000000000000000	nan	nan	nan
19.000000000000000	nan	nan	nan
19.000000000000000	nan	nan	nan
19.000000000000000	nan	nan	nan
19.000000000000000	nan	nan	nan
19.000000000000000	nan	nan	nan
19.000000000000000	nan	nan	nan
19.000000000000000	nan	nan	nan
19.000000000000000	nan	nan	nan
19.000000000000000	nan	nan	nan
19.000000000000000	nan	nan	nan
19.000000000000000	nan	nan	nan
19.000000000000000	nan	nan	nan
19.000000000000000	nan	nan	nan
19.000000000000000	nan	nan	nan
19.000000000000000	nan	nan	nan
19.000000000000000	nan	nan	nan
19.000000000000000	nan	nan	nan
19.000000000000000	nan	nan	nan
19.000000000000000	nan	nan	nan
19.000000000000000	nan	nan	nan
19.000000000000000	nan	nan	nan
19.000000000000000	nan	nan	nan
19.000000000000000	nan	nan	nan
19.000000000000000	nan	nan	nan
19.000000000000000	nan	nan	nan
19.000000000000000	nan	nan	nan
19.000000000000000	nan	nan	nan
19.000000000000000	nan	nan	nan
19.000000000000000	nan	nan	nan
19.000000000000000	nan	nan	nan
19.000000000000000	nan	nan	nan
19.000000000000000	nan	nan	nan
19.000000000000000	nan	nan	nan
19.000000000000000	nan	nan	nan
19.000000000000000	nan	nan	nan
19.000000000000000	nan	nan	nan
19.000000000000000	nan	nan	nan
19.000000000000000	nan	nan	nan
19.000000000000000	nan	nan	nan
19.000000000000000	nan	nan	nan
19.000000000000000	nan	nan	nan
19.000000000000000	nan	nan	nan
19.000000000000000	nan	nan	nan
19.000000000000000	nan	nan	nan
19.000000000000000	nan	nan	nan
19.000000000000000	nan	nan	nan
19.000000000000000	nan	nan	nan
19.000000000000000	nan	nan	nan
19.000000000000000	nan	nan	nan
19.000000000000000	nan	nan	nan
19.000000000000000	nan	nan	nan


20.000000000000000	-0.250526078636755	-1.669057218152469	0.187926974734633
20.000000000000000	-0.127700647171281	-1.684268396908668	0.180675035155331
20.000000000000000	-0.004197794910546	-1.691610246360871	0.172573148338842
20.000000000000000	0.119485175748957	-1.691053203472593	0.163653937723865
20.000000000000000	0.242850237137515	-1.682599511258940	0.153953317823567
20.000000000000000	0.365400641693848	-1.666283209754778	0.143510349610513
20.000000000000000	0.486642922192208	-1.642169998947529	0.132367083231917
20.000000000000000	0.606088878760736	-1.610356974226505	0.120568388688539
20.000000000000000	0.723257544690037	-1.570972235414049	0.108161775159029
20.000000000000000	0.837677123116363	-1.524174370952761	0.095197199697234
20.000000000000000	0.948886886781070	-1.470151819325811	0.081726866072772
20.000000000000000	1.056439033216672	-1.409122110281679	0.067805014564879
20.000000000000000	1.159900487889333	-1.341330988918629	0.053487703555946
20.000000000000000	1.258854648037163	-1.267051426155937	0.038832583804200
20.000000000000000	1.352903060182499	-1.186582519576339	0.023898666304449
20.000000000000000	1.441667024563434	-1.100248289065632	0.008746084671631
20.000000000000000	1.524789120024095	-1.008396372098955	-0.006564146996028
20.000000000000000	1.601934643223486	-0.911396623927369	-0.021970379799254
20.000000000000000	1.672792956367714	-0.809639628301306	-0.037410578276081
20.000000000000000	1.737078738038750	-0.703535124727653	-0.052822570196765
20.000000000000000	1.794533132083069	-0.593510358593380	-0.068144296909409
20.000000000000000	1.844924789934025	-0.480008360799152	-0.083314063228247
20.000000000000000	1.888050802170874	-0.363486163830265	-0.098270785858390
20.000000000000000	1.923737515563396	-0.244412961448128	-0.112954239356686
20.000000000000000	1.951841232312162	-0.123268219412589	-0.127305298638333
20.000000000000000	1.972248788668857	-0.000539744842545	-0.141266177052720
20.000000000000000	1.984878010606751	0.123278278011161	-0.154780659069876
20.000000000000000	1.989678044706506	0.247687277671299	-0.167794326640572
20.000000000000000	1.986629562924945	0.372186303005616	-0.180254778318592
20.000000000000000	1.975744840422259	0.496274040380248	-0.192111840262869
20.000000000000000	1.957067706134272	0.619450832272780	-0.203317768269829
20.000000000000000	1.930673366288783	0.741220689216743	-0.213827440022450
20.000000000000000	1.896668101576632	0.861093286976134	-0.223598536781908
20.000000000000000	1.855188839196868	0.978585940908065	-0.232591713790199
20.000000000000000	1.806402601499250	1.093225549563449	-0.240770758697598
20.000000000000000	1.750505833444183	1.204550499699570	-0.248102737377006
20.000000000000000	1.687723611588213	1.312112525033673	-0.254558126538055
20.000000000000000	1.618308737780158	1.415478511253088	-0.260110932606985
20.000000000000000	1.542540721217296	1.514232240013688	-0.264738796393584
20.000000000000000	1.460724652960476	1.607976064904268	-0.268423083123759
20.000000000000000	1.373189977440098	1.696332512628292	-0.271148957475194
20.000000000000000	1.280289165899664	1.778945802955635	-0.272905443313955
20.000000000000000	1.182396297118483	1.855483281323992	-0.273685467891511
20.000000000000000	1.079905551128461	1.925636758321402	-0.273485890324193
20.000000000000000	0.973229621990229	1.989123750656226	-0.272307514240425
20.000000000000000	0.862798056019821	2.045688618617673	-0.270155084544796
20.000000000000000	0.749055522157268	2.095103595446679	-0.267037268312003
20.000000000000000	0.632460021441715	2.137169704472261	-0.262966619887601
20.000000000000000	0.513481042802889	2.171717560320345	-0.257959530336087
20.000000000000000	0.392597672594880	2.198608050968881	-0.252036161439862
20.000000000000000	0.270296665484482	2.217732897902859	-0.245220364514857
20.000000000000000	0.147070484461951	2.229015092113670	-0.237539584369694
20.000000000000000	0.023415317866351	2.232409204187207	-0.229024748795135
20.000000000000000	-0.100170918589757	2.227901567232083	-0.219710144028780
20.000000000000000	-0.223190586751157	2.215510331911371	-0.209633276696492
20.000000000000000	-0.345148329833187	2.195285393356301	-0.198834722786451
20.000000000000000	-0.465553067048683	2.167308190256167	-0.187357964263970
20.000000000000000	-0.583919971016979	2.131691376933473	-0.175249213984968
20.000000000000000	-0.699772419992656	2.088578369724738	-0.162557229613111
20.000000000000000	-0.812643917053088	2.038142769493524	-0.149333117289908
20.000000000000000	-0.922079968516907	1.980587662601031	-0.135630125848315
20.000000000000000	-1.027639914029637	1.916144803149000	-0.121503432398485
20.000000000000000	-1.128898700947425	1.845073679787737	-0.107009920149009
20.000000000000000	-1.225448595874012	1.767660470846909	-0.092207949358322
20.000000000000000	-1.316900826459211	1.684216891996409	-0.077157122338535
20.000000000000000	-1.402887146847950	1.595078941077380	-0.061918043457960
20.000000000000000	-1.483061320476361	1.500605545157485	-0.046552075108712
20.000000000000000	-1.557100514244216	1.401177115258300	-0.031121090622011
20.000000000000000	-1.624706598449885	1.297194014574383	-0.015687225126115
20.000000000000000	-1.685607347253417	1.189074946352001	-0.000312625350088
20.000000000000000	-1.739557534833921	1.077255267918933	0.014940800619140
20.000000000000000	-1.786339922827391	0.962185237654172	0.030011632618792
20.000000000000000	-1.825766135068932	0.844328201956343	0.044839185727563
20.000000000000000	-1.857677416117081	0.724158729511294	0.059363754622375
20.000000000000000	-1.881945270505948	0.602160700371495	0.073526853990647
20.000000000000000	-1.898471980151094	0.478825357541850	0.087271454029998
20.000000000000000	-1.907190997825778	0.354649328917492	0.100542210087142
20.000000000000000	-1.908067215123147	0.230132627538535	0.113285685511267
20.000000000000000	-1.901097103825401	0.105776638214037	0.125450566824571
20.000000000000000	-1.886308730110677	-0.017917901377660	0.136987870343523
20.000000000000000	-1.863761641540462	-0.140452916982840	0.147851139418873
20.000000000000000	-1.833546627282571	-0.261335003341632	0.157996631500177
20.000000000000000	-1.795785352535222	-0.380077410956846	0.167383494271612
20.000000000000000	-1.750629868624215	-0.496202006062408	0.175973930149832
20.000000000000000	-1.698262000745913	-0.609241195899282	0.183733348481496
20.000000000000000	-1.638892615821348	-0.718739811546473	0.190630504827621
20.000000000000000	-1.572760773409559	-0.824256940725622	0.196637626773910
20.000000000000000	-1.500132763099116	-0.925367703199138	0.201730525760461
20.000000000000000	-1.421301032253935	-1.021664961612955	0.205888694480562
20.000000000000000	-1.336583008430960	-1.112760960894958	0.209095389456377
20.000000000000000	-1.246319821211430	-1.198288889607802	0.211337698459022
20.000000000000000	-1.150874928592448	-1.277904356969110	0.212606592501551
20.000000000000000	-1.050632653469910	-1.351286779591603	0.212896962195505
20.000000000000000	-0.945996636105846	-1.418140672359248	0.212207638324608
20.000000000000000	-0.837388208811555	-1.478196838241534	0.210541396552798
20.000000000000000	-0.725244699391081	-1.531213452254903	0.207904946247599
20.000000000000000	-0.610017670176506	-1.576977035206607	0.204308903463872
20.000000000000000	-0.492171099745819	-1.615303313300071	0.199767748196706
20.000000000000000	-0.372179514644929	-1.646037960140433	0.194299766075589
20.000000000000000	-0.250526078636756	-1.669057218152469	0.187926974734633


21.000000000000000	-1.019253503763502	-0.952936102254740	-0.098877352658311
21.000000000000000	-0.949259847411079	-1.021437717603159	-0.115344090005597
21.000000000000000	-0.874927260033231	-1.085343379312894	-0.131296262588692
21.000000000000000	-0.796555052724104	-1.144395761839346	-0.146669636638824
21.000000000000000	-0.714458802701550	-1.198357082080250	-0.161402309004630
21.000000000000000	-0.628969082589050	-1.247010056844309	-0.175434956414297
21.000000000000000	-0.540430129316433	-1.290158777773913	-0.188711074349442
21.000000000000000	-0.449198457999257	-1.327629500198948	-0.201177204568863
21.000000000000000	-0.355641426378265	-1.359271342745269	-0.212783150366011
21.000000000000000	-0.260135755599423	-1.384956894880732	-0.223482178693405
21.000000000000000	-0.163066013290828	-1.404582729952443	-0.233231208340128
21.000000000000000	-0.064823065044595	-1.418069821649385	-0.241990983404650
21.000000000000000	0.034197499460926	-1.425363862213478	-0.249726231364495
21.000000000000000	0.133596959361160	-1.426435481117758	-0.256405805106236
21.000000000000000	0.232975068113511	-1.421280363331119	-0.262002808343930
21.000000000000000	0.331931665148916	-1.409919266693420	-0.266494703920965
21.000000000000000	0.430068287177229	-1.392397938330992	-0.269863404559239
21.000000000000000	0.526989772658251	-1.368786930449109	-0.272095345690245
21.000000000000000	0.622305852977783	-1.339181316243151	-0.273181540074796
21.000000000000000	0.715632723921596	-1.303700307072411	-0.273117613991472
21.000000000000000	0.806594591119537	-1.262486772438016	-0.271903824848049
21.000000000000000	0.894825183236824	-1.215706664697879	-0.269545060145006
21.000000000000000	0.979969226819437	-1.163548350835123	-0.266050817795293
21.000000000000000	1.061683876854930	-1.106221853970721	-0.261435167879581
21.000000000000000	1.139640097288287	-1.043958007674516	-0.255716695991015
21.000000000000000	1.213523985933983	-0.977007526479906	-0.248918428397591
21.000000000000000	1.283038038449302	-0.905639996344906	-0.241067739323503
21.000000000000000	1.347902346279316	-0.830142789124646	-0.232196240722799
21.000000000000000	1.407855723749845	-0.750819905426333	-0.222339654989204
21.000000000000000	1.462656759769989	-0.667990750506101	-0.211537671114647
21.000000000000000	1.512084789909377	-0.581988848136782	-0.199833784875699
21.000000000000000	1.555940784935954	-0.493160497625379	-0.187275123691429
21.000000000000000	1.594048152236447	-0.401863379387991	-0.173912256857925
21.000000000000000	1.626253446892497	-0.308465114697010	-0.159798991923586
21.000000000000000	1.652426989549179	-0.213341785400011	-0.144992158025113
21.000000000000000	1.672463388588006	-0.116876419570886	-0.129551377056635
21.000000000000000	1.686281964501769	-0.019457449190980	-0.113538823593385
21.000000000000000	1.693827074762445	0.078522853929405	-0.097018974536629
21.000000000000000	1.695068337874014	0.176669957691142	-0.080058349487940
21.000000000000000	1.690000755708020	0.274588658347791	-0.062725242898243
21.000000000000000	1.678644733629275	0.371884671851602	-0.045089449070162
21.000000000000000	1.661045998330653	0.468166221496218	-0.027221981120999
21.000000000000000	1.637275413707838	0.563045615463192	-0.009194785037975
21.000000000000000	1.607428695515425	0.656140807920111	0.008919550022872
21.000000000000000	1.571626025953363	0.747076937384318	0.027048084027592
21.000000000000000	1.530011569735649	0.835487836157802	0.045117819768101
21.000000000000000	1.482752893589908	0.921017504755277	0.063055996796175
21.000000000000000	1.430040291525324	1.003321545388465	0.080790384404087
21.000000000000000	1.372086018585827	1.082068548734435	0.098249572472183
21.000000000000000	1.309123436173944	1.156941428403975	0.115363259012224
21.000000000000000	1.241406072386797	1.227638697736575	0.132062533248682
21.000000000000000	1.169206601147937	1.293875683780790	0.148280153098113
21.000000000000000	1.092815744245686	1.355385673571755	0.163950815929289
21.000000000000000	1.012541100699115	1.411920988090146	0.179011421513853
21.000000000000000	0.928705908165350	1.463253979578186	0.193401326108663
21.000000000000000	0.841647741375616	1.509177948196813	0.207062586646742
21.000000000000000	0.751717152840936	1.549507974332977	0.219940194053561
21.000000000000000	0.659276261300902	1.584081663205660	0.231982294749163
21.000000000000000	0.564697293599305	1.612759798772339	0.243140399444232
21.000000000000000	0.468361085858025	1.635426904302856	0.253369578389344
21.000000000000000	0.370655549984369	1.651991707363454	0.262628642291212
21.000000000000000	0.271974111686744	1.662387507338652	0.270880308167433
21.000000000000000	0.172714126288172	1.666572444011083	0.278091349471896
21.000000000000000	0.073275278716662	1.664529666117813	0.284232729886361
21.000000000000000	-0.025942025884937	1.656267399204434	0.289279720239461
21.000000000000000	-0.124538274449125	1.641818912503690	0.293211998082347
21.000000000000000	-0.222116454681867	1.621242384972021	0.296013729520019
21.000000000000000	-0.318283653690972	1.594620671023441	0.297673632968832
21.000000000000000	-0.412652640107647	1.562060966904051	0.298185024583449
21.000000000000000	-0.504843423330538	1.523694379050598	0.297545845170331
21.000000000000000	-0.594484783613768	1.479675396171117	0.295758668479381
21.000000000000000	-0.681215766837836	1.430181267173439	0.292830690840359
21.000000000000000	-0.764687137944459	1.375411287446394	0.288773702185807
21.000000000000000	-0.844562787182890	1.315585996367618	0.283604038577148
21.000000000000000	-0.920521083505261	1.250946289269323	0.277342516425132
21.000000000000000	-0.992256169661287	1.181752447437811	0.270014348669502
21.000000000000000	-1.059479193777469	1.108283090052604	0.261649043255378
21.000000000000000	-1.121919472461640	1.030834052285339	0.252280284315180
21.000000000000000	-1.179325580749447	0.949717194075948	0.241945796534516
21.000000000000000	-1.231466364503940	0.865259144382753	0.230687193248184
21.000000000000000	-1.278131871191707	0.777799985962926	0.218549808877965
21.000000000000000	-1.319134195287616	0.687691885979256	0.205582516386904
21.000000000000000	-1.354308234904046	0.595297677947288	0.191837530485138
21.000000000000000	-1.383512356597921	0.500989400732806	0.177370197379685
21.000000000000000	-1.406628965678592	0.405146800482633	0.162238771914806
21.000000000000000	-1.423564979720155	0.308155801520927	0.146504183000305
21.000000000000000	-1.434252203371525	0.210406952368141	0.130229788272317
21.000000000000000	-1.438647602955046	0.112293853139965	0.113481118974466
21.000000000000000	-1.436733479747925	0.014211570658582	0.096325616086673
21.000000000000000	-1.428517541248739	-0.083444952341985	0.078832358764142
21.000000000000000	-1.414032870142060	-0.180282487510873	0.061071786179974
21.000000000000000	-1.393337791086160	-0.275911104272161	0.043115413891481
21.000000000000000	-1.366515635860199	-0.369945739937678	0.025035545872281
21.000000000000000	-1.333674407816557	-0.462007750218537	0.006904983369708
21.000000000000000	-1.294946346989461	-0.551726433892048	-0.011203268240107
21.000000000000000	-1.250487397611033	-0.638740525484709	-0.029216293419127
21.000000000000000	-1.200476580178911	-0.722699649960761	-0.047061560072540
21.000000000000000	-1.145115270603888	-0.803265733558783	-0.064667211609910
21.000000000000000	-1.084626389340194	-0.880114365095427	-0.081962356286299
21.000000000000000	-1.019253503763503	-0.952936102254739	-0.098877352658311


