# n	x	y	z
1.000000000000000	-0.459765213080474	-0.042793601419582	0.024829118706504
1.000000000000000	-0.455806458373952	-0.074530965877050	0.024463448460986
1.000000000000000	-0.449838136549023	-0.105952006843219	0.023989865311049
1.000000000000000	-0.441884279931191	-0.136930202875981	0.023410276208888
1.000000000000000	-0.431976915893794	-0.167340815713471	0.022727014955256
1.000000000000000	-0.420155937895068	-0.197061392551030	0.021942832802068
1.000000000000000	-0.406468944841273	-0.225972259115425	0.021060887374084
1.000000000000000	-0.390971049422697	-0.253957001550912	0.020084729954264
1.000000000000000	-0.373724656194306	-0.280902935176744	0.019018291184009
1.000000000000000	-0.354799210294624	-0.306701558228608	0.017865865235855
1.000000000000000	-0.334270917814669	-0.331248988756938	0.016632092522353
1.000000000000000	-0.312222438942927	-0.354446382922859	0.015321941010768
1.000000000000000	-0.288742555121940	-0.376200333007441	0.013940686218827
1.000000000000000	-0.263925811556777	-0.396423243531614	0.012493889972072
1.000000000000000	-0.237872136514859	-0.415033683972247	0.010987378008351
1.000000000000000	-0.210686438950099	-0.431956716654126	0.009427216519628
1.000000000000000	-0.182478186071566	-0.447124198497518	0.007819687725568
1.000000000000000	-0.153360962557676	-0.460475055406310	0.006171264577259
1.000000000000000	-0.123452013190777	-0.471955528191830	0.004488584692918
1.000000000000000	-0.092871770753792	-0.481519389042134	0.002778423630547
1.000000000000000	-0.061743371089908	-0.489128127665082	0.001047667605154
1.000000000000000	-0.030192157277997	-0.494751106355695	-0.000696714239606
1.000000000000000	0.001654825079725	-0.498365683363384	-0.002447697893713
1.000000000000000	0.033669339425496	-0.499957304062279	-0.004198232763991
1.000000000000000	0.065722474609370	-0.499519559557579	-0.005941270064357
1.000000000000000	0.097685163968916	-0.497054212491906	-0.007669791198798
1.000000000000000	0.129428705035115	-0.492571189947764	-0.009376836022775
1.000000000000000	0.160825277771778	-0.486088543474682	-0.011055530869273
1.000000000000000	0.191748459261720	-0.477632376402000	-0.012699116226630
1.000000000000000	0.222073732767224	-0.467236738729966	-0.014300973956706
1.000000000000000	0.251678989115001	-0.454943490022411	-0.015854653943787
1.000000000000000	0.280445018386729	-0.440802130853055	-0.017353900066926
1.000000000000000	0.308255989935320	-0.424869603484167	-0.018792675391136
1.000000000000000	0.334999918794059	-0.407210062580177	-0.020165186475992
1.000000000000000	0.360569116600534	-0.387894616879479	-0.021465906703776
1.000000000000000	0.384860625219667	-0.367001042864644	-0.022689598533210
1.000000000000000	0.407776631319786	-0.344613471583973	-0.023831334589193
1.000000000000000	0.429224860232387	-0.320822049885459	-0.024886517503595
1.000000000000000	0.449118947509658	-0.295722577427249	-0.025850898427241
1.000000000000000	0.467378786683627	-0.269416120926229	-0.026720594138522
1.000000000000000	0.483930851826637	-0.242008607198030	-0.027492102679764
1.000000000000000	0.498708493614306	-0.213610396627122	-0.028162317458370
1.000000000000000	0.511652207698832	-0.184335838784504	-0.028728539755975
1.000000000000000	0.522709874311998	-0.154302811982335	-0.029188489595230
1.000000000000000	0.531836968133089	-0.123632248619578	-0.029540314920470
1.000000000000000	0.538996737576637	-0.092447648229911	-0.029782599055284
1.000000000000000	0.544160352778091	-0.060874580192692	-0.029914366406975
1.000000000000000	0.547307021681498	-0.029040178109389	-0.029935086394923
1.000000000000000	0.548424073761783	0.002927372118561	-0.029844675587049
1.000000000000000	0.547507011044474	0.034899348449139	-0.029643498035768
1.000000000000000	0.544559526217463	0.066747011017972	-0.029332363812074
1.000000000000000	0.539593487761852	0.098342120528327	-0.028912525743673
1.000000000000000	0.532628892161768	0.129557454625505	-0.028385674370287
1.000000000000000	0.523693783385584	0.160267320176354	-0.027753931136447
1.000000000000000	0.512824139962749	0.190348059391156	-0.027019839849187
1.000000000000000	0.500063730110955	0.219678547749902	-0.026186356435028
1.000000000000000	0.485463935496967	0.248140681727985	-0.025256837037505
1.000000000000000	0.469083544340790	0.275619854357408	-0.024235024503165
1.000000000000000	0.450988514696252	0.302005416708596	-0.023125033310440
1.000000000000000	0.431251708861204	0.327191123434579	-0.021931333002099
1.000000000000000	0.409952599986761	0.351075560583511	-0.020658730187976
1.000000000000000	0.387176952066974	0.373562553956855	-0.019312349190444
1.000000000000000	0.363016474597491	0.394561556368942	-0.017897611410585
1.000000000000000	0.337568453293792	0.413988012248526	-0.016420213498115
1.000000000000000	0.310935358355947	0.431763698114225	-0.014886104412989
1.000000000000000	0.283224431857286	0.447817037552876	-0.013301461471039
1.000000000000000	0.254547255918419	0.462083389432486	-0.011672665470102
1.000000000000000	0.225019303405423	0.474505308189256	-0.010006274996800
1.000000000000000	0.194759472961361	0.485032775140590	-0.008309000017428
1.000000000000000	0.163889610243410	0.493623399892681	-0.006587674859284
1.000000000000000	0.132534017293412	0.500242591031658	-0.004849230691250
1.000000000000000	0.100818952017415	0.504863695411007	-0.003100667614417
1.000000000000000	0.068872119789651	0.507468105474382	-0.001349026475151
1.000000000000000	0.036822159228065	0.508045334181669	0.000398639485911
1.000000000000000	0.004798124212005	0.506593057236593	0.002135293034771
1.000000000000000	-0.027071035772203	0.503117122445839	0.003853941280530
1.000000000000000	-0.058656994865324	0.497631526172000	0.005547663833288
1.000000000000000	-0.089832567558157	0.490158356975165	0.007209640670113
1.000000000000000	-0.120472220822693	0.480727706670079	0.008833179596868
1.000000000000000	-0.150452579589309	0.469377549157033	0.010411743195314
1.000000000000000	-0.179652923534634	0.456153587514364	0.011938975146983
1.000000000000000	-0.207955673179680	0.441109069968291	0.013408725827832
1.000000000000000	-0.235246863340904	0.424304575481106	0.014815077070611
1.000000000000000	-0.261416602027782	0.405807769821066	0.016152365995226
1.000000000000000	-0.286359512939070	0.385693133096231	0.017415207811166
1.000000000000000	-0.309975159775972	0.364041659849356	0.018598517500150
1.000000000000000	-0.332168450663672	0.340940532921455	0.019697530291704
1.000000000000000	-0.352850021052747	0.316482772397267	0.020707820849204
1.000000000000000	-0.371936593558674	0.290766861046209	0.021625321089152
1.000000000000000	-0.389351313290458	0.263896347767021	0.022446336561907
1.000000000000000	-0.405024057318155	0.235979430632898	0.023167561327932
1.000000000000000	-0.418891717033163	0.207128521216038	0.023786091269648
1.000000000000000	-0.430898452264314	0.177459791945912	0.024299435785284
1.000000000000000	-0.440995916126535	0.147092708323899	0.024705527817659
1.000000000000000	-0.449143449696689	0.116149547877872	0.025002732177485
1.000000000000000	-0.455308245732710	0.084754907793751	0.025189852127701
1.000000000000000	-0.459465480776788	0.053035203206613	0.025266134202312
1.000000000000000	-0.461598415110671	0.021118158171557	0.025231271240325
1.000000000000000	-0.461698460160601	-0.010867708635982	0.025085403622585
1.000000000000000	-0.459765213080474	-0.042793601419582	0.024829118706504


2.000000000000000	nan	nan	nan
2.000000000000000	nan	nan	nan
2.000000000000000	nan	nan	nan
2.000000000000000	nan	nan	nan
2.000000000000000	nan	nan	nan
2.000000000000000	nan	nan	nan
2.000000000000000	nan	nan	nan
2.000000000000000	nan	nan	nan
2.000000000000000	nan	nan	nan
2.000000000000000	nan	nan	nan
2.000000000000000	nan	nan	nan
2.000000000000000	nan	nan	nan
2.000000000000000	nan	nan	nan
2.000000000000000	nan	nan	nan
2.000000000000000	nan	nan	nan
2.000000000000000	nan	nan	nan
2.000000000000000	nan	nan	nan
2.000000000000000	nan	nan	nan
2.000000000000000	nan	nan	nan
2.000000000000000	nan	nan	nan
2.000000000000000	nan	nan	nan
2.000000000000000	nan	nan	nan
2.000000000000000	nan	nan	nan
2.000000000000000	nan	nan	nan
2.000000000000000	nan	nan	nan
2.000000000000000	nan	nan	nan
2.000000000000000	nan	nan	nan
2.000000000000000	nan	nan	nan
2.000000000000000	nan	nan	nan
2.000000000000000	nan	nan	nan
2.000000000000000	nan	nan	nan
2.000000000000000	nan	nan	nan
2.000000000000000	nan	nan	nan
2.000000000000000	nan	nan	nan
2.000000000000000	nan	nan	nan
2.000000000000000	nan	nan	nan
2.000000000000000	nan	nan	nan
2.000000000000000	nan	nan	nan
2.000000000000000	nan	nan	nan
2.000000000000000	nan	nan	nan
2.000000000000000	nan	nan	nan
2.000000000000000	nan	nan	nan
2.000000000000000	nan	nan	nan
2.000000000000000	nan	nan	nan
2.000000000000000	nan	nan	nan
2.000000000000000	nan	nan	nan
2.000000000000000	nan	nan	nan
2.000000000000000	nan	nan	nan
2.000000000000000	nan	nan	nan
2.000000000000000	nan	nan	nan
2.000000000000000	nan	nan	nan
2.000000000000000	nan	nan	nan
2.000000000000000	nan	nan	nan
2.000000000000000	nan	nan	nan
2.000000000000000	nan	nan	nan
2.000000000000000	nan	nan	nan
2.000000000000000	nan	nan	nan
2.000000000000000	nan	nan	nan
2.000000000000000	nan	nan	nan
2.000000000000000	nan	nan	nan
2.000000000000000	nan	nan	nan
2.000000000000000	nan	nan	nan
2.000000000000000	nan	nan	nan
2.000000000000000	nan	nan	nan
2.000000000000000	nan	nan	nan
2.000000000000000	nan	nan	nan
2.000000000000000	nan	nan	nan
2.000000000000000	nan	nan	nan
2.000000000000000	nan	nan	nan
2.000000000000000	nan	nan	nan
2.000000000000000	nan	nan	nan
2.000000000000000	nan	nan	nan
2.000000000000000	nan	nan	nan
2.000000000000000	nan	nan	nan
2.000000000000000	nan	nan	nan
2.000000000000000	nan	nan	nan
2.000000000000000	nan	nan	nan
2.000000000000000	nan	nan	nan
2.000000000000000	nan	nan	nan
2.000000000000000	nan	nan	nan
2.000000000000000	nan	nan	nan
2.000000000000000	nan	nan	nan
2.000000000000000	nan	nan	nan
2.000000000000000	nan	nan	nan
2.000000000000000	nan	nan	nan
2.000000000000000	nan	nan	nan
2.000000000000000	nan	nan	nan
2.000000000000000	nan	nan	nan
2.000000000000000	nan	nan	nan
2.000000000000000	nan	nan	nan
2.000000000000000	nan	nan	nan
2.000000000000000	nan	nan	nan
2.000000000000000	nan	nan	nan
2.000000000000000	nan	nan	nan
2.000000000000000	nan	nan	nan
2.000000000000000	nan	nan	nan
2.000000000000000	nan	nan	nan
2.000000000000000	nan	nan	nan
2.000000000000000	nan	nan	nan
2.000000000000000	nan	nan	nan


3.000000000000000	nan	nan	nan
3.000000000000000	nan	nan	nan
3.000000000000000	nan	nan	nan
3.000000000000000	nan	nan	nan
3.000000000000000	nan	nan	nan
3.000000000000000	nan	nan	nan
3.000000000000000	nan	nan	nan
3.000000000000000	nan	nan	nan
3.000000000000000	nan	nan	nan
3.000000000000000	nan	nan	nan
3.000000000000000	nan	nan	nan
3.000000000000000	nan	nan	nan
3.000000000000000	nan	nan	nan
3.000000000000000	nan	nan	nan
3.000000000000000	nan	nan	nan
3.000000000000000	nan	nan	nan
3.000000000000000	nan	nan	nan
3.000000000000000	nan	nan	nan
3.000000000000000	nan	nan	nan
3.000000000000000	nan	nan	nan
3.000000000000000	nan	nan	nan
3.000000000000000	nan	nan	nan
3.000000000000000	nan	nan	nan
3.000000000000000	nan	nan	nan
3.000000000000000	nan	nan	nan
3.000000000000000	nan	nan	nan
3.000000000000000	nan	nan	nan
3.000000000000000	nan	nan	nan
3.000000000000000	nan	nan	nan
3.000000000000000	nan	nan	nan
3.000000000000000	nan	nan	nan
3.000000000000000	nan	nan	nan
3.000000000000000	nan	nan	nan
3.000000000000000	nan	nan	nan
3.000000000000000	nan	nan	nan
3.000000000000000	nan	nan	nan
3.000000000000000	nan	nan	nan
3.000000000000000	nan	nan	nan
3.000000000000000	nan	nan	nan
3.000000000000000	nan	nan	nan
3.000000000000000	nan	nan	nan
3.000000000000000	nan	nan	nan
3.000000000000000	nan	nan	nan
3.000000000000000	nan	nan	nan
3.000000000000000	nan	nan	nan
3.000000000000000	nan	nan	nan
3.000000000000000	nan	nan	nan
3.000000000000000	nan	nan	nan
3.000000000000000	nan	nan	nan
3.000000000000000	nan	nan	nan
3.000000000000000	nan	nan	nan
3.000000000000000	nan	nan	nan
3.000000000000000	nan	nan	nan
3.000000000000000	nan	nan	nan
3.000000000000000	nan	nan	nan
3.000000000000000	nan	nan	nan
3.000000000000000	nan	nan	nan
3.000000000000000	nan	nan	nan
3.000000000000000	nan	nan	nan
3.000000000000000	nan	nan	nan
3.000000000000000	nan	nan	nan
3.000000000000000	nan	nan	nan
3.000000000000000	nan	nan	nan
3.000000000000000	nan	nan	nan
3.000000000000000	nan	nan	nan
3.000000000000000	nan	nan	nan
3.000000000000000	nan	nan	nan
3.000000000000000	nan	nan	nan
3.000000000000000	nan	nan	nan
3.000000000000000	nan	nan	nan
3.000000000000000	nan	nan	nan
3.000000000000000	nan	nan	nan
3.000000000000000	nan	nan	nan
3.000000000000000	nan	nan	nan
3.000000000000000	nan	nan	nan
3.000000000000000	nan	nan	nan
3.000000000000000	nan	nan	nan
3.000000000000000	nan	nan	nan
3.000000000000000	nan	nan	nan
3.000000000000000	nan	nan	nan
3.000000000000000	nan	nan	nan
3.000000000000000	nan	nan	nan
3.000000000000000	nan	nan	nan
3.000000000000000	nan	nan	nan
3.000000000000000	nan	nan	nan
3.000000000000000	nan	nan	nan
3.000000000000000	nan	nan	nan
3.000000000000000	nan	nan	nan
3.000000000000000	nan	nan	nan
3.000000000000000	nan	nan	nan
3.000000000000000	nan	nan	nan
3.000000000000000	nan	nan	nan
3.000000000000000	nan	nan	nan
3.000000000000000	nan	nan	nan
3.000000000000000	nan	nan	nan
3.000000000000000	nan	nan	nan
3.000000000000000	nan	nan	nan
3.000000000000000	nan	nan	nan
3.000000000000000	nan	nan	nan
3.000000000000000	nan	nan	nan


4.000000000000000	nan	nan	nan
4.000000000000000	nan	nan	nan
4.000000000000000	nan	nan	nan
4.000000000000000	nan	nan	nan
4.000000000000000	nan	nan	nan
4.000000000000000	nan	nan	nan
4.000000000000000	nan	nan	nan
4.000000000000000	nan	nan	nan
4.000000000000000	nan	nan	nan
4.000000000000000	nan	nan	nan
4.000000000000000	nan	nan	nan
4.000000000000000	nan	nan	nan
4.000000000000000	nan	nan	nan
4.000000000000000	nan	nan	nan
4.000000000000000	nan	nan	nan
4.000000000000000	nan	nan	nan
4.000000000000000	nan	nan	nan
4.000000000000000	nan	nan	nan
4.000000000000000	nan	nan	nan
4.000000000000000	nan	nan	nan
4.000000000000000	nan	nan	nan
4.000000000000000	nan	nan	nan
4.000000000000000	nan	nan	nan
4.000000000000000	nan	nan	nan
4.000000000000000	nan	nan	nan
4.000000000000000	nan	nan	nan
4.000000000000000	nan	nan	nan
4.000000000000000	nan	nan	nan
4.000000000000000	nan	nan	nan
4.000000000000000	nan	nan	nan
4.000000000000000	nan	nan	nan
4.000000000000000	nan	nan	nan
4.000000000000000	nan	nan	nan
4.000000000000000	nan	nan	nan
4.000000000000000	nan	nan	nan
4.000000000000000	nan	nan	nan
4.000000000000000	nan	nan	nan
4.000000000000000	nan	nan	nan
4.000000000000000	nan	nan	nan
4.000000000000000	nan	nan	nan
4.000000000000000	nan	nan	nan
4.000000000000000	nan	nan	nan
4.000000000000000	nan	nan	nan
4.000000000000000	nan	nan	nan
4.000000000000000	nan	nan	nan
4.000000000000000	nan	nan	nan
4.000000000000000	nan	nan	nan
4.000000000000000	nan	nan	nan
4.000000000000000	nan	nan	nan
4.000000000000000	nan	nan	nan
4.000000000000000	nan	nan	nan
4.000000000000000	nan	nan	nan
4.000000000000000	nan	nan	nan
4.000000000000000	nan	nan	nan
4.000000000000000	nan	nan	nan
4.000000000000000	nan	nan	nan
4.000000000000000	nan	nan	nan
4.000000000000000	nan	nan	nan
4.000000000000000	nan	nan	nan
4.000000000000000	nan	nan	nan
4.000000000000000	nan	nan	nan
4.000000000000000	nan	nan	nan
4.000000000000000	nan	nan	nan
4.000000000000000	nan	nan	nan
4.000000000000000	nan	nan	nan
4.000000000000000	nan	nan	nan
4.000000000000000	nan	nan	nan
4.000000000000000	nan	nan	nan
4.000000000000000	nan	nan	nan
4.000000000000000	nan	nan	nan
4.000000000000000	nan	nan	nan
4.000000000000000	nan	nan	nan
4.000000000000000	nan	nan	nan
4.000000000000000	nan	nan	nan
4.000000000000000	nan	nan	nan
4.000000000000000	nan	nan	nan
4.000000000000000	nan	nan	nan
4.000000000000000	nan	nan	nan
4.000000000000000	nan	nan	nan
4.000000000000000	nan	nan	nan
4.000000000000000	nan	nan	nan
4.000000000000000	nan	nan	nan
4.000000000000000	nan	nan	nan
4.000000000000000	nan	nan	nan
4.000000000000000	nan	nan	nan
4.000000000000000	nan	nan	nan
4.000000000000000	nan	nan	nan
4.000000000000000	nan	nan	nan
4.000000000000000	nan	nan	nan
4.000000000000000	nan	nan	nan
4.000000000000000	nan	nan	nan
4.000000000000000	nan	nan	nan
4.000000000000000	nan	nan	nan
4.000000000000000	nan	nan	nan
4.000000000000000	nan	nan	nan
4.000000000000000	nan	nan	nan
4.000000000000000	nan	nan	nan
4.000000000000000	nan	nan	nan
4.000000000000000	nan	nan	nan
4.000000000000000	nan	nan	nan


5.000000000000000	nan	nan	nan
5.000000000000000	nan	nan	nan
5.000000000000000	nan	nan	nan
5.000000000000000	nan	nan	nan
5.000000000000000	nan	nan	nan
5.000000000000000	nan	nan	nan
5.000000000000000	nan	nan	nan
5.000000000000000	nan	nan	nan
5.000000000000000	nan	nan	nan
5.000000000000000	nan	nan	nan
5.000000000000000	nan	nan	nan
5.000000000000000	nan	nan	nan
5.000000000000000	nan	nan	nan
5.000000000000000	nan	nan	nan
5.000000000000000	nan	nan	nan
5.000000000000000	nan	nan	nan
5.000000000000000	nan	nan	nan
5.000000000000000	nan	nan	nan
5.000000000000000	nan	nan	nan
5.000000000000000	nan	nan	nan
5.000000000000000	nan	nan	nan
5.000000000000000	nan	nan	nan
5.000000000000000	nan	nan	nan
5.000000000000000	nan	nan	nan
5.000000000000000	nan	nan	nan
5.000000000000000	nan	nan	nan
5.000000000000000	nan	nan	nan
5.000000000000000	nan	nan	nan
5.000000000000000	nan	nan	nan
5.000000000000000	nan	nan	nan
5.000000000000000	nan	nan	nan
5.000000000000000	nan	nan	nan
5.000000000000000	nan	nan	nan
5.000000000000000	nan	nan	nan
5.000000000000000	nan	nan	nan
5.000000000000000	nan	nan	nan
5.000000000000000	nan	nan	nan
5.000000000000000	nan	nan	nan
5.000000000000000	nan	nan	nan
5.000000000000000	nan	nan	nan
5.000000000000000	nan	nan	nan
5.000000000000000	nan	nan	nan
5.000000000000000	nan	nan	nan
5.000000000000000	nan	nan	nan
5.000000000000000	nan	nan	nan
5.000000000000000	nan	nan	nan
5.000000000000000	nan	nan	nan
5.000000000000000	nan	nan	nan
5.000000000000000	nan	nan	nan
5.000000000000000	nan	nan	nan
5.000000000000000	nan	nan	nan
5.000000000000000	nan	nan	nan
5.000000000000000	nan	nan	nan
5.000000000000000	nan	nan	nan
5.000000000000000	nan	nan	nan
5.000000000000000	nan	nan	nan
5.000000000000000	nan	nan	nan
5.000000000000000	nan	nan	nan
5.000000000000000	nan	nan	nan
5.000000000000000	nan	nan	nan
5.000000000000000	nan	nan	nan
5.000000000000000	nan	nan	nan
5.000000000000000	nan	nan	nan
5.000000000000000	nan	nan	nan
5.000000000000000	nan	nan	nan
5.000000000000000	nan	nan	nan
5.000000000000000	nan	nan	nan
5.000000000000000	nan	nan	nan
5.000000000000000	nan	nan	nan
5.000000000000000	nan	nan	nan
5.000000000000000	nan	nan	nan
5.000000000000000	nan	nan	nan
5.000000000000000	nan	nan	nan
5.000000000000000	nan	nan	nan
5.000000000000000	nan	nan	nan
5.000000000000000	nan	nan	nan
5.000000000000000	nan	nan	nan
5.000000000000000	nan	nan	nan
5.000000000000000	nan	nan	nan
5.000000000000000	nan	nan	nan
5.000000000000000	nan	nan	nan
5.000000000000000	nan	nan	nan
5.000000000000000	nan	nan	nan
5.000000000000000	nan	nan	nan
5.000000000000000	nan	nan	nan
5.000000000000000	nan	nan	nan
5.000000000000000	nan	nan	nan
5.000000000000000	nan	nan	nan
5.000000000000000	nan	nan	nan
5.000000000000000	nan	nan	nan
5.000000000000000	nan	nan	nan
5.000000000000000	nan	nan	nan
5.000000000000000	nan	nan	nan
5.000000000000000	nan	nan	nan
5.000000000000000	nan	nan	nan
5.000000000000000	nan	nan	nan
5.000000000000000	nan	nan	nan
5.000000000000000	nan	nan	nan
5.000000000000000	nan	nan	nan
5.000000000000000	nan	nan	nan


6.000000000000000	nan	nan	nan
6.000000000000000	nan	nan	nan
6.000000000000000	nan	nan	nan
6.000000000000000	nan	nan	nan
6.000000000000000	nan	nan	nan
6.000000000000000	nan	nan	nan
6.000000000000000	nan	nan	nan
6.000000000000000	nan	nan	nan
6.000000000000000	nan	nan	nan
6.000000000000000	nan	nan	nan
6.000000000000000	nan	nan	nan
6.000000000000000	nan	nan	nan
6.000000000000000	nan	nan	nan
6.000000000000000	nan	nan	nan
6.000000000000000	nan	nan	nan
6.000000000000000	nan	nan	nan
6.000000000000000	nan	nan	nan
6.000000000000000	nan	nan	nan
6.000000000000000	nan	nan	nan
6.000000000000000	nan	nan	nan
6.000000000000000	nan	nan	nan
6.000000000000000	nan	nan	nan
6.000000000000000	nan	nan	nan
6.000000000000000	nan	nan	nan
6.000000000000000	nan	nan	nan
6.000000000000000	nan	nan	nan
6.000000000000000	nan	nan	nan
6.000000000000000	nan	nan	nan
6.000000000000000	nan	nan	nan
6.000000000000000	nan	nan	nan
6.000000000000000	nan	nan	nan
6.000000000000000	nan	nan	nan
6.000000000000000	nan	nan	nan
6.000000000000000	nan	nan	nan
6.000000000000000	nan	nan	nan
6.000000000000000	nan	nan	nan
6.000000000000000	nan	nan	nan
6.000000000000000	nan	nan	nan
6.000000000000000	nan	nan	nan
6.000000000000000	nan	nan	nan
6.000000000000000	nan	nan	nan
6.000000000000000	nan	nan	nan
6.000000000000000	nan	nan	nan
6.000000000000000	nan	nan	nan
6.000000000000000	nan	nan	nan
6.000000000000000	nan	nan	nan
6.000000000000000	nan	nan	nan
6.000000000000000	nan	nan	nan
6.000000000000000	nan	nan	nan
6.000000000000000	nan	nan	nan
6.000000000000000	nan	nan	nan
6.000000000000000	nan	nan	nan
6.000000000000000	nan	nan	nan
6.000000000000000	nan	nan	nan
6.000000000000000	nan	nan	nan
6.000000000000000	nan	nan	nan
6.000000000000000	nan	nan	nan
6.000000000000000	nan	nan	nan
6.000000000000000	nan	nan	nan
6.000000000000000	nan	nan	nan
6.000000000000000	nan	nan	nan
6.000000000000000	nan	nan	nan
6.000000000000000	nan	nan	nan
6.000000000000000	nan	nan	nan
6.000000000000000	nan	nan	nan
6.000000000000000	nan	nan	nan
6.000000000000000	nan	nan	nan
6.000000000000000	nan	nan	nan
6.000000000000000	nan	nan	nan
6.000000000000000	nan	nan	nan
6.000000000000000	nan	nan	nan
6.000000000000000	nan	nan	nan
6.000000000000000	nan	nan	nan
6.000000000000000	nan	nan	nan
6.000000000000000	nan	nan	nan
6.000000000000000	nan	nan	nan
6.000000000000000	nan	nan	nan
6.000000000000000	nan	nan	nan
6.000000000000000	nan	nan	nan
6.000000000000000	nan	nan	nan
6.000000000000000	nan	nan	nan
6.000000000000000	nan	nan	nan
6.000000000000000	nan	nan	nan
6.000000000000000	nan	nan	nan
6.000000000000000	nan	nan	nan
6.000000000000000	nan	nan	nan
6.000000000000000	nan	nan	nan
6.000000000000000	nan	nan	nan
6.000000000000000	nan	nan	nan
6.000000000000000	nan	nan	nan
6.000000000000000	nan	nan	nan
6.000000000000000	nan	nan	nan
6.000000000000000	nan	nan	nan
6.000000000000000	nan	nan	nan
6.000000000000000	nan	nan	nan
6.000000000000000	nan	nan	nan
6.000000000000000	nan	nan	nan
6.000000000000000	nan	nan	nan
6.000000000000000	nan	nan	nan
6.000000000000000	nan	nan	nan


7.000000000000000	nan	nan	nan
7.000000000000000	nan	nan	nan
7.000000000000000	nan	nan	nan
7.000000000000000	nan	nan	nan
7.000000000000000	nan	nan	nan
7.000000000000000	nan	nan	nan
7.000000000000000	nan	nan	nan
7.000000000000000	nan	nan	nan
7.000000000000000	nan	nan	nan
7.000000000000000	nan	nan	nan
7.000000000000000	nan	nan	nan
7.000000000000000	nan	nan	nan
7.000000000000000	nan	nan	nan
7.000000000000000	nan	nan	nan
7.000000000000000	nan	nan	nan
7.000000000000000	nan	nan	nan
7.000000000000000	nan	nan	nan
7.000000000000000	nan	nan	nan
7.000000000000000	nan	nan	nan
7.000000000000000	nan	nan	nan
7.000000000000000	nan	nan	nan
7.000000000000000	nan	nan	nan
7.000000000000000	nan	nan	nan
7.000000000000000	nan	nan	nan
7.000000000000000	nan	nan	nan
7.000000000000000	nan	nan	nan
7.000000000000000	nan	nan	nan
7.000000000000000	nan	nan	nan
7.000000000000000	nan	nan	nan
7.000000000000000	nan	nan	nan
7.000000000000000	nan	nan	nan
7.000000000000000	nan	nan	nan
7.000000000000000	nan	nan	nan
7.000000000000000	nan	nan	nan
7.000000000000000	nan	nan	nan
7.000000000000000	nan	nan	nan
7.000000000000000	nan	nan	nan
7.000000000000000	nan	nan	nan
7.000000000000000	nan	nan	nan
7.000000000000000	nan	nan	nan
7.000000000000000	nan	nan	nan
7.000000000000000	nan	nan	nan
7.000000000000000	nan	nan	nan
7.000000000000000	nan	nan	nan
7.000000000000000	nan	nan	nan
7.000000000000000	nan	nan	nan
7.000000000000000	nan	nan	nan
7.000000000000000	nan	nan	nan
7.000000000000000	nan	nan	nan
7.000000000000000	nan	nan	nan
7.000000000000000	nan	nan	nan
7.000000000000000	nan	nan	nan
7.000000000000000	nan	nan	nan
7.000000000000000	nan	nan	nan
7.000000000000000	nan	nan	nan
7.000000000000000	nan	nan	nan
7.000000000000000	nan	nan	nan
7.000000000000000	nan	nan	nan
7.000000000000000	nan	nan	nan
7.000000000000000	nan	nan	nan
7.000000000000000	nan	nan	nan
7.000000000000000	nan	nan	nan
7.000000000000000	nan	nan	nan
7.000000000000000	nan	nan	nan
7.000000000000000	nan	nan	nan
7.000000000000000	nan	nan	nan
7.000000000000000	nan	nan	nan
7.000000000000000	nan	nan	nan
7.000000000000000	nan	nan	nan
7.000000000000000	nan	nan	nan
7.000000000000000	nan	nan	nan
7.000000000000000	nan	nan	nan
7.000000000000000	nan	nan	nan
7.000000000000000	nan	nan	nan
7.000000000000000	nan	nan	nan
7.000000000000000	nan	nan	nan
7.000000000000000	nan	nan	nan
7.000000000000000	nan	nan	nan
7.000000000000000	nan	nan	nan
7.000000000000000	nan	nan	nan
7.000000000000000	nan	nan	nan
7.000000000000000	nan	nan	nan
7.000000000000000	nan	nan	nan
7.000000000000000	nan	nan	nan
7.000000000000000	nan	nan	nan
7.000000000000000	nan	nan	nan
7.000000000000000	nan	nan	nan
7.000000000000000	nan	nan	nan
7.000000000000000	nan	nan	nan
7.000000000000000	nan	nan	nan
7.000000000000000	nan	nan	nan
7.000000000000000	nan	nan	nan
7.000000000000000	nan	nan	nan
7.000000000000000	nan	nan	nan
7.000000000000000	nan	nan	nan
7.000000000000000	nan	nan	nan
7.000000000000000	nan	nan	nan
7.000000000000000	nan	nan	nan
7.000000000000000	nan	nan	nan
7.000000000000000	nan	nan	nan


8.000000000000000	nan	nan	nan
8.000000000000000	nan	nan	nan
8.000000000000000	nan	nan	nan
8.000000000000000	nan	nan	nan
8.000000000000000	nan	nan	nan
8.000000000000000	nan	nan	nan
8.000000000000000	nan	nan	nan
8.000000000000000	nan	nan	nan
8.000000000000000	nan	nan	nan
8.000000000000000	nan	nan	nan
8.000000000000000	nan	nan	nan
8.000000000000000	nan	nan	nan
8.000000000000000	nan	nan	nan
8.000000000000000	nan	nan	nan
8.000000000000000	nan	nan	nan
8.000000000000000	nan	nan	nan
8.000000000000000	nan	nan	nan
8.000000000000000	nan	nan	nan
8.000000000000000	nan	nan	nan
8.000000000000000	nan	nan	nan
8.000000000000000	nan	nan	nan
8.000000000000000	nan	nan	nan
8.000000000000000	nan	nan	nan
8.000000000000000	nan	nan	nan
8.000000000000000	nan	nan	nan
8.000000000000000	nan	nan	nan
8.000000000000000	nan	nan	nan
8.000000000000000	nan	nan	nan
8.000000000000000	nan	nan	nan
8.000000000000000	nan	nan	nan
8.000000000000000	nan	nan	nan
8.000000000000000	nan	nan	nan
8.000000000000000	nan	nan	nan
8.000000000000000	nan	nan	nan
8.000000000000000	nan	nan	nan
8.000000000000000	nan	nan	nan
8.000000000000000	nan	nan	nan
8.000000000000000	nan	nan	nan
8.000000000000000	nan	nan	nan
8.000000000000000	nan	nan	nan
8.000000000000000	nan	nan	nan
8.000000000000000	nan	nan	nan
8.000000000000000	nan	nan	nan
8.000000000000000	nan	nan	nan
8.000000000000000	nan	nan	nan
8.000000000000000	nan	nan	nan
8.000000000000000	nan	nan	nan
8.000000000000000	nan	nan	nan
8.000000000000000	nan	nan	nan
8.000000000000000	nan	nan	nan
8.000000000000000	nan	nan	nan
8.000000000000000	nan	nan	nan
8.000000000000000	nan	nan	nan
8.000000000000000	nan	nan	nan
8.000000000000000	nan	nan	nan
8.000000000000000	nan	nan	nan
8.000000000000000	nan	nan	nan
8.000000000000000	nan	nan	nan
8.000000000000000	nan	nan	nan
8.000000000000000	nan	nan	nan
8.000000000000000	nan	nan	nan
8.000000000000000	nan	nan	nan
8.000000000000000	nan	nan	nan
8.000000000000000	nan	nan	nan
8.000000000000000	nan	nan	nan
8.000000000000000	nan	nan	nan
8.000000000000000	nan	nan	nan
8.000000000000000	nan	nan	nan
8.000000000000000	nan	nan	nan
8.000000000000000	nan	nan	nan
8.000000000000000	nan	nan	nan
8.000000000000000	nan	nan	nan
8.000000000000000	nan	nan	nan
8.000000000000000	nan	nan	nan
8.000000000000000	nan	nan	nan
8.000000000000000	nan	nan	nan
8.000000000000000	nan	nan	nan
8.000000000000000	nan	nan	nan
8.000000000000000	nan	nan	nan
8.000000000000000	nan	nan	nan
8.000000000000000	nan	nan	nan
8.000000000000000	nan	nan	nan
8.000000000000000	nan	nan	nan
8.000000000000000	nan	nan	nan
8.000000000000000	nan	nan	nan
8.000000000000000	nan	nan	nan
8.000000000000000	nan	nan	nan
8.000000000000000	nan	nan	nan
8.000000000000000	nan	nan	nan
8.000000000000000	nan	nan	nan
8.000000000000000	nan	nan	nan
8.000000000000000	nan	nan	nan
8.000000000000000	nan	nan	nan
8.000000000000000	nan	nan	nan
8.000000000000000	nan	nan	nan
8.000000000000000	nan	nan	nan
8.000000000000000	nan	nan	nan
8.000000000000000	nan	nan	nan
8.000000000000000	nan	nan	nan
8.000000000000000	nan	nan	nan


9.000000000000000	-0.541435918839450	0.550733547991405	-0.030215643137647
9.000000000000000	-0.582311688372449	0.508016221370910	-0.027473840926474
9.000000000000000	-0.620345292967896	0.462747349977268	-0.024593653029852
9.000000000000000	-0.655383584723810	0.415109215578215	-0.021586676947896
9.000000000000000	-0.687285476805837	0.365293640127392	-0.018465020711995
9.000000000000000	-0.715922511554136	0.313501213365043	-0.015241254130041
9.000000000000000	-0.741179377737039	0.259940485113927	-0.011928358172251
9.000000000000000	-0.762954374868680	0.204827125522784	-0.008539672701383
9.000000000000000	-0.781159822720962	0.148383056638773	-0.005088842757811
9.000000000000000	-0.795722414380880	0.090835558805705	-0.001589763615769
9.000000000000000	-0.806583511431598	0.032416355486325	0.001943475168016
9.000000000000000	-0.813699380068648	-0.026639319806295	0.005496646487996
9.000000000000000	-0.817041367200531	-0.086093670711083	0.009055442977335
9.000000000000000	-0.816596015824599	-0.145707295540989	0.012605534618627
9.000000000000000	-0.812365119213660	-0.205240151269081	0.016132626445813
9.000000000000000	-0.804365713695097	-0.264452520097091	0.019622516104971
9.000000000000000	-0.792630010051594	-0.323105974714386	0.023061151042179
9.000000000000000	-0.777205263819679	-0.380964338360593	0.026434685088188
9.000000000000000	-0.758153585008360	-0.437794635826058	0.029729534212065
9.000000000000000	-0.735551688004039	-0.493368031560787	0.032932431219282
9.000000000000000	-0.709490582668754	-0.547460751114439	0.036030479174035
9.000000000000000	-0.680075207875585	-0.599854982197062	0.039011203330647
9.000000000000000	-0.647424008956850	-0.650339751732301	0.041862601364967
9.000000000000000	-0.611668460766560	-0.698711775371525	0.044573191703494
9.000000000000000	-0.572952538277577	-0.744776276048141	0.047132059755620
9.000000000000000	-0.531432136845221	-0.788347768276104	0.049528901862837
9.000000000000000	-0.487274444471694	-0.829250805034498	0.051754066787929
9.000000000000000	-0.440657268599001	-0.867320684230769	0.053798594577100
9.000000000000000	-0.391768320141141	-0.902404111897921	0.055654252638547
9.000000000000000	-0.340804457638502	-0.934359819455215	0.057313568892201
9.000000000000000	-0.287970894578006	-0.963059132546885	0.058769861857151
9.000000000000000	-0.233480373070820	-0.988386489168355	0.060017267555619
9.000000000000000	-0.177552307214963	-1.010239904993644	0.061050763125120
9.000000000000000	-0.120411899592175	-1.028531384030250	0.061866187043762
9.000000000000000	-0.062289234456603	-1.043187272947955	0.062460255887224
9.000000000000000	-0.003418351266713	-1.054148557654794	0.062830577549945
9.000000000000000	0.055963697708998	-1.061371100925967	0.062975660877293
9.000000000000000	0.115617801917831	-1.064825820128876	0.062894921669914
9.000000000000000	0.175303755336680	-1.064498804328609	0.062588685036100
9.000000000000000	0.234781223696914	-1.060391370302379	0.062058184082692
9.000000000000000	0.293810712225647	-1.052520057237314	0.061305554949792
9.000000000000000	0.352154530006665	-1.040916560132996	0.060333828209282
9.000000000000000	0.409577747077849	-1.025627602176884	0.059146916661781
9.000000000000000	0.465849140411222	-1.006714746606523	0.057749599581178
9.000000000000000	0.520742124966467	-0.984254148816121	0.056147503470183
9.000000000000000	0.574035666068918	-0.958336249705652	0.054347079404383
9.000000000000000	0.625515169438177	-0.929065411507273	0.052355577056045
9.000000000000000	0.674973345283547	-0.896559497555449	0.050181015502236
9.000000000000000	0.722211042986854	-0.860949397692903	0.047832150934836
9.000000000000000	0.767038053011696	-0.822378501223420	0.045318441402440
9.000000000000000	0.809273872810119	-0.781002119533724	0.042650008726137
9.000000000000000	0.848748433642664	-0.736986860709345	0.039837597742509
9.000000000000000	0.885302785385157	-0.690509958662656	0.036892533037962
9.000000000000000	0.918789736564762	-0.641758559474466	0.033826673348621
9.000000000000000	0.949074447048091	-0.590928967822803	0.030652363809377
9.000000000000000	0.976034970994827	-0.538225856533263	0.027382386244394
9.000000000000000	0.999562747890584	-0.483861442433771	0.024029907699206
9.000000000000000	1.019563039681786	-0.428054631832327	0.020608427421679
9.000000000000000	1.035955312252369	-0.371030139058555	0.017131722505301
9.000000000000000	1.048673559706240	-0.313017581618417	0.013613792413687
9.000000000000000	1.057666570149730	-0.254250555605553	0.010068802609687
9.000000000000000	1.062898131903809	-0.194965695092262	0.006511027516057
9.000000000000000	1.064347179315741	-0.135401719287608	0.002954793037406
9.000000000000000	1.062007877583030	-0.075798471299423	-0.000585581125171
9.000000000000000	1.055889646248112	-0.016395952370759	-0.004095839134475
9.000000000000000	1.046017121269182	0.042566644520405	-0.007561846420426
9.000000000000000	1.032430055819882	0.100851897806871	-0.010969646594989
9.000000000000000	1.015183160217308	0.158225113345071	-0.014305517649623
9.000000000000000	0.994345881622866	0.214455269445551	-0.017556027208966
9.000000000000000	0.970002124403068	0.269315947115779	-0.020708086618270
9.000000000000000	0.942249912276262	0.322586241769510	-0.023749003646792
9.000000000000000	0.911200993605712	0.374051652731593	-0.026666533594933
9.000000000000000	0.876980391428381	0.423504946956478	-0.029448928599314
9.000000000000000	0.839725900031290	0.470746993482555	-0.032084984937282
9.000000000000000	0.799587530102553	0.515587565262250	-0.034564088140344
9.000000000000000	0.756726904691287	0.557846105139205	-0.036876255734885
9.000000000000000	0.711316608408632	0.597352452888224	-0.039012177438067
9.000000000000000	0.663539492490437	0.633947530390442	-0.040963252647052
9.000000000000000	0.613587938519869	0.667483982184762	-0.042721625070592
9.000000000000000	0.561663083774678	0.697826768816289	-0.044280214363545
9.000000000000000	0.507974011318369	0.724853710592555	-0.045632744636922
9.000000000000000	0.452736908096500	0.748455979558020	-0.046773769728680
9.000000000000000	0.396174194428154	0.768538537705832	-0.047698695133492
9.000000000000000	0.338513628397816	0.785020519662343	-0.048403796503199
9.000000000000000	0.279987388753953	0.797835558303429	-0.048886234643446
9.000000000000000	0.220831140007138	0.806932051991468	-0.049144066946118
9.000000000000000	0.161283083492248	0.812273372356931	-0.049176255211529
9.000000000000000	0.101582998215750	0.813838011787892	-0.048982669828898
9.000000000000000	0.041971275350280	0.811619670033590	-0.048564090298234
9.000000000000000	-0.017312049735768	0.805627279573322	-0.047922202091573
9.000000000000000	-0.076028264015953	0.795884969648494	-0.047059589866173
9.000000000000000	-0.133940938018891	0.782431969102685	-0.045979727057011
9.000000000000000	-0.190816877846289	0.765322448420941	-0.044686961890489
9.000000000000000	-0.246427064162472	0.744625301604349	-0.043186499875660
9.000000000000000	-0.300547574374412	0.720423868758209	-0.041484382843478
9.000000000000000	-0.352960484288983	0.692815600510849	-0.039587464618480
9.000000000000000	-0.403454745616769	0.661911665614334	-0.037503383420854
9.000000000000000	-0.451827035789037	0.627836503307141	-0.035240531110017
9.000000000000000	-0.497882576665962	0.590727322241265	-0.032808019393568
9.000000000000000	-0.541435918839450	0.550733547991405	-0.030215643137647


10.000000000000000	nan	nan	nan
10.000000000000000	nan	nan	nan
10.000000000000000	nan	nan	nan
10.000000000000000	nan	nan	nan
10.000000000000000	nan	nan	nan
10.000000000000000	nan	nan	nan
10.000000000000000	nan	nan	nan
10.000000000000000	nan	nan	nan
10.000000000000000	nan	nan	nan
10.000000000000000	nan	nan	nan
10.000000000000000	nan	nan	nan
10.000000000000000	nan	nan	nan
10.000000000000000	nan	nan	nan
10.000000000000000	nan	nan	nan
10.000000000000000	nan	nan	nan
10.000000000000000	nan	nan	nan
10.000000000000000	nan	nan	nan
10.000000000000000	nan	nan	nan
10.000000000000000	nan	nan	nan
10.000000000000000	nan	nan	nan
10.000000000000000	nan	nan	nan
10.000000000000000	nan	nan	nan
10.000000000000000	nan	nan	nan
10.000000000000000	nan	nan	nan
10.000000000000000	nan	nan	nan
10.000000000000000	nan	nan	nan
10.000000000000000	nan	nan	nan
10.000000000000000	nan	nan	nan
10.000000000000000	nan	nan	nan
10.000000000000000	nan	nan	nan
10.000000000000000	nan	nan	nan
10.000000000000000	nan	nan	nan
10.000000000000000	nan	nan	nan
10.000000000000000	nan	nan	nan
10.000000000000000	nan	nan	nan
10.000000000000000	nan	nan	nan
10.000000000000000	nan	nan	nan
10.000000000000000	nan	nan	nan
10.000000000000000	nan	nan	nan
10.000000000000000	nan	nan	nan
10.000000000000000	nan	nan	nan
10.000000000000000	nan	nan	nan
10.000000000000000	nan	nan	nan
10.000000000000000	nan	nan	nan
10.000000000000000	nan	nan	nan
10.000000000000000	nan	nan	nan
10.000000000000000	nan	nan	nan
10.000000000000000	nan	nan	nan
10.000000000000000	nan	nan	nan
10.000000000000000	nan	nan	nan
10.000000000000000	nan	nan	nan
10.000000000000000	nan	nan	nan
10.000000000000000	nan	nan	nan
10.000000000000000	nan	nan	nan
10.000000000000000	nan	nan	nan
10.000000000000000	nan	nan	nan
10.000000000000000	nan	nan	nan
10.000000000000000	nan	nan	nan
10.000000000000000	nan	nan	nan
10.000000000000000	nan	nan	nan
10.000000000000000	nan	nan	nan
10.000000000000000	nan	nan	nan
10.000000000000000	nan	nan	nan
10.000000000000000	nan	nan	nan
10.000000000000000	nan	nan	nan
10.000000000000000	nan	nan	nan
10.000000000000000	nan	nan	nan
10.000000000000000	nan	nan	nan
10.000000000000000	nan	nan	nan
10.000000000000000	nan	nan	nan
10.000000000000000	nan	nan	nan
10.000000000000000	nan	nan	nan
10.000000000000000	nan	nan	nan
10.000000000000000	nan	nan	nan
10.000000000000000	nan	nan	nan
10.000000000000000	nan	nan	nan
10.000000000000000	nan	nan	nan
10.000000000000000	nan	nan	nan
10.000000000000000	nan	nan	nan
10.000000000000000	nan	nan	nan
10.000000000000000	nan	nan	nan
10.000000000000000	nan	nan	nan
10.000000000000000	nan	nan	nan
10.000000000000000	nan	nan	nan
10.000000000000000	nan	nan	nan
10.000000000000000	nan	nan	nan
10.000000000000000	nan	nan	nan
10.000000000000000	nan	nan	nan
10.000000000000000	nan	nan	nan
10.000000000000000	nan	nan	nan
10.000000000000000	nan	nan	nan
10.000000000000000	nan	nan	nan
10.000000000000000	nan	nan	nan
10.000000000000000	nan	nan	nan
10.000000000000000	nan	nan	nan
10.000000000000000	nan	nan	nan
10.000000000000000	nan	nan	nan
10.000000000000000	nan	nan	nan
10.000000000000000	nan	nan	nan
10.000000000000000	nan	nan	nan


11.000000000000000	nan	nan	nan
11.000000000000000	nan	nan	nan
11.000000000000000	nan	nan	nan
11.000000000000000	nan	nan	nan
11.000000000000000	nan	nan	nan
11.000000000000000	nan	nan	nan
11.000000000000000	nan	nan	nan
11.000000000000000	nan	nan	nan
11.000000000000000	nan	nan	nan
11.000000000000000	nan	nan	nan
11.000000000000000	nan	nan	nan
11.000000000000000	nan	nan	nan
11.000000000000000	nan	nan	nan
11.000000000000000	nan	nan	nan
11.000000000000000	nan	nan	nan
11.000000000000000	nan	nan	nan
11.000000000000000	nan	nan	nan
11.000000000000000	nan	nan	nan
11.000000000000000	nan	nan	nan
11.000000000000000	nan	nan	nan
11.000000000000000	nan	nan	nan
11.000000000000000	nan	nan	nan
11.000000000000000	nan	nan	nan
11.000000000000000	nan	nan	nan
11.000000000000000	nan	nan	nan
11.000000000000000	nan	nan	nan
11.000000000000000	nan	nan	nan
11.000000000000000	nan	nan	nan
11.000000000000000	nan	nan	nan
11.000000000000000	nan	nan	nan
11.000000000000000	nan	nan	nan
11.000000000000000	nan	nan	nan
11.000000000000000	nan	nan	nan
11.000000000000000	nan	nan	nan
11.000000000000000	nan	nan	nan
11.000000000000000	nan	nan	nan
11.000000000000000	nan	nan	nan
11.000000000000000	nan	nan	nan
11.000000000000000	nan	nan	nan
11.000000000000000	nan	nan	nan
11.000000000000000	nan	nan	nan
11.000000000000000	nan	nan	nan
11.000000000000000	nan	nan	nan
11.000000000000000	nan	nan	nan
11.000000000000000	nan	nan	nan
11.000000000000000	nan	nan	nan
11.000000000000000	nan	nan	nan
11.000000000000000	nan	nan	nan
11.000000000000000	nan	nan	nan
11.000000000000000	nan	nan	nan
11.000000000000000	nan	nan	nan
11.000000000000000	nan	nan	nan
11.000000000000000	nan	nan	nan
11.000000000000000	nan	nan	nan
11.000000000000000	nan	nan	nan
11.000000000000000	nan	nan	nan
11.000000000000000	nan	nan	nan
11.000000000000000	nan	nan	nan
11.000000000000000	nan	nan	nan
11.000000000000000	nan	nan	nan
11.000000000000000	nan	nan	nan
11.000000000000000	nan	nan	nan
11.000000000000000	nan	nan	nan
11.000000000000000	nan	nan	nan
11.000000000000000	nan	nan	nan
11.000000000000000	nan	nan	nan
11.000000000000000	nan	nan	nan
11.000000000000000	nan	nan	nan
11.000000000000000	nan	nan	nan
11.000000000000000	nan	nan	nan
11.000000000000000	nan	nan	nan
11.000000000000000	nan	nan	nan
11.000000000000000	nan	nan	nan
11.000000000000000	nan	nan	nan
11.000000000000000	nan	nan	nan
11.000000000000000	nan	nan	nan
11.000000000000000	nan	nan	nan
11.000000000000000	nan	nan	nan
11.000000000000000	nan	nan	nan
11.000000000000000	nan	nan	nan
11.000000000000000	nan	nan	nan
11.000000000000000	nan	nan	nan
11.000000000000000	nan	nan	nan
11.000000000000000	nan	nan	nan
11.000000000000000	nan	nan	nan
11.000000000000000	nan	nan	nan
11.000000000000000	nan	nan	nan
11.000000000000000	nan	nan	nan
11.000000000000000	nan	nan	nan
11.000000000000000	nan	nan	nan
11.000000000000000	nan	nan	nan
11.000000000000000	nan	nan	nan
11.000000000000000	nan	nan	nan
11.000000000000000	nan	nan	nan
11.000000000000000	nan	nan	nan
11.000000000000000	nan	nan	nan
11.000000000000000	nan	nan	nan
11.000000000000000	nan	nan	nan
11.000000000000000	nan	nan	nan
11.000000000000000	nan	nan	nan


12.000000000000000	nan	nan	nan
12.000000000000000	nan	nan	nan
12.000000000000000	nan	nan	nan
12.000000000000000	nan	nan	nan
12.000000000000000	nan	nan	nan
12.000000000000000	nan	nan	nan
12.000000000000000	nan	nan	nan
12.000000000000000	nan	nan	nan
12.000000000000000	nan	nan	nan
12.000000000000000	nan	nan	nan
12.000000000000000	nan	nan	nan
12.000000000000000	nan	nan	nan
12.000000000000000	nan	nan	nan
12.000000000000000	nan	nan	nan
12.000000000000000	nan	nan	nan
12.000000000000000	nan	nan	nan
12.000000000000000	nan	nan	nan
12.000000000000000	nan	nan	nan
12.000000000000000	nan	nan	nan
12.000000000000000	nan	nan	nan
12.000000000000000	nan	nan	nan
12.000000000000000	nan	nan	nan
12.000000000000000	nan	nan	nan
12.000000000000000	nan	nan	nan
12.000000000000000	nan	nan	nan
12.000000000000000	nan	nan	nan
12.000000000000000	nan	nan	nan
12.000000000000000	nan	nan	nan
12.000000000000000	nan	nan	nan
12.000000000000000	nan	nan	nan
12.000000000000000	nan	nan	nan
12.000000000000000	nan	nan	nan
12.000000000000000	nan	nan	nan
12.000000000000000	nan	nan	nan
12.000000000000000	nan	nan	nan
12.000000000000000	nan	nan	nan
12.000000000000000	nan	nan	nan
12.000000000000000	nan	nan	nan
12.000000000000000	nan	nan	nan
12.000000000000000	nan	nan	nan
12.000000000000000	nan	nan	nan
12.000000000000000	nan	nan	nan
12.000000000000000	nan	nan	nan
12.000000000000000	nan	nan	nan
12.000000000000000	nan	nan	nan
12.000000000000000	nan	nan	nan
12.000000000000000	nan	nan	nan
12.000000000000000	nan	nan	nan
12.000000000000000	nan	nan	nan
12.000000000000000	nan	nan	nan
12.000000000000000	nan	nan	nan
12.000000000000000	nan	nan	nan
12.000000000000000	nan	nan	nan
12.000000000000000	nan	nan	nan
12.000000000000000	nan	nan	nan
12.000000000000000	nan	nan	nan
12.000000000000000	nan	nan	nan
12.000000000000000	nan	nan	nan
12.000000000000000	nan	nan	nan
12.000000000000000	nan	nan	nan
12.000000000000000	nan	nan	nan
12.000000000000000	nan	nan	nan
12.000000000000000	nan	nan	nan
12.000000000000000	nan	nan	nan
12.000000000000000	nan	nan	nan
12.000000000000000	nan	nan	nan
12.000000000000000	nan	nan	nan
12.000000000000000	nan	nan	nan
12.000000000000000	nan	nan	nan
12.000000000000000	nan	nan	nan
12.000000000000000	nan	nan	nan
12.000000000000000	nan	nan	nan
12.000000000000000	nan	nan	nan
12.000000000000000	nan	nan	nan
12.000000000000000	nan	nan	nan
12.000000000000000	nan	nan	nan
12.000000000000000	nan	nan	nan
12.000000000000000	nan	nan	nan
12.000000000000000	nan	nan	nan
12.000000000000000	nan	nan	nan
12.000000000000000	nan	nan	nan
12.000000000000000	nan	nan	nan
12.000000000000000	nan	nan	nan
12.000000000000000	nan	nan	nan
12.000000000000000	nan	nan	nan
12.000000000000000	nan	nan	nan
12.000000000000000	nan	nan	nan
12.000000000000000	nan	nan	nan
12.000000000000000	nan	nan	nan
12.000000000000000	nan	nan	nan
12.000000000000000	nan	nan	nan
12.000000000000000	nan	nan	nan
12.000000000000000	nan	nan	nan
12.000000000000000	nan	nan	nan
12.000000000000000	nan	nan	nan
12.000000000000000	nan	nan	nan
12.000000000000000	nan	nan	nan
12.000000000000000	nan	nan	nan
12.000000000000000	nan	nan	nan
12.000000000000000	nan	nan	nan


13.000000000000000	nan	nan	nan
13.000000000000000	nan	nan	nan
13.000000000000000	nan	nan	nan
13.000000000000000	nan	nan	nan
13.000000000000000	nan	nan	nan
13.000000000000000	nan	nan	nan
13.000000000000000	nan	nan	nan
13.000000000000000	nan	nan	nan
13.000000000000000	nan	nan	nan
13.000000000000000	nan	nan	nan
13.000000000000000	nan	nan	nan
13.000000000000000	nan	nan	nan
13.000000000000000	nan	nan	nan
13.000000000000000	nan	nan	nan
13.000000000000000	nan	nan	nan
13.000000000000000	nan	nan	nan
13.000000000000000	nan	nan	nan
13.000000000000000	nan	nan	nan
13.000000000000000	nan	nan	nan
13.000000000000000	nan	nan	nan
13.000000000000000	nan	nan	nan
13.000000000000000	nan	nan	nan
13.000000000000000	nan	nan	nan
13.000000000000000	nan	nan	nan
13.000000000000000	nan	nan	nan
13.000000000000000	nan	nan	nan
13.000000000000000	nan	nan	nan
13.000000000000000	nan	nan	nan
13.000000000000000	nan	nan	nan
13.000000000000000	nan	nan	nan
13.000000000000000	nan	nan	nan
13.000000000000000	nan	nan	nan
13.000000000000000	nan	nan	nan
13.000000000000000	nan	nan	nan
13.000000000000000	nan	nan	nan
13.000000000000000	nan	nan	nan
13.000000000000000	nan	nan	nan
13.000000000000000	nan	nan	nan
13.000000000000000	nan	nan	nan
13.000000000000000	nan	nan	nan
13.000000000000000	nan	nan	nan
13.000000000000000	nan	nan	nan
13.000000000000000	nan	nan	nan
13.000000000000000	nan	nan	nan
13.000000000000000	nan	nan	nan
13.000000000000000	nan	nan	nan
13.000000000000000	nan	nan	nan
13.000000000000000	nan	nan	nan
13.000000000000000	nan	nan	nan
13.000000000000000	nan	nan	nan
13.000000000000000	nan	nan	nan
13.000000000000000	nan	nan	nan
13.000000000000000	nan	nan	nan
13.000000000000000	nan	nan	nan
13.000000000000000	nan	nan	nan
13.000000000000000	nan	nan	nan
13.000000000000000	nan	nan	nan
13.000000000000000	nan	nan	nan
13.000000000000000	nan	nan	nan
13.000000000000000	nan	nan	nan
13.000000000000000	nan	nan	nan
13.000000000000000	nan	nan	nan
13.000000000000000	nan	nan	nan
13.000000000000000	nan	nan	nan
13.000000000000000	nan	nan	nan
13.000000000000000	nan	nan	nan
13.000000000000000	nan	nan	nan
13.000000000000000	nan	nan	nan
13.000000000000000	nan	nan	nan
13.000000000000000	nan	nan	nan
13.000000000000000	nan	nan	nan
13.000000000000000	nan	nan	nan
13.000000000000000	nan	nan	nan
13.000000000000000	nan	nan	nan
13.000000000000000	nan	nan	nan
13.000000000000000	nan	nan	nan
13.000000000000000	nan	nan	nan
13.000000000000000	nan	nan	nan
13.000000000000000	nan	nan	nan
13.000000000000000	nan	nan	nan
13.000000000000000	nan	nan	nan
13.000000000000000	nan	nan	nan
13.000000000000000	nan	nan	nan
13.000000000000000	nan	nan	nan
13.000000000000000	nan	nan	nan
13.000000000000000	nan	nan	nan
13.000000000000000	nan	nan	nan
13.000000000000000	nan	nan	nan
13.000000000000000	nan	nan	nan
13.000000000000000	nan	nan	nan
13.000000000000000	nan	nan	nan
13.000000000000000	nan	nan	nan
13.000000000000000	nan	nan	nan
13.000000000000000	nan	nan	nan
13.000000000000000	nan	nan	nan
13.000000000000000	nan	nan	nan
13.000000000000000	nan	nan	nan
13.000000000000000	nan	nan	nan
13.000000000000000	nan	nan	nan
13.000000000000000	nan	nan	nan


14.000000000000000	nan	nan	nan
14.000000000000000	nan	nan	nan
14.000000000000000	nan	nan	nan
14.000000000000000	nan	nan	nan
14.000000000000000	nan	nan	nan
14.000000000000000	nan	nan	nan
14.000000000000000	nan	nan	nan
14.000000000000000	nan	nan	nan
14.000000000000000	nan	nan	nan
14.000000000000000	nan	nan	nan
14.000000000000000	nan	nan	nan
14.000000000000000	nan	nan	nan
14.000000000000000	nan	nan	nan
14.000000000000000	nan	nan	nan
14.000000000000000	nan	nan	nan
14.000000000000000	nan	nan	nan
14.000000000000000	nan	nan	nan
14.000000000000000	nan	nan	nan
14.000000000000000	nan	nan	nan
14.000000000000000	nan	nan	nan
14.000000000000000	nan	nan	nan
14.000000000000000	nan	nan	nan
14.000000000000000	nan	nan	nan
14.000000000000000	nan	nan	nan
14.000000000000000	nan	nan	nan
14.000000000000000	nan	nan	nan
14.000000000000000	nan	nan	nan
14.000000000000000	nan	nan	nan
14.000000000000000	nan	nan	nan
14.000000000000000	nan	nan	nan
14.000000000000000	nan	nan	nan
14.000000000000000	nan	nan	nan
14.000000000000000	nan	nan	nan
14.000000000000000	nan	nan	nan
14.000000000000000	nan	nan	nan
14.000000000000000	nan	nan	nan
14.000000000000000	nan	nan	nan
14.000000000000000	nan	nan	nan
14.000000000000000	nan	nan	nan
14.000000000000000	nan	nan	nan
14.000000000000000	nan	nan	nan
14.000000000000000	nan	nan	nan
14.000000000000000	nan	nan	nan
14.000000000000000	nan	nan	nan
14.000000000000000	nan	nan	nan
14.000000000000000	nan	nan	nan
14.000000000000000	nan	nan	nan
14.000000000000000	nan	nan	nan
14.000000000000000	nan	nan	nan
14.000000000000000	nan	nan	nan
14.000000000000000	nan	nan	nan
14.000000000000000	nan	nan	nan
14.000000000000000	nan	nan	nan
14.000000000000000	nan	nan	nan
14.000000000000000	nan	nan	nan
14.000000000000000	nan	nan	nan
14.000000000000000	nan	nan	nan
14.000000000000000	nan	nan	nan
14.000000000000000	nan	nan	nan
14.000000000000000	nan	nan	nan
14.000000000000000	nan	nan	nan
14.000000000000000	nan	nan	nan
14.000000000000000	nan	nan	nan
14.000000000000000	nan	nan	nan
14.000000000000000	nan	nan	nan
14.000000000000000	nan	nan	nan
14.000000000000000	nan	nan	nan
14.000000000000000	nan	nan	nan
14.000000000000000	nan	nan	nan
14.000000000000000	nan	nan	nan
14.000000000000000	nan	nan	nan
14.000000000000000	nan	nan	nan
14.000000000000000	nan	nan	nan
14.000000000000000	nan	nan	nan
14.000000000000000	nan	nan	nan
14.000000000000000	nan	nan	nan
14.000000000000000	nan	nan	nan
14.000000000000000	nan	nan	nan
14.000000000000000	nan	nan	nan
14.000000000000000	nan	nan	nan
14.000000000000000	nan	nan	nan
14.000000000000000	nan	nan	nan
14.000000000000000	nan	nan	nan
14.000000000000000	nan	nan	nan
14.000000000000000	nan	nan	nan
14.000000000000000	nan	nan	nan
14.000000000000000	nan	nan	nan
14.000000000000000	nan	nan	nan
14.000000000000000	nan	nan	nan
14.000000000000000	nan	nan	nan
14.000000000000000	nan	nan	nan
14.000000000000000	nan	nan	nan
14.000000000000000	nan	nan	nan
14.000000000000000	nan	nan	nan
14.000000000000000	nan	nan	nan
14.000000000000000	nan	nan	nan
14.000000000000000	nan	nan	nan
14.000000000000000	nan	nan	nan
14.000000000000000	nan	nan	nan
14.000000000000000	nan	nan	nan


15.000000000000000	nan	nan	nan
15.000000000000000	nan	nan	nan
15.000000000000000	nan	nan	nan
15.000000000000000	nan	nan	nan
15.000000000000000	nan	nan	nan
15.000000000000000	nan	nan	nan
15.000000000000000	nan	nan	nan
15.000000000000000	nan	nan	nan
15.000000000000000	nan	nan	nan
15.000000000000000	nan	nan	nan
15.000000000000000	nan	nan	nan
15.000000000000000	nan	nan	nan
15.000000000000000	nan	nan	nan
15.000000000000000	nan	nan	nan
15.000000000000000	nan	nan	nan
15.000000000000000	nan	nan	nan
15.000000000000000	nan	nan	nan
15.000000000000000	nan	nan	nan
15.000000000000000	nan	nan	nan
15.000000000000000	nan	nan	nan
15.000000000000000	nan	nan	nan
15.000000000000000	nan	nan	nan
15.000000000000000	nan	nan	nan
15.000000000000000	nan	nan	nan
15.000000000000000	nan	nan	nan
15.000000000000000	nan	nan	nan
15.000000000000000	nan	nan	nan
15.000000000000000	nan	nan	nan
15.000000000000000	nan	nan	nan
15.000000000000000	nan	nan	nan
15.000000000000000	nan	nan	nan
15.000000000000000	nan	nan	nan
15.000000000000000	nan	nan	nan
15.000000000000000	nan	nan	nan
15.000000000000000	nan	nan	nan
15.000000000000000	nan	nan	nan
15.000000000000000	nan	nan	nan
15.000000000000000	nan	nan	nan
15.000000000000000	nan	nan	nan
15.000000000000000	nan	nan	nan
15.000000000000000	nan	nan	nan
15.000000000000000	nan	nan	nan
15.000000000000000	nan	nan	nan
15.000000000000000	nan	nan	nan
15.000000000000000	nan	nan	nan
15.000000000000000	nan	nan	nan
15.000000000000000	nan	nan	nan
15.000000000000000	nan	nan	nan
15.000000000000000	nan	nan	nan
15.000000000000000	nan	nan	nan
15.000000000000000	nan	nan	nan
15.000000000000000	nan	nan	nan
15.000000000000000	nan	nan	nan
15.000000000000000	nan	nan	nan
15.000000000000000	nan	nan	nan
15.000000000000000	nan	nan	nan
15.000000000000000	nan	nan	nan
15.000000000000000	nan	nan	nan
15.000000000000000	nan	nan	nan
15.000000000000000	nan	nan	nan
15.000000000000000	nan	nan	nan
15.000000000000000	nan	nan	nan
15.000000000000000	nan	nan	nan
15.000000000000000	nan	nan	nan
15.000000000000000	nan	nan	nan
15.000000000000000	nan	nan	nan
15.000000000000000	nan	nan	nan
15.000000000000000	nan	nan	nan
15.000000000000000	nan	nan	nan
15.000000000000000	nan	nan	nan
15.000000000000000	nan	nan	nan
15.000000000000000	nan	nan	nan
15.000000000000000	nan	nan	nan
15.000000000000000	nan	nan	nan
15.000000000000000	nan	nan	nan
15.000000000000000	nan	nan	nan
15.000000000000000	nan	nan	nan
15.000000000000000	nan	nan	nan
15.000000000000000	nan	nan	nan
15.000000000000000	nan	nan	nan
15.000000000000000	nan	nan	nan
15.000000000000000	nan	nan	nan
15.000000000000000	nan	nan	nan
15.000000000000000	nan	nan	nan
15.000000000000000	nan	nan	nan
15.000000000000000	nan	nan	nan
15.000000000000000	nan	nan	nan
15.000000000000000	nan	nan	nan
15.000000000000000	nan	nan	nan
15.000000000000000	nan	nan	nan
15.000000000000000	nan	nan	nan
15.000000000000000	nan	nan	nan
15.000000000000000	nan	nan	nan
15.000000000000000	nan	nan	nan
15.000000000000000	nan	nan	nan
15.000000000000000	nan	nan	nan
15.000000000000000	nan	nan	nan
15.000000000000000	nan	nan	nan
15.000000000000000	nan	nan	nan
15.000000000000000	nan	nan	nan


16.000000000000000	nan	nan	nan
16.000000000000000	nan	nan	nan
16.000000000000000	nan	nan	nan
16.000000000000000	nan	nan	nan
16.000000000000000	nan	nan	nan
16.000000000000000	nan	nan	nan
16.000000000000000	nan	nan	nan
16.000000000000000	nan	nan	nan
16.000000000000000	nan	nan	nan
16.000000000000000	nan	nan	nan
16.000000000000000	nan	nan	nan
16.000000000000000	nan	nan	nan
16.000000000000000	nan	nan	nan
16.000000000000000	nan	nan	nan
16.000000000000000	nan	nan	nan
16.000000000000000	nan	nan	nan
16.000000000000000	nan	nan	nan
16.000000000000000	nan	nan	nan
16.000000000000000	nan	nan	nan
16.000000000000000	nan	nan	nan
16.000000000000000	nan	nan	nan
16.000000000000000	nan	nan	nan
16.000000000000000	nan	nan	nan
16.000000000000000	nan	nan	nan
16.000000000000000	nan	nan	nan
16.000000000000000	nan	nan	nan
16.000000000000000	nan	nan	nan
16.000000000000000	nan	nan	nan
16.000000000000000	nan	nan	nan
16.000000000000000	nan	nan	nan
16.000000000000000	nan	nan	nan
16.000000000000000	nan	nan	nan
16.000000000000000	nan	nan	nan
16.000000000000000	nan	nan	nan
16.000000000000000	nan	nan	nan
16.000000000000000	nan	nan	nan
16.000000000000000	nan	nan	nan
16.000000000000000	nan	nan	nan
16.000000000000000	nan	nan	nan
16.000000000000000	nan	nan	nan
16.000000000000000	nan	nan	nan
16.000000000000000	nan	nan	nan
16.000000000000000	nan	nan	nan
16.000000000000000	nan	nan	nan
16.000000000000000	nan	nan	nan
16.000000000000000	nan	nan	nan
16.000000000000000	nan	nan	nan
16.000000000000000	nan	nan	nan
16.000000000000000	nan	nan	nan
16.000000000000000	nan	nan	nan
16.000000000000000	nan	nan	nan
16.000000000000000	nan	nan	nan
16.000000000000000	nan	nan	nan
16.000000000000000	nan	nan	nan
16.000000000000000	nan	nan	nan
16.000000000000000	nan	nan	nan
16.000000000000000	nan	nan	nan
16.000000000000000	nan	nan	nan
16.000000000000000	nan	nan	nan
16.000000000000000	nan	nan	nan
16.000000000000000	nan	nan	nan
16.000000000000000	nan	nan	nan
16.000000000000000	nan	nan	nan
16.000000000000000	nan	nan	nan
16.000000000000000	nan	nan	nan
16.000000000000000	nan	nan	nan
16.000000000000000	nan	nan	nan
16.000000000000000	nan	nan	nan
16.000000000000000	nan	nan	nan
16.000000000000000	nan	nan	nan
16.000000000000000	nan	nan	nan
16.000000000000000	nan	nan	nan
16.000000000000000	nan	nan	nan
16.000000000000000	nan	nan	nan
16.000000000000000	nan	nan	nan
16.000000000000000	nan	nan	nan
16.000000000000000	nan	nan	nan
16.000000000000000	nan	nan	nan
16.000000000000000	nan	nan	nan
16.000000000000000	nan	nan	nan
16.000000000000000	nan	nan	nan
16.000000000000000	nan	nan	nan
16.000000000000000	nan	nan	nan
16.000000000000000	nan	nan	nan
16.000000000000000	nan	nan	nan
16.000000000000000	nan	nan	nan
16.000000000000000	nan	nan	nan
16.000000000000000	nan	nan	nan
16.000000000000000	nan	nan	nan
16.000000000000000	nan	nan	nan
16.000000000000000	nan	nan	nan
16.000000000000000	nan	nan	nan
16.000000000000000	nan	nan	nan
16.000000000000000	nan	nan	nan
16.000000000000000	nan	nan	nan
16.000000000000000	nan	nan	nan
16.000000000000000	nan	nan	nan
16.000000000000000	nan	nan	nan
16.000000000000000	nan	nan	nan
16.000000000000000	nan	nan	nan


17.000000000000000	nan	nan	nan
17.000000000000000	nan	nan	nan
17.000000000000000	nan	nan	nan
17.000000000000000	nan	nan	nan
17.000000000000000	nan	nan	nan
17.000000000000000	nan	nan	nan
17.000000000000000	nan	nan	nan
17.000000000000000	nan	nan	nan
17.000000000000000	nan	nan	nan
17.000000000000000	nan	nan	nan
17.000000000000000	nan	nan	nan
17.000000000000000	nan	nan	nan
17.000000000000000	nan	nan	nan
17.000000000000000	nan	nan	nan
17.000000000000000	nan	nan	nan
17.000000000000000	nan	nan	nan
17.000000000000000	nan	nan	nan
17.000000000000000	nan	nan	nan
17.000000000000000	nan	nan	nan
17.000000000000000	nan	nan	nan
17.000000000000000	nan	nan	nan
17.000000000000000	nan	nan	nan
17.000000000000000	nan	nan	nan
17.000000000000000	nan	nan	nan
17.000000000000000	nan	nan	nan
17.000000000000000	nan	nan	nan
17.000000000000000	nan	nan	nan
17.000000000000000	nan	nan	nan
17.000000000000000	nan	nan	nan
17.000000000000000	nan	nan	nan
17.000000000000000	nan	nan	nan
17.000000000000000	nan	nan	nan
17.000000000000000	nan	nan	nan
17.000000000000000	nan	nan	nan
17.000000000000000	nan	nan	nan
17.000000000000000	nan	nan	nan
17.000000000000000	nan	nan	nan
17.000000000000000	nan	nan	nan
17.000000000000000	nan	nan	nan
17.000000000000000	nan	nan	nan
17.000000000000000	nan	nan	nan
17.000000000000000	nan	nan	nan
17.000000000000000	nan	nan	nan
17.000000000000000	nan	nan	nan
17.000000000000000	nan	nan	nan
17.000000000000000	nan	nan	nan
17.000000000000000	nan	nan	nan
17.000000000000000	nan	nan	nan
17.000000000000000	nan	nan	nan
17.000000000000000	nan	nan	nan
17.000000000000000	nan	nan	nan
17.000000000000000	nan	nan	nan
17.000000000000000	nan	nan	nan
17.000000000000000	nan	nan	nan
17.000000000000000	nan	nan	nan
17.000000000000000	nan	nan	nan
17.000000000000000	nan	nan	nan
17.000000000000000	nan	nan	nan
17.000000000000000	nan	nan	nan
17.000000000000000	nan	nan	nan
17.000000000000000	nan	nan	nan
17.000000000000000	nan	nan	nan
17.000000000000000	nan	nan	nan
17.000000000000000	nan	nan	nan
17.000000000000000	nan	nan	nan
17.000000000000000	nan	nan	nan
17.000000000000000	nan	nan	nan
17.000000000000000	nan	nan	nan
17.000000000000000	nan	nan	nan
17.000000000000000	nan	nan	nan
17.000000000000000	nan	nan	nan
17.000000000000000	nan	nan	nan
17.000000000000000	nan	nan	nan
17.000000000000000	nan	nan	nan
17.000000000000000	nan	nan	nan
17.000000000000000	nan	nan	nan
17.000000000000000	nan	nan	nan
17.000000000000000	nan	nan	nan
17.000000000000000	nan	nan	nan
17.000000000000000	nan	nan	nan
17.000000000000000	nan	nan	nan
17.000000000000000	nan	nan	nan
17.000000000000000	nan	nan	nan
17.000000000000000	nan	nan	nan
17.000000000000000	nan	nan	nan
17.000000000000000	nan	nan	nan
17.000000000000000	nan	nan	nan
17.000000000000000	nan	nan	nan
17.000000000000000	nan	nan	nan
17.000000000000000	nan	nan	nan
17.000000000000000	nan	nan	nan
17.000000000000000	nan	nan	nan
17.000000000000000	nan	nan	nan
17.000000000000000	nan	nan	nan
17.000000000000000	nan	nan	nan
17.000000000000000	nan	nan	nan
17.000000000000000	nan	nan	nan
17.000000000000000	nan	nan	nan
17.000000000000000	nan	nan	nan
17.000000000000000	nan	nan	nan


18.000000000000000	0.931091696087806	-0.621904170273579	-0.016306780709863
18.000000000000000	0.978692426609730	-0.545582277617444	-0.006077280068113
18.000000000000000	1.021184419098041	-0.466283449435134	0.004197145593820
18.000000000000000	1.058396573296274	-0.384326994119710	0.014475124790092
18.000000000000000	1.090179048993271	-0.300042921390710	0.024715271726028
18.000000000000000	1.116403869376825	-0.213770613461472	0.034876352944112
18.000000000000000	1.136965436351140	-0.125857458466756	0.044917453356569
18.000000000000000	1.151780955743087	-0.036657451653325	0.054798140995983
18.000000000000000	1.160790770685120	0.053470230033970	0.064478629820556
18.000000000000000	1.163958601832425	0.144162674230979	0.073919939918461
18.000000000000000	1.161271693447038	0.235054694474252	0.083084054466184
18.000000000000000	1.152740864760700	0.325780300678043	0.091934072808859
18.000000000000000	1.138400466409627	0.415974172847206	0.100434359046180
18.000000000000000	1.118308242116626	0.505273132091880	0.108550685525590
18.000000000000000	1.092545096177499	0.593317603020700	0.116250370664965
18.000000000000000	1.061214767688001	0.679753061623982	0.123502410549804
18.000000000000000	1.024443412823114	0.764231462816786	0.130277603775054
18.000000000000000	0.982379096850660	0.846412641893636	0.136548669028858
18.000000000000000	0.935191197924720	0.925965684251723	0.142290354944772
18.000000000000000	0.883069725059596	1.002570257867222	0.147479541780106
18.000000000000000	0.826224553030565	1.075917903159290	0.152095334510965
18.000000000000000	0.764884577282240	1.145713275047932	0.156119146969137
18.000000000000000	0.699296792247396	1.211675332204391	0.159534776682032
18.000000000000000	0.629725296787570	1.273538468705397	0.162328470114322
18.000000000000000	0.556450230760151	1.331053583534470	0.164488978048572
18.000000000000000	0.479766646994054	1.383989083623792	0.166007600881868
18.000000000000000	0.399983323216113	1.432131816397760	0.166878223656049
18.000000000000000	0.317421518712154	1.475287928063170	0.167097340680485
18.000000000000000	0.232413680729240	1.513283644190026	0.166664069648253
18.000000000000000	0.145302105827941	1.545965969439838	0.165580155188881
18.000000000000000	0.056437561574898	1.573203303623846	0.163849961843335
18.000000000000000	-0.033822125874369	1.594885971610539	0.161480456489557
18.000000000000000	-0.125113512615097	1.610926664948698	0.158481180289305
18.000000000000000	-0.217069000453608	1.621260793427712	0.154864210269260
18.000000000000000	-0.309318317095490	1.625846745159563	0.150644110691108
18.000000000000000	-0.401490007101450	1.624666054135209	0.145837874406390
18.000000000000000	-0.493212927607256	1.617723474580688	0.140464854432296
18.000000000000000	-0.584117742785066	1.605046961813526	0.134546686023885
18.000000000000000	-0.673838411028446	1.586687559676541	0.128107199556559
18.000000000000000	-0.762013658872732	1.562719195002300	0.121172324569544
18.000000000000000	-0.848288435715757	1.533238379935864	0.113769985356793
18.000000000000000	-0.932315343481321	1.498363823314432	0.105929988525705
18.000000000000000	-1.013756035468624	1.458235952668764	0.097683902976442
18.000000000000000	-1.092282578755020	1.413016348771067	0.089064932785105
18.000000000000000	-1.167578774666147	1.362887095006260	0.080107783502644
18.000000000000000	-1.239341431996395	1.308050044186446	0.070848522407849
18.000000000000000	-1.307281587852877	1.248726005760881	0.061324433277150
18.000000000000000	-1.371125671207014	1.185153856694254	0.051573866256009
18.000000000000000	-1.430616604468511	1.117589579593464	0.041636083436417
18.000000000000000	-1.485514838646077	1.046305231956006	0.031551100762311
18.000000000000000	-1.535599317926669	0.971587850690447	0.021359526899488
18.000000000000000	-1.580668369789230	0.893738296320111	0.011102399718840
18.000000000000000	-1.620540517068749	0.813070041523932	0.000821021051336
18.000000000000000	-1.655055208700758	0.729907908892616	-0.009443209619880
18.000000000000000	-1.684073466203800	0.644586762982713	-0.019648961860590
18.000000000000000	-1.707478443296723	0.557450161935236	-0.029755140708579
18.000000000000000	-1.725175896397416	0.468848974088282	-0.039721052148537
18.000000000000000	-1.737094564108447	0.379139965154074	-0.049506566972504
18.000000000000000	-1.743186454161564	0.288684361649354	-0.059072282366018
18.000000000000000	-1.743427036665617	0.197846396363694	-0.068379680569350
18.000000000000000	-1.737815342879775	0.106991841722605	-0.077391283974924
18.000000000000000	-1.726373969114301	0.016486536951079	-0.086070806036414
18.000000000000000	-1.709148985743186	-0.073305085031853	-0.094383297381861
18.000000000000000	-1.686209751695017	-0.162021465055859	-0.102295286542461
18.000000000000000	-1.657648635169044	-0.249305373570477	-0.109774914730351
18.000000000000000	-1.623580641701051	-0.334805349082429	-0.116792064122705
18.000000000000000	-1.584142951076645	-0.418177113367013	-0.123318479135580
18.000000000000000	-1.539494364956687	-0.499084957754999	-0.129327880199177
18.000000000000000	-1.489814667439039	-0.577203094912955	-0.134796069576394
18.000000000000000	-1.435303901131465	-0.652216970673857	-0.139701028798571
18.000000000000000	-1.376181561650651	-0.723824530635697	-0.144023007326095
18.000000000000000	-1.312685713790826	-0.791737436427948	-0.147744602076853
18.000000000000000	-1.245072032920856	-0.855682226748423	-0.150850827502296
18.000000000000000	-1.173612775469778	-0.915401418495417	-0.153329175928958
18.000000000000000	-1.098595682646246	-0.970654543561282	-0.155169667922444
18.000000000000000	-1.020322821806248	-1.021219117112623	-0.156364892471085
18.000000000000000	-0.939109370134466	-1.066891533458199	-0.156910036827472
18.000000000000000	-0.855282345537001	-1.107487885897182	-0.156802905887686
18.000000000000000	-0.769179289855680	-1.142844707246531	-0.156043931030211
18.000000000000000	-0.681146909706197	-1.172819628065640	-0.154636168378923
18.000000000000000	-0.591539680412933	-1.197291949927834	-0.152585286497156
18.000000000000000	-0.500718418661937	-1.216163131430326	-0.149899543562404
18.000000000000000	-0.409048829619484	-1.229357184985671	-0.146589754113548
18.000000000000000	-0.316900034366438	-1.236820982796962	-0.142669245504528
18.000000000000000	-0.224643083577938	-1.238524470784713	-0.138153804239795
18.000000000000000	-0.132649463433294	-1.234460789604033	-0.133061612407625
18.000000000000000	-0.041289599772255	-1.224646302264786	-0.127413174467268
18.000000000000000	0.049068633479112	-1.209120528243524	-0.121231234684729
18.000000000000000	0.138061395606879	-1.187945984352507	-0.114540685549636
18.000000000000000	0.225330344167400	-1.161207933006559	-0.107368467541967
18.000000000000000	0.310524077905849	-1.129014038901423	-0.099743460652251
18.000000000000000	0.393299551725062	-1.091493935486025	-0.091696368092033
18.000000000000000	0.473323458007056	-1.048798702974333	-0.083259592662882
18.000000000000000	0.550273568725174	-1.001100259998654	-0.074467106281744
18.000000000000000	0.623840032942614	-0.948590671353985	-0.065354313188022
18.000000000000000	0.693726624472798	-0.891481374620864	-0.055957907383202
18.000000000000000	0.759651934677672	-0.830002328780865	-0.046315724877056
18.000000000000000	0.821350505600966	-0.764401088252941	-0.036466591335389
18.000000000000000	0.878573898873701	-0.694941806079148	-0.026450165742783
18.000000000000000	0.931091696087806	-0.621904170273579	-0.016306780709863


19.000000000000000	nan	nan	nan
19.000000000000000	nan	nan	nan
19.000000000000000	nan	nan	nan
19.000000000000000	nan	nan	nan
19.000000000000000	nan	nan	nan
19.000000000000000	nan	nan	nan
19.000000000000000	nan	nan	nan
19.000000000000000	nan	nan	nan
19.000000000000000	nan	nan	nan
19.000000000000000	nan	nan	nan
19.000000000000000	nan	nan	nan
19.000000000000000	nan	nan	nan
19.000000000000000	nan	nan	nan
19.000000000000000	nan	nan	nan
19.000000000000000	nan	nan	nan
19.000000000000000	nan	nan	nan
19.000000000000000	nan	nan	nan
19.000000000000000	nan	nan	nan
19.000000000000000	nan	nan	nan
19.000000000000000	nan	nan	nan
19.000000000000000	nan	nan	nan
19.000000000000000	nan	nan	nan
19.000000000000000	nan	nan	nan
19.000000000000000	nan	nan	nan
19.000000000000000	nan	nan	nan
19.000000000000000	nan	nan	nan
19.000000000000000	nan	nan	nan
19.000000000000000	nan	nan	nan
19.000000000000000	nan	nan	nan
19.000000000000000	nan	nan	nan
19.000000000000000	nan	nan	nan
19.000000000000000	nan	nan	nan
19.000000000000000	nan	nan	nan
19.000000000000000	nan	nan	nan
19.000000000000000	nan	nan	nan
19.000000000000000	nan	nan	nan
19.000000000000000	nan	nan	nan
19.000000000000000	nan	nan	nan
19.000000000000000	nan	nan	nan
19.000000000000000	nan	nan	nan
19.000000000000000	nan	nan	nan
19.000000000000000	nan	nan	nan
19.000000000000000	nan	nan	nan
19.000000000000000	nan	nan	nan
19.000000000000000	nan	nan	nan
19.000000000000000	nan	nan	nan
19.000000000000000	nan	nan	nan
19.000000000000000	nan	nan	nan
19.000000000000000	nan	nan	nan
19.000000000000000	nan	nan	nan
19.000000000000000	nan	nan	nan
19.000000000000000	nan	nan	nan
19.000000000000000	nan	nan	nan
19.000000000000000	nan	nan	nan
19.000000000000000	nan	nan	nan
19.000000000000000	nan	nan	nan
19.000000000000000	nan	nan	nan
19.000000000000000	nan	nan	nan
19.000000000000000	nan	nan	nan
19.000000000000000	nan	nan	nan
19.000000000000000	nan	nan	nan
19.000000000000000	nan	nan	nan
19.000000000000000	nan	nan	nan
19.000000000000000	nan	nan	nan
19.000000000000000	nan	nan	nan
19.000000000000000	nan	nan	nan
19.000000000000000	nan	nan	nan
19.000000000000000	nan	nan	nan
19.000000000000000	nan	nan	nan
19.000000000000000	nan	nan	nan
19.000000000000000	nan	nan	nan
19.000000000000000	nan	nan	nan
19.000000000000000	nan	nan	nan
19.000000000000000	nan	nan	nan
19.000000000000000	nan	nan	nan
19.000000000000000	nan	nan	nan
19.000000000000000	nan	nan	nan
19.000000000000000	nan	nan	nan
19.000000000000000	nan	nan	nan
19.000000000000000	nan	nan	nan
19.000000000000000	nan	nan	nan
19.000000000000000	nan	nan	nan
19.000000000000000	nan	nan	nan
19.000000000000000	nan	nan	nan
19.000000000000000	nan	nan	nan
19.000000000000000	nan	nan	nan
19.000000000000000	nan	nan	nan
19.000000000000000	nan	nan	nan
19.000000000000000	nan	nan	nan
19.000000000000000	nan	nan	nan
19.000000000000000	nan	nan	nan
19.000000000000000	nan	nan	nan
19.000000000000000	nan	nan	nan
19.000000000000000	nan	nan	nan
19.000000000000000	nan	nan	nan
19.000000000000000	nan	nan	nan
19.000000000000000	nan	nan	nan
19.000000000000000	nan	nan	nan
19.000000000000000	nan	nan	nan
19.000000000000000	nan	nan	nan


20.000000000000000	1.897524697840404	-0.625066636723466	0.372477675452678
20.000000000000000	1.939420585922592	-0.486197021283273	0.366782506794185
20.000000000000000	1.972486704083688	-0.345033527901645	0.359410131851299
20.000000000000000	1.996589906736339	-0.202144572143655	0.350390236575881
20.000000000000000	2.011633138790537	-0.058105517402374	0.339759140902690
20.000000000000000	2.017555826460215	0.086503641886441	0.327559652501822
20.000000000000000	2.014334121172502	0.231100615677237	0.313840894407334
20.000000000000000	2.001980995597513	0.375103162991158	0.298658107216123
20.000000000000000	1.980546191411977	0.517931436394974	0.282072426653537
20.000000000000000	1.950116019007071	0.659010316842035	0.264150637401390
20.000000000000000	1.910813009946929	0.797771729473694	0.244964904179615
20.000000000000000	1.862795423577283	0.933656931056259	0.224592481164413
20.000000000000000	1.806256609770937	1.066118759842793	0.203115400912945
20.000000000000000	1.741424230376067	1.194623838800348	0.180620144047183
20.000000000000000	1.668559342502311	1.318654723331030	0.157197291026963
20.000000000000000	1.587955347335929	1.437711984838761	0.132941157414450
20.000000000000000	1.499936808716779	1.551316221751968	0.107949414098648
20.000000000000000	1.404858146234284	1.659009989904510	0.082322694009211
20.000000000000000	1.303102208104840	1.760359644501879	0.056164186903148
20.000000000000000	1.195078729577171	1.854957086255744	0.029579223856092
20.000000000000000	1.081222683073093	1.942421404655736	0.002674853131237
20.000000000000000	0.961992526707096	2.022400411761647	-0.024440590866237
20.000000000000000	0.837868358237326	2.094572060339952	-0.051657923813581
20.000000000000000	0.709349981881359	2.158645740634361	-0.078867551117203
20.000000000000000	0.576954895781018	2.214363450548735	-0.105959909211420
20.000000000000000	0.441216208220012	2.261500834530465	-0.132825906732265
20.000000000000000	0.302680490985022	2.299868086971105	-0.159357363789909
20.000000000000000	0.161905578514037	2.329310716486559	-0.185447447570892
20.000000000000000	0.019458321693950	2.349710167999359	-0.210991102516162
20.000000000000000	-0.124087694647898	2.360984300118124	-0.235885473342727
20.000000000000000	-0.268154461367370	2.363087715891945	-0.260030319205582
20.000000000000000	-0.412161872442353	2.356011945607890	-0.283328417332210
20.000000000000000	-0.555530060854967	2.339785480895543	-0.305685954504374
20.000000000000000	-0.697681733511385	2.314473660001271	-0.327012904810835
20.000000000000000	-0.838044495797363	2.280178404694166	-0.347223392149923
20.000000000000000	-0.976053156409342	2.237037809863053	-0.366236036022289
20.000000000000000	-1.111152003180330	2.185225587457112	-0.383974279221453
20.000000000000000	-1.242797040736680	2.124950367009172	-0.400366696102655
20.000000000000000	-1.370458180975446	2.056454855558212	-0.415347280188715
20.000000000000000	-1.493621377542091	1.980014860353781	-0.428855709954823
20.000000000000000	-1.611790695713724	1.895938178277550	-0.440837591722027
20.000000000000000	-1.724490309353194	1.804563356453896	-0.451244678681380
20.000000000000000	-1.831266416892999	1.706258329040130	-0.460035065166814
20.000000000000000	-1.931689068634039	1.601418935685499	-0.467173355394463
20.000000000000000	-2.025353898001300	1.490467327624635	-0.472630805988998
20.000000000000000	-2.111883749785342	1.373850267823516	-0.476385441723046
20.000000000000000	-2.190930198813199	1.252037332022700	-0.478422144003681
20.000000000000000	-2.262174952933589	1.125519017921537	-0.478732711749661
20.000000000000000	-2.325331134667061	0.994804770117065	-0.477315894414286
20.000000000000000	-2.380144436360355	0.860420928750412	-0.474177397020909
20.000000000000000	-2.426394144193566	0.722908610120821	-0.469329857190819
20.000000000000000	-2.463894026916794	0.582821527801300	-0.462792794256003
20.000000000000000	-2.492493085737665	0.440723763029484	-0.454592530661685
20.000000000000000	-2.512076162340165	0.297187493351590	-0.444762085975126
20.000000000000000	-2.522564402586542	0.152790688665379	-0.433341043927486
20.000000000000000	-2.523915574035082	0.008114783939370	-0.420375393024104
20.000000000000000	-2.516124235995250	-0.136257662020566	-0.405917341365022
20.000000000000000	-2.499221761435428	-0.279745312329901	-0.390025106421393
20.000000000000000	-2.473276210655043	-0.421770392863913	-0.372762680614269
20.000000000000000	-2.438392057229771	-0.561761018750159	-0.354199573639710
20.000000000000000	-2.394709767333309	-0.699153497147013	-0.334410532577770
20.000000000000000	-2.342405234129678	-0.833394597035791	-0.313475240912385
20.000000000000000	-2.281689069513530	-0.963943776886800	-0.291477997674113
20.000000000000000	-2.212805756050383	-1.090275361229299	-0.268507377997683
20.000000000000000	-2.136032662531616	-1.211880657361089	-0.244655876461196
20.000000000000000	-2.051678927108243	-1.328270003674475	-0.220019534643099
20.000000000000000	-1.960084212500691	-1.438974741350751	-0.194697554396652
20.000000000000000	-1.861617338296900	-1.543549101483839	-0.168791898399071
20.000000000000000	-1.756674795846019	-1.641572000034353	-0.142406879583819
20.000000000000000	-1.645679151727681	-1.732648733386402	-0.115648741109237
20.000000000000000	-1.529077346225528	-1.816412567679743	-0.088625228554844
20.000000000000000	-1.407338893656440	-1.892526215517598	-0.061445156067916
20.000000000000000	-1.280953991802083	-1.960683194103964	-0.034217968207320
20.000000000000000	-1.150431548055460	-2.020609059341652	-0.007053299248906
20.000000000000000	-1.016297130230454	-2.072062510921815	0.019939468273033
20.000000000000000	-0.879090850285744	-2.114836363955110	0.046651644010615
20.000000000000000	-0.739365189484562	-2.148758383232139	0.072975667460039
20.000000000000000	-0.597682773747655	-2.173691976753839	0.098805541069775
20.000000000000000	-0.454614108157267	-2.189536745739254	0.124037257055291
20.000000000000000	-0.310735279734540	-2.196228888895993	0.148569216201689
20.000000000000000	-0.166625637740395	-2.193741459325512	0.172302636967888
20.000000000000000	-0.022865460840539	-2.182084473028771	0.195141953245027
20.000000000000000	0.119966379471905	-2.161304868575325	0.216995199167452
20.000000000000000	0.261294749787610	-2.131486318098276	0.237774379426799
20.000000000000000	0.400550570640282	-2.092748890376125	0.257395823598047
20.000000000000000	0.537173107988823	-2.045248567358173	0.275780523050784
20.000000000000000	0.670612231095401	-1.989176616080272	0.292854449089080
20.000000000000000	0.800330627707774	-1.924758818499972	0.308548851038914
20.000000000000000	0.925805967626084	-1.852254562352268	0.322800533082875
20.000000000000000	1.046533005942220	-1.771955796686741	0.335552108727416
20.000000000000000	1.162025617482737	-1.684185856291779	0.346752231878003
20.000000000000000	1.271818754263360	-1.589298159739498	0.356355803591725
20.000000000000000	1.375470318073076	-1.487674786293893	0.364324153674809
20.000000000000000	1.472562940647600	-1.379724937412490	0.370625196393852
20.000000000000000	1.562705664264056	-1.265883289036513	0.375233559673738
20.000000000000000	1.645535515989756	-1.146608241304270	0.378130687262030
20.000000000000000	1.720718969246081	-1.022380072735590	0.379304913448456
20.000000000000000	1.787953286802296	-0.893699006319747	0.378751510038597
20.000000000000000	1.846967739791539	-0.761083195294013	0.376472705392664
20.000000000000000	1.897524697840404	-0.625066636723467	0.372477675452678


21.000000000000000	0.619340652319014	-1.100870892275358	-0.157700022167048
21.000000000000000	0.710089621969001	-1.045687905515699	-0.158293870846105
21.000000000000000	0.797070508844083	-0.984678916649068	-0.158018921542829
21.000000000000000	0.879933071612178	-0.918089587340887	-0.156876281381023
21.000000000000000	0.958343651978842	-0.846188049317994	-0.154870551369330
21.000000000000000	1.031986518211464	-0.769263824696804	-0.152009807874597
21.000000000000000	1.100565136479518	-0.687626660179943	-0.148305570101197
21.000000000000000	1.163803364891633	-0.601605279815592	-0.143772753707255
21.000000000000000	1.221446565421533	-0.511546061341767	-0.138429610744560
21.000000000000000	1.273262629245492	-0.417811641445422	-0.132297656163993
21.000000000000000	1.319042911362648	-0.320779455552501	-0.125401581182417
21.000000000000000	1.358603070734780	-0.220840218028689	-0.117769153859855
21.000000000000000	1.391783812562608	-0.118396348910563	-0.109431107287316
21.000000000000000	1.418451529709729	-0.013860353502137	-0.100421015835488
21.000000000000000	1.438498840691394	0.092346838638408	-0.090775159962591
21.000000000000000	1.451845022061855	0.199797568633488	-0.080532380125780
21.000000000000000	1.458436333459184	0.308059170317479	-0.069733920384334
21.000000000000000	1.458246233998746	0.416695712430657	-0.058423262324381
21.000000000000000	1.451275489143975	0.525269753960523	-0.046645949973903
21.000000000000000	1.437552167624118	0.633344105562368	-0.034449406413006
21.000000000000000	1.417131528411377	0.740483589966460	-0.021882742817916
21.000000000000000	1.390095798212523	0.846256794283316	-0.008996560707605
21.000000000000000	1.356553840370974	0.950237807151148	0.004157251810667
21.000000000000000	1.316640716512534	1.052007933730585	0.017525728976444
21.000000000000000	1.270517142699892	1.151157381641026	0.031055040650502
21.000000000000000	1.218368842285763	1.247286911049914	0.044690709069814
21.000000000000000	1.160405798070498	1.340009442270638	0.058377828210281
21.000000000000000	1.096861406775457	1.428951614395811	0.072061284873907
21.000000000000000	1.027991539236787	1.513755288689873	0.085685980610198
21.000000000000000	0.954073510103876	1.594078990687367	0.099197053578176
21.000000000000000	0.875404961191134	1.669599285190102	0.112540099455648
21.000000000000000	0.792302662979459	1.740012078626530	0.125661390506211
21.000000000000000	0.705101239093311	1.805033843529242	0.138508091921880
21.000000000000000	0.614151818889480	1.864402760200000	0.151028474570220
21.000000000000000	0.519820623583097	1.917879770965261	0.163172123289295
21.000000000000000	0.422487491604051	1.965249542777050	0.174890139891740
21.000000000000000	0.322544349121702	2.006321334283146	0.186135340060497
21.000000000000000	0.220393631896514	2.040929763875189	0.196862443343411
21.000000000000000	0.116446664813296	2.068935475622040	0.207028255481624
21.000000000000000	0.011122005621057	2.090225700406937	0.216591842337616
21.000000000000000	-0.095156240451318	2.104714710008921	0.225514694722528
21.000000000000000	-0.201960128417141	2.112344162300134	0.233760883459069
21.000000000000000	-0.308859596715339	2.113083336168963	0.241297204055639
21.000000000000000	-0.415424198916577	2.106929255223129	0.248093310409093
21.000000000000000	-0.521224836979103	2.093906699774553	0.254121836997789
21.000000000000000	-0.625835489075115	2.074068107057798	0.259358509072884
21.000000000000000	-0.728834925030300	2.047493360083828	0.263782240404184
21.000000000000000	-0.829808402469077	2.014289465979313	0.267375218186946
21.000000000000000	-0.928349336835758	1.974590125106707	0.270122974767757
21.000000000000000	-1.024060938567057	1.928555192700067	0.272014445900671
21.000000000000000	-1.116557810823617	1.876370035184454	0.273042015299017
21.000000000000000	-1.205467501347055	1.818244783770756	0.273201545303504
21.000000000000000	-1.290432002193753	1.754413488331469	0.272492393543107
21.000000000000000	-1.371109191306494	1.685133174964473	0.270917415521676
21.000000000000000	-1.447174210119232	1.610682811039639	0.268482953119824
21.000000000000000	-1.518320771647882	1.531362181895701	0.265198809058416
21.000000000000000	-1.584262393799905	1.447490683710499	0.261078207426467
21.000000000000000	-1.644733552936577	1.359406037405305	0.256137740432409
21.000000000000000	-1.699490753042975	1.267462928761859	0.250397301593121
21.000000000000000	-1.748313506200483	1.172031580227924	0.243880005629756
21.000000000000000	-1.791005220413823	1.073496260162145	0.236612095392920
21.000000000000000	-1.827393991217631	0.972253735521000	0.228622836191972
21.000000000000000	-1.857333293875070	0.868711674218300	0.219944397953956
21.000000000000000	-1.880702573381230	0.763287003590387	0.210611725686655
21.000000000000000	-1.897407729895580	0.656404231576898	0.200662398767381
21.000000000000000	-1.907381497648819	0.548493737377124	0.190136479624086
21.000000000000000	-1.910583715798383	0.439990038464868	0.179076352418101
21.000000000000000	-1.907001490141986	0.331330040939949	0.167526552378083
21.000000000000000	-1.896649245038023	0.222951280261530	0.155533586472362
21.000000000000000	-1.879568665323768	0.115290159447253	0.143145746141799
21.000000000000000	-1.855828528465244	0.008780191832315	0.130412912847192
21.000000000000000	-1.825524427614649	-0.096149744535725	0.117386357214247
21.000000000000000	-1.788778386690464	-0.199077133837481	0.104118532584854
21.000000000000000	-1.745738369030204	-0.299587523803818	0.090662863806000
21.000000000000000	-1.696577681594281	-0.397276194568856	0.077073532106764
21.000000000000000	-1.641494277120042	-0.491749788334030	0.063405256929627
21.000000000000000	-1.580709957035960	-0.582627893281116	0.049713075594597
21.000000000000000	-1.514469478345566	-0.669544575356352	0.036052121683339
21.000000000000000	-1.443039568077381	-0.752149851757724	0.022477403035705
21.000000000000000	-1.366707849269317	-0.830111100192179	0.009043580252577
21.000000000000000	-1.285781682812206	-0.903114398228210	-0.004195253403082
21.000000000000000	-1.200586929815985	-0.970865787350684	-0.017185789820704
21.000000000000000	-1.111466639482015	-1.033092456628036	-0.029875720695064
21.000000000000000	-1.018779667765018	-1.089543841225600	-0.042213948153363
21.000000000000000	-0.922899232386809	-1.139992631341768	-0.054150790508328
21.000000000000000	-0.824211410020253	-1.184235687504327	-0.065638182308828
21.000000000000000	-0.723113581694771	-1.222094858541421	-0.076629867882487
21.000000000000000	-0.620012832683179	-1.253417698933444	-0.087081587590946
21.000000000000000	-0.515324313312981	-1.278078082657337	-0.096951256047809
21.000000000000000	-0.409469567302518	-1.295976711051574	-0.106199131581638
21.000000000000000	-0.302874834353204	-1.307041512656819	-0.114787976261638
21.000000000000000	-0.195969333832677	-1.311227933422261	-0.122683205841662
21.000000000000000	-0.089183536459905	-1.308519116109050	-0.129853029018764
21.000000000000000	0.017052569048478	-1.298925968168445	-0.136268575445554
21.000000000000000	0.122311207390955	-1.282487117821361	-0.141904011980897
21.000000000000000	0.226168539181306	-1.259268758516156	-0.146736646710859
21.000000000000000	0.328206367600208	-1.229364382390977	-0.150747020321030
21.000000000000000	0.428013822326233	-1.192894403813917	-0.153918984452319
21.000000000000000	0.525189013965620	-1.150005674516854	-0.156239766724693
21.000000000000000	0.619340652319013	-1.100870892275358	-0.157700022167048


