# n	x	y	z
1.000000000000000	0.123883114064808	0.466477081388961	-0.014579885188125
1.000000000000000	0.092869906664835	0.473774928865326	-0.010862173284623
1.000000000000000	0.061458824336836	0.479074979854722	-0.007097908012862
1.000000000000000	0.029776348423002	0.482355892922434	-0.003302246740519
1.000000000000000	-0.002049946928296	0.483604456989517	0.000509526744119
1.000000000000000	-0.033891908458571	0.482815644529144	0.004322063774570
1.000000000000000	-0.065621319827163	0.479992631810688	0.008120012609824
1.000000000000000	-0.097110417893187	0.475146786110001	0.011888080250384
1.000000000000000	-0.128232407172613	0.468297619937408	0.015611094017777
1.000000000000000	-0.158861970398925	0.459472712467716	0.019274062649576
1.000000000000000	-0.188875773131524	0.448707598488610	0.022862236663923
1.000000000000000	-0.218152960379990	0.436045625314603	0.026361167750487
1.000000000000000	-0.246575643244476	0.421537778242703	0.029756766948707
1.000000000000000	-0.274029373612693	0.405242475252614	0.033035361379067
1.000000000000000	-0.300403605002074	0.387225331778151	0.036183749298957
1.000000000000000	-0.325592137691432	0.367558896497048	0.039189253261426
1.000000000000000	-0.349493546349764	0.346322359203035	0.042039771162792
1.000000000000000	-0.372011588440256	0.323601231936492	0.044723824973538
1.000000000000000	-0.393055591755012	0.299487004657642	0.047230606956288
1.000000000000000	-0.412540819520033	0.274076776848770	0.049550023184752
1.000000000000000	-0.430388811600300	0.247472866528880	0.051672734188400
1.000000000000000	-0.446527700431042	0.219782398255147	0.053590192559219
1.000000000000000	-0.460892500403059	0.191116871770130	0.055294677369104
1.000000000000000	-0.473425369536831	0.161591713031666	0.056779325259313
1.000000000000000	-0.484075842391752	0.131325809433274	0.058038158076790
1.000000000000000	-0.492801033272655	0.100441031086583	0.059066106946075
1.000000000000000	-0.499565808915364	0.069061740093404	0.059859032679880
1.000000000000000	-0.504342929955951	0.037314289783442	0.060413742446134
1.000000000000000	-0.507113160614041	0.005326515934030	0.060728002624389
1.000000000000000	-0.507865346148509	-0.026772777979425	0.060800547799823
1.000000000000000	-0.506596457773687	-0.058854339429581	0.060631085858619
1.000000000000000	-0.503311604855215	-0.090788987291463	0.060220299164204
1.000000000000000	-0.498024014336427	-0.122448132009268	0.059569841809612
1.000000000000000	-0.490754977478119	-0.153704293381115	0.058682332957035
1.000000000000000	-0.481533764126159	-0.184431613876827	0.057561346291381
1.000000000000000	-0.470397504852146	-0.214506365421783	0.056211395630308
1.000000000000000	-0.457391041441702	-0.243807447606209	0.054637916748671
1.000000000000000	-0.442566746332431	-0.272216875313782	0.052847245490577
1.000000000000000	-0.425984311728596	-0.299620253806054	0.050846592257177
1.000000000000000	-0.407710509241679	-0.325907239349688	0.048644012972922
1.000000000000000	-0.387818921024671	-0.350971983531729	0.046248376647204
1.000000000000000	-0.366389643482709	-0.374713559473799	0.043669329661982
1.000000000000000	-0.343508964753125	-0.397036368229023	0.040917256929206
1.000000000000000	-0.319269017253569	-0.417850523725238	0.038003240074445
1.000000000000000	-0.293767406697284	-0.437072214704488	0.034939012815089
1.000000000000000	-0.267106819069346	-0.454624042201376	0.031736913712810
1.000000000000000	-0.239394607146445	-0.470435331201379	0.028409836490534
1.000000000000000	-0.210742358225140	-0.484442415224191	0.024971178113963
1.000000000000000	-0.181265444799206	-0.496588892686165	0.021434784846726
1.000000000000000	-0.151082559995315	-0.506825854009585	0.017814896496363
1.000000000000000	-0.120315239637713	-0.515112078564274	0.014126089075644
1.000000000000000	-0.089087372866344	-0.521414200648520	0.010383216110109
1.000000000000000	-0.057524703279017	-0.525706843840985	0.006601348828168
1.000000000000000	-0.025754322606312	-0.527972723182596	0.002795715474579
1.000000000000000	0.006095841041960	-0.528202714776971	-0.001018360008318
1.000000000000000	0.037897538298104	-0.526395892529133	-0.004825519684709
1.000000000000000	0.069522714951482	-0.522559531874569	-0.008610433466288
1.000000000000000	0.100844027577617	-0.516709080483615	-0.012357860841119
1.000000000000000	0.131735356305227	-0.508868096059141	-0.016052712241796
1.000000000000000	0.162072312656429	-0.499068151477998	-0.019680109805802
1.000000000000000	0.191732740415235	-0.487348707658186	-0.023225447283415
1.000000000000000	0.220597207507524	-0.473756954663661	-0.026674448851917
1.000000000000000	0.248549486911849	-0.458347621686609	-0.030013226599295
1.000000000000000	0.275477024664631	-0.441182756672300	-0.033228336445961
1.000000000000000	0.301271393075248	-0.422331476473914	-0.036306832279316
1.000000000000000	0.325828727326070	-0.401869688543369	-0.039236318083175
1.000000000000000	0.349050143699428	-0.379879785278799	-0.042004997852149
1.000000000000000	0.370842137747441	-0.356450312259453	-0.044601723089997
1.000000000000000	0.391116960801426	-0.331675611703893	-0.047016037700684
1.000000000000000	0.409792973304817	-0.305655442587180	-0.049238220091391
1.000000000000000	0.426794973546844	-0.278494578946689	-0.051259322317935
1.000000000000000	0.442054500473284	-0.250302387994044	-0.053071206114985
1.000000000000000	0.455510109354959	-0.221192389731954	-0.054666575665984
1.000000000000000	0.467107619203975	-0.191281799849226	-0.056039006980826
1.000000000000000	0.476800330941439	-0.160691057734562	-0.057182973762997
1.000000000000000	0.484549215438166	-0.129543341509648	-0.058093869662021
1.000000000000000	0.490323070671210	-0.097964072034326	-0.058768026821607
1.000000000000000	0.494098647363392	-0.066080407881070	-0.059202730648814
1.000000000000000	0.495860742599939	-0.034020733312281	-0.059396230744756
1.000000000000000	0.495602261045255	-0.001914141322189	-0.059347747952840
1.000000000000000	0.493324243513330	0.030110086175086	-0.059057477496158
1.000000000000000	0.489035862776754	0.061922998918164	-0.058526588191391
1.000000000000000	0.482754386631196	0.093396497535597	-0.057757217742394
1.000000000000000	0.474505108364085	0.124403849356827	-0.056752464132420
1.000000000000000	0.464321244907473	0.154820198719924	-0.055516373149636
1.000000000000000	0.452243803085167	0.184523069721262	-0.054053922096159
1.000000000000000	0.438321414492729	0.213392859382762	-0.052370999746218
1.000000000000000	0.422610139675199	0.241313319250870	-0.050474382634140
1.000000000000000	0.405173242391072	0.268172023488049	-0.048371707767635
1.000000000000000	0.386080934871466	0.293860821571949	-0.046071441876264
1.000000000000000	0.365410095100252	0.318276273779386	-0.043582847318909
1.000000000000000	0.343243957253545	0.341320067701604	-0.040915944787518
1.000000000000000	0.319671776545052	0.362899414113640	-0.038081472957317
1.000000000000000	0.294788469826833	0.382927420603790	-0.035090845245958
1.000000000000000	0.268694233392634	0.401323441458677	-0.031956103855711
1.000000000000000	0.241494139522777	0.418013402395080	-0.028689871283767
1.000000000000000	0.213297713395173	0.432930098830927	-0.025305299495897
1.000000000000000	0.184218492066084	0.446013466494424	-0.021816016968127
1.000000000000000	0.154373567296474	0.457210823281683	-0.018236073809676
1.000000000000000	0.123883114064808	0.466477081388961	-0.014579885188125


2.000000000000000	nan	nan	nan
2.000000000000000	nan	nan	nan
2.000000000000000	nan	nan	nan
2.000000000000000	nan	nan	nan
2.000000000000000	nan	nan	nan
2.000000000000000	nan	nan	nan
2.000000000000000	nan	nan	nan
2.000000000000000	nan	nan	nan
2.000000000000000	nan	nan	nan
2.000000000000000	nan	nan	nan
2.000000000000000	nan	nan	nan
2.000000000000000	nan	nan	nan
2.000000000000000	nan	nan	nan
2.000000000000000	nan	nan	nan
2.000000000000000	nan	nan	nan
2.000000000000000	nan	nan	nan
2.000000000000000	nan	nan	nan
2.000000000000000	nan	nan	nan
2.000000000000000	nan	nan	nan
2.000000000000000	nan	nan	nan
2.000000000000000	nan	nan	nan
2.000000000000000	nan	nan	nan
2.000000000000000	nan	nan	nan
2.000000000000000	nan	nan	nan
2.000000000000000	nan	nan	nan
2.000000000000000	nan	nan	nan
2.000000000000000	nan	nan	nan
2.000000000000000	nan	nan	nan
2.000000000000000	nan	nan	nan
2.000000000000000	nan	nan	nan
2.000000000000000	nan	nan	nan
2.000000000000000	nan	nan	nan
2.000000000000000	nan	nan	nan
2.000000000000000	nan	nan	nan
2.000000000000000	nan	nan	nan
2.000000000000000	nan	nan	nan
2.000000000000000	nan	nan	nan
2.000000000000000	nan	nan	nan
2.000000000000000	nan	nan	nan
2.000000000000000	nan	nan	nan
2.000000000000000	nan	nan	nan
2.000000000000000	nan	nan	nan
2.000000000000000	nan	nan	nan
2.000000000000000	nan	nan	nan
2.000000000000000	nan	nan	nan
2.000000000000000	nan	nan	nan
2.000000000000000	nan	nan	nan
2.000000000000000	nan	nan	nan
2.000000000000000	nan	nan	nan
2.000000000000000	nan	nan	nan
2.000000000000000	nan	nan	nan
2.000000000000000	nan	nan	nan
2.000000000000000	nan	nan	nan
2.000000000000000	nan	nan	nan
2.000000000000000	nan	nan	nan
2.000000000000000	nan	nan	nan
2.000000000000000	nan	nan	nan
2.000000000000000	nan	nan	nan
2.000000000000000	nan	nan	nan
2.000000000000000	nan	nan	nan
2.000000000000000	nan	nan	nan
2.000000000000000	nan	nan	nan
2.000000000000000	nan	nan	nan
2.000000000000000	nan	nan	nan
2.000000000000000	nan	nan	nan
2.000000000000000	nan	nan	nan
2.000000000000000	nan	nan	nan
2.000000000000000	nan	nan	nan
2.000000000000000	nan	nan	nan
2.000000000000000	nan	nan	nan
2.000000000000000	nan	nan	nan
2.000000000000000	nan	nan	nan
2.000000000000000	nan	nan	nan
2.000000000000000	nan	nan	nan
2.000000000000000	nan	nan	nan
2.000000000000000	nan	nan	nan
2.000000000000000	nan	nan	nan
2.000000000000000	nan	nan	nan
2.000000000000000	nan	nan	nan
2.000000000000000	nan	nan	nan
2.000000000000000	nan	nan	nan
2.000000000000000	nan	nan	nan
2.000000000000000	nan	nan	nan
2.000000000000000	nan	nan	nan
2.000000000000000	nan	nan	nan
2.000000000000000	nan	nan	nan
2.000000000000000	nan	nan	nan
2.000000000000000	nan	nan	nan
2.000000000000000	nan	nan	nan
2.000000000000000	nan	nan	nan
2.000000000000000	nan	nan	nan
2.000000000000000	nan	nan	nan
2.000000000000000	nan	nan	nan
2.000000000000000	nan	nan	nan
2.000000000000000	nan	nan	nan
2.000000000000000	nan	nan	nan
2.000000000000000	nan	nan	nan
2.000000000000000	nan	nan	nan
2.000000000000000	nan	nan	nan
2.000000000000000	nan	nan	nan


3.000000000000000	nan	nan	nan
3.000000000000000	nan	nan	nan
3.000000000000000	nan	nan	nan
3.000000000000000	nan	nan	nan
3.000000000000000	nan	nan	nan
3.000000000000000	nan	nan	nan
3.000000000000000	nan	nan	nan
3.000000000000000	nan	nan	nan
3.000000000000000	nan	nan	nan
3.000000000000000	nan	nan	nan
3.000000000000000	nan	nan	nan
3.000000000000000	nan	nan	nan
3.000000000000000	nan	nan	nan
3.000000000000000	nan	nan	nan
3.000000000000000	nan	nan	nan
3.000000000000000	nan	nan	nan
3.000000000000000	nan	nan	nan
3.000000000000000	nan	nan	nan
3.000000000000000	nan	nan	nan
3.000000000000000	nan	nan	nan
3.000000000000000	nan	nan	nan
3.000000000000000	nan	nan	nan
3.000000000000000	nan	nan	nan
3.000000000000000	nan	nan	nan
3.000000000000000	nan	nan	nan
3.000000000000000	nan	nan	nan
3.000000000000000	nan	nan	nan
3.000000000000000	nan	nan	nan
3.000000000000000	nan	nan	nan
3.000000000000000	nan	nan	nan
3.000000000000000	nan	nan	nan
3.000000000000000	nan	nan	nan
3.000000000000000	nan	nan	nan
3.000000000000000	nan	nan	nan
3.000000000000000	nan	nan	nan
3.000000000000000	nan	nan	nan
3.000000000000000	nan	nan	nan
3.000000000000000	nan	nan	nan
3.000000000000000	nan	nan	nan
3.000000000000000	nan	nan	nan
3.000000000000000	nan	nan	nan
3.000000000000000	nan	nan	nan
3.000000000000000	nan	nan	nan
3.000000000000000	nan	nan	nan
3.000000000000000	nan	nan	nan
3.000000000000000	nan	nan	nan
3.000000000000000	nan	nan	nan
3.000000000000000	nan	nan	nan
3.000000000000000	nan	nan	nan
3.000000000000000	nan	nan	nan
3.000000000000000	nan	nan	nan
3.000000000000000	nan	nan	nan
3.000000000000000	nan	nan	nan
3.000000000000000	nan	nan	nan
3.000000000000000	nan	nan	nan
3.000000000000000	nan	nan	nan
3.000000000000000	nan	nan	nan
3.000000000000000	nan	nan	nan
3.000000000000000	nan	nan	nan
3.000000000000000	nan	nan	nan
3.000000000000000	nan	nan	nan
3.000000000000000	nan	nan	nan
3.000000000000000	nan	nan	nan
3.000000000000000	nan	nan	nan
3.000000000000000	nan	nan	nan
3.000000000000000	nan	nan	nan
3.000000000000000	nan	nan	nan
3.000000000000000	nan	nan	nan
3.000000000000000	nan	nan	nan
3.000000000000000	nan	nan	nan
3.000000000000000	nan	nan	nan
3.000000000000000	nan	nan	nan
3.000000000000000	nan	nan	nan
3.000000000000000	nan	nan	nan
3.000000000000000	nan	nan	nan
3.000000000000000	nan	nan	nan
3.000000000000000	nan	nan	nan
3.000000000000000	nan	nan	nan
3.000000000000000	nan	nan	nan
3.000000000000000	nan	nan	nan
3.000000000000000	nan	nan	nan
3.000000000000000	nan	nan	nan
3.000000000000000	nan	nan	nan
3.000000000000000	nan	nan	nan
3.000000000000000	nan	nan	nan
3.000000000000000	nan	nan	nan
3.000000000000000	nan	nan	nan
3.000000000000000	nan	nan	nan
3.000000000000000	nan	nan	nan
3.000000000000000	nan	nan	nan
3.000000000000000	nan	nan	nan
3.000000000000000	nan	nan	nan
3.000000000000000	nan	nan	nan
3.000000000000000	nan	nan	nan
3.000000000000000	nan	nan	nan
3.000000000000000	nan	nan	nan
3.000000000000000	nan	nan	nan
3.000000000000000	nan	nan	nan
3.000000000000000	nan	nan	nan
3.000000000000000	nan	nan	nan


4.000000000000000	nan	nan	nan
4.000000000000000	nan	nan	nan
4.000000000000000	nan	nan	nan
4.000000000000000	nan	nan	nan
4.000000000000000	nan	nan	nan
4.000000000000000	nan	nan	nan
4.000000000000000	nan	nan	nan
4.000000000000000	nan	nan	nan
4.000000000000000	nan	nan	nan
4.000000000000000	nan	nan	nan
4.000000000000000	nan	nan	nan
4.000000000000000	nan	nan	nan
4.000000000000000	nan	nan	nan
4.000000000000000	nan	nan	nan
4.000000000000000	nan	nan	nan
4.000000000000000	nan	nan	nan
4.000000000000000	nan	nan	nan
4.000000000000000	nan	nan	nan
4.000000000000000	nan	nan	nan
4.000000000000000	nan	nan	nan
4.000000000000000	nan	nan	nan
4.000000000000000	nan	nan	nan
4.000000000000000	nan	nan	nan
4.000000000000000	nan	nan	nan
4.000000000000000	nan	nan	nan
4.000000000000000	nan	nan	nan
4.000000000000000	nan	nan	nan
4.000000000000000	nan	nan	nan
4.000000000000000	nan	nan	nan
4.000000000000000	nan	nan	nan
4.000000000000000	nan	nan	nan
4.000000000000000	nan	nan	nan
4.000000000000000	nan	nan	nan
4.000000000000000	nan	nan	nan
4.000000000000000	nan	nan	nan
4.000000000000000	nan	nan	nan
4.000000000000000	nan	nan	nan
4.000000000000000	nan	nan	nan
4.000000000000000	nan	nan	nan
4.000000000000000	nan	nan	nan
4.000000000000000	nan	nan	nan
4.000000000000000	nan	nan	nan
4.000000000000000	nan	nan	nan
4.000000000000000	nan	nan	nan
4.000000000000000	nan	nan	nan
4.000000000000000	nan	nan	nan
4.000000000000000	nan	nan	nan
4.000000000000000	nan	nan	nan
4.000000000000000	nan	nan	nan
4.000000000000000	nan	nan	nan
4.000000000000000	nan	nan	nan
4.000000000000000	nan	nan	nan
4.000000000000000	nan	nan	nan
4.000000000000000	nan	nan	nan
4.000000000000000	nan	nan	nan
4.000000000000000	nan	nan	nan
4.000000000000000	nan	nan	nan
4.000000000000000	nan	nan	nan
4.000000000000000	nan	nan	nan
4.000000000000000	nan	nan	nan
4.000000000000000	nan	nan	nan
4.000000000000000	nan	nan	nan
4.000000000000000	nan	nan	nan
4.000000000000000	nan	nan	nan
4.000000000000000	nan	nan	nan
4.000000000000000	nan	nan	nan
4.000000000000000	nan	nan	nan
4.000000000000000	nan	nan	nan
4.000000000000000	nan	nan	nan
4.000000000000000	nan	nan	nan
4.000000000000000	nan	nan	nan
4.000000000000000	nan	nan	nan
4.000000000000000	nan	nan	nan
4.000000000000000	nan	nan	nan
4.000000000000000	nan	nan	nan
4.000000000000000	nan	nan	nan
4.000000000000000	nan	nan	nan
4.000000000000000	nan	nan	nan
4.000000000000000	nan	nan	nan
4.000000000000000	nan	nan	nan
4.000000000000000	nan	nan	nan
4.000000000000000	nan	nan	nan
4.000000000000000	nan	nan	nan
4.000000000000000	nan	nan	nan
4.000000000000000	nan	nan	nan
4.000000000000000	nan	nan	nan
4.000000000000000	nan	nan	nan
4.000000000000000	nan	nan	nan
4.000000000000000	nan	nan	nan
4.000000000000000	nan	nan	nan
4.000000000000000	nan	nan	nan
4.000000000000000	nan	nan	nan
4.000000000000000	nan	nan	nan
4.000000000000000	nan	nan	nan
4.000000000000000	nan	nan	nan
4.000000000000000	nan	nan	nan
4.000000000000000	nan	nan	nan
4.000000000000000	nan	nan	nan
4.000000000000000	nan	nan	nan
4.000000000000000	nan	nan	nan


5.000000000000000	nan	nan	nan
5.000000000000000	nan	nan	nan
5.000000000000000	nan	nan	nan
5.000000000000000	nan	nan	nan
5.000000000000000	nan	nan	nan
5.000000000000000	nan	nan	nan
5.000000000000000	nan	nan	nan
5.000000000000000	nan	nan	nan
5.000000000000000	nan	nan	nan
5.000000000000000	nan	nan	nan
5.000000000000000	nan	nan	nan
5.000000000000000	nan	nan	nan
5.000000000000000	nan	nan	nan
5.000000000000000	nan	nan	nan
5.000000000000000	nan	nan	nan
5.000000000000000	nan	nan	nan
5.000000000000000	nan	nan	nan
5.000000000000000	nan	nan	nan
5.000000000000000	nan	nan	nan
5.000000000000000	nan	nan	nan
5.000000000000000	nan	nan	nan
5.000000000000000	nan	nan	nan
5.000000000000000	nan	nan	nan
5.000000000000000	nan	nan	nan
5.000000000000000	nan	nan	nan
5.000000000000000	nan	nan	nan
5.000000000000000	nan	nan	nan
5.000000000000000	nan	nan	nan
5.000000000000000	nan	nan	nan
5.000000000000000	nan	nan	nan
5.000000000000000	nan	nan	nan
5.000000000000000	nan	nan	nan
5.000000000000000	nan	nan	nan
5.000000000000000	nan	nan	nan
5.000000000000000	nan	nan	nan
5.000000000000000	nan	nan	nan
5.000000000000000	nan	nan	nan
5.000000000000000	nan	nan	nan
5.000000000000000	nan	nan	nan
5.000000000000000	nan	nan	nan
5.000000000000000	nan	nan	nan
5.000000000000000	nan	nan	nan
5.000000000000000	nan	nan	nan
5.000000000000000	nan	nan	nan
5.000000000000000	nan	nan	nan
5.000000000000000	nan	nan	nan
5.000000000000000	nan	nan	nan
5.000000000000000	nan	nan	nan
5.000000000000000	nan	nan	nan
5.000000000000000	nan	nan	nan
5.000000000000000	nan	nan	nan
5.000000000000000	nan	nan	nan
5.000000000000000	nan	nan	nan
5.000000000000000	nan	nan	nan
5.000000000000000	nan	nan	nan
5.000000000000000	nan	nan	nan
5.000000000000000	nan	nan	nan
5.000000000000000	nan	nan	nan
5.000000000000000	nan	nan	nan
5.000000000000000	nan	nan	nan
5.000000000000000	nan	nan	nan
5.000000000000000	nan	nan	nan
5.000000000000000	nan	nan	nan
5.000000000000000	nan	nan	nan
5.000000000000000	nan	nan	nan
5.000000000000000	nan	nan	nan
5.000000000000000	nan	nan	nan
5.000000000000000	nan	nan	nan
5.000000000000000	nan	nan	nan
5.000000000000000	nan	nan	nan
5.000000000000000	nan	nan	nan
5.000000000000000	nan	nan	nan
5.000000000000000	nan	nan	nan
5.000000000000000	nan	nan	nan
5.000000000000000	nan	nan	nan
5.000000000000000	nan	nan	nan
5.000000000000000	nan	nan	nan
5.000000000000000	nan	nan	nan
5.000000000000000	nan	nan	nan
5.000000000000000	nan	nan	nan
5.000000000000000	nan	nan	nan
5.000000000000000	nan	nan	nan
5.000000000000000	nan	nan	nan
5.000000000000000	nan	nan	nan
5.000000000000000	nan	nan	nan
5.000000000000000	nan	nan	nan
5.000000000000000	nan	nan	nan
5.000000000000000	nan	nan	nan
5.000000000000000	nan	nan	nan
5.000000000000000	nan	nan	nan
5.000000000000000	nan	nan	nan
5.000000000000000	nan	nan	nan
5.000000000000000	nan	nan	nan
5.000000000000000	nan	nan	nan
5.000000000000000	nan	nan	nan
5.000000000000000	nan	nan	nan
5.000000000000000	nan	nan	nan
5.000000000000000	nan	nan	nan
5.000000000000000	nan	nan	nan
5.000000000000000	nan	nan	nan


6.000000000000000	nan	nan	nan
6.000000000000000	nan	nan	nan
6.000000000000000	nan	nan	nan
6.000000000000000	nan	nan	nan
6.000000000000000	nan	nan	nan
6.000000000000000	nan	nan	nan
6.000000000000000	nan	nan	nan
6.000000000000000	nan	nan	nan
6.000000000000000	nan	nan	nan
6.000000000000000	nan	nan	nan
6.000000000000000	nan	nan	nan
6.000000000000000	nan	nan	nan
6.000000000000000	nan	nan	nan
6.000000000000000	nan	nan	nan
6.000000000000000	nan	nan	nan
6.000000000000000	nan	nan	nan
6.000000000000000	nan	nan	nan
6.000000000000000	nan	nan	nan
6.000000000000000	nan	nan	nan
6.000000000000000	nan	nan	nan
6.000000000000000	nan	nan	nan
6.000000000000000	nan	nan	nan
6.000000000000000	nan	nan	nan
6.000000000000000	nan	nan	nan
6.000000000000000	nan	nan	nan
6.000000000000000	nan	nan	nan
6.000000000000000	nan	nan	nan
6.000000000000000	nan	nan	nan
6.000000000000000	nan	nan	nan
6.000000000000000	nan	nan	nan
6.000000000000000	nan	nan	nan
6.000000000000000	nan	nan	nan
6.000000000000000	nan	nan	nan
6.000000000000000	nan	nan	nan
6.000000000000000	nan	nan	nan
6.000000000000000	nan	nan	nan
6.000000000000000	nan	nan	nan
6.000000000000000	nan	nan	nan
6.000000000000000	nan	nan	nan
6.000000000000000	nan	nan	nan
6.000000000000000	nan	nan	nan
6.000000000000000	nan	nan	nan
6.000000000000000	nan	nan	nan
6.000000000000000	nan	nan	nan
6.000000000000000	nan	nan	nan
6.000000000000000	nan	nan	nan
6.000000000000000	nan	nan	nan
6.000000000000000	nan	nan	nan
6.000000000000000	nan	nan	nan
6.000000000000000	nan	nan	nan
6.000000000000000	nan	nan	nan
6.000000000000000	nan	nan	nan
6.000000000000000	nan	nan	nan
6.000000000000000	nan	nan	nan
6.000000000000000	nan	nan	nan
6.000000000000000	nan	nan	nan
6.000000000000000	nan	nan	nan
6.000000000000000	nan	nan	nan
6.000000000000000	nan	nan	nan
6.000000000000000	nan	nan	nan
6.000000000000000	nan	nan	nan
6.000000000000000	nan	nan	nan
6.000000000000000	nan	nan	nan
6.000000000000000	nan	nan	nan
6.000000000000000	nan	nan	nan
6.000000000000000	nan	nan	nan
6.000000000000000	nan	nan	nan
6.000000000000000	nan	nan	nan
6.000000000000000	nan	nan	nan
6.000000000000000	nan	nan	nan
6.000000000000000	nan	nan	nan
6.000000000000000	nan	nan	nan
6.000000000000000	nan	nan	nan
6.000000000000000	nan	nan	nan
6.000000000000000	nan	nan	nan
6.000000000000000	nan	nan	nan
6.000000000000000	nan	nan	nan
6.000000000000000	nan	nan	nan
6.000000000000000	nan	nan	nan
6.000000000000000	nan	nan	nan
6.000000000000000	nan	nan	nan
6.000000000000000	nan	nan	nan
6.000000000000000	nan	nan	nan
6.000000000000000	nan	nan	nan
6.000000000000000	nan	nan	nan
6.000000000000000	nan	nan	nan
6.000000000000000	nan	nan	nan
6.000000000000000	nan	nan	nan
6.000000000000000	nan	nan	nan
6.000000000000000	nan	nan	nan
6.000000000000000	nan	nan	nan
6.000000000000000	nan	nan	nan
6.000000000000000	nan	nan	nan
6.000000000000000	nan	nan	nan
6.000000000000000	nan	nan	nan
6.000000000000000	nan	nan	nan
6.000000000000000	nan	nan	nan
6.000000000000000	nan	nan	nan
6.000000000000000	nan	nan	nan
6.000000000000000	nan	nan	nan


7.000000000000000	nan	nan	nan
7.000000000000000	nan	nan	nan
7.000000000000000	nan	nan	nan
7.000000000000000	nan	nan	nan
7.000000000000000	nan	nan	nan
7.000000000000000	nan	nan	nan
7.000000000000000	nan	nan	nan
7.000000000000000	nan	nan	nan
7.000000000000000	nan	nan	nan
7.000000000000000	nan	nan	nan
7.000000000000000	nan	nan	nan
7.000000000000000	nan	nan	nan
7.000000000000000	nan	nan	nan
7.000000000000000	nan	nan	nan
7.000000000000000	nan	nan	nan
7.000000000000000	nan	nan	nan
7.000000000000000	nan	nan	nan
7.000000000000000	nan	nan	nan
7.000000000000000	nan	nan	nan
7.000000000000000	nan	nan	nan
7.000000000000000	nan	nan	nan
7.000000000000000	nan	nan	nan
7.000000000000000	nan	nan	nan
7.000000000000000	nan	nan	nan
7.000000000000000	nan	nan	nan
7.000000000000000	nan	nan	nan
7.000000000000000	nan	nan	nan
7.000000000000000	nan	nan	nan
7.000000000000000	nan	nan	nan
7.000000000000000	nan	nan	nan
7.000000000000000	nan	nan	nan
7.000000000000000	nan	nan	nan
7.000000000000000	nan	nan	nan
7.000000000000000	nan	nan	nan
7.000000000000000	nan	nan	nan
7.000000000000000	nan	nan	nan
7.000000000000000	nan	nan	nan
7.000000000000000	nan	nan	nan
7.000000000000000	nan	nan	nan
7.000000000000000	nan	nan	nan
7.000000000000000	nan	nan	nan
7.000000000000000	nan	nan	nan
7.000000000000000	nan	nan	nan
7.000000000000000	nan	nan	nan
7.000000000000000	nan	nan	nan
7.000000000000000	nan	nan	nan
7.000000000000000	nan	nan	nan
7.000000000000000	nan	nan	nan
7.000000000000000	nan	nan	nan
7.000000000000000	nan	nan	nan
7.000000000000000	nan	nan	nan
7.000000000000000	nan	nan	nan
7.000000000000000	nan	nan	nan
7.000000000000000	nan	nan	nan
7.000000000000000	nan	nan	nan
7.000000000000000	nan	nan	nan
7.000000000000000	nan	nan	nan
7.000000000000000	nan	nan	nan
7.000000000000000	nan	nan	nan
7.000000000000000	nan	nan	nan
7.000000000000000	nan	nan	nan
7.000000000000000	nan	nan	nan
7.000000000000000	nan	nan	nan
7.000000000000000	nan	nan	nan
7.000000000000000	nan	nan	nan
7.000000000000000	nan	nan	nan
7.000000000000000	nan	nan	nan
7.000000000000000	nan	nan	nan
7.000000000000000	nan	nan	nan
7.000000000000000	nan	nan	nan
7.000000000000000	nan	nan	nan
7.000000000000000	nan	nan	nan
7.000000000000000	nan	nan	nan
7.000000000000000	nan	nan	nan
7.000000000000000	nan	nan	nan
7.000000000000000	nan	nan	nan
7.000000000000000	nan	nan	nan
7.000000000000000	nan	nan	nan
7.000000000000000	nan	nan	nan
7.000000000000000	nan	nan	nan
7.000000000000000	nan	nan	nan
7.000000000000000	nan	nan	nan
7.000000000000000	nan	nan	nan
7.000000000000000	nan	nan	nan
7.000000000000000	nan	nan	nan
7.000000000000000	nan	nan	nan
7.000000000000000	nan	nan	nan
7.000000000000000	nan	nan	nan
7.000000000000000	nan	nan	nan
7.000000000000000	nan	nan	nan
7.000000000000000	nan	nan	nan
7.000000000000000	nan	nan	nan
7.000000000000000	nan	nan	nan
7.000000000000000	nan	nan	nan
7.000000000000000	nan	nan	nan
7.000000000000000	nan	nan	nan
7.000000000000000	nan	nan	nan
7.000000000000000	nan	nan	nan
7.000000000000000	nan	nan	nan
7.000000000000000	nan	nan	nan


8.000000000000000	nan	nan	nan
8.000000000000000	nan	nan	nan
8.000000000000000	nan	nan	nan
8.000000000000000	nan	nan	nan
8.000000000000000	nan	nan	nan
8.000000000000000	nan	nan	nan
8.000000000000000	nan	nan	nan
8.000000000000000	nan	nan	nan
8.000000000000000	nan	nan	nan
8.000000000000000	nan	nan	nan
8.000000000000000	nan	nan	nan
8.000000000000000	nan	nan	nan
8.000000000000000	nan	nan	nan
8.000000000000000	nan	nan	nan
8.000000000000000	nan	nan	nan
8.000000000000000	nan	nan	nan
8.000000000000000	nan	nan	nan
8.000000000000000	nan	nan	nan
8.000000000000000	nan	nan	nan
8.000000000000000	nan	nan	nan
8.000000000000000	nan	nan	nan
8.000000000000000	nan	nan	nan
8.000000000000000	nan	nan	nan
8.000000000000000	nan	nan	nan
8.000000000000000	nan	nan	nan
8.000000000000000	nan	nan	nan
8.000000000000000	nan	nan	nan
8.000000000000000	nan	nan	nan
8.000000000000000	nan	nan	nan
8.000000000000000	nan	nan	nan
8.000000000000000	nan	nan	nan
8.000000000000000	nan	nan	nan
8.000000000000000	nan	nan	nan
8.000000000000000	nan	nan	nan
8.000000000000000	nan	nan	nan
8.000000000000000	nan	nan	nan
8.000000000000000	nan	nan	nan
8.000000000000000	nan	nan	nan
8.000000000000000	nan	nan	nan
8.000000000000000	nan	nan	nan
8.000000000000000	nan	nan	nan
8.000000000000000	nan	nan	nan
8.000000000000000	nan	nan	nan
8.000000000000000	nan	nan	nan
8.000000000000000	nan	nan	nan
8.000000000000000	nan	nan	nan
8.000000000000000	nan	nan	nan
8.000000000000000	nan	nan	nan
8.000000000000000	nan	nan	nan
8.000000000000000	nan	nan	nan
8.000000000000000	nan	nan	nan
8.000000000000000	nan	nan	nan
8.000000000000000	nan	nan	nan
8.000000000000000	nan	nan	nan
8.000000000000000	nan	nan	nan
8.000000000000000	nan	nan	nan
8.000000000000000	nan	nan	nan
8.000000000000000	nan	nan	nan
8.000000000000000	nan	nan	nan
8.000000000000000	nan	nan	nan
8.000000000000000	nan	nan	nan
8.000000000000000	nan	nan	nan
8.000000000000000	nan	nan	nan
8.000000000000000	nan	nan	nan
8.000000000000000	nan	nan	nan
8.000000000000000	nan	nan	nan
8.000000000000000	nan	nan	nan
8.000000000000000	nan	nan	nan
8.000000000000000	nan	nan	nan
8.000000000000000	nan	nan	nan
8.000000000000000	nan	nan	nan
8.000000000000000	nan	nan	nan
8.000000000000000	nan	nan	nan
8.000000000000000	nan	nan	nan
8.000000000000000	nan	nan	nan
8.000000000000000	nan	nan	nan
8.000000000000000	nan	nan	nan
8.000000000000000	nan	nan	nan
8.000000000000000	nan	nan	nan
8.000000000000000	nan	nan	nan
8.000000000000000	nan	nan	nan
8.000000000000000	nan	nan	nan
8.000000000000000	nan	nan	nan
8.000000000000000	nan	nan	nan
8.000000000000000	nan	nan	nan
8.000000000000000	nan	nan	nan
8.000000000000000	nan	nan	nan
8.000000000000000	nan	nan	nan
8.000000000000000	nan	nan	nan
8.000000000000000	nan	nan	nan
8.000000000000000	nan	nan	nan
8.000000000000000	nan	nan	nan
8.000000000000000	nan	nan	nan
8.000000000000000	nan	nan	nan
8.000000000000000	nan	nan	nan
8.000000000000000	nan	nan	nan
8.000000000000000	nan	nan	nan
8.000000000000000	nan	nan	nan
8.000000000000000	nan	nan	nan
8.000000000000000	nan	nan	nan


9.000000000000000	-0.729542352135155	-0.488692148998016	0.050643773225654
9.000000000000000	-0.694611103216735	-0.538011471385365	0.044324451399239
9.000000000000000	-0.656610642426643	-0.584982036303305	0.037807750886959
9.000000000000000	-0.615693984208456	-0.629414709864879	0.031119912141748
9.000000000000000	-0.572025885503539	-0.671130577375891	0.024287864729801
9.000000000000000	-0.525782182332993	-0.709961663761229	0.017339118894719
9.000000000000000	-0.477149081768058	-0.745751609941209	0.010301654783462
9.000000000000000	-0.426322412139961	-0.778356302434402	0.003203809780178
9.000000000000000	-0.373506834508337	-0.807644453651763	-0.003925835598446
9.000000000000000	-0.318915018563379	-0.833498130545409	-0.011058572786834
9.000000000000000	-0.262766786280057	-0.855813229483383	-0.018165680769783
9.000000000000000	-0.205288226772607	-0.874499895438237	-0.025218541731856
9.000000000000000	-0.146710785913466	-0.889482883801514	-0.032188756291221
9.000000000000000	-0.087270334382431	-0.900701863367227	-0.039048257853942
9.000000000000000	-0.027206217898680	-0.908111659264334	-0.045769425628243
9.000000000000000	0.033239706539961	-0.911682434859998	-0.052325195843693
9.000000000000000	0.093824044529792	-0.911399811901178	-0.058689170727452
9.000000000000000	0.154302844324591	-0.907264928410781	-0.064835724798787
9.000000000000000	0.214432579143200	-0.899294434105239	-0.070740108053843
9.000000000000000	0.273971127765921	-0.887520423351987	-0.076378545625165
9.000000000000000	0.332678749471209	-0.871990305936762	-0.081728333514707
9.000000000000000	0.390319049386946	-0.852766616161138	-0.086767930014810
9.000000000000000	0.446659930369156	-0.829926761038960	-0.091477042449063
9.000000000000000	0.501474527575287	-0.803562708605620	-0.095836708883745
9.000000000000000	0.554542121968860	-0.773780617595239	-0.099829374480842
9.000000000000000	0.605649029077130	-0.740700409976914	-0.103438962185179
9.000000000000000	0.654589459423034	-0.704455288071269	-0.106650937461053
9.000000000000000	0.701166347166791	-0.665191198191728	-0.109452366817674
9.000000000000000	0.745192143620479	-0.623066242970221	-0.111831969887772
9.000000000000000	0.786489572440409	-0.578250044733685	-0.113780164849647
9.000000000000000	0.824892343456393	-0.530923062494819	-0.115289107009793
9.000000000000000	0.860245822263569	-0.481275865307337	-0.116352720390702
9.000000000000000	0.892407652880570	-0.429508364911643	-0.116966722196684
9.000000000000000	0.921248330966820	-0.375829010760815	-0.117128640059176
9.000000000000000	0.946651725290802	-0.320453950668223	-0.116837821992092
9.000000000000000	0.968515545349544	-0.263606160456579	-0.116095439017148
9.000000000000000	0.986751753256369	-0.205514546112992	-0.114904480448562
9.000000000000000	1.001286918238390	-0.146413022065349	-0.113269741856150
9.000000000000000	1.012062512316323	-0.086539569291476	-0.111197805755252
9.000000000000000	1.019035145975993	-0.026135277053731	-0.108697015101270
9.000000000000000	1.022176742882601	0.034556627882362	-0.105777439695529
9.000000000000000	1.021474652934211	0.095291760636456	-0.102450835637741
9.000000000000000	1.016931703199246	0.155825562265037	-0.098730597988344
9.000000000000000	1.008566186532885	0.215914284513975	-0.094631706831317
9.000000000000000	0.996411787918184	0.275315971306712	-0.090170666954671
9.000000000000000	0.980517448828547	0.333791433015991	-0.085365441391493
9.000000000000000	0.960947170157679	0.391105209596057	-0.080235379089151
9.000000000000000	0.937779754510580	0.447026518697164	-0.074801136997914
9.000000000000000	0.911108488893266	0.501330184944638	-0.069084596892701
9.000000000000000	0.881040769078921	0.553797546640641	-0.063108777262899
9.000000000000000	0.847697667163022	0.604217336237652	-0.056897740625028
9.000000000000000	0.811213444048746	0.652386531038314	-0.050476496631483
9.000000000000000	0.771735008825694	0.698111170696183	-0.043870901365487
9.000000000000000	0.729421327218842	0.741207138225583	-0.037107553227773
9.000000000000000	0.684442781489669	0.781500901375726	-0.030213685834210
9.000000000000000	0.636980484366931	0.818830211383839	-0.023217058355645
9.000000000000000	0.587225549769618	0.853044756293666	-0.016145843741516
9.000000000000000	0.535378323258659	0.884006766208667	-0.009028515277335
9.000000000000000	0.481647575316059	0.911591568042762	-0.001893731932810
9.000000000000000	0.426249660699850	0.935688087534849	0.005229777037708
9.000000000000000	0.369407647259843	0.956199296505649	0.012313327777793
9.000000000000000	0.311350417722125	0.973042603555942	0.019328397328710
9.000000000000000	0.252311748059109	0.986150186632975	0.026246738481301
9.000000000000000	0.192529366156196	0.995469266125937	0.033040493517532
9.000000000000000	0.132243994565490	1.000962317390821	0.039682306383685
9.000000000000000	0.071698381201041	1.002607221848922	0.046145432843534
9.000000000000000	0.011136321878670	1.000397356050545	0.052403848167945
9.000000000000000	-0.049198321363733	0.994341618345303	0.058432351927277
9.000000000000000	-0.109062602212566	0.984464393051598	0.064206669464612
9.000000000000000	-0.168215468337577	0.970805452269585	0.069703549641237
9.000000000000000	-0.226418732024517	0.953419795732954	0.074900858460772
9.000000000000000	-0.283438029272995	0.932377429344419	0.079777668194956
9.000000000000000	-0.339043763497600	0.907763083286654	0.084314341652231
9.000000000000000	-0.393012030032305	0.879675870843755	0.088492611249774
9.000000000000000	-0.445125517715540	0.848228889307021	0.092295652570611
9.000000000000000	-0.495174383925533	0.813548764572086	0.095708152109602
9.000000000000000	-0.542957099542493	0.775775141261122	0.098716368935524
9.000000000000000	-0.588281260435242	0.735060120423239	0.101308190020950
9.000000000000000	-0.630964362204746	0.691567647077237	0.103473179017137
9.000000000000000	-0.670834535064913	0.645472850062884	0.105202618277516
9.000000000000000	-0.707731235901565	0.596961336858884	0.106489543960581
9.000000000000000	-0.741505894722893	0.546228446207074	0.107328774070818
9.000000000000000	-0.772022512898378	0.493478461552252	0.107716929324774
9.000000000000000	-0.799158210777279	0.438923788464843	0.107652446758239
9.000000000000000	-0.822803722481612	0.382784099358640	0.107135586019749
9.000000000000000	-0.842863835881281	0.325285448947517	0.106168428325076
9.000000000000000	-0.859257775979716	0.266659364002893	0.104754868076903
9.000000000000000	-0.871919530166280	0.207141911077126	0.102900597183443
9.000000000000000	-0.880798114025752	0.146972745946835	0.100613082139131
9.000000000000000	-0.885857776634570	0.086394148603668	0.097901533959685
9.000000000000000	-0.887078144517185	0.025650047678287	0.094776871092600
9.000000000000000	-0.884454303682854	-0.035014961774134	0.091251675452412
9.000000000000000	-0.877996819412550	-0.095356603171865	0.087340141757768
9.000000000000000	-0.867731693716299	-0.155131902022207	0.083058020374304
9.000000000000000	-0.853700260632269	-0.214100164294006	0.078422553893485
9.000000000000000	-0.835959019789183	-0.272023945607576	0.073452407702769
9.000000000000000	-0.814579408902254	-0.328670007339404	0.068167594826684
9.000000000000000	-0.789647516118724	-0.383810255791770	0.062589395341440
9.000000000000000	-0.761263733371276	-0.437222660645564	0.056740270687573
9.000000000000000	-0.729542352135155	-0.488692148998016	0.050643773225654


10.000000000000000	nan	nan	nan
10.000000000000000	nan	nan	nan
10.000000000000000	nan	nan	nan
10.000000000000000	nan	nan	nan
10.000000000000000	nan	nan	nan
10.000000000000000	nan	nan	nan
10.000000000000000	nan	nan	nan
10.000000000000000	nan	nan	nan
10.000000000000000	nan	nan	nan
10.000000000000000	nan	nan	nan
10.000000000000000	nan	nan	nan
10.000000000000000	nan	nan	nan
10.000000000000000	nan	nan	nan
10.000000000000000	nan	nan	nan
10.000000000000000	nan	nan	nan
10.000000000000000	nan	nan	nan
10.000000000000000	nan	nan	nan
10.000000000000000	nan	nan	nan
10.000000000000000	nan	nan	nan
10.000000000000000	nan	nan	nan
10.000000000000000	nan	nan	nan
10.000000000000000	nan	nan	nan
10.000000000000000	nan	nan	nan
10.000000000000000	nan	nan	nan
10.000000000000000	nan	nan	nan
10.000000000000000	nan	nan	nan
10.000000000000000	nan	nan	nan
10.000000000000000	nan	nan	nan
10.000000000000000	nan	nan	nan
10.000000000000000	nan	nan	nan
10.000000000000000	nan	nan	nan
10.000000000000000	nan	nan	nan
10.000000000000000	nan	nan	nan
10.000000000000000	nan	nan	nan
10.000000000000000	nan	nan	nan
10.000000000000000	nan	nan	nan
10.000000000000000	nan	nan	nan
10.000000000000000	nan	nan	nan
10.000000000000000	nan	nan	nan
10.000000000000000	nan	nan	nan
10.000000000000000	nan	nan	nan
10.000000000000000	nan	nan	nan
10.000000000000000	nan	nan	nan
10.000000000000000	nan	nan	nan
10.000000000000000	nan	nan	nan
10.000000000000000	nan	nan	nan
10.000000000000000	nan	nan	nan
10.000000000000000	nan	nan	nan
10.000000000000000	nan	nan	nan
10.000000000000000	nan	nan	nan
10.000000000000000	nan	nan	nan
10.000000000000000	nan	nan	nan
10.000000000000000	nan	nan	nan
10.000000000000000	nan	nan	nan
10.000000000000000	nan	nan	nan
10.000000000000000	nan	nan	nan
10.000000000000000	nan	nan	nan
10.000000000000000	nan	nan	nan
10.000000000000000	nan	nan	nan
10.000000000000000	nan	nan	nan
10.000000000000000	nan	nan	nan
10.000000000000000	nan	nan	nan
10.000000000000000	nan	nan	nan
10.000000000000000	nan	nan	nan
10.000000000000000	nan	nan	nan
10.000000000000000	nan	nan	nan
10.000000000000000	nan	nan	nan
10.000000000000000	nan	nan	nan
10.000000000000000	nan	nan	nan
10.000000000000000	nan	nan	nan
10.000000000000000	nan	nan	nan
10.000000000000000	nan	nan	nan
10.000000000000000	nan	nan	nan
10.000000000000000	nan	nan	nan
10.000000000000000	nan	nan	nan
10.000000000000000	nan	nan	nan
10.000000000000000	nan	nan	nan
10.000000000000000	nan	nan	nan
10.000000000000000	nan	nan	nan
10.000000000000000	nan	nan	nan
10.000000000000000	nan	nan	nan
10.000000000000000	nan	nan	nan
10.000000000000000	nan	nan	nan
10.000000000000000	nan	nan	nan
10.000000000000000	nan	nan	nan
10.000000000000000	nan	nan	nan
10.000000000000000	nan	nan	nan
10.000000000000000	nan	nan	nan
10.000000000000000	nan	nan	nan
10.000000000000000	nan	nan	nan
10.000000000000000	nan	nan	nan
10.000000000000000	nan	nan	nan
10.000000000000000	nan	nan	nan
10.000000000000000	nan	nan	nan
10.000000000000000	nan	nan	nan
10.000000000000000	nan	nan	nan
10.000000000000000	nan	nan	nan
10.000000000000000	nan	nan	nan
10.000000000000000	nan	nan	nan
10.000000000000000	nan	nan	nan


11.000000000000000	nan	nan	nan
11.000000000000000	nan	nan	nan
11.000000000000000	nan	nan	nan
11.000000000000000	nan	nan	nan
11.000000000000000	nan	nan	nan
11.000000000000000	nan	nan	nan
11.000000000000000	nan	nan	nan
11.000000000000000	nan	nan	nan
11.000000000000000	nan	nan	nan
11.000000000000000	nan	nan	nan
11.000000000000000	nan	nan	nan
11.000000000000000	nan	nan	nan
11.000000000000000	nan	nan	nan
11.000000000000000	nan	nan	nan
11.000000000000000	nan	nan	nan
11.000000000000000	nan	nan	nan
11.000000000000000	nan	nan	nan
11.000000000000000	nan	nan	nan
11.000000000000000	nan	nan	nan
11.000000000000000	nan	nan	nan
11.000000000000000	nan	nan	nan
11.000000000000000	nan	nan	nan
11.000000000000000	nan	nan	nan
11.000000000000000	nan	nan	nan
11.000000000000000	nan	nan	nan
11.000000000000000	nan	nan	nan
11.000000000000000	nan	nan	nan
11.000000000000000	nan	nan	nan
11.000000000000000	nan	nan	nan
11.000000000000000	nan	nan	nan
11.000000000000000	nan	nan	nan
11.000000000000000	nan	nan	nan
11.000000000000000	nan	nan	nan
11.000000000000000	nan	nan	nan
11.000000000000000	nan	nan	nan
11.000000000000000	nan	nan	nan
11.000000000000000	nan	nan	nan
11.000000000000000	nan	nan	nan
11.000000000000000	nan	nan	nan
11.000000000000000	nan	nan	nan
11.000000000000000	nan	nan	nan
11.000000000000000	nan	nan	nan
11.000000000000000	nan	nan	nan
11.000000000000000	nan	nan	nan
11.000000000000000	nan	nan	nan
11.000000000000000	nan	nan	nan
11.000000000000000	nan	nan	nan
11.000000000000000	nan	nan	nan
11.000000000000000	nan	nan	nan
11.000000000000000	nan	nan	nan
11.000000000000000	nan	nan	nan
11.000000000000000	nan	nan	nan
11.000000000000000	nan	nan	nan
11.000000000000000	nan	nan	nan
11.000000000000000	nan	nan	nan
11.000000000000000	nan	nan	nan
11.000000000000000	nan	nan	nan
11.000000000000000	nan	nan	nan
11.000000000000000	nan	nan	nan
11.000000000000000	nan	nan	nan
11.000000000000000	nan	nan	nan
11.000000000000000	nan	nan	nan
11.000000000000000	nan	nan	nan
11.000000000000000	nan	nan	nan
11.000000000000000	nan	nan	nan
11.000000000000000	nan	nan	nan
11.000000000000000	nan	nan	nan
11.000000000000000	nan	nan	nan
11.000000000000000	nan	nan	nan
11.000000000000000	nan	nan	nan
11.000000000000000	nan	nan	nan
11.000000000000000	nan	nan	nan
11.000000000000000	nan	nan	nan
11.000000000000000	nan	nan	nan
11.000000000000000	nan	nan	nan
11.000000000000000	nan	nan	nan
11.000000000000000	nan	nan	nan
11.000000000000000	nan	nan	nan
11.000000000000000	nan	nan	nan
11.000000000000000	nan	nan	nan
11.000000000000000	nan	nan	nan
11.000000000000000	nan	nan	nan
11.000000000000000	nan	nan	nan
11.000000000000000	nan	nan	nan
11.000000000000000	nan	nan	nan
11.000000000000000	nan	nan	nan
11.000000000000000	nan	nan	nan
11.000000000000000	nan	nan	nan
11.000000000000000	nan	nan	nan
11.000000000000000	nan	nan	nan
11.000000000000000	nan	nan	nan
11.000000000000000	nan	nan	nan
11.000000000000000	nan	nan	nan
11.000000000000000	nan	nan	nan
11.000000000000000	nan	nan	nan
11.000000000000000	nan	nan	nan
11.000000000000000	nan	nan	nan
11.000000000000000	nan	nan	nan
11.000000000000000	nan	nan	nan
11.000000000000000	nan	nan	nan


12.000000000000000	nan	nan	nan
12.000000000000000	nan	nan	nan
12.000000000000000	nan	nan	nan
12.000000000000000	nan	nan	nan
12.000000000000000	nan	nan	nan
12.000000000000000	nan	nan	nan
12.000000000000000	nan	nan	nan
12.000000000000000	nan	nan	nan
12.000000000000000	nan	nan	nan
12.000000000000000	nan	nan	nan
12.000000000000000	nan	nan	nan
12.000000000000000	nan	nan	nan
12.000000000000000	nan	nan	nan
12.000000000000000	nan	nan	nan
12.000000000000000	nan	nan	nan
12.000000000000000	nan	nan	nan
12.000000000000000	nan	nan	nan
12.000000000000000	nan	nan	nan
12.000000000000000	nan	nan	nan
12.000000000000000	nan	nan	nan
12.000000000000000	nan	nan	nan
12.000000000000000	nan	nan	nan
12.000000000000000	nan	nan	nan
12.000000000000000	nan	nan	nan
12.000000000000000	nan	nan	nan
12.000000000000000	nan	nan	nan
12.000000000000000	nan	nan	nan
12.000000000000000	nan	nan	nan
12.000000000000000	nan	nan	nan
12.000000000000000	nan	nan	nan
12.000000000000000	nan	nan	nan
12.000000000000000	nan	nan	nan
12.000000000000000	nan	nan	nan
12.000000000000000	nan	nan	nan
12.000000000000000	nan	nan	nan
12.000000000000000	nan	nan	nan
12.000000000000000	nan	nan	nan
12.000000000000000	nan	nan	nan
12.000000000000000	nan	nan	nan
12.000000000000000	nan	nan	nan
12.000000000000000	nan	nan	nan
12.000000000000000	nan	nan	nan
12.000000000000000	nan	nan	nan
12.000000000000000	nan	nan	nan
12.000000000000000	nan	nan	nan
12.000000000000000	nan	nan	nan
12.000000000000000	nan	nan	nan
12.000000000000000	nan	nan	nan
12.000000000000000	nan	nan	nan
12.000000000000000	nan	nan	nan
12.000000000000000	nan	nan	nan
12.000000000000000	nan	nan	nan
12.000000000000000	nan	nan	nan
12.000000000000000	nan	nan	nan
12.000000000000000	nan	nan	nan
12.000000000000000	nan	nan	nan
12.000000000000000	nan	nan	nan
12.000000000000000	nan	nan	nan
12.000000000000000	nan	nan	nan
12.000000000000000	nan	nan	nan
12.000000000000000	nan	nan	nan
12.000000000000000	nan	nan	nan
12.000000000000000	nan	nan	nan
12.000000000000000	nan	nan	nan
12.000000000000000	nan	nan	nan
12.000000000000000	nan	nan	nan
12.000000000000000	nan	nan	nan
12.000000000000000	nan	nan	nan
12.000000000000000	nan	nan	nan
12.000000000000000	nan	nan	nan
12.000000000000000	nan	nan	nan
12.000000000000000	nan	nan	nan
12.000000000000000	nan	nan	nan
12.000000000000000	nan	nan	nan
12.000000000000000	nan	nan	nan
12.000000000000000	nan	nan	nan
12.000000000000000	nan	nan	nan
12.000000000000000	nan	nan	nan
12.000000000000000	nan	nan	nan
12.000000000000000	nan	nan	nan
12.000000000000000	nan	nan	nan
12.000000000000000	nan	nan	nan
12.000000000000000	nan	nan	nan
12.000000000000000	nan	nan	nan
12.000000000000000	nan	nan	nan
12.000000000000000	nan	nan	nan
12.000000000000000	nan	nan	nan
12.000000000000000	nan	nan	nan
12.000000000000000	nan	nan	nan
12.000000000000000	nan	nan	nan
12.000000000000000	nan	nan	nan
12.000000000000000	nan	nan	nan
12.000000000000000	nan	nan	nan
12.000000000000000	nan	nan	nan
12.000000000000000	nan	nan	nan
12.000000000000000	nan	nan	nan
12.000000000000000	nan	nan	nan
12.000000000000000	nan	nan	nan
12.000000000000000	nan	nan	nan
12.000000000000000	nan	nan	nan


13.000000000000000	nan	nan	nan
13.000000000000000	nan	nan	nan
13.000000000000000	nan	nan	nan
13.000000000000000	nan	nan	nan
13.000000000000000	nan	nan	nan
13.000000000000000	nan	nan	nan
13.000000000000000	nan	nan	nan
13.000000000000000	nan	nan	nan
13.000000000000000	nan	nan	nan
13.000000000000000	nan	nan	nan
13.000000000000000	nan	nan	nan
13.000000000000000	nan	nan	nan
13.000000000000000	nan	nan	nan
13.000000000000000	nan	nan	nan
13.000000000000000	nan	nan	nan
13.000000000000000	nan	nan	nan
13.000000000000000	nan	nan	nan
13.000000000000000	nan	nan	nan
13.000000000000000	nan	nan	nan
13.000000000000000	nan	nan	nan
13.000000000000000	nan	nan	nan
13.000000000000000	nan	nan	nan
13.000000000000000	nan	nan	nan
13.000000000000000	nan	nan	nan
13.000000000000000	nan	nan	nan
13.000000000000000	nan	nan	nan
13.000000000000000	nan	nan	nan
13.000000000000000	nan	nan	nan
13.000000000000000	nan	nan	nan
13.000000000000000	nan	nan	nan
13.000000000000000	nan	nan	nan
13.000000000000000	nan	nan	nan
13.000000000000000	nan	nan	nan
13.000000000000000	nan	nan	nan
13.000000000000000	nan	nan	nan
13.000000000000000	nan	nan	nan
13.000000000000000	nan	nan	nan
13.000000000000000	nan	nan	nan
13.000000000000000	nan	nan	nan
13.000000000000000	nan	nan	nan
13.000000000000000	nan	nan	nan
13.000000000000000	nan	nan	nan
13.000000000000000	nan	nan	nan
13.000000000000000	nan	nan	nan
13.000000000000000	nan	nan	nan
13.000000000000000	nan	nan	nan
13.000000000000000	nan	nan	nan
13.000000000000000	nan	nan	nan
13.000000000000000	nan	nan	nan
13.000000000000000	nan	nan	nan
13.000000000000000	nan	nan	nan
13.000000000000000	nan	nan	nan
13.000000000000000	nan	nan	nan
13.000000000000000	nan	nan	nan
13.000000000000000	nan	nan	nan
13.000000000000000	nan	nan	nan
13.000000000000000	nan	nan	nan
13.000000000000000	nan	nan	nan
13.000000000000000	nan	nan	nan
13.000000000000000	nan	nan	nan
13.000000000000000	nan	nan	nan
13.000000000000000	nan	nan	nan
13.000000000000000	nan	nan	nan
13.000000000000000	nan	nan	nan
13.000000000000000	nan	nan	nan
13.000000000000000	nan	nan	nan
13.000000000000000	nan	nan	nan
13.000000000000000	nan	nan	nan
13.000000000000000	nan	nan	nan
13.000000000000000	nan	nan	nan
13.000000000000000	nan	nan	nan
13.000000000000000	nan	nan	nan
13.000000000000000	nan	nan	nan
13.000000000000000	nan	nan	nan
13.000000000000000	nan	nan	nan
13.000000000000000	nan	nan	nan
13.000000000000000	nan	nan	nan
13.000000000000000	nan	nan	nan
13.000000000000000	nan	nan	nan
13.000000000000000	nan	nan	nan
13.000000000000000	nan	nan	nan
13.000000000000000	nan	nan	nan
13.000000000000000	nan	nan	nan
13.000000000000000	nan	nan	nan
13.000000000000000	nan	nan	nan
13.000000000000000	nan	nan	nan
13.000000000000000	nan	nan	nan
13.000000000000000	nan	nan	nan
13.000000000000000	nan	nan	nan
13.000000000000000	nan	nan	nan
13.000000000000000	nan	nan	nan
13.000000000000000	nan	nan	nan
13.000000000000000	nan	nan	nan
13.000000000000000	nan	nan	nan
13.000000000000000	nan	nan	nan
13.000000000000000	nan	nan	nan
13.000000000000000	nan	nan	nan
13.000000000000000	nan	nan	nan
13.000000000000000	nan	nan	nan
13.000000000000000	nan	nan	nan


14.000000000000000	nan	nan	nan
14.000000000000000	nan	nan	nan
14.000000000000000	nan	nan	nan
14.000000000000000	nan	nan	nan
14.000000000000000	nan	nan	nan
14.000000000000000	nan	nan	nan
14.000000000000000	nan	nan	nan
14.000000000000000	nan	nan	nan
14.000000000000000	nan	nan	nan
14.000000000000000	nan	nan	nan
14.000000000000000	nan	nan	nan
14.000000000000000	nan	nan	nan
14.000000000000000	nan	nan	nan
14.000000000000000	nan	nan	nan
14.000000000000000	nan	nan	nan
14.000000000000000	nan	nan	nan
14.000000000000000	nan	nan	nan
14.000000000000000	nan	nan	nan
14.000000000000000	nan	nan	nan
14.000000000000000	nan	nan	nan
14.000000000000000	nan	nan	nan
14.000000000000000	nan	nan	nan
14.000000000000000	nan	nan	nan
14.000000000000000	nan	nan	nan
14.000000000000000	nan	nan	nan
14.000000000000000	nan	nan	nan
14.000000000000000	nan	nan	nan
14.000000000000000	nan	nan	nan
14.000000000000000	nan	nan	nan
14.000000000000000	nan	nan	nan
14.000000000000000	nan	nan	nan
14.000000000000000	nan	nan	nan
14.000000000000000	nan	nan	nan
14.000000000000000	nan	nan	nan
14.000000000000000	nan	nan	nan
14.000000000000000	nan	nan	nan
14.000000000000000	nan	nan	nan
14.000000000000000	nan	nan	nan
14.000000000000000	nan	nan	nan
14.000000000000000	nan	nan	nan
14.000000000000000	nan	nan	nan
14.000000000000000	nan	nan	nan
14.000000000000000	nan	nan	nan
14.000000000000000	nan	nan	nan
14.000000000000000	nan	nan	nan
14.000000000000000	nan	nan	nan
14.000000000000000	nan	nan	nan
14.000000000000000	nan	nan	nan
14.000000000000000	nan	nan	nan
14.000000000000000	nan	nan	nan
14.000000000000000	nan	nan	nan
14.000000000000000	nan	nan	nan
14.000000000000000	nan	nan	nan
14.000000000000000	nan	nan	nan
14.000000000000000	nan	nan	nan
14.000000000000000	nan	nan	nan
14.000000000000000	nan	nan	nan
14.000000000000000	nan	nan	nan
14.000000000000000	nan	nan	nan
14.000000000000000	nan	nan	nan
14.000000000000000	nan	nan	nan
14.000000000000000	nan	nan	nan
14.000000000000000	nan	nan	nan
14.000000000000000	nan	nan	nan
14.000000000000000	nan	nan	nan
14.000000000000000	nan	nan	nan
14.000000000000000	nan	nan	nan
14.000000000000000	nan	nan	nan
14.000000000000000	nan	nan	nan
14.000000000000000	nan	nan	nan
14.000000000000000	nan	nan	nan
14.000000000000000	nan	nan	nan
14.000000000000000	nan	nan	nan
14.000000000000000	nan	nan	nan
14.000000000000000	nan	nan	nan
14.000000000000000	nan	nan	nan
14.000000000000000	nan	nan	nan
14.000000000000000	nan	nan	nan
14.000000000000000	nan	nan	nan
14.000000000000000	nan	nan	nan
14.000000000000000	nan	nan	nan
14.000000000000000	nan	nan	nan
14.000000000000000	nan	nan	nan
14.000000000000000	nan	nan	nan
14.000000000000000	nan	nan	nan
14.000000000000000	nan	nan	nan
14.000000000000000	nan	nan	nan
14.000000000000000	nan	nan	nan
14.000000000000000	nan	nan	nan
14.000000000000000	nan	nan	nan
14.000000000000000	nan	nan	nan
14.000000000000000	nan	nan	nan
14.000000000000000	nan	nan	nan
14.000000000000000	nan	nan	nan
14.000000000000000	nan	nan	nan
14.000000000000000	nan	nan	nan
14.000000000000000	nan	nan	nan
14.000000000000000	nan	nan	nan
14.000000000000000	nan	nan	nan
14.000000000000000	nan	nan	nan


15.000000000000000	nan	nan	nan
15.000000000000000	nan	nan	nan
15.000000000000000	nan	nan	nan
15.000000000000000	nan	nan	nan
15.000000000000000	nan	nan	nan
15.000000000000000	nan	nan	nan
15.000000000000000	nan	nan	nan
15.000000000000000	nan	nan	nan
15.000000000000000	nan	nan	nan
15.000000000000000	nan	nan	nan
15.000000000000000	nan	nan	nan
15.000000000000000	nan	nan	nan
15.000000000000000	nan	nan	nan
15.000000000000000	nan	nan	nan
15.000000000000000	nan	nan	nan
15.000000000000000	nan	nan	nan
15.000000000000000	nan	nan	nan
15.000000000000000	nan	nan	nan
15.000000000000000	nan	nan	nan
15.000000000000000	nan	nan	nan
15.000000000000000	nan	nan	nan
15.000000000000000	nan	nan	nan
15.000000000000000	nan	nan	nan
15.000000000000000	nan	nan	nan
15.000000000000000	nan	nan	nan
15.000000000000000	nan	nan	nan
15.000000000000000	nan	nan	nan
15.000000000000000	nan	nan	nan
15.000000000000000	nan	nan	nan
15.000000000000000	nan	nan	nan
15.000000000000000	nan	nan	nan
15.000000000000000	nan	nan	nan
15.000000000000000	nan	nan	nan
15.000000000000000	nan	nan	nan
15.000000000000000	nan	nan	nan
15.000000000000000	nan	nan	nan
15.000000000000000	nan	nan	nan
15.000000000000000	nan	nan	nan
15.000000000000000	nan	nan	nan
15.000000000000000	nan	nan	nan
15.000000000000000	nan	nan	nan
15.000000000000000	nan	nan	nan
15.000000000000000	nan	nan	nan
15.000000000000000	nan	nan	nan
15.000000000000000	nan	nan	nan
15.000000000000000	nan	nan	nan
15.000000000000000	nan	nan	nan
15.000000000000000	nan	nan	nan
15.000000000000000	nan	nan	nan
15.000000000000000	nan	nan	nan
15.000000000000000	nan	nan	nan
15.000000000000000	nan	nan	nan
15.000000000000000	nan	nan	nan
15.000000000000000	nan	nan	nan
15.000000000000000	nan	nan	nan
15.000000000000000	nan	nan	nan
15.000000000000000	nan	nan	nan
15.000000000000000	nan	nan	nan
15.000000000000000	nan	nan	nan
15.000000000000000	nan	nan	nan
15.000000000000000	nan	nan	nan
15.000000000000000	nan	nan	nan
15.000000000000000	nan	nan	nan
15.000000000000000	nan	nan	nan
15.000000000000000	nan	nan	nan
15.000000000000000	nan	nan	nan
15.000000000000000	nan	nan	nan
15.000000000000000	nan	nan	nan
15.000000000000000	nan	nan	nan
15.000000000000000	nan	nan	nan
15.000000000000000	nan	nan	nan
15.000000000000000	nan	nan	nan
15.000000000000000	nan	nan	nan
15.000000000000000	nan	nan	nan
15.000000000000000	nan	nan	nan
15.000000000000000	nan	nan	nan
15.000000000000000	nan	nan	nan
15.000000000000000	nan	nan	nan
15.000000000000000	nan	nan	nan
15.000000000000000	nan	nan	nan
15.000000000000000	nan	nan	nan
15.000000000000000	nan	nan	nan
15.000000000000000	nan	nan	nan
15.000000000000000	nan	nan	nan
15.000000000000000	nan	nan	nan
15.000000000000000	nan	nan	nan
15.000000000000000	nan	nan	nan
15.000000000000000	nan	nan	nan
15.000000000000000	nan	nan	nan
15.000000000000000	nan	nan	nan
15.000000000000000	nan	nan	nan
15.000000000000000	nan	nan	nan
15.000000000000000	nan	nan	nan
15.000000000000000	nan	nan	nan
15.000000000000000	nan	nan	nan
15.000000000000000	nan	nan	nan
15.000000000000000	nan	nan	nan
15.000000000000000	nan	nan	nan
15.000000000000000	nan	nan	nan
15.000000000000000	nan	nan	nan


16.000000000000000	nan	nan	nan
16.000000000000000	nan	nan	nan
16.000000000000000	nan	nan	nan
16.000000000000000	nan	nan	nan
16.000000000000000	nan	nan	nan
16.000000000000000	nan	nan	nan
16.000000000000000	nan	nan	nan
16.000000000000000	nan	nan	nan
16.000000000000000	nan	nan	nan
16.000000000000000	nan	nan	nan
16.000000000000000	nan	nan	nan
16.000000000000000	nan	nan	nan
16.000000000000000	nan	nan	nan
16.000000000000000	nan	nan	nan
16.000000000000000	nan	nan	nan
16.000000000000000	nan	nan	nan
16.000000000000000	nan	nan	nan
16.000000000000000	nan	nan	nan
16.000000000000000	nan	nan	nan
16.000000000000000	nan	nan	nan
16.000000000000000	nan	nan	nan
16.000000000000000	nan	nan	nan
16.000000000000000	nan	nan	nan
16.000000000000000	nan	nan	nan
16.000000000000000	nan	nan	nan
16.000000000000000	nan	nan	nan
16.000000000000000	nan	nan	nan
16.000000000000000	nan	nan	nan
16.000000000000000	nan	nan	nan
16.000000000000000	nan	nan	nan
16.000000000000000	nan	nan	nan
16.000000000000000	nan	nan	nan
16.000000000000000	nan	nan	nan
16.000000000000000	nan	nan	nan
16.000000000000000	nan	nan	nan
16.000000000000000	nan	nan	nan
16.000000000000000	nan	nan	nan
16.000000000000000	nan	nan	nan
16.000000000000000	nan	nan	nan
16.000000000000000	nan	nan	nan
16.000000000000000	nan	nan	nan
16.000000000000000	nan	nan	nan
16.000000000000000	nan	nan	nan
16.000000000000000	nan	nan	nan
16.000000000000000	nan	nan	nan
16.000000000000000	nan	nan	nan
16.000000000000000	nan	nan	nan
16.000000000000000	nan	nan	nan
16.000000000000000	nan	nan	nan
16.000000000000000	nan	nan	nan
16.000000000000000	nan	nan	nan
16.000000000000000	nan	nan	nan
16.000000000000000	nan	nan	nan
16.000000000000000	nan	nan	nan
16.000000000000000	nan	nan	nan
16.000000000000000	nan	nan	nan
16.000000000000000	nan	nan	nan
16.000000000000000	nan	nan	nan
16.000000000000000	nan	nan	nan
16.000000000000000	nan	nan	nan
16.000000000000000	nan	nan	nan
16.000000000000000	nan	nan	nan
16.000000000000000	nan	nan	nan
16.000000000000000	nan	nan	nan
16.000000000000000	nan	nan	nan
16.000000000000000	nan	nan	nan
16.000000000000000	nan	nan	nan
16.000000000000000	nan	nan	nan
16.000000000000000	nan	nan	nan
16.000000000000000	nan	nan	nan
16.000000000000000	nan	nan	nan
16.000000000000000	nan	nan	nan
16.000000000000000	nan	nan	nan
16.000000000000000	nan	nan	nan
16.000000000000000	nan	nan	nan
16.000000000000000	nan	nan	nan
16.000000000000000	nan	nan	nan
16.000000000000000	nan	nan	nan
16.000000000000000	nan	nan	nan
16.000000000000000	nan	nan	nan
16.000000000000000	nan	nan	nan
16.000000000000000	nan	nan	nan
16.000000000000000	nan	nan	nan
16.000000000000000	nan	nan	nan
16.000000000000000	nan	nan	nan
16.000000000000000	nan	nan	nan
16.000000000000000	nan	nan	nan
16.000000000000000	nan	nan	nan
16.000000000000000	nan	nan	nan
16.000000000000000	nan	nan	nan
16.000000000000000	nan	nan	nan
16.000000000000000	nan	nan	nan
16.000000000000000	nan	nan	nan
16.000000000000000	nan	nan	nan
16.000000000000000	nan	nan	nan
16.000000000000000	nan	nan	nan
16.000000000000000	nan	nan	nan
16.000000000000000	nan	nan	nan
16.000000000000000	nan	nan	nan
16.000000000000000	nan	nan	nan


17.000000000000000	nan	nan	nan
17.000000000000000	nan	nan	nan
17.000000000000000	nan	nan	nan
17.000000000000000	nan	nan	nan
17.000000000000000	nan	nan	nan
17.000000000000000	nan	nan	nan
17.000000000000000	nan	nan	nan
17.000000000000000	nan	nan	nan
17.000000000000000	nan	nan	nan
17.000000000000000	nan	nan	nan
17.000000000000000	nan	nan	nan
17.000000000000000	nan	nan	nan
17.000000000000000	nan	nan	nan
17.000000000000000	nan	nan	nan
17.000000000000000	nan	nan	nan
17.000000000000000	nan	nan	nan
17.000000000000000	nan	nan	nan
17.000000000000000	nan	nan	nan
17.000000000000000	nan	nan	nan
17.000000000000000	nan	nan	nan
17.000000000000000	nan	nan	nan
17.000000000000000	nan	nan	nan
17.000000000000000	nan	nan	nan
17.000000000000000	nan	nan	nan
17.000000000000000	nan	nan	nan
17.000000000000000	nan	nan	nan
17.000000000000000	nan	nan	nan
17.000000000000000	nan	nan	nan
17.000000000000000	nan	nan	nan
17.000000000000000	nan	nan	nan
17.000000000000000	nan	nan	nan
17.000000000000000	nan	nan	nan
17.000000000000000	nan	nan	nan
17.000000000000000	nan	nan	nan
17.000000000000000	nan	nan	nan
17.000000000000000	nan	nan	nan
17.000000000000000	nan	nan	nan
17.000000000000000	nan	nan	nan
17.000000000000000	nan	nan	nan
17.000000000000000	nan	nan	nan
17.000000000000000	nan	nan	nan
17.000000000000000	nan	nan	nan
17.000000000000000	nan	nan	nan
17.000000000000000	nan	nan	nan
17.000000000000000	nan	nan	nan
17.000000000000000	nan	nan	nan
17.000000000000000	nan	nan	nan
17.000000000000000	nan	nan	nan
17.000000000000000	nan	nan	nan
17.000000000000000	nan	nan	nan
17.000000000000000	nan	nan	nan
17.000000000000000	nan	nan	nan
17.000000000000000	nan	nan	nan
17.000000000000000	nan	nan	nan
17.000000000000000	nan	nan	nan
17.000000000000000	nan	nan	nan
17.000000000000000	nan	nan	nan
17.000000000000000	nan	nan	nan
17.000000000000000	nan	nan	nan
17.000000000000000	nan	nan	nan
17.000000000000000	nan	nan	nan
17.000000000000000	nan	nan	nan
17.000000000000000	nan	nan	nan
17.000000000000000	nan	nan	nan
17.000000000000000	nan	nan	nan
17.000000000000000	nan	nan	nan
17.000000000000000	nan	nan	nan
17.000000000000000	nan	nan	nan
17.000000000000000	nan	nan	nan
17.000000000000000	nan	nan	nan
17.000000000000000	nan	nan	nan
17.000000000000000	nan	nan	nan
17.000000000000000	nan	nan	nan
17.000000000000000	nan	nan	nan
17.000000000000000	nan	nan	nan
17.000000000000000	nan	nan	nan
17.000000000000000	nan	nan	nan
17.000000000000000	nan	nan	nan
17.000000000000000	nan	nan	nan
17.000000000000000	nan	nan	nan
17.000000000000000	nan	nan	nan
17.000000000000000	nan	nan	nan
17.000000000000000	nan	nan	nan
17.000000000000000	nan	nan	nan
17.000000000000000	nan	nan	nan
17.000000000000000	nan	nan	nan
17.000000000000000	nan	nan	nan
17.000000000000000	nan	nan	nan
17.000000000000000	nan	nan	nan
17.000000000000000	nan	nan	nan
17.000000000000000	nan	nan	nan
17.000000000000000	nan	nan	nan
17.000000000000000	nan	nan	nan
17.000000000000000	nan	nan	nan
17.000000000000000	nan	nan	nan
17.000000000000000	nan	nan	nan
17.000000000000000	nan	nan	nan
17.000000000000000	nan	nan	nan
17.000000000000000	nan	nan	nan
17.000000000000000	nan	nan	nan


18.000000000000000	0.693438387384767	1.079442332506617	0.127314372098422
18.000000000000000	0.621114929906081	1.125212845957523	0.104629180865731
18.000000000000000	0.546051248511011	1.166080152506043	0.081478765601703
18.000000000000000	0.468549598151276	1.201879693932567	0.057956344857812
18.000000000000000	0.388922050619152	1.232467318118995	0.034156635120301
18.000000000000000	0.307489237944502	1.257719859498441	0.010175469420324
18.000000000000000	0.224579061322765	1.277535634999496	-0.013890588551848
18.000000000000000	0.140525370772565	1.291834853488073	-0.037944633274727
18.000000000000000	0.055666620839521	1.300559937058137	-0.061889807599938
18.000000000000000	-0.029655492240752	1.303675752877616	-0.085629692761774
18.000000000000000	-0.115097406432789	1.301169754655912	-0.109068696621533
18.000000000000000	-0.200315077304330	1.293052033163389	-0.132112438583322
18.000000000000000	-0.284965363371820	1.279355275599396	-0.154668129631407
18.000000000000000	-0.368707407810058	1.260134633972460	-0.176644945958826
18.000000000000000	-0.451204010962323	1.235467503022606	-0.197954394682810
18.000000000000000	-0.532122988124382	1.205453208580059	-0.218510670174385
18.000000000000000	-0.611138507135054	1.170212607615180	-0.238230999567354
18.000000000000000	-0.687932400387317	1.129887601590106	-0.257035976055421
18.000000000000000	-0.762195445976970	1.084640565071639	-0.274849878635367
18.000000000000000	-0.833628612830104	1.034653691906180	-0.291600977008809
18.000000000000000	-0.901944264795691	0.980128261589410	-0.307221820414792
18.000000000000000	-0.966867318854849	0.921283828784805	-0.321649509230199
18.000000000000000	-1.028136352783071	0.858357339254492	-0.334825948244335
18.000000000000000	-1.085504657805251	0.791602175762297	-0.346698080587831
18.000000000000000	-1.138741232004850	0.721287137790786	-0.357218101373935
18.000000000000000	-1.187631710487084	0.647695359180614	-0.366343650191918
18.000000000000000	-1.231979228550694	0.571123168050485	-0.374037981677494
18.000000000000000	-1.271605214392618	0.491878893588403	-0.380270113473438
18.000000000000000	-1.306350108153617	0.410281624518853	-0.385014950984599
18.000000000000000	-1.336074004409507	0.326659924245130	-0.388253388424981
18.000000000000000	-1.360657215520931	0.241350507840480	-0.389972385749998
18.000000000000000	-1.380000753573234	0.154696886215336	-0.390165021164132
18.000000000000000	-1.394026728965860	0.067047982920127	-0.388830518992559
18.000000000000000	-1.402678664046284	-0.021243270846711	-0.385974252804519
18.000000000000000	-1.405921720525585	-0.109821357368107	-0.381607723775851
18.000000000000000	-1.403742839759935	-0.198329603952724	-0.375748514377814
18.000000000000000	-1.396150795333156	-0.286411619129998	-0.368420217578683
18.000000000000000	-1.383176157728591	-0.373712727712810	-0.359652341843190
18.000000000000000	-1.364871171232554	-0.459881398949278	-0.349480192312356
18.000000000000000	-1.341309543565035	-0.544570662013030	-0.337944728642144
18.000000000000000	-1.312586149084721	-0.627439503132254	-0.325092400073385
18.000000000000000	-1.278816646763442	-0.708154238731806	-0.310974958397075
18.000000000000000	-1.240137014468309	-0.786389859059188	-0.295649249568182
18.000000000000000	-1.196703001426840	-0.861831336884118	-0.279176984807046
18.000000000000000	-1.148689501079789	-0.934174896001992	-0.261624492110078
18.000000000000000	-1.096289846846986	-1.003129234433453	-0.243062449170325
18.000000000000000	-1.039715033641898	-1.068416697394641	-0.223565598783347
18.000000000000000	-0.979192868269572	-1.129774395315014	-0.203212447884362
18.000000000000000	-0.914967052129042	-1.186955262400864	-0.182084951428523
18.000000000000000	-0.847296199913804	-1.239729051482067	-0.160268182387237
18.000000000000000	-0.776452798261723	-1.287883261136174	-0.137849989189343
18.000000000000000	-0.702722108547515	-1.331223991356634	-0.114920641986486
18.000000000000000	-0.626401018235872	-1.369576724319692	-0.091572469167082
18.000000000000000	-0.547796845420426	-1.402787027106063	-0.067899485582482
18.000000000000000	-0.467226101362250	-1.430721173547796	-0.043997013982350
18.000000000000000	-0.385013216010726	-1.453266682696352	-0.019961301183592
18.000000000000000	-0.301489231638638	-1.470332771743688	0.004110869481608
18.000000000000000	-0.216990469851784	-1.481850721572579	0.028122567878104
18.000000000000000	-0.131857177340566	-1.487774153464254	0.051977107371231
18.000000000000000	-0.046432155826663	-1.488079215849123	0.075578434149762
18.000000000000000	0.038940618278518	-1.482764680348632	0.098831514000702
18.000000000000000	0.123917378945443	-1.471851946721509	0.121642714978519
18.000000000000000	0.208155954750926	-1.455384956694490	0.143920184427949
18.000000000000000	0.291317146681678	-1.433430017024491	0.165574218842211
18.000000000000000	0.373066093969019	-1.406075532504705	0.186517625067377
18.000000000000000	0.453073622455003	-1.373431649989698	0.206666071398421
18.000000000000000	0.531017570060578	-1.335629814872902	0.225938427153238
18.000000000000000	0.606584084018564	-1.292822241802412	0.244257089357261
18.000000000000000	0.679468884647984	-1.245181301766316	0.261548295223252
18.000000000000000	0.749378490580939	-1.192898828015565	0.277742419168012
18.000000000000000	0.816031400508499	-1.136185343619182	0.292774253170030
18.000000000000000	0.879159226687112	-1.075269213762159	0.306583269339173
18.000000000000000	0.938507775641330	-1.010395726199463	0.319113863641134
18.000000000000000	0.993838071711216	-0.941826103568815	0.330315579795253
18.000000000000000	1.044927319322981	-0.869836451539327	0.340143312444154
18.000000000000000	1.091569800108121	-0.794716647031423	0.348557488777097
18.000000000000000	1.133577701258689	-0.716769170984791	0.355524227875721
18.000000000000000	1.170781871783178	-0.636307890374393	0.361015477140542
18.000000000000000	1.203032503617867	-0.553656794378939	0.365009125248873
18.000000000000000	1.230199734851016	-0.469148689790815	0.367489091189314
18.000000000000000	1.252174172630955	-0.383123860920588	0.368445389014314
18.000000000000000	1.268867333652484	-0.295928699392190	0.367874168050048
18.000000000000000	1.280212000447918	-0.207914309346109	0.365777728401733
18.000000000000000	1.286162492048100	-0.119435093666929	0.362164511691905
18.000000000000000	1.286694847923546	-0.030847326928002	0.357049067068994
18.000000000000000	1.281806924465036	0.057492279200516	0.350451992623032
18.000000000000000	1.271518403615176	0.145228012303657	0.342399852444415
18.000000000000000	1.255870713616160	0.232006591549995	0.332925069659691
18.000000000000000	1.234926862192858	0.317478590228864	0.322065795875068
18.000000000000000	1.208771182842949	0.401299842768395	0.309865757553364
18.000000000000000	1.177508995255693	0.483132830568797	0.296374079942973
18.000000000000000	1.141266181226710	0.562648041070644	0.281645089267828
18.000000000000000	1.100188677776417	0.639525294585641	0.265738093974873
18.000000000000000	1.054441889513160	0.713455033547233	0.248717145919877
18.000000000000000	1.004210022607233	0.784139568989660	0.230650782453221
18.000000000000000	0.949695343057641	0.851294279236363	0.211611750444174
18.000000000000000	0.891117362238312	0.914648755971016	0.191676713354928
18.000000000000000	0.828711953003274	0.973947893076373	0.170925942543896
18.000000000000000	0.762730399909916	1.028952913856574	0.149442994041279
18.000000000000000	0.693438387384767	1.079442332506617	0.127314372098422


19.000000000000000	nan	nan	nan
19.000000000000000	nan	nan	nan
19.000000000000000	nan	nan	nan
19.000000000000000	nan	nan	nan
19.000000000000000	nan	nan	nan
19.000000000000000	nan	nan	nan
19.000000000000000	nan	nan	nan
19.000000000000000	nan	nan	nan
19.000000000000000	nan	nan	nan
19.000000000000000	nan	nan	nan
19.000000000000000	nan	nan	nan
19.000000000000000	nan	nan	nan
19.000000000000000	nan	nan	nan
19.000000000000000	nan	nan	nan
19.000000000000000	nan	nan	nan
19.000000000000000	nan	nan	nan
19.000000000000000	nan	nan	nan
19.000000000000000	nan	nan	nan
19.000000000000000	nan	nan	nan
19.000000000000000	nan	nan	nan
19.000000000000000	nan	nan	nan
19.000000000000000	nan	nan	nan
19.000000000000000	nan	nan	nan
19.000000000000000	nan	nan	nan
19.000000000000000	nan	nan	nan
19.000000000000000	nan	nan	nan
19.000000000000000	nan	nan	nan
19.000000000000000	nan	nan	nan
19.000000000000000	nan	nan	nan
19.000000000000000	nan	nan	nan
19.000000000000000	nan	nan	nan
19.000000000000000	nan	nan	nan
19.000000000000000	nan	nan	nan
19.000000000000000	nan	nan	nan
19.000000000000000	nan	nan	nan
19.000000000000000	nan	nan	nan
19.000000000000000	nan	nan	nan
19.000000000000000	nan	nan	nan
19.000000000000000	nan	nan	nan
19.000000000000000	nan	nan	nan
19.000000000000000	nan	nan	nan
19.000000000000000	nan	nan	nan
19.000000000000000	nan	nan	nan
19.000000000000000	nan	nan	nan
19.000000000000000	nan	nan	nan
19.000000000000000	nan	nan	nan
19.000000000000000	nan	nan	nan
19.000000000000000	nan	nan	nan
19.000000000000000	nan	nan	nan
19.000000000000000	nan	nan	nan
19.000000000000000	nan	nan	nan
19.000000000000000	nan	nan	nan
19.000000000000000	nan	nan	nan
19.000000000000000	nan	nan	nan
19.000000000000000	nan	nan	nan
19.000000000000000	nan	nan	nan
19.000000000000000	nan	nan	nan
19.000000000000000	nan	nan	nan
19.000000000000000	nan	nan	nan
19.000000000000000	nan	nan	nan
19.000000000000000	nan	nan	nan
19.000000000000000	nan	nan	nan
19.000000000000000	nan	nan	nan
19.000000000000000	nan	nan	nan
19.000000000000000	nan	nan	nan
19.000000000000000	nan	nan	nan
19.000000000000000	nan	nan	nan
19.000000000000000	nan	nan	nan
19.000000000000000	nan	nan	nan
19.000000000000000	nan	nan	nan
19.000000000000000	nan	nan	nan
19.000000000000000	nan	nan	nan
19.000000000000000	nan	nan	nan
19.000000000000000	nan	nan	nan
19.000000000000000	nan	nan	nan
19.000000000000000	nan	nan	nan
19.000000000000000	nan	nan	nan
19.000000000000000	nan	nan	nan
19.000000000000000	nan	nan	nan
19.000000000000000	nan	nan	nan
19.000000000000000	nan	nan	nan
19.000000000000000	nan	nan	nan
19.000000000000000	nan	nan	nan
19.000000000000000	nan	nan	nan
19.000000000000000	nan	nan	nan
19.000000000000000	nan	nan	nan
19.000000000000000	nan	nan	nan
19.000000000000000	nan	nan	nan
19.000000000000000	nan	nan	nan
19.000000000000000	nan	nan	nan
19.000000000000000	nan	nan	nan
19.000000000000000	nan	nan	nan
19.000000000000000	nan	nan	nan
19.000000000000000	nan	nan	nan
19.000000000000000	nan	nan	nan
19.000000000000000	nan	nan	nan
19.000000000000000	nan	nan	nan
19.000000000000000	nan	nan	nan
19.000000000000000	nan	nan	nan
19.000000000000000	nan	nan	nan


20.000000000000000	0.950255500082063	1.302900116137869	0.120700842717023
20.000000000000000	0.838568243536563	1.379926207913426	0.108287496834626
20.000000000000000	0.722045517526308	1.449395585752636	0.095252813091057
20.000000000000000	0.601156517942972	1.511028520989724	0.081649277557242
20.000000000000000	0.476388022120859	1.564576839547451	0.067531666869491
20.000000000000000	0.348242428756380	1.609824921246530	0.052956827663322
20.000000000000000	0.217235734925825	1.646590568031987	0.037983447672120
20.000000000000000	0.083895458347255	1.674725737620424	0.022671819412347
20.000000000000000	-0.051241486747169	1.694117139614040	0.007083597406862
20.000000000000000	-0.187630951575294	1.704686691681082	-0.008718450076084
20.000000000000000	-0.324723743900070	1.706391833965833	-0.024670693768513
20.000000000000000	-0.461967839432850	1.699225700462133	-0.040708899615319
20.000000000000000	-0.598810604640374	1.683217146660356	-0.056768487422142
20.000000000000000	-0.734701022004951	1.658430633356546	-0.072784790897016
20.000000000000000	-0.869091908777530	1.624965967091531	-0.088693318038702
20.000000000000000	-1.001442120289505	1.582957898265213	-0.104430010823216
20.000000000000000	-1.131218728951298	1.532575578544272	-0.119931503142883
20.000000000000000	-1.257899170163675	1.474021879748097	-0.135135375959285
20.000000000000000	-1.380973346500946	1.407532576955577	-0.149980408642704
20.000000000000000	-1.499945681693263	1.333375399122073	-0.164406825485985
20.000000000000000	-1.614337116137352	1.251848951029406	-0.178356536400215
20.000000000000000	-1.723687035900450	1.163281510909794	-0.191773370823005
20.000000000000000	-1.827555127450045	1.068029708585273	-0.204603303897523
20.000000000000000	-1.925523150641061	0.966477089445272	-0.216794674011522
20.000000000000000	-2.017196622821313	0.859032570044705	-0.228298390820422
20.000000000000000	-2.102206407273910	0.746128791541324	-0.239068132916799
20.000000000000000	-2.180210199600535	0.628220377602478	-0.249060534350343
20.000000000000000	-2.250893906060442	0.505782103796057	-0.258235359247238
20.000000000000000	-2.313972908315092	0.379306985836855	-0.266555663825821
20.000000000000000	-2.369193209485744	0.249304294386288	-0.273987945156153
20.000000000000000	-2.416332456909246	0.116297504399189	-0.280502276064496
20.000000000000000	-2.455200837473727	-0.019177812725083	-0.286072425639473
20.000000000000000	-2.485641841929007	-0.156576145699637	-0.290675964854696
20.000000000000000	-2.507532895094107	-0.295344239931471	-0.294294356882535
20.000000000000000	-2.520785849424241	-0.434923325282445	-0.296913031735384
20.000000000000000	-2.525347339949871	-0.574751366039423	-0.298521444933854
20.000000000000000	-2.521198999158600	-0.714265324033708	-0.299113119965676
20.000000000000000	-2.508357530954662	-0.852903425797042	-0.298685674364323
20.000000000000000	-2.486874643398199	-0.990107424625078	-0.297240829302369
20.000000000000000	-2.456836840495148	-1.125324848439831	-0.294784402660928
20.000000000000000	-2.418365073876147	-1.258011224399746	-0.291326285603106
20.000000000000000	-2.371614255766998	-1.387632271299663	-0.286880402745773
20.000000000000000	-2.316772635211819	-1.513666050932656	-0.281464656090049
20.000000000000000	-2.254061040060574	-1.635605069750981	-0.275100852936262
20.000000000000000	-2.183731987773273	-1.752958322363472	-0.267814618073649
20.000000000000000	-2.106068668621276	-1.865253268640960	-0.259635290598370
20.000000000000000	-2.021383805380022	-1.972037736468584	-0.250595805775325
20.000000000000000	-1.930018394104791	-2.072881742483319	-0.240732562419467
20.000000000000000	-1.832340331059933	-2.167379223465203	-0.230085276330619
20.000000000000000	-1.728742931330469	-2.255149671410621	-0.218696820371968
20.000000000000000	-1.619643345081050	-2.335839665703729	-0.206613051836175
20.000000000000000	-1.505480877839486	-2.409124296216540	-0.193882627794242
20.000000000000000	-1.386715221568425	-2.474708471607332	-0.180556809170664
20.000000000000000	-1.263824603648074	-2.532328107549332	-0.166689254333771
20.000000000000000	-1.137303861223318	-2.581751190105095	-0.152335803032426
20.000000000000000	-1.007662448669197	-2.622778709964735	-0.137554251549058
20.000000000000000	-0.875422386197935	-2.655245463786187	-0.122404119974433
20.000000000000000	-0.741116157867800	-2.679020719410749	-0.106946412541259
20.000000000000000	-0.605284567457729	-2.694008742275351	-0.091243371981667
20.000000000000000	-0.468474560841391	-2.700149180901844	-0.075358228897699
20.000000000000000	-0.331237023629191	-2.697417309911111	-0.059354947153994
20.000000000000000	-0.194124562946348	-2.685824129583433	-0.043297966317874
20.000000000000000	-0.057689282279043	-2.665416321564250	-0.027251942183956
20.000000000000000	0.077519441651457	-2.636276060893647	-0.011281486428081
20.000000000000000	0.210957171034963	-2.598520685116470	0.004549093561093
20.000000000000000	0.342086599231261	-2.552302221805450	0.020176053625255
20.000000000000000	0.470379714314321	-2.497806776399819	0.035536469511665
20.000000000000000	0.595319925189956	-2.435253782824402	0.050568490246911
20.000000000000000	0.716404141725840	-2.364895119906635	0.065211587188950
20.000000000000000	0.833144800517904	-2.287014097149438	0.079406797754587
20.000000000000000	0.945071828136080	-2.201924313943830	0.093096962840985
20.000000000000000	1.051734533944096	-2.109968396814873	0.106226956985199
20.000000000000000	1.152703424871599	-2.011516619785578	0.118743910334961
20.000000000000000	1.247571934831168	-1.906965413414100	0.130597421536912
20.000000000000000	1.335958061816444	-1.796735768507798	0.141739760685063
20.000000000000000	1.417505906089389	-1.681271540941847	0.152126061512286
20.000000000000000	1.491887103262920	-1.561037664408274	0.161714502050928
20.000000000000000	1.558802146508400	-1.436518278292082	0.170466473035121
20.000000000000000	1.617981592563927	-1.308214778212818	0.178346733366665
20.000000000000000	1.669187146687250	-1.176643797081382	0.185323552018494
20.000000000000000	1.712212622184598	-1.042335124801634	0.191368835804322
20.000000000000000	1.746884770651716	-0.905829574993431	0.196458242499988
20.000000000000000	1.773063979584045	-0.767676807327072	0.200571278861003
20.000000000000000	1.790644834547003	-0.628433114237789	0.203691383141612
20.000000000000000	1.799556543642709	-0.488659180932459	0.205805991783099
20.000000000000000	1.799763222563965	-0.348917827708161	0.206906590002802
20.000000000000000	1.791264039087702	-0.209771743673494	0.206988746080139
20.000000000000000	1.774093216426046	-0.071781220998121	0.206052129201584
20.000000000000000	1.748319895421519	0.064498101186041	0.204100510792733
20.000000000000000	1.714047856141274	0.198517474147495	0.201141749332108
20.000000000000000	1.671415099991389	0.329737249172623	0.197187758707834
20.000000000000000	1.620593294033915	0.457629050540605	0.192254460244618
20.000000000000000	1.561787079744203	0.581677903105944	0.186361718594195
20.000000000000000	1.495233248991909	0.701384305921633	0.179533261747384
20.000000000000000	1.421199790563716	0.816266243553157	0.171796585489848
20.000000000000000	1.339984811067064	0.925861126984540	0.163182842686262
20.000000000000000	1.251915334560064	1.029727656301037	0.153726717838730
20.000000000000000	1.157345985741040	1.127447597648132	0.143466287424533
20.000000000000000	1.056657562000022	1.218627467311665	0.132442866575594
20.000000000000000	0.950255500082063	1.302900116137869	0.120700842717023


21.000000000000000	-0.007733127747151	-1.724198472955483	0.130941647638794
21.000000000000000	0.104618516411935	-1.719892935966478	0.146675400608150
21.000000000000000	0.216549996635889	-1.708417205143169	0.161799953148377
21.000000000000000	0.327610604359368	-1.689817489203294	0.176254404024514
21.000000000000000	0.437353137713220	-1.664168682638288	0.189980550264491
21.000000000000000	0.545335702248572	-1.631574064139602	0.202923121521956
21.000000000000000	0.651123490289812	-1.592164880731864	0.215030002630456
21.000000000000000	0.754290531751640	-1.546099819287429	0.226252443452816
21.000000000000000	0.854421409370253	-1.493564367550360	0.236545255180734
21.000000000000000	0.951112931442050	-1.434770067242739	0.245866992294166
21.000000000000000	1.043975755334319	-1.369953662260825	0.254180119447804
21.000000000000000	1.132635955230600	-1.299376145390934	0.261451162612669
21.000000000000000	1.216736527797977	-1.223321707383605	0.267650843864203
21.000000000000000	1.295938829713492	-1.142096592617753	0.272754199274147
21.000000000000000	1.369923941261292	-1.056027865962644	0.276740679431461
21.000000000000000	1.438393950509758	-0.965462095803097	0.279594232187556
21.000000000000000	1.501073152897708	-0.870763958530918	0.281303367292626
21.000000000000000	1.557709161399361	-0.772314770121787	0.281861202662832
21.000000000000000	1.608073922797808	-0.670510950710399	0.281265492092022
21.000000000000000	1.651964635974824	-0.565762428346501	0.279518634296414
21.000000000000000	1.689204568519400	-0.458490988359312	0.276627663255806
21.000000000000000	1.719643768366782	-0.349128574976876	0.272604219890230
21.000000000000000	1.743159667602508	-0.238115552039101	0.267464505186070
21.000000000000000	1.759657576000148	-0.125898929808003	0.261229214960409
21.000000000000000	1.769071062305418	-0.012930565015149	0.253923456526278
21.000000000000000	1.771362221731399	0.100334658605921	0.245576647594370
21.000000000000000	1.766521828587731	0.213440661975939	0.236222397818300
21.000000000000000	1.754569373429218	0.325932007139394	0.225898373460392
21.000000000000000	1.735552984574240	0.437355731152432	0.214646145722934
21.000000000000000	1.709549234308998	0.547263170004761	0.202511023355623
21.000000000000000	1.676662830557949	0.655211765231268	0.189541870213215
21.000000000000000	1.637026195261948	0.760766845938761	0.175790908498033
21.000000000000000	1.590798931161828	0.863503379072239	0.161313508479588
21.000000000000000	1.538167179134496	0.963007680872991	0.146167965538045
21.000000000000000	1.479342868669316	1.058879082637091	0.130415265429307
21.000000000000000	1.414562864502858	1.150731544066847	0.114118838716892
21.000000000000000	1.344088012848202	1.238195207718835	0.097344305359451
21.000000000000000	1.268202091059300	1.320917888289286	0.080159210482345
21.000000000000000	1.187210664959735	1.398566490739994	0.062632752397274
21.000000000000000	1.101439858436989	1.470828351554484	0.044835503965090
21.000000000000000	1.011235040256659	1.537412497723627	0.026839128423805
21.000000000000000	0.916959433384327	1.598050818391260	0.008716090826012
21.000000000000000	0.818992652414880	1.652499144441972	-0.009460633752295
21.000000000000000	0.717729174998518	1.700538231683954	-0.027617854056600
21.000000000000000	0.613576753418484	1.741974643667979	-0.045682457369216
21.000000000000000	0.506954772716530	1.776641530587712	-0.063581703908393
21.000000000000000	0.398292561977381	1.804399301124987	-0.081243519725743
21.000000000000000	0.288027665572033	1.825136184534784	-0.098596786922600
21.000000000000000	0.176604081321002	1.838768680706565	-0.115571630016688
21.000000000000000	0.064470472671809	1.845241896389751	-0.132099697306033
21.000000000000000	-0.047921637910378	1.844529766229466	-0.148114436097139
21.000000000000000	-0.160119687064336	1.836635157722525	-0.163551360689197
21.000000000000000	-0.271671892845726	1.821589859671031	-0.178348312035240
21.000000000000000	-0.382129073893522	1.799454454180095	-0.192445708034690
21.000000000000000	-0.491046458124818	1.770318072715074	-0.205786783449445
21.000000000000000	-0.597985473675027	1.734298037200624	-0.218317818477459
21.000000000000000	-0.702515514871988	1.691539387606715	-0.229988355063426
21.000000000000000	-0.804215676133027	1.642214297923862	-0.240751400075556
21.000000000000000	-0.902676446803183	1.586521382879235	-0.250563614530336
21.000000000000000	-0.997501360110084	1.524684898185252	-0.259385488103316
21.000000000000000	-1.088308589595706	1.456953837540973	-0.267181498223243
21.000000000000000	-1.174732486596755	1.383600930022357	-0.273920253108917
21.000000000000000	-1.256425052582783	1.304921541898529	-0.279574618172816
21.000000000000000	-1.333057340423448	1.221232487296066	-0.284121825282500
21.000000000000000	-1.404320778942504	1.132870752500319	-0.287543564439845
21.000000000000000	-1.469928415425020	1.040192139030589	-0.289826057508949
21.000000000000000	-1.529616071074689	0.943569830952978	-0.290960113695812
21.000000000000000	-1.583143404768595	0.843392892199874	-0.290941166556429
21.000000000000000	-1.630294880826091	0.740064699946810	-0.289769292384242
21.000000000000000	-1.670880636894915	0.634001320354946	-0.287449209902937
21.000000000000000	-1.704737248459865	0.525629833219489	-0.283990261265808
21.000000000000000	-1.731728386895651	0.415386612270094	-0.279406374438202
21.000000000000000	-1.751745368414146	0.303715568047867	-0.273716007114519
21.000000000000000	-1.764707591695643	0.191066360434290	-0.266942072395593
21.000000000000000	-1.770562862441924	0.077892588029586	-0.259111846525718
21.000000000000000	-1.769287603544275	-0.035350038328746	-0.250256859060843
21.000000000000000	-1.760886950020182	-0.148205530552642	-0.240412765910177
21.000000000000000	-1.745394728336428	-0.260219459406559	-0.229619205762425
21.000000000000000	-1.722873320201851	-0.370940784333621	-0.217919640474783
21.000000000000000	-1.693413411378218	-0.479923669636747	-0.205361180067376
21.000000000000000	-1.657133626520670	-0.586729279701653	-0.191994393027833
21.000000000000000	-1.614180051518105	-0.690927546032983	-0.177873102689840
21.000000000000000	-1.564725645256861	-0.792098898988346	-0.163054170505565
21.000000000000000	-1.508969543176329	-0.889835957237192	-0.147597267084665
21.000000000000000	-1.447136255420817	-0.983745168141638	-0.131564631921798
21.000000000000000	-1.379474762816443	-1.073448392454045	-0.115020822780146
21.000000000000000	-1.306257514313223	-1.158584426950296	-0.098032455740089
21.000000000000000	-1.227779329929308	-1.238810458867711	-0.080667936959758
21.000000000000000	-1.144356213614826	-1.313803446291036	-0.062997187227584
21.000000000000000	-1.056324080815504	-1.383261418928226	-0.045091360415955
21.000000000000000	-0.964037405859736	-1.446904694038227	-0.027022556969694
21.000000000000000	-0.867867794615560	-1.504477002614669	-0.008863533583007
21.000000000000000	-0.768202488164992	-1.555746521290704	0.009312589766044
21.000000000000000	-0.665442803520857	-1.600506805809880	0.027432624243879
21.000000000000000	-0.560002517664830	-1.638577622304302	0.045423606867011
21.000000000000000	-0.452306201413559	-1.669805673032803	0.063213094298221
21.000000000000000	-0.342787509821845	-1.694065213656847	0.080729454550313
21.000000000000000	-0.231887436006788	-1.711258559568594	0.097902155422840
21.000000000000000	-0.120052535424152	-1.721316479232341	0.114662048510389
21.000000000000000	-0.007733127747152	-1.724198472955483	0.130941647638794


