# n	x	y	z
1.000000000000000	0.403504654803072	-0.174354120354295	0.002032516389630
1.000000000000000	0.414227310256765	-0.147132770778381	0.005750514882962
1.000000000000000	0.423186194505742	-0.119277563960051	0.009444875401787
1.000000000000000	0.430345233285114	-0.090900662985840	0.013100722060197
1.000000000000000	0.435675599672454	-0.062116331620523	0.016703334054008
1.000000000000000	0.439155830163640	-0.033040474207255	0.020238204936238
1.000000000000000	0.440771911098810	-0.003790168961698	0.023691101029457
1.000000000000000	0.440517335090423	0.025516803460636	0.027048118739775
1.000000000000000	0.438393127226215	0.054762434225518	0.030295740541712
1.000000000000000	0.434407840941529	0.083828961499920	0.033420889408497
1.000000000000000	0.428577523577650	0.112599344637357	0.036410981468648
1.000000000000000	0.420925651764830	0.140957735459262	0.039253976676772
1.000000000000000	0.411483036890178	0.168789944734714	0.041938427294583
1.000000000000000	0.400287701031082	0.195983901980164	0.044453523986904
1.000000000000000	0.387384723853723	0.222430106727722	0.046789139347042
1.000000000000000	0.372826061093169	0.248022069444895	0.048935868676283
1.000000000000000	0.356670335345966	0.272656740330343	0.050885067853293
1.000000000000000	0.338982600017636	0.296234924259064	0.052628888140944
1.000000000000000	0.319834077375571	0.318661680206150	0.054160307790407
1.000000000000000	0.299301871762098	0.339846703540787	0.055473160315260
1.000000000000000	0.277468659122509	0.359704689651128	0.056562159321747
1.000000000000000	0.254422354098207	0.378155677435858	0.057422919795226
1.000000000000000	0.230255756025475	0.395125371279330	0.058051975757070
1.000000000000000	0.205066175265302	0.410545440213784	0.058446794220941
1.000000000000000	0.178955041368903	0.424353793064037	0.058605785392235
1.000000000000000	0.152027494656717	0.436494828466735	0.058528309069619
1.000000000000000	0.124391962855445	0.446919658757414	0.058214677222900
1.000000000000000	0.096159724497861	0.455586306823871	0.057666152736830
1.000000000000000	0.067444460843439	0.462459875133182	0.056884944325917
1.000000000000000	0.038361798124042	0.467512686251750	0.055874197640708
1.000000000000000	0.009028841957896	0.470724394292557	0.054637982601368
1.000000000000000	-0.020436294193403	0.472082066840875	0.053181277009546
1.000000000000000	-0.049914964626107	0.471580237028536	0.051509946504525
1.000000000000000	-0.079288469138700	0.469220925547074	0.049630720944364
1.000000000000000	-0.108438530995703	0.465013632511123	0.047551167307131
1.000000000000000	-0.137247773186351	0.458975299204799	0.045279659221359
1.000000000000000	-0.165600191060384	0.451130239865135	0.042825343248395
1.000000000000000	-0.193381619437834	0.441510043777228	0.040198102052425
1.000000000000000	-0.220480192311907	0.430153448075334	0.037408514606479
1.000000000000000	-0.246786793293910	0.417106181762107	0.034467813594632
1.000000000000000	-0.272195494986440	0.402420781574037	0.031387840181958
1.000000000000000	-0.296603985515625	0.386156380434561	0.028180996334333
1.000000000000000	-0.319913980504928	0.368378469346651	0.024860194880094
1.000000000000000	-0.342031618831645	0.349158633683652	0.021438807514642
1.000000000000000	-0.362867840572516	0.328574264940259	0.017930610957341
1.000000000000000	-0.382338745616606	0.306708249104278	0.014349731477530
1.000000000000000	-0.400365931501436	0.283648632904005	0.010710588013025
1.000000000000000	-0.416876809112032	0.259488269275131	0.007027834110146
1.000000000000000	-0.431804894971667	0.234324443474739	0.003316298919054
1.000000000000000	-0.445090078947358	0.208258481347914	-0.000409072518000
1.000000000000000	-0.456678866292160	0.181395341324319	-0.004133279445086
1.000000000000000	-0.466524593049624	0.153843191787653	-0.007841325795343
1.000000000000000	-0.474587613953087	0.125712975519740	-0.011518280574851
1.000000000000000	-0.480835462063162	0.097117962973107	-0.015149337984471
1.000000000000000	-0.485242979500650	0.068173296170846	-0.018719877037574
1.000000000000000	-0.487792418748436	0.038995525070332	-0.022215520433592
1.000000000000000	-0.488473514114478	0.009702138257673	-0.025622192450335
1.000000000000000	-0.487283523068125	-0.019588910137354	-0.028926175621956
1.000000000000000	-0.484227237283320	-0.048759675400956	-0.032114165974342
1.000000000000000	-0.479316963344222	-0.077692697157056	-0.035173326595526
1.000000000000000	-0.472572473190934	-0.106271472338772	-0.038091339325399
1.000000000000000	-0.464020924504876	-0.134380924305147	-0.040856454356590
1.000000000000000	-0.453696751354392	-0.161907866214169	-0.043457537546800
1.000000000000000	-0.441641525540907	-0.188741456786234	-0.045884115252058
1.000000000000000	-0.427903789203953	-0.214773646622855	-0.048126416500390
1.000000000000000	-0.412538859359112	-0.239899613283460	-0.050175412336076
1.000000000000000	-0.395608605155912	-0.264018183368361	-0.052022852176065
1.000000000000000	-0.377181198752603	-0.287032239908324	-0.053661297032164
1.000000000000000	-0.357330840810932	-0.308849113420330	-0.055084149465217
1.000000000000000	-0.336137461716270	-0.329380955054877	-0.056285680150663
1.000000000000000	-0.313686399726160	-0.348545090332287	-0.057261050948504
1.000000000000000	-0.290068057343273	-0.366264352043661	-0.058006334384788
1.000000000000000	-0.265377537296440	-0.382467390975990	-0.058518529466160
1.000000000000000	-0.239714259595523	-0.397088963210255	-0.058795573763805
1.000000000000000	-0.213181561202130	-0.410070192835661	-0.058836351718115
1.000000000000000	-0.185886279928141	-0.421358809022152	-0.058640699130662
1.000000000000000	-0.157938324237546	-0.430909356496590	-0.058209403825361
1.000000000000000	-0.129450230683855	-0.438683378575103	-0.057544202476184
1.000000000000000	-0.100536710765113	-0.444649572014573	-0.056647773614184
1.000000000000000	-0.071314189021187	-0.448783913059750	-0.055523726842001
1.000000000000000	-0.041900334233232	-0.451069754178435	-0.054176588299259
1.000000000000000	-0.012413585613042	-0.451497891095216	-0.052611782437408
1.000000000000000	0.017027324109852	-0.450066599853838	-0.050835610177364
1.000000000000000	0.046303846782984	-0.446781643758965	-0.048855223537929
1.000000000000000	0.075298096182513	-0.441656250169386	-0.046678596837135
1.000000000000000	0.103893322699448	-0.434711057236109	-0.044314494582480
1.000000000000000	0.131974383449113	-0.425974030799816	-0.041772436179348
1.000000000000000	0.159428205910903	-0.415480351782286	-0.039062657599724
1.000000000000000	0.186144243231421	-0.403272274525244	-0.036196070165549
1.000000000000000	0.212014919357636	-0.389398956647038	-0.033184216612677
1.000000000000000	0.236936062207681	-0.373916261102265	-0.030039224612350
1.000000000000000	0.260807323135062	-0.356886531241361	-0.026773757937348
1.000000000000000	0.283532580997236	-0.338378339775940	-0.023400965469445
1.000000000000000	0.305020329201532	-0.318466212660681	-0.019934428253503
1.000000000000000	0.325184044169896	-0.297230329003617	-0.016388104811398
1.000000000000000	0.343942533738810	-0.274756198213162	-0.012776274935979
1.000000000000000	0.361220264091471	-0.251134315681904	-0.009113482191381
1.000000000000000	0.376947663905815	-0.226459798393602	-0.005414475351227
1.000000000000000	0.391061404493679	-0.200832001920657	-0.001694149010520
1.000000000000000	0.403504654803072	-0.174354120354295	0.002032516389630


2.000000000000000	nan	nan	nan
2.000000000000000	nan	nan	nan
2.000000000000000	nan	nan	nan
2.000000000000000	nan	nan	nan
2.000000000000000	nan	nan	nan
2.000000000000000	nan	nan	nan
2.000000000000000	nan	nan	nan
2.000000000000000	nan	nan	nan
2.000000000000000	nan	nan	nan
2.000000000000000	nan	nan	nan
2.000000000000000	nan	nan	nan
2.000000000000000	nan	nan	nan
2.000000000000000	nan	nan	nan
2.000000000000000	nan	nan	nan
2.000000000000000	nan	nan	nan
2.000000000000000	nan	nan	nan
2.000000000000000	nan	nan	nan
2.000000000000000	nan	nan	nan
2.000000000000000	nan	nan	nan
2.000000000000000	nan	nan	nan
2.000000000000000	nan	nan	nan
2.000000000000000	nan	nan	nan
2.000000000000000	nan	nan	nan
2.000000000000000	nan	nan	nan
2.000000000000000	nan	nan	nan
2.000000000000000	nan	nan	nan
2.000000000000000	nan	nan	nan
2.000000000000000	nan	nan	nan
2.000000000000000	nan	nan	nan
2.000000000000000	nan	nan	nan
2.000000000000000	nan	nan	nan
2.000000000000000	nan	nan	nan
2.000000000000000	nan	nan	nan
2.000000000000000	nan	nan	nan
2.000000000000000	nan	nan	nan
2.000000000000000	nan	nan	nan
2.000000000000000	nan	nan	nan
2.000000000000000	nan	nan	nan
2.000000000000000	nan	nan	nan
2.000000000000000	nan	nan	nan
2.000000000000000	nan	nan	nan
2.000000000000000	nan	nan	nan
2.000000000000000	nan	nan	nan
2.000000000000000	nan	nan	nan
2.000000000000000	nan	nan	nan
2.000000000000000	nan	nan	nan
2.000000000000000	nan	nan	nan
2.000000000000000	nan	nan	nan
2.000000000000000	nan	nan	nan
2.000000000000000	nan	nan	nan
2.000000000000000	nan	nan	nan
2.000000000000000	nan	nan	nan
2.000000000000000	nan	nan	nan
2.000000000000000	nan	nan	nan
2.000000000000000	nan	nan	nan
2.000000000000000	nan	nan	nan
2.000000000000000	nan	nan	nan
2.000000000000000	nan	nan	nan
2.000000000000000	nan	nan	nan
2.000000000000000	nan	nan	nan
2.000000000000000	nan	nan	nan
2.000000000000000	nan	nan	nan
2.000000000000000	nan	nan	nan
2.000000000000000	nan	nan	nan
2.000000000000000	nan	nan	nan
2.000000000000000	nan	nan	nan
2.000000000000000	nan	nan	nan
2.000000000000000	nan	nan	nan
2.000000000000000	nan	nan	nan
2.000000000000000	nan	nan	nan
2.000000000000000	nan	nan	nan
2.000000000000000	nan	nan	nan
2.000000000000000	nan	nan	nan
2.000000000000000	nan	nan	nan
2.000000000000000	nan	nan	nan
2.000000000000000	nan	nan	nan
2.000000000000000	nan	nan	nan
2.000000000000000	nan	nan	nan
2.000000000000000	nan	nan	nan
2.000000000000000	nan	nan	nan
2.000000000000000	nan	nan	nan
2.000000000000000	nan	nan	nan
2.000000000000000	nan	nan	nan
2.000000000000000	nan	nan	nan
2.000000000000000	nan	nan	nan
2.000000000000000	nan	nan	nan
2.000000000000000	nan	nan	nan
2.000000000000000	nan	nan	nan
2.000000000000000	nan	nan	nan
2.000000000000000	nan	nan	nan
2.000000000000000	nan	nan	nan
2.000000000000000	nan	nan	nan
2.000000000000000	nan	nan	nan
2.000000000000000	nan	nan	nan
2.000000000000000	nan	nan	nan
2.000000000000000	nan	nan	nan
2.000000000000000	nan	nan	nan
2.000000000000000	nan	nan	nan
2.000000000000000	nan	nan	nan
2.000000000000000	nan	nan	nan


3.000000000000000	-0.947218819055543	0.219050784231930	-0.030940957125147
3.000000000000000	-0.960157923215308	0.153618102159495	-0.031335383710584
3.000000000000000	-0.968910896030691	0.087492871860972	-0.031593183747465
3.000000000000000	-0.973442492369472	0.020941356300283	-0.031713319166032
3.000000000000000	-0.973734465092592	-0.045768465058350	-0.031695306223353
3.000000000000000	-0.969785638528947	-0.112367975309133	-0.031539217451192
3.000000000000000	-0.961611913209393	-0.178589001730167	-0.031245681363944
3.000000000000000	-0.949246201840928	-0.244164895620354	-0.030815879927830
3.000000000000000	-0.932738296778831	-0.308831605999601	-0.030251543801537
3.000000000000000	-0.912154669530426	-0.372328742848923	-0.029554945367469
3.000000000000000	-0.887578203097778	-0.434400625609147	-0.028728889581657
3.000000000000000	-0.859107858237101	-0.494797312716282	-0.027776702679201
3.000000000000000	-0.826858274978719	-0.553275608027982	-0.026702218780689
3.000000000000000	-0.790959311012123	-0.609600040088575	-0.025509764453547
3.000000000000000	-0.751555518794891	-0.663543810289513	-0.024204141290481
3.000000000000000	-0.708805563490960	-0.714889706107312	-0.022790606575157
3.000000000000000	-0.662881584082007	-0.763430975741729	-0.021274852112977
3.000000000000000	-0.613968500224530	-0.808972160632285	-0.019662981312182
3.000000000000000	-0.562263267643656	-0.851329882500903	-0.017961484607588
3.000000000000000	-0.507974085061947	-0.890333581751511	-0.016177213325892
3.000000000000000	-0.451319555856631	-0.925826204253341	-0.014317352097797
3.000000000000000	-0.392527807820956	-0.957664833742477	-0.012389389928043
3.000000000000000	-0.331835574574079	-0.985721267295212	-0.010401090039825
3.000000000000000	-0.269487242318341	-1.009882531555973	-0.008360458615035
3.000000000000000	-0.205733865782279	-1.030051337641150	-0.006275712556193
3.000000000000000	-0.140832157311848	-1.046146472887092	-0.004155246399879
3.000000000000000	-0.075043453180405	-1.058103127864842	-0.002007598514899
3.000000000000000	-0.008632661279773	-1.065873157344829	0.000158583278713
3.000000000000000	0.058132805570339	-1.069425274160724	0.002334576531414
3.000000000000000	0.124984106399380	-1.068745175191804	0.004511619286379
3.000000000000000	0.191652054613663	-1.063835598956582	0.006680945360807
3.000000000000000	0.257868201915765	-1.054716314585752	0.008833819644247
3.000000000000000	0.323365919251077	-1.041424042218881	0.010961573271803
3.000000000000000	0.387881470428902	-1.024012305145366	0.013055638530593
3.000000000000000	0.451155074095008	-1.002551214285037	0.015107583358909
3.000000000000000	0.512931949779456	-0.977127185876232	0.017109145299148
3.000000000000000	0.572963343807627	-0.947842593508099	0.019052264767815
3.000000000000000	0.631007530943477	-0.914815355898291	0.020929117508622
3.000000000000000	0.686830787731743	-0.878178462075904	0.022732146098004
3.000000000000000	0.740208333619812	-0.838079435881599	0.024454090376202
3.000000000000000	0.790925236069661	-0.794679741941158	0.026088016681354
3.000000000000000	0.838777276015343	-0.748154135504428	0.027627345768915
3.000000000000000	0.883571770181073	-0.698689958767606	0.029065879303946
3.000000000000000	0.925128346948786	-0.646486386512339	0.030397824819623
3.000000000000000	0.963279672650970	-0.591753624099174	0.031617819041456
3.000000000000000	0.997872125364298	-0.534712061044760	0.032720949483302
3.000000000000000	1.028766413490882	-0.475591383591054	0.033702774228216
3.000000000000000	1.055838136636384	-0.414629649839886	0.034559339814479
3.000000000000000	1.078978286526493	-0.352072331177010	0.035287197154795
3.000000000000000	1.098093685944772	-0.288171323845464	0.035883415424546
3.000000000000000	1.113107363924426	-0.223183934648309	0.036345593863191
3.000000000000000	1.123958865683214	-0.157371844864951	0.036671871441283
3.000000000000000	1.130604496053525	-0.091000056552977	0.036860934354170
3.000000000000000	1.133017495427389	-0.024335825478413	0.036912021312232
3.000000000000000	1.131188147507983	0.042352415028931	0.036824926606319
3.000000000000000	1.125123818433720	0.108796134961728	0.036600000936073
3.000000000000000	1.114848927117415	0.174727788910709	0.036238149997780
3.000000000000000	1.100404846919941	0.239881893375585	0.035740830837458
3.000000000000000	1.081849739054304	0.303996095773413	0.035110045983838
3.000000000000000	1.059258318390970	0.366812230839844	0.034348335384895
3.000000000000000	1.032721552607448	0.428077360169530	0.033458766180370
3.000000000000000	1.002346295893563	0.487544790709805	0.032444920351481
3.000000000000000	0.968254858687345	0.544975068106543	0.031310880297551
3.000000000000000	0.930584515174061	0.600136940902325	0.030061212397624
3.000000000000000	0.889486950531528	0.652808291704443	0.028700948623271
3.000000000000000	0.845127650147431	0.702777031573241	0.027235566276615
3.000000000000000	0.797685233268077	0.749841954029423	0.025670965935168
3.000000000000000	0.747350733761737	0.793813545241529	0.024013447692289
3.000000000000000	0.694326830892673	0.834514747131247	0.022269685788932
3.000000000000000	0.638827033203282	0.871781670323802	0.020446701738831
3.000000000000000	0.581074818790552	0.905464254072627	0.018551836055346
3.000000000000000	0.521302735438640	0.935426870501023	0.016592718693802
3.000000000000000	0.459751464231018	0.961548870727752	0.014577238328357
3.000000000000000	0.396668850412703	0.983725070677498	0.012513510587090
3.000000000000000	0.332308905404925	1.001866174620015	0.010409845373237
3.000000000000000	0.266930783990789	1.015899134732516	0.008274713404137
3.000000000000000	0.200797740790429	1.025767445237473	0.006116712102649
3.000000000000000	0.134176070227568	1.031431369931443	0.003944530978360
3.000000000000000	0.067334034255857	1.032868102188728	0.001766916638001
3.000000000000000	0.000540782162677	1.030071856795616	-0.000407362434055
3.000000000000000	-0.065934733200056	1.023053893245386	-0.002569551183384
3.000000000000000	-0.131824838394097	1.011842470400309	-0.004710943239023
3.000000000000000	-0.196864217221329	0.996482732703180	-0.006822915970954
3.000000000000000	-0.260790979058459	0.977036528396582	-0.008896965210395
3.000000000000000	-0.323347713398122	0.953582160481840	-0.010924739493080
3.000000000000000	-0.384282526350142	0.926214071420475	-0.012898073687664
3.000000000000000	-0.443350054929322	0.895042462847740	-0.014809021873820
3.000000000000000	-0.500312455045590	0.860192851829533	-0.016649889337661
3.000000000000000	-0.554940359218204	0.821805565449470	-0.018413263555632
3.000000000000000	-0.607013800157638	0.780035175761251	-0.020092044042130
3.000000000000000	-0.656323096496225	0.735049877381551	-0.021679470940650
3.000000000000000	-0.702669697101019	0.687030810229666	-0.023169152243345
3.000000000000000	-0.745866980569128	0.636171330140984	-0.024555089529382
3.000000000000000	-0.785741006686238	0.582676230291286	-0.025831702118468
3.000000000000000	-0.822131216822465	0.526760916566905	-0.026993849542280
3.000000000000000	-0.854891080445288	0.468650540201248	-0.028036852243315
3.000000000000000	-0.883888685146287	0.408579091170243	-0.028956510417816
3.000000000000000	-0.909007267805856	0.346788455997295	-0.029749120926903
3.000000000000000	-0.930145684757071	0.283527443761627	-0.030411492207803
3.000000000000000	-0.947218819055543	0.219050784231930	-0.030940957125147


4.000000000000000	nan	nan	nan
4.000000000000000	nan	nan	nan
4.000000000000000	nan	nan	nan
4.000000000000000	nan	nan	nan
4.000000000000000	nan	nan	nan
4.000000000000000	nan	nan	nan
4.000000000000000	nan	nan	nan
4.000000000000000	nan	nan	nan
4.000000000000000	nan	nan	nan
4.000000000000000	nan	nan	nan
4.000000000000000	nan	nan	nan
4.000000000000000	nan	nan	nan
4.000000000000000	nan	nan	nan
4.000000000000000	nan	nan	nan
4.000000000000000	nan	nan	nan
4.000000000000000	nan	nan	nan
4.000000000000000	nan	nan	nan
4.000000000000000	nan	nan	nan
4.000000000000000	nan	nan	nan
4.000000000000000	nan	nan	nan
4.000000000000000	nan	nan	nan
4.000000000000000	nan	nan	nan
4.000000000000000	nan	nan	nan
4.000000000000000	nan	nan	nan
4.000000000000000	nan	nan	nan
4.000000000000000	nan	nan	nan
4.000000000000000	nan	nan	nan
4.000000000000000	nan	nan	nan
4.000000000000000	nan	nan	nan
4.000000000000000	nan	nan	nan
4.000000000000000	nan	nan	nan
4.000000000000000	nan	nan	nan
4.000000000000000	nan	nan	nan
4.000000000000000	nan	nan	nan
4.000000000000000	nan	nan	nan
4.000000000000000	nan	nan	nan
4.000000000000000	nan	nan	nan
4.000000000000000	nan	nan	nan
4.000000000000000	nan	nan	nan
4.000000000000000	nan	nan	nan
4.000000000000000	nan	nan	nan
4.000000000000000	nan	nan	nan
4.000000000000000	nan	nan	nan
4.000000000000000	nan	nan	nan
4.000000000000000	nan	nan	nan
4.000000000000000	nan	nan	nan
4.000000000000000	nan	nan	nan
4.000000000000000	nan	nan	nan
4.000000000000000	nan	nan	nan
4.000000000000000	nan	nan	nan
4.000000000000000	nan	nan	nan
4.000000000000000	nan	nan	nan
4.000000000000000	nan	nan	nan
4.000000000000000	nan	nan	nan
4.000000000000000	nan	nan	nan
4.000000000000000	nan	nan	nan
4.000000000000000	nan	nan	nan
4.000000000000000	nan	nan	nan
4.000000000000000	nan	nan	nan
4.000000000000000	nan	nan	nan
4.000000000000000	nan	nan	nan
4.000000000000000	nan	nan	nan
4.000000000000000	nan	nan	nan
4.000000000000000	nan	nan	nan
4.000000000000000	nan	nan	nan
4.000000000000000	nan	nan	nan
4.000000000000000	nan	nan	nan
4.000000000000000	nan	nan	nan
4.000000000000000	nan	nan	nan
4.000000000000000	nan	nan	nan
4.000000000000000	nan	nan	nan
4.000000000000000	nan	nan	nan
4.000000000000000	nan	nan	nan
4.000000000000000	nan	nan	nan
4.000000000000000	nan	nan	nan
4.000000000000000	nan	nan	nan
4.000000000000000	nan	nan	nan
4.000000000000000	nan	nan	nan
4.000000000000000	nan	nan	nan
4.000000000000000	nan	nan	nan
4.000000000000000	nan	nan	nan
4.000000000000000	nan	nan	nan
4.000000000000000	nan	nan	nan
4.000000000000000	nan	nan	nan
4.000000000000000	nan	nan	nan
4.000000000000000	nan	nan	nan
4.000000000000000	nan	nan	nan
4.000000000000000	nan	nan	nan
4.000000000000000	nan	nan	nan
4.000000000000000	nan	nan	nan
4.000000000000000	nan	nan	nan
4.000000000000000	nan	nan	nan
4.000000000000000	nan	nan	nan
4.000000000000000	nan	nan	nan
4.000000000000000	nan	nan	nan
4.000000000000000	nan	nan	nan
4.000000000000000	nan	nan	nan
4.000000000000000	nan	nan	nan
4.000000000000000	nan	nan	nan
4.000000000000000	nan	nan	nan


5.000000000000000	nan	nan	nan
5.000000000000000	nan	nan	nan
5.000000000000000	nan	nan	nan
5.000000000000000	nan	nan	nan
5.000000000000000	nan	nan	nan
5.000000000000000	nan	nan	nan
5.000000000000000	nan	nan	nan
5.000000000000000	nan	nan	nan
5.000000000000000	nan	nan	nan
5.000000000000000	nan	nan	nan
5.000000000000000	nan	nan	nan
5.000000000000000	nan	nan	nan
5.000000000000000	nan	nan	nan
5.000000000000000	nan	nan	nan
5.000000000000000	nan	nan	nan
5.000000000000000	nan	nan	nan
5.000000000000000	nan	nan	nan
5.000000000000000	nan	nan	nan
5.000000000000000	nan	nan	nan
5.000000000000000	nan	nan	nan
5.000000000000000	nan	nan	nan
5.000000000000000	nan	nan	nan
5.000000000000000	nan	nan	nan
5.000000000000000	nan	nan	nan
5.000000000000000	nan	nan	nan
5.000000000000000	nan	nan	nan
5.000000000000000	nan	nan	nan
5.000000000000000	nan	nan	nan
5.000000000000000	nan	nan	nan
5.000000000000000	nan	nan	nan
5.000000000000000	nan	nan	nan
5.000000000000000	nan	nan	nan
5.000000000000000	nan	nan	nan
5.000000000000000	nan	nan	nan
5.000000000000000	nan	nan	nan
5.000000000000000	nan	nan	nan
5.000000000000000	nan	nan	nan
5.000000000000000	nan	nan	nan
5.000000000000000	nan	nan	nan
5.000000000000000	nan	nan	nan
5.000000000000000	nan	nan	nan
5.000000000000000	nan	nan	nan
5.000000000000000	nan	nan	nan
5.000000000000000	nan	nan	nan
5.000000000000000	nan	nan	nan
5.000000000000000	nan	nan	nan
5.000000000000000	nan	nan	nan
5.000000000000000	nan	nan	nan
5.000000000000000	nan	nan	nan
5.000000000000000	nan	nan	nan
5.000000000000000	nan	nan	nan
5.000000000000000	nan	nan	nan
5.000000000000000	nan	nan	nan
5.000000000000000	nan	nan	nan
5.000000000000000	nan	nan	nan
5.000000000000000	nan	nan	nan
5.000000000000000	nan	nan	nan
5.000000000000000	nan	nan	nan
5.000000000000000	nan	nan	nan
5.000000000000000	nan	nan	nan
5.000000000000000	nan	nan	nan
5.000000000000000	nan	nan	nan
5.000000000000000	nan	nan	nan
5.000000000000000	nan	nan	nan
5.000000000000000	nan	nan	nan
5.000000000000000	nan	nan	nan
5.000000000000000	nan	nan	nan
5.000000000000000	nan	nan	nan
5.000000000000000	nan	nan	nan
5.000000000000000	nan	nan	nan
5.000000000000000	nan	nan	nan
5.000000000000000	nan	nan	nan
5.000000000000000	nan	nan	nan
5.000000000000000	nan	nan	nan
5.000000000000000	nan	nan	nan
5.000000000000000	nan	nan	nan
5.000000000000000	nan	nan	nan
5.000000000000000	nan	nan	nan
5.000000000000000	nan	nan	nan
5.000000000000000	nan	nan	nan
5.000000000000000	nan	nan	nan
5.000000000000000	nan	nan	nan
5.000000000000000	nan	nan	nan
5.000000000000000	nan	nan	nan
5.000000000000000	nan	nan	nan
5.000000000000000	nan	nan	nan
5.000000000000000	nan	nan	nan
5.000000000000000	nan	nan	nan
5.000000000000000	nan	nan	nan
5.000000000000000	nan	nan	nan
5.000000000000000	nan	nan	nan
5.000000000000000	nan	nan	nan
5.000000000000000	nan	nan	nan
5.000000000000000	nan	nan	nan
5.000000000000000	nan	nan	nan
5.000000000000000	nan	nan	nan
5.000000000000000	nan	nan	nan
5.000000000000000	nan	nan	nan
5.000000000000000	nan	nan	nan
5.000000000000000	nan	nan	nan


6.000000000000000	nan	nan	nan
6.000000000000000	nan	nan	nan
6.000000000000000	nan	nan	nan
6.000000000000000	nan	nan	nan
6.000000000000000	nan	nan	nan
6.000000000000000	nan	nan	nan
6.000000000000000	nan	nan	nan
6.000000000000000	nan	nan	nan
6.000000000000000	nan	nan	nan
6.000000000000000	nan	nan	nan
6.000000000000000	nan	nan	nan
6.000000000000000	nan	nan	nan
6.000000000000000	nan	nan	nan
6.000000000000000	nan	nan	nan
6.000000000000000	nan	nan	nan
6.000000000000000	nan	nan	nan
6.000000000000000	nan	nan	nan
6.000000000000000	nan	nan	nan
6.000000000000000	nan	nan	nan
6.000000000000000	nan	nan	nan
6.000000000000000	nan	nan	nan
6.000000000000000	nan	nan	nan
6.000000000000000	nan	nan	nan
6.000000000000000	nan	nan	nan
6.000000000000000	nan	nan	nan
6.000000000000000	nan	nan	nan
6.000000000000000	nan	nan	nan
6.000000000000000	nan	nan	nan
6.000000000000000	nan	nan	nan
6.000000000000000	nan	nan	nan
6.000000000000000	nan	nan	nan
6.000000000000000	nan	nan	nan
6.000000000000000	nan	nan	nan
6.000000000000000	nan	nan	nan
6.000000000000000	nan	nan	nan
6.000000000000000	nan	nan	nan
6.000000000000000	nan	nan	nan
6.000000000000000	nan	nan	nan
6.000000000000000	nan	nan	nan
6.000000000000000	nan	nan	nan
6.000000000000000	nan	nan	nan
6.000000000000000	nan	nan	nan
6.000000000000000	nan	nan	nan
6.000000000000000	nan	nan	nan
6.000000000000000	nan	nan	nan
6.000000000000000	nan	nan	nan
6.000000000000000	nan	nan	nan
6.000000000000000	nan	nan	nan
6.000000000000000	nan	nan	nan
6.000000000000000	nan	nan	nan
6.000000000000000	nan	nan	nan
6.000000000000000	nan	nan	nan
6.000000000000000	nan	nan	nan
6.000000000000000	nan	nan	nan
6.000000000000000	nan	nan	nan
6.000000000000000	nan	nan	nan
6.000000000000000	nan	nan	nan
6.000000000000000	nan	nan	nan
6.000000000000000	nan	nan	nan
6.000000000000000	nan	nan	nan
6.000000000000000	nan	nan	nan
6.000000000000000	nan	nan	nan
6.000000000000000	nan	nan	nan
6.000000000000000	nan	nan	nan
6.000000000000000	nan	nan	nan
6.000000000000000	nan	nan	nan
6.000000000000000	nan	nan	nan
6.000000000000000	nan	nan	nan
6.000000000000000	nan	nan	nan
6.000000000000000	nan	nan	nan
6.000000000000000	nan	nan	nan
6.000000000000000	nan	nan	nan
6.000000000000000	nan	nan	nan
6.000000000000000	nan	nan	nan
6.000000000000000	nan	nan	nan
6.000000000000000	nan	nan	nan
6.000000000000000	nan	nan	nan
6.000000000000000	nan	nan	nan
6.000000000000000	nan	nan	nan
6.000000000000000	nan	nan	nan
6.000000000000000	nan	nan	nan
6.000000000000000	nan	nan	nan
6.000000000000000	nan	nan	nan
6.000000000000000	nan	nan	nan
6.000000000000000	nan	nan	nan
6.000000000000000	nan	nan	nan
6.000000000000000	nan	nan	nan
6.000000000000000	nan	nan	nan
6.000000000000000	nan	nan	nan
6.000000000000000	nan	nan	nan
6.000000000000000	nan	nan	nan
6.000000000000000	nan	nan	nan
6.000000000000000	nan	nan	nan
6.000000000000000	nan	nan	nan
6.000000000000000	nan	nan	nan
6.000000000000000	nan	nan	nan
6.000000000000000	nan	nan	nan
6.000000000000000	nan	nan	nan
6.000000000000000	nan	nan	nan
6.000000000000000	nan	nan	nan


7.000000000000000	nan	nan	nan
7.000000000000000	nan	nan	nan
7.000000000000000	nan	nan	nan
7.000000000000000	nan	nan	nan
7.000000000000000	nan	nan	nan
7.000000000000000	nan	nan	nan
7.000000000000000	nan	nan	nan
7.000000000000000	nan	nan	nan
7.000000000000000	nan	nan	nan
7.000000000000000	nan	nan	nan
7.000000000000000	nan	nan	nan
7.000000000000000	nan	nan	nan
7.000000000000000	nan	nan	nan
7.000000000000000	nan	nan	nan
7.000000000000000	nan	nan	nan
7.000000000000000	nan	nan	nan
7.000000000000000	nan	nan	nan
7.000000000000000	nan	nan	nan
7.000000000000000	nan	nan	nan
7.000000000000000	nan	nan	nan
7.000000000000000	nan	nan	nan
7.000000000000000	nan	nan	nan
7.000000000000000	nan	nan	nan
7.000000000000000	nan	nan	nan
7.000000000000000	nan	nan	nan
7.000000000000000	nan	nan	nan
7.000000000000000	nan	nan	nan
7.000000000000000	nan	nan	nan
7.000000000000000	nan	nan	nan
7.000000000000000	nan	nan	nan
7.000000000000000	nan	nan	nan
7.000000000000000	nan	nan	nan
7.000000000000000	nan	nan	nan
7.000000000000000	nan	nan	nan
7.000000000000000	nan	nan	nan
7.000000000000000	nan	nan	nan
7.000000000000000	nan	nan	nan
7.000000000000000	nan	nan	nan
7.000000000000000	nan	nan	nan
7.000000000000000	nan	nan	nan
7.000000000000000	nan	nan	nan
7.000000000000000	nan	nan	nan
7.000000000000000	nan	nan	nan
7.000000000000000	nan	nan	nan
7.000000000000000	nan	nan	nan
7.000000000000000	nan	nan	nan
7.000000000000000	nan	nan	nan
7.000000000000000	nan	nan	nan
7.000000000000000	nan	nan	nan
7.000000000000000	nan	nan	nan
7.000000000000000	nan	nan	nan
7.000000000000000	nan	nan	nan
7.000000000000000	nan	nan	nan
7.000000000000000	nan	nan	nan
7.000000000000000	nan	nan	nan
7.000000000000000	nan	nan	nan
7.000000000000000	nan	nan	nan
7.000000000000000	nan	nan	nan
7.000000000000000	nan	nan	nan
7.000000000000000	nan	nan	nan
7.000000000000000	nan	nan	nan
7.000000000000000	nan	nan	nan
7.000000000000000	nan	nan	nan
7.000000000000000	nan	nan	nan
7.000000000000000	nan	nan	nan
7.000000000000000	nan	nan	nan
7.000000000000000	nan	nan	nan
7.000000000000000	nan	nan	nan
7.000000000000000	nan	nan	nan
7.000000000000000	nan	nan	nan
7.000000000000000	nan	nan	nan
7.000000000000000	nan	nan	nan
7.000000000000000	nan	nan	nan
7.000000000000000	nan	nan	nan
7.000000000000000	nan	nan	nan
7.000000000000000	nan	nan	nan
7.000000000000000	nan	nan	nan
7.000000000000000	nan	nan	nan
7.000000000000000	nan	nan	nan
7.000000000000000	nan	nan	nan
7.000000000000000	nan	nan	nan
7.000000000000000	nan	nan	nan
7.000000000000000	nan	nan	nan
7.000000000000000	nan	nan	nan
7.000000000000000	nan	nan	nan
7.000000000000000	nan	nan	nan
7.000000000000000	nan	nan	nan
7.000000000000000	nan	nan	nan
7.000000000000000	nan	nan	nan
7.000000000000000	nan	nan	nan
7.000000000000000	nan	nan	nan
7.000000000000000	nan	nan	nan
7.000000000000000	nan	nan	nan
7.000000000000000	nan	nan	nan
7.000000000000000	nan	nan	nan
7.000000000000000	nan	nan	nan
7.000000000000000	nan	nan	nan
7.000000000000000	nan	nan	nan
7.000000000000000	nan	nan	nan
7.000000000000000	nan	nan	nan


8.000000000000000	nan	nan	nan
8.000000000000000	nan	nan	nan
8.000000000000000	nan	nan	nan
8.000000000000000	nan	nan	nan
8.000000000000000	nan	nan	nan
8.000000000000000	nan	nan	nan
8.000000000000000	nan	nan	nan
8.000000000000000	nan	nan	nan
8.000000000000000	nan	nan	nan
8.000000000000000	nan	nan	nan
8.000000000000000	nan	nan	nan
8.000000000000000	nan	nan	nan
8.000000000000000	nan	nan	nan
8.000000000000000	nan	nan	nan
8.000000000000000	nan	nan	nan
8.000000000000000	nan	nan	nan
8.000000000000000	nan	nan	nan
8.000000000000000	nan	nan	nan
8.000000000000000	nan	nan	nan
8.000000000000000	nan	nan	nan
8.000000000000000	nan	nan	nan
8.000000000000000	nan	nan	nan
8.000000000000000	nan	nan	nan
8.000000000000000	nan	nan	nan
8.000000000000000	nan	nan	nan
8.000000000000000	nan	nan	nan
8.000000000000000	nan	nan	nan
8.000000000000000	nan	nan	nan
8.000000000000000	nan	nan	nan
8.000000000000000	nan	nan	nan
8.000000000000000	nan	nan	nan
8.000000000000000	nan	nan	nan
8.000000000000000	nan	nan	nan
8.000000000000000	nan	nan	nan
8.000000000000000	nan	nan	nan
8.000000000000000	nan	nan	nan
8.000000000000000	nan	nan	nan
8.000000000000000	nan	nan	nan
8.000000000000000	nan	nan	nan
8.000000000000000	nan	nan	nan
8.000000000000000	nan	nan	nan
8.000000000000000	nan	nan	nan
8.000000000000000	nan	nan	nan
8.000000000000000	nan	nan	nan
8.000000000000000	nan	nan	nan
8.000000000000000	nan	nan	nan
8.000000000000000	nan	nan	nan
8.000000000000000	nan	nan	nan
8.000000000000000	nan	nan	nan
8.000000000000000	nan	nan	nan
8.000000000000000	nan	nan	nan
8.000000000000000	nan	nan	nan
8.000000000000000	nan	nan	nan
8.000000000000000	nan	nan	nan
8.000000000000000	nan	nan	nan
8.000000000000000	nan	nan	nan
8.000000000000000	nan	nan	nan
8.000000000000000	nan	nan	nan
8.000000000000000	nan	nan	nan
8.000000000000000	nan	nan	nan
8.000000000000000	nan	nan	nan
8.000000000000000	nan	nan	nan
8.000000000000000	nan	nan	nan
8.000000000000000	nan	nan	nan
8.000000000000000	nan	nan	nan
8.000000000000000	nan	nan	nan
8.000000000000000	nan	nan	nan
8.000000000000000	nan	nan	nan
8.000000000000000	nan	nan	nan
8.000000000000000	nan	nan	nan
8.000000000000000	nan	nan	nan
8.000000000000000	nan	nan	nan
8.000000000000000	nan	nan	nan
8.000000000000000	nan	nan	nan
8.000000000000000	nan	nan	nan
8.000000000000000	nan	nan	nan
8.000000000000000	nan	nan	nan
8.000000000000000	nan	nan	nan
8.000000000000000	nan	nan	nan
8.000000000000000	nan	nan	nan
8.000000000000000	nan	nan	nan
8.000000000000000	nan	nan	nan
8.000000000000000	nan	nan	nan
8.000000000000000	nan	nan	nan
8.000000000000000	nan	nan	nan
8.000000000000000	nan	nan	nan
8.000000000000000	nan	nan	nan
8.000000000000000	nan	nan	nan
8.000000000000000	nan	nan	nan
8.000000000000000	nan	nan	nan
8.000000000000000	nan	nan	nan
8.000000000000000	nan	nan	nan
8.000000000000000	nan	nan	nan
8.000000000000000	nan	nan	nan
8.000000000000000	nan	nan	nan
8.000000000000000	nan	nan	nan
8.000000000000000	nan	nan	nan
8.000000000000000	nan	nan	nan
8.000000000000000	nan	nan	nan
8.000000000000000	nan	nan	nan


9.000000000000000	-0.357804666288938	0.524587171737566	0.093022616147478
9.000000000000000	-0.399918956482172	0.495558913040689	0.082974384254721
9.000000000000000	-0.439963093859466	0.463861058393373	0.072472498994837
9.000000000000000	-0.477775834812930	0.429621243868721	0.061559247753194
9.000000000000000	-0.513204920780514	0.392977341115095	0.050278574340779
9.000000000000000	-0.546107691337504	0.354076902195647	0.038675902047978
9.000000000000000	-0.576351658639693	0.313076565448237	0.026797950741025
9.000000000000000	-0.603815040905176	0.270141424758136	0.014692548737583
9.000000000000000	-0.628387252786600	0.225444364783210	0.002408440218995
9.000000000000000	-0.649969350659326	0.179165364808430	-0.010004911045335
9.000000000000000	-0.668474431032488	0.131490774032810	-0.022497520871080
9.000000000000000	-0.683827980478677	0.082612561206954	-0.035019085927662
9.000000000000000	-0.695968175673212	0.032727541642650	-0.047519186292004
9.000000000000000	-0.704846132334851	-0.017963415292922	-0.059947488471774
9.000000000000000	-0.710426102065536	-0.069256195007240	-0.072253948080584
9.000000000000000	-0.712685616296580	-0.120944259579863	-0.084389011349078
9.000000000000000	-0.711615576761653	-0.172819479417735	-0.096303814660469
9.000000000000000	-0.707220292132300	-0.224672971319607	-0.107950381307078
9.000000000000000	-0.699517460668434	-0.276295939574955	-0.119281814675602
9.000000000000000	-0.688538098953695	-0.327480516710620	-0.130252487083224
9.000000000000000	-0.674326417002610	-0.378020600499756	-0.140818223504189
9.000000000000000	-0.656939640242472	-0.427712683862749	-0.150936479447042
9.000000000000000	-0.636447779086739	-0.476356674318410	-0.160566512266275
9.000000000000000	-0.612933347027811	-0.523756699685766	-0.169669545218586
9.000000000000000	-0.586491028384316	-0.569721896792206	-0.178208923603134
9.000000000000000	-0.557227297040781	-0.614067180012113	-0.186150262357086
9.000000000000000	-0.525259987714874	-0.656613986541352	-0.193461584512124
9.000000000000000	-0.490717821478588	-0.697190995406659	-0.200113449954417
9.000000000000000	-0.453739887443914	-0.735634817314737	-0.206079073969563
9.000000000000000	-0.414475082700078	-0.771790652563269	-0.211334435095182
9.000000000000000	-0.373081512757517	-0.805512914364686	-0.215858371846869
9.000000000000000	-0.329725854912785	-0.836665815072775	-0.219632667928020
9.000000000000000	-0.284582687097915	-0.865123912951608	-0.222642125580430
9.000000000000000	-0.237833784916696	-0.890772617285135	-0.224874626780303
9.000000000000000	-0.189667389698479	-0.913508649793554	-0.226321182033254
9.000000000000000	-0.140277450516779	-0.933240460498497	-0.226975966571831
9.000000000000000	-0.089862843224810	-0.949888596362472	-0.226836343809801
9.000000000000000	-0.038626569652614	-0.963386021218213	-0.225902875958747
9.000000000000000	0.013225059809658	-0.973678385699657	-0.224179321764243
9.000000000000000	0.065483256950869	-0.980724246087662	-0.221672621370714
9.000000000000000	0.117937596455336	-0.984495231189240	-0.218392868375918
9.000000000000000	0.170376863211310	-0.984976156578332	-0.214353269187599
9.000000000000000	0.222589902799674	-0.982165085738135	-0.209570089845937
9.000000000000000	0.274366471738274	-0.976073337858773	-0.204062590525945
9.000000000000000	0.325498084058211	-0.966725442258912	-0.197852947983550
9.000000000000000	0.375778850803257	-0.954159039614851	-0.190966166257614
9.000000000000000	0.425006309072013	-0.938424730394804	-0.183429975987501
9.000000000000000	0.472982237264556	-0.919585871108673	-0.175274722751577
9.000000000000000	0.519513453250858	-0.897718319193747	-0.166533244876278
9.000000000000000	0.564412592247046	-0.872910127563570	-0.157240741207757
9.000000000000000	0.607498861267254	-0.845261190049940	-0.147434629378556
9.000000000000000	0.648598767113167	-0.814882839165705	-0.137154395140005
9.000000000000000	0.687546814969899	-0.781897397808025	-0.126441433367039
9.000000000000000	0.724186174795202	-0.746437686707242	-0.115338881375644
9.000000000000000	0.758369312818694	-0.708646489604675	-0.103891445224112
9.000000000000000	0.789958585608279	-0.668675978312889	-0.092145219697525
9.000000000000000	0.818826794311671	-0.626687099973512	-0.080147502700321
9.000000000000000	0.844857696841275	-0.582848928979904	-0.067946604804328
9.000000000000000	0.867946475940050	-0.537337986174247	-0.055591654719143
9.000000000000000	0.888000161243605	-0.490337528060416	-0.043132401468157
9.000000000000000	0.904938003639047	-0.442036808894717	-0.030619014066794
9.000000000000000	0.918691800413155	-0.392630318625791	-0.018101879509599
9.000000000000000	0.929206169880636	-0.342316999752239	-0.005631399879587
9.000000000000000	0.936438774386627	-0.291299446251393	0.006742210603147
9.000000000000000	0.940360490785483	-0.239783087804872	0.018969127776381
9.000000000000000	0.940955527709413	-0.187975362605763	0.031000118160070
9.000000000000000	0.938221489154738	-0.136084882078229	0.042786737202203
9.000000000000000	0.932169384129756	-0.084320590872933	0.054281524347912
9.000000000000000	0.922823582325350	-0.032890925520674	0.065438194146373
9.000000000000000	0.910221715986844	0.017997024867953	0.076211822625985
9.000000000000000	0.894414528382232	0.068138352477320	0.086559028187347
9.000000000000000	0.875465669476951	0.117331155878212	0.096438146285644
9.000000000000000	0.853451439637930	0.165377353013627	0.105809397199067
9.000000000000000	0.828460482398945	0.212083478805307	0.114635046207713
9.000000000000000	0.800593427524395	0.257261464169325	0.122879555537983
9.000000000000000	0.769962485808757	0.300729393303907	0.130509727460650
9.000000000000000	0.736690997243319	0.342312236200165	0.137494837966404
9.000000000000000	0.700912934369571	0.381842553426160	0.143806760480590
9.000000000000000	0.662772362819059	0.419161170346403	0.149420079118997
9.000000000000000	0.622422861211942	0.454117818061928	0.154312191028653
9.000000000000000	0.580026902750086	0.486571738490116	0.158463397401539
9.000000000000000	0.535755200994826	0.516392251147812	0.161856982794734
9.000000000000000	0.489786022463711	0.543459279355507	0.164479282437605
9.000000000000000	0.442304468814151	0.567663833743749	0.166319737255012
9.000000000000000	0.393501731504373	0.588908451114862	0.167370936384985
9.000000000000000	0.343574321932901	0.607107586892848	0.167628647019641
9.000000000000000	0.292723280156513	0.622187959581200	0.167091831449211
9.000000000000000	0.241153365372883	0.634088845841627	0.165762651240532
9.000000000000000	0.189072231427565	0.642762325005501	0.163646458533178
9.000000000000000	0.136689590665244	0.648173472033480	0.160751774488285
9.000000000000000	0.084216369492146	0.650300498146312	0.157090254976841
9.000000000000000	0.031863859049836	0.649134838560563	0.152676643645607
9.000000000000000	-0.020157135579627	0.644681186975970	0.147528712549659
9.000000000000000	-0.071637144211355	0.636957476675578	0.141667190590590
9.000000000000000	-0.122368875020137	0.625994808314730	0.135115680048540
9.000000000000000	-0.172148049231453	0.611837324689710	0.127900561544148
9.000000000000000	-0.220774223680006	0.594542032990280	0.120050887813100
9.000000000000000	-0.268051597923594	0.574178575251848	0.111598266721018
9.000000000000000	-0.313789802662394	0.550828947931573	0.102576733989739
9.000000000000000	-0.357804666288937	0.524587171737566	0.093022616147478


10.000000000000000	nan	nan	nan
10.000000000000000	nan	nan	nan
10.000000000000000	nan	nan	nan
10.000000000000000	nan	nan	nan
10.000000000000000	nan	nan	nan
10.000000000000000	nan	nan	nan
10.000000000000000	nan	nan	nan
10.000000000000000	nan	nan	nan
10.000000000000000	nan	nan	nan
10.000000000000000	nan	nan	nan
10.000000000000000	nan	nan	nan
10.000000000000000	nan	nan	nan
10.000000000000000	nan	nan	nan
10.000000000000000	nan	nan	nan
10.000000000000000	nan	nan	nan
10.000000000000000	nan	nan	nan
10.000000000000000	nan	nan	nan
10.000000000000000	nan	nan	nan
10.000000000000000	nan	nan	nan
10.000000000000000	nan	nan	nan
10.000000000000000	nan	nan	nan
10.000000000000000	nan	nan	nan
10.000000000000000	nan	nan	nan
10.000000000000000	nan	nan	nan
10.000000000000000	nan	nan	nan
10.000000000000000	nan	nan	nan
10.000000000000000	nan	nan	nan
10.000000000000000	nan	nan	nan
10.000000000000000	nan	nan	nan
10.000000000000000	nan	nan	nan
10.000000000000000	nan	nan	nan
10.000000000000000	nan	nan	nan
10.000000000000000	nan	nan	nan
10.000000000000000	nan	nan	nan
10.000000000000000	nan	nan	nan
10.000000000000000	nan	nan	nan
10.000000000000000	nan	nan	nan
10.000000000000000	nan	nan	nan
10.000000000000000	nan	nan	nan
10.000000000000000	nan	nan	nan
10.000000000000000	nan	nan	nan
10.000000000000000	nan	nan	nan
10.000000000000000	nan	nan	nan
10.000000000000000	nan	nan	nan
10.000000000000000	nan	nan	nan
10.000000000000000	nan	nan	nan
10.000000000000000	nan	nan	nan
10.000000000000000	nan	nan	nan
10.000000000000000	nan	nan	nan
10.000000000000000	nan	nan	nan
10.000000000000000	nan	nan	nan
10.000000000000000	nan	nan	nan
10.000000000000000	nan	nan	nan
10.000000000000000	nan	nan	nan
10.000000000000000	nan	nan	nan
10.000000000000000	nan	nan	nan
10.000000000000000	nan	nan	nan
10.000000000000000	nan	nan	nan
10.000000000000000	nan	nan	nan
10.000000000000000	nan	nan	nan
10.000000000000000	nan	nan	nan
10.000000000000000	nan	nan	nan
10.000000000000000	nan	nan	nan
10.000000000000000	nan	nan	nan
10.000000000000000	nan	nan	nan
10.000000000000000	nan	nan	nan
10.000000000000000	nan	nan	nan
10.000000000000000	nan	nan	nan
10.000000000000000	nan	nan	nan
10.000000000000000	nan	nan	nan
10.000000000000000	nan	nan	nan
10.000000000000000	nan	nan	nan
10.000000000000000	nan	nan	nan
10.000000000000000	nan	nan	nan
10.000000000000000	nan	nan	nan
10.000000000000000	nan	nan	nan
10.000000000000000	nan	nan	nan
10.000000000000000	nan	nan	nan
10.000000000000000	nan	nan	nan
10.000000000000000	nan	nan	nan
10.000000000000000	nan	nan	nan
10.000000000000000	nan	nan	nan
10.000000000000000	nan	nan	nan
10.000000000000000	nan	nan	nan
10.000000000000000	nan	nan	nan
10.000000000000000	nan	nan	nan
10.000000000000000	nan	nan	nan
10.000000000000000	nan	nan	nan
10.000000000000000	nan	nan	nan
10.000000000000000	nan	nan	nan
10.000000000000000	nan	nan	nan
10.000000000000000	nan	nan	nan
10.000000000000000	nan	nan	nan
10.000000000000000	nan	nan	nan
10.000000000000000	nan	nan	nan
10.000000000000000	nan	nan	nan
10.000000000000000	nan	nan	nan
10.000000000000000	nan	nan	nan
10.000000000000000	nan	nan	nan
10.000000000000000	nan	nan	nan


11.000000000000000	nan	nan	nan
11.000000000000000	nan	nan	nan
11.000000000000000	nan	nan	nan
11.000000000000000	nan	nan	nan
11.000000000000000	nan	nan	nan
11.000000000000000	nan	nan	nan
11.000000000000000	nan	nan	nan
11.000000000000000	nan	nan	nan
11.000000000000000	nan	nan	nan
11.000000000000000	nan	nan	nan
11.000000000000000	nan	nan	nan
11.000000000000000	nan	nan	nan
11.000000000000000	nan	nan	nan
11.000000000000000	nan	nan	nan
11.000000000000000	nan	nan	nan
11.000000000000000	nan	nan	nan
11.000000000000000	nan	nan	nan
11.000000000000000	nan	nan	nan
11.000000000000000	nan	nan	nan
11.000000000000000	nan	nan	nan
11.000000000000000	nan	nan	nan
11.000000000000000	nan	nan	nan
11.000000000000000	nan	nan	nan
11.000000000000000	nan	nan	nan
11.000000000000000	nan	nan	nan
11.000000000000000	nan	nan	nan
11.000000000000000	nan	nan	nan
11.000000000000000	nan	nan	nan
11.000000000000000	nan	nan	nan
11.000000000000000	nan	nan	nan
11.000000000000000	nan	nan	nan
11.000000000000000	nan	nan	nan
11.000000000000000	nan	nan	nan
11.000000000000000	nan	nan	nan
11.000000000000000	nan	nan	nan
11.000000000000000	nan	nan	nan
11.000000000000000	nan	nan	nan
11.000000000000000	nan	nan	nan
11.000000000000000	nan	nan	nan
11.000000000000000	nan	nan	nan
11.000000000000000	nan	nan	nan
11.000000000000000	nan	nan	nan
11.000000000000000	nan	nan	nan
11.000000000000000	nan	nan	nan
11.000000000000000	nan	nan	nan
11.000000000000000	nan	nan	nan
11.000000000000000	nan	nan	nan
11.000000000000000	nan	nan	nan
11.000000000000000	nan	nan	nan
11.000000000000000	nan	nan	nan
11.000000000000000	nan	nan	nan
11.000000000000000	nan	nan	nan
11.000000000000000	nan	nan	nan
11.000000000000000	nan	nan	nan
11.000000000000000	nan	nan	nan
11.000000000000000	nan	nan	nan
11.000000000000000	nan	nan	nan
11.000000000000000	nan	nan	nan
11.000000000000000	nan	nan	nan
11.000000000000000	nan	nan	nan
11.000000000000000	nan	nan	nan
11.000000000000000	nan	nan	nan
11.000000000000000	nan	nan	nan
11.000000000000000	nan	nan	nan
11.000000000000000	nan	nan	nan
11.000000000000000	nan	nan	nan
11.000000000000000	nan	nan	nan
11.000000000000000	nan	nan	nan
11.000000000000000	nan	nan	nan
11.000000000000000	nan	nan	nan
11.000000000000000	nan	nan	nan
11.000000000000000	nan	nan	nan
11.000000000000000	nan	nan	nan
11.000000000000000	nan	nan	nan
11.000000000000000	nan	nan	nan
11.000000000000000	nan	nan	nan
11.000000000000000	nan	nan	nan
11.000000000000000	nan	nan	nan
11.000000000000000	nan	nan	nan
11.000000000000000	nan	nan	nan
11.000000000000000	nan	nan	nan
11.000000000000000	nan	nan	nan
11.000000000000000	nan	nan	nan
11.000000000000000	nan	nan	nan
11.000000000000000	nan	nan	nan
11.000000000000000	nan	nan	nan
11.000000000000000	nan	nan	nan
11.000000000000000	nan	nan	nan
11.000000000000000	nan	nan	nan
11.000000000000000	nan	nan	nan
11.000000000000000	nan	nan	nan
11.000000000000000	nan	nan	nan
11.000000000000000	nan	nan	nan
11.000000000000000	nan	nan	nan
11.000000000000000	nan	nan	nan
11.000000000000000	nan	nan	nan
11.000000000000000	nan	nan	nan
11.000000000000000	nan	nan	nan
11.000000000000000	nan	nan	nan
11.000000000000000	nan	nan	nan


12.000000000000000	nan	nan	nan
12.000000000000000	nan	nan	nan
12.000000000000000	nan	nan	nan
12.000000000000000	nan	nan	nan
12.000000000000000	nan	nan	nan
12.000000000000000	nan	nan	nan
12.000000000000000	nan	nan	nan
12.000000000000000	nan	nan	nan
12.000000000000000	nan	nan	nan
12.000000000000000	nan	nan	nan
12.000000000000000	nan	nan	nan
12.000000000000000	nan	nan	nan
12.000000000000000	nan	nan	nan
12.000000000000000	nan	nan	nan
12.000000000000000	nan	nan	nan
12.000000000000000	nan	nan	nan
12.000000000000000	nan	nan	nan
12.000000000000000	nan	nan	nan
12.000000000000000	nan	nan	nan
12.000000000000000	nan	nan	nan
12.000000000000000	nan	nan	nan
12.000000000000000	nan	nan	nan
12.000000000000000	nan	nan	nan
12.000000000000000	nan	nan	nan
12.000000000000000	nan	nan	nan
12.000000000000000	nan	nan	nan
12.000000000000000	nan	nan	nan
12.000000000000000	nan	nan	nan
12.000000000000000	nan	nan	nan
12.000000000000000	nan	nan	nan
12.000000000000000	nan	nan	nan
12.000000000000000	nan	nan	nan
12.000000000000000	nan	nan	nan
12.000000000000000	nan	nan	nan
12.000000000000000	nan	nan	nan
12.000000000000000	nan	nan	nan
12.000000000000000	nan	nan	nan
12.000000000000000	nan	nan	nan
12.000000000000000	nan	nan	nan
12.000000000000000	nan	nan	nan
12.000000000000000	nan	nan	nan
12.000000000000000	nan	nan	nan
12.000000000000000	nan	nan	nan
12.000000000000000	nan	nan	nan
12.000000000000000	nan	nan	nan
12.000000000000000	nan	nan	nan
12.000000000000000	nan	nan	nan
12.000000000000000	nan	nan	nan
12.000000000000000	nan	nan	nan
12.000000000000000	nan	nan	nan
12.000000000000000	nan	nan	nan
12.000000000000000	nan	nan	nan
12.000000000000000	nan	nan	nan
12.000000000000000	nan	nan	nan
12.000000000000000	nan	nan	nan
12.000000000000000	nan	nan	nan
12.000000000000000	nan	nan	nan
12.000000000000000	nan	nan	nan
12.000000000000000	nan	nan	nan
12.000000000000000	nan	nan	nan
12.000000000000000	nan	nan	nan
12.000000000000000	nan	nan	nan
12.000000000000000	nan	nan	nan
12.000000000000000	nan	nan	nan
12.000000000000000	nan	nan	nan
12.000000000000000	nan	nan	nan
12.000000000000000	nan	nan	nan
12.000000000000000	nan	nan	nan
12.000000000000000	nan	nan	nan
12.000000000000000	nan	nan	nan
12.000000000000000	nan	nan	nan
12.000000000000000	nan	nan	nan
12.000000000000000	nan	nan	nan
12.000000000000000	nan	nan	nan
12.000000000000000	nan	nan	nan
12.000000000000000	nan	nan	nan
12.000000000000000	nan	nan	nan
12.000000000000000	nan	nan	nan
12.000000000000000	nan	nan	nan
12.000000000000000	nan	nan	nan
12.000000000000000	nan	nan	nan
12.000000000000000	nan	nan	nan
12.000000000000000	nan	nan	nan
12.000000000000000	nan	nan	nan
12.000000000000000	nan	nan	nan
12.000000000000000	nan	nan	nan
12.000000000000000	nan	nan	nan
12.000000000000000	nan	nan	nan
12.000000000000000	nan	nan	nan
12.000000000000000	nan	nan	nan
12.000000000000000	nan	nan	nan
12.000000000000000	nan	nan	nan
12.000000000000000	nan	nan	nan
12.000000000000000	nan	nan	nan
12.000000000000000	nan	nan	nan
12.000000000000000	nan	nan	nan
12.000000000000000	nan	nan	nan
12.000000000000000	nan	nan	nan
12.000000000000000	nan	nan	nan
12.000000000000000	nan	nan	nan


13.000000000000000	nan	nan	nan
13.000000000000000	nan	nan	nan
13.000000000000000	nan	nan	nan
13.000000000000000	nan	nan	nan
13.000000000000000	nan	nan	nan
13.000000000000000	nan	nan	nan
13.000000000000000	nan	nan	nan
13.000000000000000	nan	nan	nan
13.000000000000000	nan	nan	nan
13.000000000000000	nan	nan	nan
13.000000000000000	nan	nan	nan
13.000000000000000	nan	nan	nan
13.000000000000000	nan	nan	nan
13.000000000000000	nan	nan	nan
13.000000000000000	nan	nan	nan
13.000000000000000	nan	nan	nan
13.000000000000000	nan	nan	nan
13.000000000000000	nan	nan	nan
13.000000000000000	nan	nan	nan
13.000000000000000	nan	nan	nan
13.000000000000000	nan	nan	nan
13.000000000000000	nan	nan	nan
13.000000000000000	nan	nan	nan
13.000000000000000	nan	nan	nan
13.000000000000000	nan	nan	nan
13.000000000000000	nan	nan	nan
13.000000000000000	nan	nan	nan
13.000000000000000	nan	nan	nan
13.000000000000000	nan	nan	nan
13.000000000000000	nan	nan	nan
13.000000000000000	nan	nan	nan
13.000000000000000	nan	nan	nan
13.000000000000000	nan	nan	nan
13.000000000000000	nan	nan	nan
13.000000000000000	nan	nan	nan
13.000000000000000	nan	nan	nan
13.000000000000000	nan	nan	nan
13.000000000000000	nan	nan	nan
13.000000000000000	nan	nan	nan
13.000000000000000	nan	nan	nan
13.000000000000000	nan	nan	nan
13.000000000000000	nan	nan	nan
13.000000000000000	nan	nan	nan
13.000000000000000	nan	nan	nan
13.000000000000000	nan	nan	nan
13.000000000000000	nan	nan	nan
13.000000000000000	nan	nan	nan
13.000000000000000	nan	nan	nan
13.000000000000000	nan	nan	nan
13.000000000000000	nan	nan	nan
13.000000000000000	nan	nan	nan
13.000000000000000	nan	nan	nan
13.000000000000000	nan	nan	nan
13.000000000000000	nan	nan	nan
13.000000000000000	nan	nan	nan
13.000000000000000	nan	nan	nan
13.000000000000000	nan	nan	nan
13.000000000000000	nan	nan	nan
13.000000000000000	nan	nan	nan
13.000000000000000	nan	nan	nan
13.000000000000000	nan	nan	nan
13.000000000000000	nan	nan	nan
13.000000000000000	nan	nan	nan
13.000000000000000	nan	nan	nan
13.000000000000000	nan	nan	nan
13.000000000000000	nan	nan	nan
13.000000000000000	nan	nan	nan
13.000000000000000	nan	nan	nan
13.000000000000000	nan	nan	nan
13.000000000000000	nan	nan	nan
13.000000000000000	nan	nan	nan
13.000000000000000	nan	nan	nan
13.000000000000000	nan	nan	nan
13.000000000000000	nan	nan	nan
13.000000000000000	nan	nan	nan
13.000000000000000	nan	nan	nan
13.000000000000000	nan	nan	nan
13.000000000000000	nan	nan	nan
13.000000000000000	nan	nan	nan
13.000000000000000	nan	nan	nan
13.000000000000000	nan	nan	nan
13.000000000000000	nan	nan	nan
13.000000000000000	nan	nan	nan
13.000000000000000	nan	nan	nan
13.000000000000000	nan	nan	nan
13.000000000000000	nan	nan	nan
13.000000000000000	nan	nan	nan
13.000000000000000	nan	nan	nan
13.000000000000000	nan	nan	nan
13.000000000000000	nan	nan	nan
13.000000000000000	nan	nan	nan
13.000000000000000	nan	nan	nan
13.000000000000000	nan	nan	nan
13.000000000000000	nan	nan	nan
13.000000000000000	nan	nan	nan
13.000000000000000	nan	nan	nan
13.000000000000000	nan	nan	nan
13.000000000000000	nan	nan	nan
13.000000000000000	nan	nan	nan
13.000000000000000	nan	nan	nan


14.000000000000000	nan	nan	nan
14.000000000000000	nan	nan	nan
14.000000000000000	nan	nan	nan
14.000000000000000	nan	nan	nan
14.000000000000000	nan	nan	nan
14.000000000000000	nan	nan	nan
14.000000000000000	nan	nan	nan
14.000000000000000	nan	nan	nan
14.000000000000000	nan	nan	nan
14.000000000000000	nan	nan	nan
14.000000000000000	nan	nan	nan
14.000000000000000	nan	nan	nan
14.000000000000000	nan	nan	nan
14.000000000000000	nan	nan	nan
14.000000000000000	nan	nan	nan
14.000000000000000	nan	nan	nan
14.000000000000000	nan	nan	nan
14.000000000000000	nan	nan	nan
14.000000000000000	nan	nan	nan
14.000000000000000	nan	nan	nan
14.000000000000000	nan	nan	nan
14.000000000000000	nan	nan	nan
14.000000000000000	nan	nan	nan
14.000000000000000	nan	nan	nan
14.000000000000000	nan	nan	nan
14.000000000000000	nan	nan	nan
14.000000000000000	nan	nan	nan
14.000000000000000	nan	nan	nan
14.000000000000000	nan	nan	nan
14.000000000000000	nan	nan	nan
14.000000000000000	nan	nan	nan
14.000000000000000	nan	nan	nan
14.000000000000000	nan	nan	nan
14.000000000000000	nan	nan	nan
14.000000000000000	nan	nan	nan
14.000000000000000	nan	nan	nan
14.000000000000000	nan	nan	nan
14.000000000000000	nan	nan	nan
14.000000000000000	nan	nan	nan
14.000000000000000	nan	nan	nan
14.000000000000000	nan	nan	nan
14.000000000000000	nan	nan	nan
14.000000000000000	nan	nan	nan
14.000000000000000	nan	nan	nan
14.000000000000000	nan	nan	nan
14.000000000000000	nan	nan	nan
14.000000000000000	nan	nan	nan
14.000000000000000	nan	nan	nan
14.000000000000000	nan	nan	nan
14.000000000000000	nan	nan	nan
14.000000000000000	nan	nan	nan
14.000000000000000	nan	nan	nan
14.000000000000000	nan	nan	nan
14.000000000000000	nan	nan	nan
14.000000000000000	nan	nan	nan
14.000000000000000	nan	nan	nan
14.000000000000000	nan	nan	nan
14.000000000000000	nan	nan	nan
14.000000000000000	nan	nan	nan
14.000000000000000	nan	nan	nan
14.000000000000000	nan	nan	nan
14.000000000000000	nan	nan	nan
14.000000000000000	nan	nan	nan
14.000000000000000	nan	nan	nan
14.000000000000000	nan	nan	nan
14.000000000000000	nan	nan	nan
14.000000000000000	nan	nan	nan
14.000000000000000	nan	nan	nan
14.000000000000000	nan	nan	nan
14.000000000000000	nan	nan	nan
14.000000000000000	nan	nan	nan
14.000000000000000	nan	nan	nan
14.000000000000000	nan	nan	nan
14.000000000000000	nan	nan	nan
14.000000000000000	nan	nan	nan
14.000000000000000	nan	nan	nan
14.000000000000000	nan	nan	nan
14.000000000000000	nan	nan	nan
14.000000000000000	nan	nan	nan
14.000000000000000	nan	nan	nan
14.000000000000000	nan	nan	nan
14.000000000000000	nan	nan	nan
14.000000000000000	nan	nan	nan
14.000000000000000	nan	nan	nan
14.000000000000000	nan	nan	nan
14.000000000000000	nan	nan	nan
14.000000000000000	nan	nan	nan
14.000000000000000	nan	nan	nan
14.000000000000000	nan	nan	nan
14.000000000000000	nan	nan	nan
14.000000000000000	nan	nan	nan
14.000000000000000	nan	nan	nan
14.000000000000000	nan	nan	nan
14.000000000000000	nan	nan	nan
14.000000000000000	nan	nan	nan
14.000000000000000	nan	nan	nan
14.000000000000000	nan	nan	nan
14.000000000000000	nan	nan	nan
14.000000000000000	nan	nan	nan
14.000000000000000	nan	nan	nan


15.000000000000000	-0.339908399417168	-0.580657594271607	0.123775590317176
15.000000000000000	-0.297907154286747	-0.602138171848962	0.129969146849383
15.000000000000000	-0.254568604261969	-0.620958857037063	0.135589207064411
15.000000000000000	-0.210067258387714	-0.637043865579302	0.140613140963339
15.000000000000000	-0.164582307877344	-0.650328428823382	0.145020718937522
15.000000000000000	-0.118296904572934	-0.660759054521823	0.148794193226086
15.000000000000000	-0.071397423457447	-0.668293742226363	0.151918369379893
15.000000000000000	-0.024072712188456	-0.672902152408935	0.154380667444233
15.000000000000000	0.023486669324722	-0.674565728628244	0.156171172613851
15.000000000000000	0.071089216238520	-0.673277772250004	0.157282675156378
15.000000000000000	0.118543249897539	-0.669043469419974	0.157710699443373
15.000000000000000	0.165657689656840	-0.661879870181180	0.157453521972101
15.000000000000000	0.212242822296259	-0.651815819819408	0.156512178305469
15.000000000000000	0.258111065928590	-0.638891842713422	0.154890458902182
15.000000000000000	0.303077725325636	-0.623159979157590	0.152594893853900
15.000000000000000	0.346961735620707	-0.604683575813989	0.149634726590869
15.000000000000000	0.389586391392934	-0.583537030637751	0.146021876661882
15.000000000000000	0.430780058197629	-0.559805493302760	0.141770891738472
15.000000000000000	0.470376863677616	-0.533584522333965	0.136898889036567
15.000000000000000	0.508217365472673	-0.504979700326931	0.131425486391504
15.000000000000000	0.544149193237642	-0.474106208803984	0.125372723263931
15.000000000000000	0.578027662184027	-0.441088364418883	0.118764971994679
15.000000000000000	0.609716355674576	-0.406059118377523	0.111628839665943
15.000000000000000	0.639087674524930	-0.369159521090358	0.103993060963958
15.000000000000000	0.666023350800501	-0.330538154212182	0.095888382474557
15.000000000000000	0.690414924039707	-0.290350532356241	0.087347438877520
15.000000000000000	0.712164177985969	-0.248758476891779	0.078404621538241
15.000000000000000	0.731183536069906	-0.205929464346495	0.069095940025832
15.000000000000000	0.747396414049281	-0.162035952037675	0.059458877115303
15.000000000000000	0.760737528386704	-0.117254683647445	0.049532237857653
15.000000000000000	0.771153159123401	-0.071765977538343	0.039355993325628
15.000000000000000	0.778601366190528	-0.025753000674915	0.028971119664316
15.000000000000000	0.783052158287024	0.020598968925003	0.018419433094674
15.000000000000000	0.784487613643995	0.067103288239472	0.007743421534367
15.000000000000000	0.782901952189353	0.113572700788022	-0.003013926486085
15.000000000000000	0.778301558822128	0.159820090647409	-0.013809294922941
15.000000000000000	0.770704957702730	0.205659235901397	-0.024599214637664
15.000000000000000	0.760142737662692	0.250905558490690	-0.035340238431798
15.000000000000000	0.746657429034246	0.295376867443628	-0.045989115993503
15.000000000000000	0.730303332395684	0.338894092494930	-0.056502968051290
15.000000000000000	0.711146299922093	0.381282005138445	-0.066839459033723
15.000000000000000	0.689263470221887	0.422369924210510	-0.076956967539815
15.000000000000000	0.664742957726862	0.461992403162746	-0.086814753933725
15.000000000000000	0.637683497886474	0.499989896256919	-0.096373124388886
15.000000000000000	0.608194049595031	0.536209400999317	-0.105593590721046
15.000000000000000	0.576393356452685	0.570505074227792	-0.114439025366588
15.000000000000000	0.542409468626866	0.602738819370696	-0.122873810882138
15.000000000000000	0.506379227239446	0.632780842513039	-0.130863983363429
15.000000000000000	0.468447713355843	0.660510175030770	-0.138377369205960
15.000000000000000	0.428767663794775	0.685815160688737	-0.145383714656747
15.000000000000000	0.387498856110997	0.708593905240931	-0.151854807635505
15.000000000000000	0.344807465227485	0.728754686722658	-0.157764591334740
15.000000000000000	0.300865394307666	0.746216324782511	-0.163089269141316
15.000000000000000	0.255849582562052	0.760908507567001	-0.167807400457020
15.000000000000000	0.209941292776495	0.772772074841569	-0.171899987032277
15.000000000000000	0.163325381430915	0.781759256207971	-0.175350549465402
15.000000000000000	0.116189554347506	0.787833863458817	-0.178145193559331
15.000000000000000	0.068723610865636	0.790971436294700	-0.180272666268649
15.000000000000000	0.021118679586898	0.791159340817198	-0.181724401011636
15.000000000000000	-0.026433551232313	0.788396820401118	-0.182494552164862
15.000000000000000	-0.073741605541752	0.782694998741161	-0.182580018601452
15.000000000000000	-0.120614990503796	0.774076835060730	-0.181980456178231
15.000000000000000	-0.166864963540874	0.762577031663239	-0.180698279121466
15.000000000000000	-0.212305292335205	0.748241894198185	-0.178738650305628
15.000000000000000	-0.256753004720614	0.731129145204643	-0.176109460464320
15.000000000000000	-0.300029125446869	0.711307691682972	-0.172821296417076
15.000000000000000	-0.341959396849843	0.688857347630644	-0.168887398439977
15.000000000000000	-0.382374980525623	0.663868512659449	-0.164323606951733
15.000000000000000	-0.421113137183176	0.636441807988164	-0.159148298729905
15.000000000000000	-0.458017881938033	0.606687671276414	-0.153382312914110
15.000000000000000	-0.492940612408365	0.574725911931201	-0.147048867094159
15.000000000000000	-0.525740707084329	0.540685228676704	-0.140173463821018
15.000000000000000	-0.556286091561254	0.504702691329942	-0.132783787917038
15.000000000000000	-0.584453770356653	0.466923188868999	-0.124909594998944
15.000000000000000	-0.610130322169626	0.427498846016243	-0.116582591662470
15.000000000000000	-0.633212356588400	0.386588410685767	-0.107836307811088
15.000000000000000	-0.653606930407030	0.344356614761564	-0.098705961642922
15.000000000000000	-0.671231921874887	0.300973510780372	-0.089228317839490
15.000000000000000	-0.686016361371961	0.256613787190125	-0.079441539527316
15.000000000000000	-0.697900717178473	0.211456064941235	-0.069385034608479
15.000000000000000	-0.706837135188099	0.165682178243061	-0.059099297078906
15.000000000000000	-0.712789631599567	0.119476442381727	-0.048625743973343
15.000000000000000	-0.715734237810726	0.073024911547523	-0.038006548593570
15.000000000000000	-0.715659096931643	0.026514629660338	-0.027284470691403
15.000000000000000	-0.712564511528118	-0.019867122790183	-0.016502684290262
15.000000000000000	-0.706462942403356	-0.065933582857071	-0.005704603838622
15.000000000000000	-0.697378958422711	-0.111499257164507	0.005066290604654
15.000000000000000	-0.685349137583539	-0.156380668824176	0.015766628449164
15.000000000000000	-0.670421919728509	-0.200397096231939	0.026353323211024
15.000000000000000	-0.652657411495452	-0.243371300769949	0.036783746006938
15.000000000000000	-0.632127144289154	-0.285130240484009	0.047015897205658
15.000000000000000	-0.608913786249622	-0.325505766862447	0.057008575545681
15.000000000000000	-0.583110809376672	-0.364335301910829	0.066721544038186
15.000000000000000	-0.554822113151171	-0.401462492796157	0.076115691987185
15.000000000000000	-0.524161606168502	-0.436737841424547	0.085153192474493
15.000000000000000	-0.491252747468847	-0.470019306417285	0.093797654675378
15.000000000000000	-0.456228049411213	-0.501172875061333	0.102014270391565
15.000000000000000	-0.419228544092931	-0.530073102931219	0.109769954211569
15.000000000000000	-0.380403215463171	-0.556603619009466	0.117033476733967
15.000000000000000	-0.339908399417169	-0.580657594271606	0.123775590317176


16.000000000000000	nan	nan	nan
16.000000000000000	nan	nan	nan
16.000000000000000	nan	nan	nan
16.000000000000000	nan	nan	nan
16.000000000000000	nan	nan	nan
16.000000000000000	nan	nan	nan
16.000000000000000	nan	nan	nan
16.000000000000000	nan	nan	nan
16.000000000000000	nan	nan	nan
16.000000000000000	nan	nan	nan
16.000000000000000	nan	nan	nan
16.000000000000000	nan	nan	nan
16.000000000000000	nan	nan	nan
16.000000000000000	nan	nan	nan
16.000000000000000	nan	nan	nan
16.000000000000000	nan	nan	nan
16.000000000000000	nan	nan	nan
16.000000000000000	nan	nan	nan
16.000000000000000	nan	nan	nan
16.000000000000000	nan	nan	nan
16.000000000000000	nan	nan	nan
16.000000000000000	nan	nan	nan
16.000000000000000	nan	nan	nan
16.000000000000000	nan	nan	nan
16.000000000000000	nan	nan	nan
16.000000000000000	nan	nan	nan
16.000000000000000	nan	nan	nan
16.000000000000000	nan	nan	nan
16.000000000000000	nan	nan	nan
16.000000000000000	nan	nan	nan
16.000000000000000	nan	nan	nan
16.000000000000000	nan	nan	nan
16.000000000000000	nan	nan	nan
16.000000000000000	nan	nan	nan
16.000000000000000	nan	nan	nan
16.000000000000000	nan	nan	nan
16.000000000000000	nan	nan	nan
16.000000000000000	nan	nan	nan
16.000000000000000	nan	nan	nan
16.000000000000000	nan	nan	nan
16.000000000000000	nan	nan	nan
16.000000000000000	nan	nan	nan
16.000000000000000	nan	nan	nan
16.000000000000000	nan	nan	nan
16.000000000000000	nan	nan	nan
16.000000000000000	nan	nan	nan
16.000000000000000	nan	nan	nan
16.000000000000000	nan	nan	nan
16.000000000000000	nan	nan	nan
16.000000000000000	nan	nan	nan
16.000000000000000	nan	nan	nan
16.000000000000000	nan	nan	nan
16.000000000000000	nan	nan	nan
16.000000000000000	nan	nan	nan
16.000000000000000	nan	nan	nan
16.000000000000000	nan	nan	nan
16.000000000000000	nan	nan	nan
16.000000000000000	nan	nan	nan
16.000000000000000	nan	nan	nan
16.000000000000000	nan	nan	nan
16.000000000000000	nan	nan	nan
16.000000000000000	nan	nan	nan
16.000000000000000	nan	nan	nan
16.000000000000000	nan	nan	nan
16.000000000000000	nan	nan	nan
16.000000000000000	nan	nan	nan
16.000000000000000	nan	nan	nan
16.000000000000000	nan	nan	nan
16.000000000000000	nan	nan	nan
16.000000000000000	nan	nan	nan
16.000000000000000	nan	nan	nan
16.000000000000000	nan	nan	nan
16.000000000000000	nan	nan	nan
16.000000000000000	nan	nan	nan
16.000000000000000	nan	nan	nan
16.000000000000000	nan	nan	nan
16.000000000000000	nan	nan	nan
16.000000000000000	nan	nan	nan
16.000000000000000	nan	nan	nan
16.000000000000000	nan	nan	nan
16.000000000000000	nan	nan	nan
16.000000000000000	nan	nan	nan
16.000000000000000	nan	nan	nan
16.000000000000000	nan	nan	nan
16.000000000000000	nan	nan	nan
16.000000000000000	nan	nan	nan
16.000000000000000	nan	nan	nan
16.000000000000000	nan	nan	nan
16.000000000000000	nan	nan	nan
16.000000000000000	nan	nan	nan
16.000000000000000	nan	nan	nan
16.000000000000000	nan	nan	nan
16.000000000000000	nan	nan	nan
16.000000000000000	nan	nan	nan
16.000000000000000	nan	nan	nan
16.000000000000000	nan	nan	nan
16.000000000000000	nan	nan	nan
16.000000000000000	nan	nan	nan
16.000000000000000	nan	nan	nan
16.000000000000000	nan	nan	nan


17.000000000000000	nan	nan	nan
17.000000000000000	nan	nan	nan
17.000000000000000	nan	nan	nan
17.000000000000000	nan	nan	nan
17.000000000000000	nan	nan	nan
17.000000000000000	nan	nan	nan
17.000000000000000	nan	nan	nan
17.000000000000000	nan	nan	nan
17.000000000000000	nan	nan	nan
17.000000000000000	nan	nan	nan
17.000000000000000	nan	nan	nan
17.000000000000000	nan	nan	nan
17.000000000000000	nan	nan	nan
17.000000000000000	nan	nan	nan
17.000000000000000	nan	nan	nan
17.000000000000000	nan	nan	nan
17.000000000000000	nan	nan	nan
17.000000000000000	nan	nan	nan
17.000000000000000	nan	nan	nan
17.000000000000000	nan	nan	nan
17.000000000000000	nan	nan	nan
17.000000000000000	nan	nan	nan
17.000000000000000	nan	nan	nan
17.000000000000000	nan	nan	nan
17.000000000000000	nan	nan	nan
17.000000000000000	nan	nan	nan
17.000000000000000	nan	nan	nan
17.000000000000000	nan	nan	nan
17.000000000000000	nan	nan	nan
17.000000000000000	nan	nan	nan
17.000000000000000	nan	nan	nan
17.000000000000000	nan	nan	nan
17.000000000000000	nan	nan	nan
17.000000000000000	nan	nan	nan
17.000000000000000	nan	nan	nan
17.000000000000000	nan	nan	nan
17.000000000000000	nan	nan	nan
17.000000000000000	nan	nan	nan
17.000000000000000	nan	nan	nan
17.000000000000000	nan	nan	nan
17.000000000000000	nan	nan	nan
17.000000000000000	nan	nan	nan
17.000000000000000	nan	nan	nan
17.000000000000000	nan	nan	nan
17.000000000000000	nan	nan	nan
17.000000000000000	nan	nan	nan
17.000000000000000	nan	nan	nan
17.000000000000000	nan	nan	nan
17.000000000000000	nan	nan	nan
17.000000000000000	nan	nan	nan
17.000000000000000	nan	nan	nan
17.000000000000000	nan	nan	nan
17.000000000000000	nan	nan	nan
17.000000000000000	nan	nan	nan
17.000000000000000	nan	nan	nan
17.000000000000000	nan	nan	nan
17.000000000000000	nan	nan	nan
17.000000000000000	nan	nan	nan
17.000000000000000	nan	nan	nan
17.000000000000000	nan	nan	nan
17.000000000000000	nan	nan	nan
17.000000000000000	nan	nan	nan
17.000000000000000	nan	nan	nan
17.000000000000000	nan	nan	nan
17.000000000000000	nan	nan	nan
17.000000000000000	nan	nan	nan
17.000000000000000	nan	nan	nan
17.000000000000000	nan	nan	nan
17.000000000000000	nan	nan	nan
17.000000000000000	nan	nan	nan
17.000000000000000	nan	nan	nan
17.000000000000000	nan	nan	nan
17.000000000000000	nan	nan	nan
17.000000000000000	nan	nan	nan
17.000000000000000	nan	nan	nan
17.000000000000000	nan	nan	nan
17.000000000000000	nan	nan	nan
17.000000000000000	nan	nan	nan
17.000000000000000	nan	nan	nan
17.000000000000000	nan	nan	nan
17.000000000000000	nan	nan	nan
17.000000000000000	nan	nan	nan
17.000000000000000	nan	nan	nan
17.000000000000000	nan	nan	nan
17.000000000000000	nan	nan	nan
17.000000000000000	nan	nan	nan
17.000000000000000	nan	nan	nan
17.000000000000000	nan	nan	nan
17.000000000000000	nan	nan	nan
17.000000000000000	nan	nan	nan
17.000000000000000	nan	nan	nan
17.000000000000000	nan	nan	nan
17.000000000000000	nan	nan	nan
17.000000000000000	nan	nan	nan
17.000000000000000	nan	nan	nan
17.000000000000000	nan	nan	nan
17.000000000000000	nan	nan	nan
17.000000000000000	nan	nan	nan
17.000000000000000	nan	nan	nan
17.000000000000000	nan	nan	nan


18.000000000000000	0.307639703806707	1.143000336303871	-0.075213248848980
18.000000000000000	0.231257218268272	1.161843220223208	-0.061233753656746
18.000000000000000	0.153864785281774	1.175715161665597	-0.046988437039908
18.000000000000000	0.075774036859671	1.184560303218863	-0.032534659860686
18.000000000000000	-0.002700583115783	1.188343028619811	-0.017930622378410
18.000000000000000	-0.081243085047074	1.187048106168338	-0.003235129897618
18.000000000000000	-0.159537206000013	1.180680750060124	0.011492644020153
18.000000000000000	-0.237267683182944	1.169266599390896	0.026193395827413
18.000000000000000	-0.314121523398739	1.152851614916847	0.040807930785172
18.000000000000000	-0.389789263357933	1.131501893986886	0.055277401319263
18.000000000000000	-0.463966215778168	1.105303404391949	0.069543543978757
18.000000000000000	-0.536353696252340	1.074361638203039	0.083548914042309
18.000000000000000	-0.606660225945290	1.038801186991897	0.097237116827782
18.000000000000000	-0.674602705276196	0.998765240144709	0.110553034773723
18.000000000000000	-0.739907553860667	0.954415008288992	0.123443049378336
18.000000000000000	-0.802311812122394	0.905929074155291	0.135855257102258
18.000000000000000	-0.861564200138550	0.853502673487553	0.147739678365795
18.000000000000000	-0.917426129455355	0.797346908897696	0.159048458799053
18.000000000000000	-0.969672663799570	0.737687899829897	0.169736061934589
18.000000000000000	-1.018093424817480	0.674765872057395	0.179759452566701
18.000000000000000	-1.062493439194272	0.608834190378093	0.189078270039005
18.000000000000000	-1.102693923742759	0.540158338403938	0.197654990762560
18.000000000000000	-1.138533005300174	0.469014849552115	0.205455079310111
18.000000000000000	-1.169866372534266	0.395690193542579	0.212447127478071
18.000000000000000	-1.196567857034101	0.320479622885601	0.218602980756267
18.000000000000000	-1.218529941345720	0.243685984004114	0.223897851696217
18.000000000000000	-1.235664191906981	0.165618497778057	0.228310419721439
18.000000000000000	-1.247901615138300	0.086591514421030	0.231822916977882
18.000000000000000	-1.255192935255448	0.006923247702930	0.234421199878810
18.000000000000000	-1.257508792685739	-0.073065506384588	0.236094806056028
18.000000000000000	-1.254839862288669	-0.153052661360344	0.236836996488149
18.000000000000000	-1.247196890904963	-0.232716137182220	0.236644782636255
18.000000000000000	-1.234610654082845	-0.311735157149809	0.235518938477686
18.000000000000000	-1.217131832155765	-0.389791539558972	0.233463997389509
18.000000000000000	-1.194830806170580	-0.466570978907260	0.230488233894209
18.000000000000000	-1.167797374487926	-0.541764311491244	0.226603630341102
18.000000000000000	-1.136140391195907	-0.615068760299624	0.221825828657651
18.000000000000000	-1.099987327793104	-0.686189154189399	0.216174067364941
18.000000000000000	-1.059483759905844	-0.754839116435875	0.209671104110942
18.000000000000000	-1.014792781106524	-0.820742217870660	0.202343124033498
18.000000000000000	-0.966094346193370	-0.883633089964367	0.194219634322016
18.000000000000000	-0.913584546575964	-0.943258493372015	0.185333345402429
18.000000000000000	-0.857474820684363	-0.999378337638496	0.175720039223857
18.000000000000000	-0.797991102581151	-1.051766647958098	0.165418425177323
18.000000000000000	-0.735372912204723	-1.100212475095293	0.154469984226702
18.000000000000000	-0.669872390907026	-1.144520744802851	0.142918801879520
18.000000000000000	-0.601753286169323	-1.184513043316988	0.130811390670169
18.000000000000000	-0.531289889584181	-1.220028335766620	0.118196502870355
18.000000000000000	-0.458765932380030	-1.250923614603953	0.105124934180902
18.000000000000000	-0.384473442935654	-1.277074475445406	0.091649319195392
18.000000000000000	-0.308711570884973	-1.298375618004154	0.077823919459239
18.000000000000000	-0.231785382547055	-1.314741270097217	0.063704404977592
18.000000000000000	-0.154004632531717	-1.326105533019773	0.049347630051873
18.000000000000000	-0.075682516467041	-1.332422646895977	0.034811404347573
18.000000000000000	0.002865590128884	-1.333667174937837	0.020154260115135
18.000000000000000	0.081323401753860	-1.329834105870175	0.005435216501233
18.000000000000000	0.159374996491670	-1.320938874109271	-0.009286458100493
18.000000000000000	0.236706088118129	-1.307017297613908	-0.023951484702345
18.000000000000000	0.313005291620784	-1.288125433659099	-0.038500812418129
18.000000000000000	0.387965377036458	-1.264339353113225	-0.052875856240226
18.000000000000000	0.461284506557877	-1.235754834127495	-0.067018732940747
18.000000000000000	0.532667449927988	-1.202486976471137	-0.080872494146860
18.000000000000000	0.601826773228005	-1.164669738065250	-0.094381355651786
18.000000000000000	0.668483996272351	-1.122455395581535	-0.107490922038114
18.000000000000000	0.732370713950079	-1.076013931277886	-0.120148405708945
18.000000000000000	0.793229676997518	-1.025532348539828	-0.132302839444917
18.000000000000000	0.850815827850268	-0.971213918883887	-0.143905281631207
18.000000000000000	0.904897287403519	-0.913277363454936	-0.154909013328140
18.000000000000000	0.955256288707363	-0.851955972313342	-0.165269726391871
18.000000000000000	1.001690053837446	-0.787496665058228	-0.174945701887643
18.000000000000000	1.044011610410098	-0.720158996569400	-0.183897978077208
18.000000000000000	1.082050544454128	-0.650214111871452	-0.192090507304001
18.000000000000000	1.115653686607748	-0.577943654328452	-0.199490301144328
18.000000000000000	1.144685728877524	-0.503638631565518	-0.206067563240106
18.000000000000000	1.169029769475914	-0.427598243683820	-0.211795809278278
18.000000000000000	1.188587783543506	-0.350128678487379	-0.216651973633797
18.000000000000000	1.203281017860529	-0.271541878572839	-0.220616502246757
18.000000000000000	1.213050307958273	-0.192154285246735	-0.223673431359689
18.000000000000000	1.217856316353526	-0.112285564328034	-0.225810451797979
18.000000000000000	1.217679690946730	-0.032257318966710	-0.227018958534570
18.000000000000000	1.212521142946059	0.047608205338639	-0.227294085339368
18.000000000000000	1.202401444003635	0.126989418309675	-0.226634724373836
18.000000000000000	1.187361342575414	0.205566679818865	-0.225043530651865
18.000000000000000	1.167461399841538	0.283023586967469	-0.222526911348969
18.000000000000000	1.142781745847835	0.359048248128332	-0.219095000002858
18.000000000000000	1.113421756850408	0.433334538823390	-0.214761615709251
18.000000000000000	1.079499655162524	0.505583334378896	-0.209544207477255
18.000000000000000	1.041152033115086	0.575503714394910	-0.203463783968372
18.000000000000000	0.998533303047525	0.642814134179072	-0.196544828902022
18.000000000000000	0.951815075543806	0.707243558427704	-0.188815202468255
18.000000000000000	0.901185468417182	0.768532552589318	-0.180306029144599
18.000000000000000	0.846848349226146	0.826434327515996	-0.171051572368766
18.000000000000000	0.789022514371734	0.880715733196179	-0.161089096571890
18.000000000000000	0.727940808081634	0.931158197567477	-0.150458717127812
18.000000000000000	0.663849184828671	0.977558606629219	-0.139203238822627
18.000000000000000	0.597005718958944	1.019730122310849	-0.127367983494919
18.000000000000000	0.527679565517527	1.057502934802891	-0.115000607540712
18.000000000000000	0.456149876456094	1.090724946321118	-0.102150910017987
18.000000000000000	0.382704676586538	1.119262383550649	-0.088870632123446
18.000000000000000	0.307639703806708	1.143000336303871	-0.075213248848980


19.000000000000000	nan	nan	nan
19.000000000000000	nan	nan	nan
19.000000000000000	nan	nan	nan
19.000000000000000	nan	nan	nan
19.000000000000000	nan	nan	nan
19.000000000000000	nan	nan	nan
19.000000000000000	nan	nan	nan
19.000000000000000	nan	nan	nan
19.000000000000000	nan	nan	nan
19.000000000000000	nan	nan	nan
19.000000000000000	nan	nan	nan
19.000000000000000	nan	nan	nan
19.000000000000000	nan	nan	nan
19.000000000000000	nan	nan	nan
19.000000000000000	nan	nan	nan
19.000000000000000	nan	nan	nan
19.000000000000000	nan	nan	nan
19.000000000000000	nan	nan	nan
19.000000000000000	nan	nan	nan
19.000000000000000	nan	nan	nan
19.000000000000000	nan	nan	nan
19.000000000000000	nan	nan	nan
19.000000000000000	nan	nan	nan
19.000000000000000	nan	nan	nan
19.000000000000000	nan	nan	nan
19.000000000000000	nan	nan	nan
19.000000000000000	nan	nan	nan
19.000000000000000	nan	nan	nan
19.000000000000000	nan	nan	nan
19.000000000000000	nan	nan	nan
19.000000000000000	nan	nan	nan
19.000000000000000	nan	nan	nan
19.000000000000000	nan	nan	nan
19.000000000000000	nan	nan	nan
19.000000000000000	nan	nan	nan
19.000000000000000	nan	nan	nan
19.000000000000000	nan	nan	nan
19.000000000000000	nan	nan	nan
19.000000000000000	nan	nan	nan
19.000000000000000	nan	nan	nan
19.000000000000000	nan	nan	nan
19.000000000000000	nan	nan	nan
19.000000000000000	nan	nan	nan
19.000000000000000	nan	nan	nan
19.000000000000000	nan	nan	nan
19.000000000000000	nan	nan	nan
19.000000000000000	nan	nan	nan
19.000000000000000	nan	nan	nan
19.000000000000000	nan	nan	nan
19.000000000000000	nan	nan	nan
19.000000000000000	nan	nan	nan
19.000000000000000	nan	nan	nan
19.000000000000000	nan	nan	nan
19.000000000000000	nan	nan	nan
19.000000000000000	nan	nan	nan
19.000000000000000	nan	nan	nan
19.000000000000000	nan	nan	nan
19.000000000000000	nan	nan	nan
19.000000000000000	nan	nan	nan
19.000000000000000	nan	nan	nan
19.000000000000000	nan	nan	nan
19.000000000000000	nan	nan	nan
19.000000000000000	nan	nan	nan
19.000000000000000	nan	nan	nan
19.000000000000000	nan	nan	nan
19.000000000000000	nan	nan	nan
19.000000000000000	nan	nan	nan
19.000000000000000	nan	nan	nan
19.000000000000000	nan	nan	nan
19.000000000000000	nan	nan	nan
19.000000000000000	nan	nan	nan
19.000000000000000	nan	nan	nan
19.000000000000000	nan	nan	nan
19.000000000000000	nan	nan	nan
19.000000000000000	nan	nan	nan
19.000000000000000	nan	nan	nan
19.000000000000000	nan	nan	nan
19.000000000000000	nan	nan	nan
19.000000000000000	nan	nan	nan
19.000000000000000	nan	nan	nan
19.000000000000000	nan	nan	nan
19.000000000000000	nan	nan	nan
19.000000000000000	nan	nan	nan
19.000000000000000	nan	nan	nan
19.000000000000000	nan	nan	nan
19.000000000000000	nan	nan	nan
19.000000000000000	nan	nan	nan
19.000000000000000	nan	nan	nan
19.000000000000000	nan	nan	nan
19.000000000000000	nan	nan	nan
19.000000000000000	nan	nan	nan
19.000000000000000	nan	nan	nan
19.000000000000000	nan	nan	nan
19.000000000000000	nan	nan	nan
19.000000000000000	nan	nan	nan
19.000000000000000	nan	nan	nan
19.000000000000000	nan	nan	nan
19.000000000000000	nan	nan	nan
19.000000000000000	nan	nan	nan
19.000000000000000	nan	nan	nan


20.000000000000000	1.199341797391050	-1.147951218536976	0.060193986116129
20.000000000000000	1.281321074700764	-1.057401074722578	0.044518554070955
20.000000000000000	1.357260400405742	-0.961750355666460	0.028619668746518
20.000000000000000	1.426853993643683	-0.861384213054937	0.012561349342608
20.000000000000000	1.489821625577241	-0.756706785920699	-0.003591742956220
20.000000000000000	1.545909747776653	-0.648139573317571	-0.019774565348411
20.000000000000000	1.594892513169778	-0.536119737092584	-0.035921955319818
20.000000000000000	1.636572685448536	-0.421098341589513	-0.051968893030147
20.000000000000000	1.670782433269920	-0.303538537371965	-0.067850763124906
20.000000000000000	1.697384006053570	-0.183913696279523	-0.083503614918630
20.000000000000000	1.716270288654745	-0.062705505326424	-0.098864419901722
20.000000000000000	1.727365232679206	0.059597972882039	-0.113871325534015
20.000000000000000	1.730624162703259	0.182504265405372	-0.128463904303122
20.000000000000000	1.726033956165915	0.305518471982594	-0.142583397044700
20.000000000000000	1.713613096208815	0.428145257820914	-0.156172949544865
20.000000000000000	1.693411597251142	0.549890848134123	-0.169177841472048
20.000000000000000	1.665510803599205	0.670265016399377	-0.181545706716452
20.000000000000000	1.630023061901628	0.788783058326385	-0.193226744249900
20.000000000000000	1.587091268769052	0.904967743590509	-0.204173918656993
20.000000000000000	1.536888295379911	1.018351237470853	-0.214343149530132
20.000000000000000	1.479616291389218	1.128476984655558	-0.223693488965757
20.000000000000000	1.415505870943245	1.234901547628907	-0.232187286447105
20.000000000000000	1.344815184077756	1.337196392237693	-0.239790340449550
20.000000000000000	1.267828877238920	1.434949613247005	-0.246472036158077
20.000000000000000	1.184856947112540	1.527767592937229	-0.252205468742330
20.000000000000000	1.096233492376809	1.615276586063678	-0.256967551692870
20.000000000000000	1.002315368404852	1.697124224796787	-0.260739109782404
20.000000000000000	0.903480750334088	1.772980937582993	-0.263504956277653
20.000000000000000	0.800127610288424	1.842541276213057	-0.265253954090970
20.000000000000000	0.692672114884977	1.905525145754207	-0.265979060625457
20.000000000000000	0.581546949477991	1.961678932393563	-0.265677356133022
20.000000000000000	0.467199575887624	2.010776524651458	-0.264350055471172
20.000000000000000	0.350090430629132	2.052620223852559	-0.262002503211209
20.000000000000000	0.230691070897527	2.087041540188656	-0.258644152117530
20.000000000000000	0.109482275773189	2.113901871167652	-0.254288525084680
20.000000000000000	-0.013047889705806	2.133093059716882	-0.248953160685430
20.000000000000000	-0.136406039809331	2.144537829693468	-0.242659542549131
20.000000000000000	-0.260095454805413	2.148190097048075	-0.235433012854724
20.000000000000000	-0.383618081075266	2.144035155389111	-0.227302670286732
20.000000000000000	-0.506476536599447	2.132089735200175	-0.218301252865121
20.000000000000000	-0.628176113739684	2.112401936472307	-0.208465006120853
20.000000000000000	-0.748226771251941	2.085051035022297	-0.197833537147927
20.000000000000000	-0.866145107509548	2.050147163276957	-0.186449655119585
20.000000000000000	-0.981456306990939	2.007830866808698	-0.174359198910885
20.000000000000000	-1.093696052194169	1.958272538408127	-0.161610852521729
20.000000000000000	-1.202412393279625	1.901671731972408	-0.148255949043575
20.000000000000000	-1.307167567912511	1.838256358972158	-0.134348263959202
20.000000000000000	-1.407539763977266	1.768281770732385	-0.119943798607812
20.000000000000000	-1.503124818066078	1.692029730222838	-0.105100554687409
20.000000000000000	-1.593537842902282	1.609807277497967	-0.089878300702432
20.000000000000000	-1.678414777145575	1.521945493354991	-0.074338331297076
20.000000000000000	-1.757413851338545	1.428798166188385	-0.058543220443402
20.000000000000000	-1.830216964091647	1.330740367408881	-0.042556569478033
20.000000000000000	-1.896530962965231	1.228166941163274	-0.026442751002017
20.000000000000000	-1.956088824890944	1.121490914436404	-0.010266649675084
20.000000000000000	-2.008650731379388	1.011141833937261	0.005906599051975
20.000000000000000	-2.054005034184533	0.897564036465994	0.022011871214785
20.000000000000000	-2.091969107536498	0.781214859726445	0.037984316566601
20.000000000000000	-2.122390083511080	0.662562800788627	0.053759619707366
20.000000000000000	-2.145145467574923	0.542085629616378	0.069274259059127
20.000000000000000	-2.160143631827772	0.420268465256340	0.084465762645011
20.000000000000000	-2.167324183955691	0.297601822434785	0.099272959641823
20.000000000000000	-2.166658210409591	0.174579636427925	0.113636226693365
20.000000000000000	-2.158148392829891	0.051697274158898	0.127497727992646
20.000000000000000	-2.141828997248497	-0.070550460470005	0.140801648166265
20.000000000000000	-2.117765736111587	-0.191671318978007	0.153494417023218
20.000000000000000	-2.086055503678781	-0.311177590416752	0.165524925263151
20.000000000000000	-2.046825985864157	-0.428588065210146	0.176844730275476
20.000000000000000	-2.000235146090140	-0.543429972815493	0.187408251200663
20.000000000000000	-1.946470589224555	-0.655240885403602	0.197172952468274
20.000000000000000	-1.885748806162032	-0.763570579892448	0.206099515072695
20.000000000000000	-1.818314302091591	-0.867982850836611	0.214151994896894
20.000000000000000	-1.744438611960535	-0.968057266872662	0.221297967446690
20.000000000000000	-1.664419207099056	-1.063390863647864	0.227508658412752
20.000000000000000	-1.578578297408182	-1.153599766415404	0.232759059534584
20.000000000000000	-1.487261533934225	-1.238320735762505	0.237028029299966
20.000000000000000	-1.390836617054010	-1.317212630247345	0.240298378074358
20.000000000000000	-1.289691815875242	-1.389957780055237	0.242556937317494
20.000000000000000	-1.184234404813837	-1.456263266142852	0.243794612608449
20.000000000000000	-1.074889023643608	-1.515862099719822	0.244006420265653
20.000000000000000	-0.962095967621753	-1.568514297318371	0.243191507414428
20.000000000000000	-0.846309414575267	-1.614007847122034	0.241353155421208
20.000000000000000	-0.727995596087126	-1.652159562662416	0.238498766680634
20.000000000000000	-0.607630920146257	-1.682815820446447	0.234639834808727
20.000000000000000	-0.485700052820711	-1.705853178543966	0.229791898362147
20.000000000000000	-0.362693966678467	-1.721178873644805	0.223974478269916
20.000000000000000	-0.239107963814190	-1.728731194583903	0.217210999229525
20.000000000000000	-0.115439681442505	-1.728479730830382	0.209528695383940
20.000000000000000	0.007812911911428	-1.720425494940026	0.200958500659326
20.000000000000000	0.130153521555409	-1.704600918478071	0.191534924205043
20.000000000000000	0.251089525033754	-1.681069721428745	0.181295911437480
20.000000000000000	0.370133955744067	-1.649926655617376	0.170282691247255
20.000000000000000	0.486807463779866	-1.611297123178236	0.158539609985028
20.000000000000000	0.600640246103482	-1.565336671604404	0.146113952894393
20.000000000000000	0.711173938277064	-1.512230367412913	0.133055753710898
20.000000000000000	0.817963460134409	-1.452192050947203	0.119417593193843
20.000000000000000	0.920578807961697	-1.385463475317531	0.105254387402127
20.000000000000000	1.018606785970670	-1.312313332946524	0.090623166566658
20.000000000000000	1.111652670092251	-1.233036173639623	0.075582845449742
20.000000000000000	1.199341797391050	-1.147951218536977	0.060193986116129


21.000000000000000	-0.955416299557565	-0.980523721544305	-0.091420317050835
21.000000000000000	-0.884039179628430	-1.045934390653786	-0.089437569810093
21.000000000000000	-0.808646489746019	-1.106665615472522	-0.087051069818041
21.000000000000000	-0.729541809663106	-1.162472852792877	-0.084270426667845
21.000000000000000	-0.647043666006883	-1.213131386566976	-0.081106837028062
21.000000000000000	-0.561484249684648	-1.258437232758926	-0.077573039557602
21.000000000000000	-0.473208078268266	-1.298207960716528	-0.073683263611645
21.000000000000000	-0.382570608743508	-1.332283427755127	-0.069453171945055
21.000000000000000	-0.289936806210219	-1.360526423995683	-0.064899797643988
21.000000000000000	-0.195679674296678	-1.382823224860524	-0.060041475539670
21.000000000000000	-0.100178753205633	-1.399084049002084	-0.054897768380500
21.000000000000000	-0.003818591439862	-1.409243419820703	-0.049489388059768
21.000000000000000	0.093012802638923	-1.413260429115780	-0.043838112216173
21.000000000000000	0.189925523182802	-1.411118901808661	-0.037966696542953
21.000000000000000	0.286529336870887	-1.402827461073975	-0.031898783158746
21.000000000000000	0.382435254241170	-1.388419493617148	-0.025658805409117
21.000000000000000	0.477257096013797	-1.367953015237926	-0.019271889482102
21.000000000000000	0.570613048098728	-1.341510437221225	-0.012763753233918
21.000000000000000	0.662127199026317	-1.309198234495976	-0.006160602632230
21.000000000000000	0.751431053610130	-1.271146516898164	0.000510973766030
21.000000000000000	0.838165016746996	-1.227508505264437	0.007224111877397
21.000000000000000	0.921979841379575	-1.178459914465881	0.013951780264058
21.000000000000000	1.002538034790991	-1.124198245866246	0.020666888979908
21.000000000000000	1.079515217568889	-1.064941992053667	0.027342398652203
21.000000000000000	1.152601429766840	-1.000929757048119	0.033951429359574
21.000000000000000	1.221502379003645	-0.932419295527252	0.040467368867977
21.000000000000000	1.285940625474889	-0.859686474939269	0.046863979788773
21.000000000000000	1.345656699105108	-0.783024164682083	0.053115505227427
21.000000000000000	1.400410144342212	-0.702741056821614	0.059196772497436
21.000000000000000	1.449980488387117	-0.619160423097794	0.065083294481847
21.000000000000000	1.494168128959898	-0.532618813223364	0.070751368234242
21.000000000000000	1.532795138027722	-0.443464699716968	0.076178170422130
21.000000000000000	1.565705978258233	-0.352057074727306	0.081341849228458
21.000000000000000	1.592768129313501	-0.258764004498460	0.086221612341159
21.000000000000000	1.613872621462642	-0.163961147297035	0.090797810676462
21.000000000000000	1.628934474364472	-0.068030240768901	0.095052017498810
21.000000000000000	1.637893039253342	0.028642435183566	0.098967102618826
21.000000000000000	1.640712243150313	0.125667613814327	0.102527301370537
21.000000000000000	1.637380734116314	0.222654608973465	0.105718278090118
21.000000000000000	1.627911926962389	0.319212888262433	0.108527183840557
21.000000000000000	1.612343949232990	0.414953645570174	0.110942708149782
21.000000000000000	1.590739487679812	0.509491366658116	0.112955124553943
21.000000000000000	1.563185535844371	0.602445381489936	0.114556329762451
21.000000000000000	1.529793043765713	0.693441397055448	0.115739876287066
21.000000000000000	1.490696471223765	0.782113004516445	0.116500998403660
21.000000000000000	1.446053246317262	0.868103154605774	0.116836631342103
21.000000000000000	1.396043131556356	0.951065595338711	0.116745423627009
21.000000000000000	1.340867500022429	1.030666266247503	0.116227742519658
21.000000000000000	1.280748524509774	1.106584643524961	0.115285672539157
21.000000000000000	1.215928282914163	1.178515030660705	0.113923007068817
21.000000000000000	1.146667783470599	1.246167789373123	0.112145233081546
21.000000000000000	1.073245913765283	1.309270505880500	0.109959509045735
21.000000000000000	0.995958317753723	1.367569087815170	0.107374636100638
21.000000000000000	0.915116205306885	1.420828787363803	0.104401022617291
21.000000000000000	0.831045099078871	1.468835146513998	0.101050642287673
21.000000000000000	0.744083523742089	1.511394860601000	0.097336985910876
21.000000000000000	0.654581642867874	1.548336556677369	0.093275007070416
21.000000000000000	0.562899848941375	1.579511483571344	0.088881061921434
21.000000000000000	0.469407312188216	1.604794110855322	0.084172843330230
21.000000000000000	0.374480494056294	1.624082634312574	0.079169309631334
21.000000000000000	0.278501631338397	1.637299385866903	0.073890608288986
21.000000000000000	0.181857197039549	1.644391146324570	0.068357994770405
21.000000000000000	0.084936344186621	1.645329359669204	0.062593746957531
21.000000000000000	-0.011870661153561	1.640110248046803	0.056621075441851
21.000000000000000	-0.108174011337921	1.628754826977817	0.050464030063539
21.000000000000000	-0.203585926764932	1.611308820735066	0.044147403071246
21.000000000000000	-0.297722217326214	1.587842478228230	0.037696629292453
21.000000000000000	-0.390203829404489	1.558450290136286	0.031137683716409
21.000000000000000	-0.480658372188731	1.523250608426889	0.024496976902008
21.000000000000000	-0.568721617160512	1.482385169794776	0.017801248631796
21.000000000000000	-0.654038964713707	1.436018524938115	0.011077460240303
21.000000000000000	-0.736266872001943	1.384337375970926	0.004352686050260
21.000000000000000	-0.815074236264399	1.327549824639561	-0.002345995646135
21.000000000000000	-0.890143728059758	1.265884534370419	-0.008991611621949
21.000000000000000	-0.961173069039871	1.199589809523032	-0.015557402327177
21.000000000000000	-1.027876249117971	1.128932595556053	-0.022016929640004
21.000000000000000	-1.089984678130357	1.054197404132102	-0.028344183323789
21.000000000000000	-1.147248267354180	0.975685167489724	-0.034513685761115
21.000000000000000	-1.199436436526462	0.893712026695471	-0.040500594543153
21.000000000000000	-1.246339042309435	0.808608058655415	-0.046280802501279
21.000000000000000	-1.287767224463593	0.720715947011938	-0.051831034778135
21.000000000000000	-1.323554166321222	0.630389602277653	-0.057128942547263
21.000000000000000	-1.353555766498237	0.537992736762686	-0.062153193003938
21.000000000000000	-1.377651219139604	0.443897400033567	-0.066883555264851
21.000000000000000	-1.395743500361877	0.348482480800943	-0.071300981830727
21.000000000000000	-1.407759758934130	0.252132181268460	-0.075387685283891
21.000000000000000	-1.413651609624158	0.155234470086099	-0.079127209911911
21.000000000000000	-1.413395328028723	0.058179520137349	-0.082504497968954
21.000000000000000	-1.406991946103357	-0.038641862549288	-0.085505950308006
21.000000000000000	-1.394467248007040	-0.134839812438237	-0.088119481139842
21.000000000000000	-1.375871666278491	-0.230026974337760	-0.090334566698231
21.000000000000000	-1.351280078762138	-0.323820063142604	-0.092142287615430
21.000000000000000	-1.320791507101460	-0.415841407187839	-0.093535364837330
21.000000000000000	-1.284528718013783	-0.505720468999355	-0.094508188933636
21.000000000000000	-1.242637728952039	-0.593095337317491	-0.095056842685064
21.000000000000000	-1.195287220144015	-0.677614184385944	-0.095179116856602
21.000000000000000	-1.142667855376614	-0.758936682637973	-0.094874519093316
21.000000000000000	-1.084991514260078	-0.836735375075384	-0.094144275902893
21.000000000000000	-1.022490439063578	-0.910696993822295	-0.092991327716926
21.000000000000000	-0.955416299557565	-0.980523721544304	-0.091420317050835


