# n	x	y	z
1.000000000000000	0.284984380208116	0.415614565231178	0.023077494226435
1.000000000000000	0.257722023273936	0.433069000904333	0.022941900279906
1.000000000000000	0.229408923858368	0.448760680833718	0.022712875747277
1.000000000000000	0.200159088819826	0.462626420162537	0.022391342829508
1.000000000000000	0.170090296920463	0.474610386452338	0.021978596226176
1.000000000000000	0.139323624572666	0.484664324500541	0.021476297922177
1.000000000000000	0.107982958307074	0.492747750647098	0.020886470495497
1.000000000000000	0.076194495925245	0.498828115787913	0.020211488973008
1.000000000000000	0.044086238345651	0.502880936438591	0.019454071267070
1.000000000000000	0.011787474189157	0.504889893320789	0.018617267231460
1.000000000000000	-0.020571740820628	0.504846897074192	0.017704446380683
1.000000000000000	-0.052861107545842	0.502752120829509	0.016719284322133
1.000000000000000	-0.084950608103014	0.498613999511339	0.015665747955711
1.000000000000000	-0.116711029399189	0.492449195873707	0.014548079500526
1.000000000000000	-0.148014483427450	0.484282533405032	0.013370779412973
1.000000000000000	-0.178734922226785	0.474146896372702	0.012138588264983
1.000000000000000	-0.208748645432736	0.462083097409738	0.010856467655417
1.000000000000000	-0.237934798375109	0.448139713176721	0.009529580231451
1.000000000000000	-0.266175858717076	0.432372888760725	0.008163268900426
1.000000000000000	-0.293358109676146	0.414846111598873	0.006763035315840
1.000000000000000	-0.319372097921514	0.395629955836827	0.005334517724135
1.000000000000000	-0.344113074303989	0.374801798151620	0.003883468261467
1.000000000000000	-0.367481415643855	0.352445506183080	0.002415729791882
1.000000000000000	-0.389383025878244	0.328651100828452	0.000937212380169
1.000000000000000	-0.409729714952781	0.303514393760012	-0.000546130505890
1.000000000000000	-0.428439553931798	0.277136601625279	-0.002028325968028
1.000000000000000	-0.445437204897250	0.249623938483304	-0.003503405728251
1.000000000000000	-0.460654224307912	0.221087188118136	-0.004965430160985
1.000000000000000	-0.474029338597371	0.191641257951626	-0.006408512209852
1.000000000000000	-0.485508690901045	0.161404716351799	-0.007826841092768
1.000000000000000	-0.495046057918774	0.130499315199878	-0.009214705699911
1.000000000000000	-0.502603036039733	0.099049499638432	-0.010566517590347
1.000000000000000	-0.508149195980215	0.067181906974711	-0.011876833494707
1.000000000000000	-0.511662205311623	0.035024856756905	-0.013140377233311
1.000000000000000	-0.513127918385274	0.002707834076608	-0.014352060961484
1.000000000000000	-0.512540433291936	-0.029639031821936	-0.015507005656509
1.000000000000000	-0.509902115626730	-0.061885491526379	-0.016600560763730
1.000000000000000	-0.505223588963715	-0.093901699924679	-0.017628322922694
1.000000000000000	-0.498523692078507	-0.125558739045537	-0.018586153697927
1.000000000000000	-0.489829403091176	-0.156729137165567	-0.019470196242960
1.000000000000000	-0.479175730834879	-0.187287382092938	-0.020276890830480
1.000000000000000	-0.466605573887644	-0.217110426560671	-0.021002989186102
1.000000000000000	-0.452169547834940	-0.246078183694549	-0.021645567568018
1.000000000000000	-0.435925781458575	-0.274074010560587	-0.022202038539880
1.000000000000000	-0.417939682672610	-0.300985177844945	-0.022670161389486
1.000000000000000	-0.398283675148776	-0.326703323775099	-0.023048051151342
1.000000000000000	-0.377036906691906	-0.351124890454448	-0.023334186196752
1.000000000000000	-0.354284930539660	-0.374151540853413	-0.023527414360876
1.000000000000000	-0.330119360869835	-0.395690554777952	-0.023626957582096
1.000000000000000	-0.304637503902406	-0.415655202221049	-0.023632415034994
1.000000000000000	-0.277941966081717	-0.433965092593851	-0.023543764744334
1.000000000000000	-0.250140240916547	-0.450546498430186	-0.023361363673546
1.000000000000000	-0.221344276141693	-0.465332652261058	-0.023085946287366
1.000000000000000	-0.191670022943945	-0.478264015463668	-0.022718621594401
1.000000000000000	-0.161236969067588	-0.489288518002445	-0.022260868681545
1.000000000000000	-0.130167657679426	-0.498361768096694	-0.021714530758216
1.000000000000000	-0.098587193930698	-0.505447230970633	-0.021081807734406
1.000000000000000	-0.066622741202794	-0.510516375966038	-0.020365247362416
1.000000000000000	-0.034403009065193	-0.513548791425136	-0.019567734977957
1.000000000000000	-0.002057735007462	-0.514532266881146	-0.018692481881926
1.000000000000000	0.030282837967835	-0.513462842225517	-0.017743012409625
1.000000000000000	0.062488485787727	-0.510344823653891	-0.016723149739509
1.000000000000000	0.094429527675228	-0.505190766326571	-0.015637000498597
1.000000000000000	0.125977348328047	-0.498021423813322	-0.014488938226533
1.000000000000000	0.157004915807024	-0.488865664526069	-0.013283585764884
1.000000000000000	0.187387293048906	-0.477760355475994	-0.012025796642592
1.000000000000000	0.217002140943811	-0.464750213823092	-0.010720635532524
1.000000000000000	0.245730210951643	-0.449887626815951	-0.009373357857821
1.000000000000000	0.273455825273873	-0.433232440846791	-0.007989388630166
1.000000000000000	0.300067342647209	-0.414851720471167	-0.006574300605177
1.000000000000000	0.325457607883557	-0.394819478362668	-0.005133791842881
1.000000000000000	0.349524383346146	-0.373216377290013	-0.003673662763648
1.000000000000000	0.372170760624407	-0.350129405316541	-0.002199792791936
1.000000000000000	0.393305550749939	-0.325651525529985	-0.000718116681926
1.000000000000000	0.412843651382298	-0.299881301712930	0.000765399379633
1.000000000000000	0.430706389486088	-0.272922501461249	0.002244781797160
1.000000000000000	0.446821838119507	-0.244883678348615	0.003714073619798
1.000000000000000	0.461125106058757	-0.215877734819574	0.005167358527955
1.000000000000000	0.473558599092095	-0.186021467571249	0.006598784656233
1.000000000000000	0.484072251931399	-0.155435097254268	0.008002588156827
1.000000000000000	0.492623729807415	-0.124241784386628	0.009373116408504
1.000000000000000	0.499178598936925	-0.092567133429760	0.010704850777714
1.000000000000000	0.503710465175446	-0.060538687023699	0.011992428840179
1.000000000000000	0.506201080297130	-0.028285412417880	0.013230665973484
1.000000000000000	0.506640415473928	0.004062817834451	0.014414576233721
1.000000000000000	0.505026701658144	0.036375748827176	0.015539392432127
1.000000000000000	0.501366436705763	0.068523267791832	0.016600585330867
1.000000000000000	0.495674359211882	0.100375928015816	0.017593881880679
1.000000000000000	0.487973389163585	0.131805470078604	0.018515282426935
1.000000000000000	0.478294535649247	0.162685338307171	0.019361076814839
1.000000000000000	0.466676771995879	0.192891190371017	0.020127859328906
1.000000000000000	0.453166878837297	0.222301397964847	0.020812542406586
1.000000000000000	0.437819255745016	0.250797536562832	0.021412369070778
1.000000000000000	0.420695702180382	0.278264862272372	0.021924924031211
1.000000000000000	0.401865168649948	0.304592773867255	0.022348143409962
1.000000000000000	0.381403479066122	0.329675258139763	0.022680323051966
1.000000000000000	0.359393025431032	0.353411316778435	0.022920125387044
1.000000000000000	0.335922436073013	0.375705373052627	0.023066584815832
1.000000000000000	0.311086218771613	0.396467656666273	0.023119111597899
1.000000000000000	0.284984380208116	0.415614565231178	0.023077494226435


2.000000000000000	nan	nan	nan
2.000000000000000	nan	nan	nan
2.000000000000000	nan	nan	nan
2.000000000000000	nan	nan	nan
2.000000000000000	nan	nan	nan
2.000000000000000	nan	nan	nan
2.000000000000000	nan	nan	nan
2.000000000000000	nan	nan	nan
2.000000000000000	nan	nan	nan
2.000000000000000	nan	nan	nan
2.000000000000000	nan	nan	nan
2.000000000000000	nan	nan	nan
2.000000000000000	nan	nan	nan
2.000000000000000	nan	nan	nan
2.000000000000000	nan	nan	nan
2.000000000000000	nan	nan	nan
2.000000000000000	nan	nan	nan
2.000000000000000	nan	nan	nan
2.000000000000000	nan	nan	nan
2.000000000000000	nan	nan	nan
2.000000000000000	nan	nan	nan
2.000000000000000	nan	nan	nan
2.000000000000000	nan	nan	nan
2.000000000000000	nan	nan	nan
2.000000000000000	nan	nan	nan
2.000000000000000	nan	nan	nan
2.000000000000000	nan	nan	nan
2.000000000000000	nan	nan	nan
2.000000000000000	nan	nan	nan
2.000000000000000	nan	nan	nan
2.000000000000000	nan	nan	nan
2.000000000000000	nan	nan	nan
2.000000000000000	nan	nan	nan
2.000000000000000	nan	nan	nan
2.000000000000000	nan	nan	nan
2.000000000000000	nan	nan	nan
2.000000000000000	nan	nan	nan
2.000000000000000	nan	nan	nan
2.000000000000000	nan	nan	nan
2.000000000000000	nan	nan	nan
2.000000000000000	nan	nan	nan
2.000000000000000	nan	nan	nan
2.000000000000000	nan	nan	nan
2.000000000000000	nan	nan	nan
2.000000000000000	nan	nan	nan
2.000000000000000	nan	nan	nan
2.000000000000000	nan	nan	nan
2.000000000000000	nan	nan	nan
2.000000000000000	nan	nan	nan
2.000000000000000	nan	nan	nan
2.000000000000000	nan	nan	nan
2.000000000000000	nan	nan	nan
2.000000000000000	nan	nan	nan
2.000000000000000	nan	nan	nan
2.000000000000000	nan	nan	nan
2.000000000000000	nan	nan	nan
2.000000000000000	nan	nan	nan
2.000000000000000	nan	nan	nan
2.000000000000000	nan	nan	nan
2.000000000000000	nan	nan	nan
2.000000000000000	nan	nan	nan
2.000000000000000	nan	nan	nan
2.000000000000000	nan	nan	nan
2.000000000000000	nan	nan	nan
2.000000000000000	nan	nan	nan
2.000000000000000	nan	nan	nan
2.000000000000000	nan	nan	nan
2.000000000000000	nan	nan	nan
2.000000000000000	nan	nan	nan
2.000000000000000	nan	nan	nan
2.000000000000000	nan	nan	nan
2.000000000000000	nan	nan	nan
2.000000000000000	nan	nan	nan
2.000000000000000	nan	nan	nan
2.000000000000000	nan	nan	nan
2.000000000000000	nan	nan	nan
2.000000000000000	nan	nan	nan
2.000000000000000	nan	nan	nan
2.000000000000000	nan	nan	nan
2.000000000000000	nan	nan	nan
2.000000000000000	nan	nan	nan
2.000000000000000	nan	nan	nan
2.000000000000000	nan	nan	nan
2.000000000000000	nan	nan	nan
2.000000000000000	nan	nan	nan
2.000000000000000	nan	nan	nan
2.000000000000000	nan	nan	nan
2.000000000000000	nan	nan	nan
2.000000000000000	nan	nan	nan
2.000000000000000	nan	nan	nan
2.000000000000000	nan	nan	nan
2.000000000000000	nan	nan	nan
2.000000000000000	nan	nan	nan
2.000000000000000	nan	nan	nan
2.000000000000000	nan	nan	nan
2.000000000000000	nan	nan	nan
2.000000000000000	nan	nan	nan
2.000000000000000	nan	nan	nan
2.000000000000000	nan	nan	nan
2.000000000000000	nan	nan	nan


3.000000000000000	0.837112963806417	-0.229267280372362	-0.053954168039235
3.000000000000000	0.851575968879651	-0.168115168383233	-0.056962350050105
3.000000000000000	0.862104844148603	-0.106147770598888	-0.059708607549477
3.000000000000000	0.868657193548665	-0.043614607859198	-0.062181882327678
3.000000000000000	0.871206633081414	0.019232520860175	-0.064372215380100
3.000000000000000	0.869742897053660	0.082140552353381	-0.066270787008608
3.000000000000000	0.864271879413771	0.144856178180593	-0.067869952335342
3.000000000000000	0.854815610018821	0.207126864651695	-0.069163272085947
3.000000000000000	0.841412165928132	0.268701869690319	-0.070145538518256
3.000000000000000	0.824115518080396	0.329333252483688	-0.070812796392030
3.000000000000000	0.802995313971750	0.388776871852763	-0.071162358895318
3.000000000000000	0.778136597209897	0.446793369322598	-0.071192818463294
3.000000000000000	0.749639465073506	0.503149132934446	-0.070904052446028
3.000000000000000	0.717618665455806	0.557617237918655	-0.070297223602354
3.000000000000000	0.682203134815316	0.609978360440633	-0.069374775417848
3.000000000000000	0.643535478994234	0.660021660740516	-0.068140422265778
3.000000000000000	0.601771398995043	0.707545632110467	-0.066599134450630
3.000000000000000	0.557079064027528	0.752358912291069	-0.064757118194446
3.000000000000000	0.509638434350723	0.794281054019602	-0.062621790646564
3.000000000000000	0.459640536636462	0.833143251627486	-0.060201750017367
3.000000000000000	0.407286694772392	0.868789020761122	-0.057506740956330
3.000000000000000	0.352787719201739	0.901074828489162	-0.054547615313757
3.000000000000000	0.296363058064051	0.929870671258961	-0.051336288444205
3.000000000000000	0.238239913554998	0.955060598374996	-0.047885691227559
3.000000000000000	0.178652327063316	0.976543178891400	-0.044209718000944
3.000000000000000	0.117840236768739	0.994231910038577	-0.040323170611133
3.000000000000000	0.056048511495636	1.008055565539323	-0.036241698812731
3.000000000000000	-0.006474035287324	1.017958482411910	-0.031981737252140
3.000000000000000	-0.069475647351187	1.023900785105266	-0.027560439291038
3.000000000000000	-0.132702639440201	1.025858546063743	-0.022995607935844
3.000000000000000	-0.195900418772795	1.023823882074940	-0.018305624151298
3.000000000000000	-0.258814510196859	1.017804986012619	-0.013509372846799
3.000000000000000	-0.321191580871365	1.007826093846891	-0.008626166833543
3.000000000000000	-0.382780460348305	0.993927387054519	-0.003675669058649
3.000000000000000	-0.443333151947437	0.976164830822294	0.001322186570592
3.000000000000000	-0.502605831351387	0.954609948694979	0.006347275453522
3.000000000000000	-0.560359828400116	0.929349534575241	0.011379363330784
3.000000000000000	-0.616362588131425	0.900485303235234	0.016398187760539
3.000000000000000	-0.670388607197699	0.868133480747112	0.021383539708173
3.000000000000000	-0.722220341888305	0.832424336481663	0.026315344920941
3.000000000000000	-0.771649084101333	0.793501658559522	0.031173744759900
3.000000000000000	-0.818475801737457	0.751522174867165	0.035939176163643
3.000000000000000	-0.862511940131954	0.706654921969026	0.040592450421834
3.000000000000000	-0.903580181297792	0.659080564456906	0.045114830441380
3.000000000000000	-0.941515157922573	0.608990667477434	0.049488106194089
3.000000000000000	-0.976164119244345	0.556586925366830	0.053694668042025
3.000000000000000	-1.007387546124999	0.502080349498998	0.057717577645305
3.000000000000000	-1.035059712844601	0.445690418617203	0.061540636166819
3.000000000000000	-1.059069193354490	0.387644195070630	0.065148449499225
3.000000000000000	-1.079319309950648	0.328175410514449	0.068526490251589
3.000000000000000	-1.095728522560697	0.267523524754929	0.071661156246058
3.000000000000000	-1.108230757076985	0.205932761529321	0.074539825289036
3.000000000000000	-1.116775671413699	0.143651125103057	0.077150905996292
3.000000000000000	-1.121328858216681	0.080929401644110	0.079483884467385
3.000000000000000	-1.121871983409694	0.018020149395609	0.081529366621421
3.000000000000000	-1.118402860019279	-0.044823318287072	0.083279116023706
3.000000000000000	-1.110935456980921	-0.107347952939784	0.084726087050960
3.000000000000000	-1.099499842891086	-0.169301989926460	0.085864453261556
3.000000000000000	-1.084142064931582	-0.230435962206447	0.086689630856543
3.000000000000000	-1.064923963453821	-0.290503704850228	0.087198297136988
3.000000000000000	-1.041922922969545	-0.349263346258712	0.087388403883309
3.000000000000000	-1.015231560550710	-0.406478282094795	0.087259185602736
3.000000000000000	-0.984957352893226	-0.461918128005522	0.086811162611679
3.000000000000000	-0.951222203546238	-0.515359647298558	0.086046138940595
3.000000000000000	-0.914161952049555	-0.566587649837561	0.084967195069797
3.000000000000000	-0.873925826955769	-0.615395858536910	0.083578675525447
3.000000000000000	-0.830675844939543	-0.661587739966728	0.081886171385681
3.000000000000000	-0.784586158413645	-0.704977295723632	0.079896497767309
3.000000000000000	-0.735842354278648	-0.745389811380662	0.077617666383752
3.000000000000000	-0.684640706629980	-0.782662560000614	0.075058853284690
3.000000000000000	-0.631187386431420	-0.816645457379980	0.072230361907358
3.000000000000000	-0.575697631337392	-0.847201666385064	0.069143581588232
3.000000000000000	-0.518394879006897	-0.874208147946826	0.065810941702198
3.000000000000000	-0.459509867398919	-0.897556156495788	0.062245861613843
3.000000000000000	-0.399279705672106	-0.917151677842055	0.058462696642409
3.000000000000000	-0.337946919429872	-0.932915807737285	0.054476680257993
3.000000000000000	-0.275758474155390	-0.944785069594239	0.050303862741734
3.000000000000000	-0.212964780768755	-0.952711670084603	0.045961046557001
3.000000000000000	-0.149818687310592	-0.956663691585846	0.041465718691800
3.000000000000000	-0.086574460812238	-0.956625220702224	0.036835980244845
3.000000000000000	-0.023486763452146	-0.952596412342407	0.032090473538825
3.000000000000000	0.039190372878825	-0.944593489095717	0.027248307054349
3.000000000000000	0.101204569474175	-0.932648675909486	0.022328978486837
3.000000000000000	0.162306117051738	-0.916810070330569	0.017352296236184
3.000000000000000	0.222248981244830	-0.897141448833495	0.012338299645325
3.000000000000000	0.280791793295807	-0.873722010015114	0.007307178308871
3.000000000000000	0.337698821962859	-0.846646055689803	0.002279190776742
3.000000000000000	0.392740922726524	-0.816022611169342	-0.002725417019867
3.000000000000000	0.445696460473796	-0.781974986256460	-0.007686493291705
3.000000000000000	0.496352201944493	-0.744640278719783	-0.012584061535605
3.000000000000000	0.544504174346339	-0.704168822249511	-0.017398400972815
3.000000000000000	0.589958486681411	-0.660723581116701	-0.022110125957614
3.000000000000000	0.632532110476754	-0.614479493973666	-0.026700264036460
3.000000000000000	0.672053616775437	-0.565622769437770	-0.031150332343373
3.000000000000000	0.708363866420466	-0.514350136295042	-0.035442412023902
3.000000000000000	0.741316650851996	-0.460868051342792	-0.039559220388038
3.000000000000000	0.770779280837602	-0.405391868060953	-0.043484180501500
3.000000000000000	0.796633120764983	-0.348144969459629	-0.047201487935202
3.000000000000000	0.818774066345703	-0.289357868594551	-0.050696174404108
3.000000000000000	0.837112963806417	-0.229267280372362	-0.053954168039235


4.000000000000000	nan	nan	nan
4.000000000000000	nan	nan	nan
4.000000000000000	nan	nan	nan
4.000000000000000	nan	nan	nan
4.000000000000000	nan	nan	nan
4.000000000000000	nan	nan	nan
4.000000000000000	nan	nan	nan
4.000000000000000	nan	nan	nan
4.000000000000000	nan	nan	nan
4.000000000000000	nan	nan	nan
4.000000000000000	nan	nan	nan
4.000000000000000	nan	nan	nan
4.000000000000000	nan	nan	nan
4.000000000000000	nan	nan	nan
4.000000000000000	nan	nan	nan
4.000000000000000	nan	nan	nan
4.000000000000000	nan	nan	nan
4.000000000000000	nan	nan	nan
4.000000000000000	nan	nan	nan
4.000000000000000	nan	nan	nan
4.000000000000000	nan	nan	nan
4.000000000000000	nan	nan	nan
4.000000000000000	nan	nan	nan
4.000000000000000	nan	nan	nan
4.000000000000000	nan	nan	nan
4.000000000000000	nan	nan	nan
4.000000000000000	nan	nan	nan
4.000000000000000	nan	nan	nan
4.000000000000000	nan	nan	nan
4.000000000000000	nan	nan	nan
4.000000000000000	nan	nan	nan
4.000000000000000	nan	nan	nan
4.000000000000000	nan	nan	nan
4.000000000000000	nan	nan	nan
4.000000000000000	nan	nan	nan
4.000000000000000	nan	nan	nan
4.000000000000000	nan	nan	nan
4.000000000000000	nan	nan	nan
4.000000000000000	nan	nan	nan
4.000000000000000	nan	nan	nan
4.000000000000000	nan	nan	nan
4.000000000000000	nan	nan	nan
4.000000000000000	nan	nan	nan
4.000000000000000	nan	nan	nan
4.000000000000000	nan	nan	nan
4.000000000000000	nan	nan	nan
4.000000000000000	nan	nan	nan
4.000000000000000	nan	nan	nan
4.000000000000000	nan	nan	nan
4.000000000000000	nan	nan	nan
4.000000000000000	nan	nan	nan
4.000000000000000	nan	nan	nan
4.000000000000000	nan	nan	nan
4.000000000000000	nan	nan	nan
4.000000000000000	nan	nan	nan
4.000000000000000	nan	nan	nan
4.000000000000000	nan	nan	nan
4.000000000000000	nan	nan	nan
4.000000000000000	nan	nan	nan
4.000000000000000	nan	nan	nan
4.000000000000000	nan	nan	nan
4.000000000000000	nan	nan	nan
4.000000000000000	nan	nan	nan
4.000000000000000	nan	nan	nan
4.000000000000000	nan	nan	nan
4.000000000000000	nan	nan	nan
4.000000000000000	nan	nan	nan
4.000000000000000	nan	nan	nan
4.000000000000000	nan	nan	nan
4.000000000000000	nan	nan	nan
4.000000000000000	nan	nan	nan
4.000000000000000	nan	nan	nan
4.000000000000000	nan	nan	nan
4.000000000000000	nan	nan	nan
4.000000000000000	nan	nan	nan
4.000000000000000	nan	nan	nan
4.000000000000000	nan	nan	nan
4.000000000000000	nan	nan	nan
4.000000000000000	nan	nan	nan
4.000000000000000	nan	nan	nan
4.000000000000000	nan	nan	nan
4.000000000000000	nan	nan	nan
4.000000000000000	nan	nan	nan
4.000000000000000	nan	nan	nan
4.000000000000000	nan	nan	nan
4.000000000000000	nan	nan	nan
4.000000000000000	nan	nan	nan
4.000000000000000	nan	nan	nan
4.000000000000000	nan	nan	nan
4.000000000000000	nan	nan	nan
4.000000000000000	nan	nan	nan
4.000000000000000	nan	nan	nan
4.000000000000000	nan	nan	nan
4.000000000000000	nan	nan	nan
4.000000000000000	nan	nan	nan
4.000000000000000	nan	nan	nan
4.000000000000000	nan	nan	nan
4.000000000000000	nan	nan	nan
4.000000000000000	nan	nan	nan
4.000000000000000	nan	nan	nan


5.000000000000000	nan	nan	nan
5.000000000000000	nan	nan	nan
5.000000000000000	nan	nan	nan
5.000000000000000	nan	nan	nan
5.000000000000000	nan	nan	nan
5.000000000000000	nan	nan	nan
5.000000000000000	nan	nan	nan
5.000000000000000	nan	nan	nan
5.000000000000000	nan	nan	nan
5.000000000000000	nan	nan	nan
5.000000000000000	nan	nan	nan
5.000000000000000	nan	nan	nan
5.000000000000000	nan	nan	nan
5.000000000000000	nan	nan	nan
5.000000000000000	nan	nan	nan
5.000000000000000	nan	nan	nan
5.000000000000000	nan	nan	nan
5.000000000000000	nan	nan	nan
5.000000000000000	nan	nan	nan
5.000000000000000	nan	nan	nan
5.000000000000000	nan	nan	nan
5.000000000000000	nan	nan	nan
5.000000000000000	nan	nan	nan
5.000000000000000	nan	nan	nan
5.000000000000000	nan	nan	nan
5.000000000000000	nan	nan	nan
5.000000000000000	nan	nan	nan
5.000000000000000	nan	nan	nan
5.000000000000000	nan	nan	nan
5.000000000000000	nan	nan	nan
5.000000000000000	nan	nan	nan
5.000000000000000	nan	nan	nan
5.000000000000000	nan	nan	nan
5.000000000000000	nan	nan	nan
5.000000000000000	nan	nan	nan
5.000000000000000	nan	nan	nan
5.000000000000000	nan	nan	nan
5.000000000000000	nan	nan	nan
5.000000000000000	nan	nan	nan
5.000000000000000	nan	nan	nan
5.000000000000000	nan	nan	nan
5.000000000000000	nan	nan	nan
5.000000000000000	nan	nan	nan
5.000000000000000	nan	nan	nan
5.000000000000000	nan	nan	nan
5.000000000000000	nan	nan	nan
5.000000000000000	nan	nan	nan
5.000000000000000	nan	nan	nan
5.000000000000000	nan	nan	nan
5.000000000000000	nan	nan	nan
5.000000000000000	nan	nan	nan
5.000000000000000	nan	nan	nan
5.000000000000000	nan	nan	nan
5.000000000000000	nan	nan	nan
5.000000000000000	nan	nan	nan
5.000000000000000	nan	nan	nan
5.000000000000000	nan	nan	nan
5.000000000000000	nan	nan	nan
5.000000000000000	nan	nan	nan
5.000000000000000	nan	nan	nan
5.000000000000000	nan	nan	nan
5.000000000000000	nan	nan	nan
5.000000000000000	nan	nan	nan
5.000000000000000	nan	nan	nan
5.000000000000000	nan	nan	nan
5.000000000000000	nan	nan	nan
5.000000000000000	nan	nan	nan
5.000000000000000	nan	nan	nan
5.000000000000000	nan	nan	nan
5.000000000000000	nan	nan	nan
5.000000000000000	nan	nan	nan
5.000000000000000	nan	nan	nan
5.000000000000000	nan	nan	nan
5.000000000000000	nan	nan	nan
5.000000000000000	nan	nan	nan
5.000000000000000	nan	nan	nan
5.000000000000000	nan	nan	nan
5.000000000000000	nan	nan	nan
5.000000000000000	nan	nan	nan
5.000000000000000	nan	nan	nan
5.000000000000000	nan	nan	nan
5.000000000000000	nan	nan	nan
5.000000000000000	nan	nan	nan
5.000000000000000	nan	nan	nan
5.000000000000000	nan	nan	nan
5.000000000000000	nan	nan	nan
5.000000000000000	nan	nan	nan
5.000000000000000	nan	nan	nan
5.000000000000000	nan	nan	nan
5.000000000000000	nan	nan	nan
5.000000000000000	nan	nan	nan
5.000000000000000	nan	nan	nan
5.000000000000000	nan	nan	nan
5.000000000000000	nan	nan	nan
5.000000000000000	nan	nan	nan
5.000000000000000	nan	nan	nan
5.000000000000000	nan	nan	nan
5.000000000000000	nan	nan	nan
5.000000000000000	nan	nan	nan
5.000000000000000	nan	nan	nan


6.000000000000000	nan	nan	nan
6.000000000000000	nan	nan	nan
6.000000000000000	nan	nan	nan
6.000000000000000	nan	nan	nan
6.000000000000000	nan	nan	nan
6.000000000000000	nan	nan	nan
6.000000000000000	nan	nan	nan
6.000000000000000	nan	nan	nan
6.000000000000000	nan	nan	nan
6.000000000000000	nan	nan	nan
6.000000000000000	nan	nan	nan
6.000000000000000	nan	nan	nan
6.000000000000000	nan	nan	nan
6.000000000000000	nan	nan	nan
6.000000000000000	nan	nan	nan
6.000000000000000	nan	nan	nan
6.000000000000000	nan	nan	nan
6.000000000000000	nan	nan	nan
6.000000000000000	nan	nan	nan
6.000000000000000	nan	nan	nan
6.000000000000000	nan	nan	nan
6.000000000000000	nan	nan	nan
6.000000000000000	nan	nan	nan
6.000000000000000	nan	nan	nan
6.000000000000000	nan	nan	nan
6.000000000000000	nan	nan	nan
6.000000000000000	nan	nan	nan
6.000000000000000	nan	nan	nan
6.000000000000000	nan	nan	nan
6.000000000000000	nan	nan	nan
6.000000000000000	nan	nan	nan
6.000000000000000	nan	nan	nan
6.000000000000000	nan	nan	nan
6.000000000000000	nan	nan	nan
6.000000000000000	nan	nan	nan
6.000000000000000	nan	nan	nan
6.000000000000000	nan	nan	nan
6.000000000000000	nan	nan	nan
6.000000000000000	nan	nan	nan
6.000000000000000	nan	nan	nan
6.000000000000000	nan	nan	nan
6.000000000000000	nan	nan	nan
6.000000000000000	nan	nan	nan
6.000000000000000	nan	nan	nan
6.000000000000000	nan	nan	nan
6.000000000000000	nan	nan	nan
6.000000000000000	nan	nan	nan
6.000000000000000	nan	nan	nan
6.000000000000000	nan	nan	nan
6.000000000000000	nan	nan	nan
6.000000000000000	nan	nan	nan
6.000000000000000	nan	nan	nan
6.000000000000000	nan	nan	nan
6.000000000000000	nan	nan	nan
6.000000000000000	nan	nan	nan
6.000000000000000	nan	nan	nan
6.000000000000000	nan	nan	nan
6.000000000000000	nan	nan	nan
6.000000000000000	nan	nan	nan
6.000000000000000	nan	nan	nan
6.000000000000000	nan	nan	nan
6.000000000000000	nan	nan	nan
6.000000000000000	nan	nan	nan
6.000000000000000	nan	nan	nan
6.000000000000000	nan	nan	nan
6.000000000000000	nan	nan	nan
6.000000000000000	nan	nan	nan
6.000000000000000	nan	nan	nan
6.000000000000000	nan	nan	nan
6.000000000000000	nan	nan	nan
6.000000000000000	nan	nan	nan
6.000000000000000	nan	nan	nan
6.000000000000000	nan	nan	nan
6.000000000000000	nan	nan	nan
6.000000000000000	nan	nan	nan
6.000000000000000	nan	nan	nan
6.000000000000000	nan	nan	nan
6.000000000000000	nan	nan	nan
6.000000000000000	nan	nan	nan
6.000000000000000	nan	nan	nan
6.000000000000000	nan	nan	nan
6.000000000000000	nan	nan	nan
6.000000000000000	nan	nan	nan
6.000000000000000	nan	nan	nan
6.000000000000000	nan	nan	nan
6.000000000000000	nan	nan	nan
6.000000000000000	nan	nan	nan
6.000000000000000	nan	nan	nan
6.000000000000000	nan	nan	nan
6.000000000000000	nan	nan	nan
6.000000000000000	nan	nan	nan
6.000000000000000	nan	nan	nan
6.000000000000000	nan	nan	nan
6.000000000000000	nan	nan	nan
6.000000000000000	nan	nan	nan
6.000000000000000	nan	nan	nan
6.000000000000000	nan	nan	nan
6.000000000000000	nan	nan	nan
6.000000000000000	nan	nan	nan
6.000000000000000	nan	nan	nan


7.000000000000000	nan	nan	nan
7.000000000000000	nan	nan	nan
7.000000000000000	nan	nan	nan
7.000000000000000	nan	nan	nan
7.000000000000000	nan	nan	nan
7.000000000000000	nan	nan	nan
7.000000000000000	nan	nan	nan
7.000000000000000	nan	nan	nan
7.000000000000000	nan	nan	nan
7.000000000000000	nan	nan	nan
7.000000000000000	nan	nan	nan
7.000000000000000	nan	nan	nan
7.000000000000000	nan	nan	nan
7.000000000000000	nan	nan	nan
7.000000000000000	nan	nan	nan
7.000000000000000	nan	nan	nan
7.000000000000000	nan	nan	nan
7.000000000000000	nan	nan	nan
7.000000000000000	nan	nan	nan
7.000000000000000	nan	nan	nan
7.000000000000000	nan	nan	nan
7.000000000000000	nan	nan	nan
7.000000000000000	nan	nan	nan
7.000000000000000	nan	nan	nan
7.000000000000000	nan	nan	nan
7.000000000000000	nan	nan	nan
7.000000000000000	nan	nan	nan
7.000000000000000	nan	nan	nan
7.000000000000000	nan	nan	nan
7.000000000000000	nan	nan	nan
7.000000000000000	nan	nan	nan
7.000000000000000	nan	nan	nan
7.000000000000000	nan	nan	nan
7.000000000000000	nan	nan	nan
7.000000000000000	nan	nan	nan
7.000000000000000	nan	nan	nan
7.000000000000000	nan	nan	nan
7.000000000000000	nan	nan	nan
7.000000000000000	nan	nan	nan
7.000000000000000	nan	nan	nan
7.000000000000000	nan	nan	nan
7.000000000000000	nan	nan	nan
7.000000000000000	nan	nan	nan
7.000000000000000	nan	nan	nan
7.000000000000000	nan	nan	nan
7.000000000000000	nan	nan	nan
7.000000000000000	nan	nan	nan
7.000000000000000	nan	nan	nan
7.000000000000000	nan	nan	nan
7.000000000000000	nan	nan	nan
7.000000000000000	nan	nan	nan
7.000000000000000	nan	nan	nan
7.000000000000000	nan	nan	nan
7.000000000000000	nan	nan	nan
7.000000000000000	nan	nan	nan
7.000000000000000	nan	nan	nan
7.000000000000000	nan	nan	nan
7.000000000000000	nan	nan	nan
7.000000000000000	nan	nan	nan
7.000000000000000	nan	nan	nan
7.000000000000000	nan	nan	nan
7.000000000000000	nan	nan	nan
7.000000000000000	nan	nan	nan
7.000000000000000	nan	nan	nan
7.000000000000000	nan	nan	nan
7.000000000000000	nan	nan	nan
7.000000000000000	nan	nan	nan
7.000000000000000	nan	nan	nan
7.000000000000000	nan	nan	nan
7.000000000000000	nan	nan	nan
7.000000000000000	nan	nan	nan
7.000000000000000	nan	nan	nan
7.000000000000000	nan	nan	nan
7.000000000000000	nan	nan	nan
7.000000000000000	nan	nan	nan
7.000000000000000	nan	nan	nan
7.000000000000000	nan	nan	nan
7.000000000000000	nan	nan	nan
7.000000000000000	nan	nan	nan
7.000000000000000	nan	nan	nan
7.000000000000000	nan	nan	nan
7.000000000000000	nan	nan	nan
7.000000000000000	nan	nan	nan
7.000000000000000	nan	nan	nan
7.000000000000000	nan	nan	nan
7.000000000000000	nan	nan	nan
7.000000000000000	nan	nan	nan
7.000000000000000	nan	nan	nan
7.000000000000000	nan	nan	nan
7.000000000000000	nan	nan	nan
7.000000000000000	nan	nan	nan
7.000000000000000	nan	nan	nan
7.000000000000000	nan	nan	nan
7.000000000000000	nan	nan	nan
7.000000000000000	nan	nan	nan
7.000000000000000	nan	nan	nan
7.000000000000000	nan	nan	nan
7.000000000000000	nan	nan	nan
7.000000000000000	nan	nan	nan
7.000000000000000	nan	nan	nan


8.000000000000000	nan	nan	nan
8.000000000000000	nan	nan	nan
8.000000000000000	nan	nan	nan
8.000000000000000	nan	nan	nan
8.000000000000000	nan	nan	nan
8.000000000000000	nan	nan	nan
8.000000000000000	nan	nan	nan
8.000000000000000	nan	nan	nan
8.000000000000000	nan	nan	nan
8.000000000000000	nan	nan	nan
8.000000000000000	nan	nan	nan
8.000000000000000	nan	nan	nan
8.000000000000000	nan	nan	nan
8.000000000000000	nan	nan	nan
8.000000000000000	nan	nan	nan
8.000000000000000	nan	nan	nan
8.000000000000000	nan	nan	nan
8.000000000000000	nan	nan	nan
8.000000000000000	nan	nan	nan
8.000000000000000	nan	nan	nan
8.000000000000000	nan	nan	nan
8.000000000000000	nan	nan	nan
8.000000000000000	nan	nan	nan
8.000000000000000	nan	nan	nan
8.000000000000000	nan	nan	nan
8.000000000000000	nan	nan	nan
8.000000000000000	nan	nan	nan
8.000000000000000	nan	nan	nan
8.000000000000000	nan	nan	nan
8.000000000000000	nan	nan	nan
8.000000000000000	nan	nan	nan
8.000000000000000	nan	nan	nan
8.000000000000000	nan	nan	nan
8.000000000000000	nan	nan	nan
8.000000000000000	nan	nan	nan
8.000000000000000	nan	nan	nan
8.000000000000000	nan	nan	nan
8.000000000000000	nan	nan	nan
8.000000000000000	nan	nan	nan
8.000000000000000	nan	nan	nan
8.000000000000000	nan	nan	nan
8.000000000000000	nan	nan	nan
8.000000000000000	nan	nan	nan
8.000000000000000	nan	nan	nan
8.000000000000000	nan	nan	nan
8.000000000000000	nan	nan	nan
8.000000000000000	nan	nan	nan
8.000000000000000	nan	nan	nan
8.000000000000000	nan	nan	nan
8.000000000000000	nan	nan	nan
8.000000000000000	nan	nan	nan
8.000000000000000	nan	nan	nan
8.000000000000000	nan	nan	nan
8.000000000000000	nan	nan	nan
8.000000000000000	nan	nan	nan
8.000000000000000	nan	nan	nan
8.000000000000000	nan	nan	nan
8.000000000000000	nan	nan	nan
8.000000000000000	nan	nan	nan
8.000000000000000	nan	nan	nan
8.000000000000000	nan	nan	nan
8.000000000000000	nan	nan	nan
8.000000000000000	nan	nan	nan
8.000000000000000	nan	nan	nan
8.000000000000000	nan	nan	nan
8.000000000000000	nan	nan	nan
8.000000000000000	nan	nan	nan
8.000000000000000	nan	nan	nan
8.000000000000000	nan	nan	nan
8.000000000000000	nan	nan	nan
8.000000000000000	nan	nan	nan
8.000000000000000	nan	nan	nan
8.000000000000000	nan	nan	nan
8.000000000000000	nan	nan	nan
8.000000000000000	nan	nan	nan
8.000000000000000	nan	nan	nan
8.000000000000000	nan	nan	nan
8.000000000000000	nan	nan	nan
8.000000000000000	nan	nan	nan
8.000000000000000	nan	nan	nan
8.000000000000000	nan	nan	nan
8.000000000000000	nan	nan	nan
8.000000000000000	nan	nan	nan
8.000000000000000	nan	nan	nan
8.000000000000000	nan	nan	nan
8.000000000000000	nan	nan	nan
8.000000000000000	nan	nan	nan
8.000000000000000	nan	nan	nan
8.000000000000000	nan	nan	nan
8.000000000000000	nan	nan	nan
8.000000000000000	nan	nan	nan
8.000000000000000	nan	nan	nan
8.000000000000000	nan	nan	nan
8.000000000000000	nan	nan	nan
8.000000000000000	nan	nan	nan
8.000000000000000	nan	nan	nan
8.000000000000000	nan	nan	nan
8.000000000000000	nan	nan	nan
8.000000000000000	nan	nan	nan
8.000000000000000	nan	nan	nan


9.000000000000000	0.545513055896401	0.000549495121493	-0.252055431061094
9.000000000000000	0.546255289541074	0.049752667420149	-0.246466986638546
9.000000000000000	0.544043786352902	0.098754743622302	-0.239537645662861
9.000000000000000	0.538887451274686	0.147358409662064	-0.231295310144483
9.000000000000000	0.530807047047890	0.195367955730654	-0.221773169059462
9.000000000000000	0.519835110608408	0.242590064330722	-0.211009564709168
9.000000000000000	0.506015822071805	0.288834588697687	-0.199047838329372
9.000000000000000	0.489404826835585	0.333915318453639	-0.185936155570389
9.000000000000000	0.470069011514818	0.377650729410814	-0.171727312551002
9.000000000000000	0.448086234613344	0.419864714505426	-0.156478523267128
9.000000000000000	0.423545013015062	0.460387292918665	-0.140251189211248
9.000000000000000	0.396544165557678	0.499055294529450	-0.123110652130269
9.000000000000000	0.367192415124120	0.535713016942927	-0.105125930917369
9.000000000000000	0.335607950853868	0.570212852449049	-0.086369443697278
9.000000000000000	0.301917952236998	0.602415882386737	-0.066916716224046
9.000000000000000	0.266258077007265	0.632192436520289	-0.046846077765489
9.000000000000000	0.228771914896288	0.659422615175659	-0.026238345698872
9.000000000000000	0.189610409448382	0.683996772034125	-0.005176500087858
9.000000000000000	0.148931250224174	0.705815955639312	0.016254650448926
9.000000000000000	0.106898237840406	0.724792307839787	0.037968810232259
9.000000000000000	0.063680624402658	0.740849417562824	0.059878544004571
9.000000000000000	0.019452431986854	0.753922628494825	0.081895629000864
9.000000000000000	-0.025608248086210	0.763959299429476	0.103931410190652
9.000000000000000	-0.071319972361767	0.770919016235303	0.125897157260475
9.000000000000000	-0.117498675859828	0.774773754589118	0.147704421899556
9.000000000000000	-0.163958413239891	0.775507992820075	0.169265393949932
9.000000000000000	-0.210512107537202	0.773118774409964	0.190493254986967
9.000000000000000	-0.256972303455661	0.767615719898063	0.211302527906506
9.000000000000000	-0.303151922184143	0.759020988142621	0.231609421111005
9.000000000000000	-0.348865014696835	0.747369187094961	0.251332165908721
9.000000000000000	-0.393927510504341	0.732707234445472	0.270391345767374
9.000000000000000	-0.438157958840570	0.715094168702628	0.288710216096491
9.000000000000000	-0.481378259300935	0.694600911465753	0.306215013270788
9.000000000000000	-0.523414378989816	0.671309981848774	0.322835251650254
9.000000000000000	-0.564097053289613	0.645315164204869	0.338504007400944
9.000000000000000	-0.603262467429618	0.616721130489981	0.353158187973639
9.000000000000000	-0.640752916110276	0.585643018785794	0.366738786155276
9.000000000000000	-0.676417438526773	0.552205969679316	0.379191117670164
9.000000000000000	-0.710112426234906	0.516544622365899	0.390465041374265
9.000000000000000	-0.741702201411612	0.478802572504725	0.400515161155884
9.000000000000000	-0.771059563181668	0.439131794009763	0.409301008729788
9.000000000000000	-0.798066299810724	0.397692027104458	0.416787206588707
9.000000000000000	-0.822613664702235	0.354650135104231	0.422943610456070
9.000000000000000	-0.844602814281621	0.310179432516798	0.427745430666368
9.000000000000000	-0.863945206004460	0.264458987165823	0.431173331984385
9.000000000000000	-0.880562954886061	0.217672899147986	0.433213511461371
9.000000000000000	-0.894389147116808	0.170009559526879	0.433857754014641
9.000000000000000	-0.905368109500457	0.121660891748675	0.433103465506813
9.000000000000000	-0.913455633630444	0.072821578834158	0.430953683191489
9.000000000000000	-0.918619153901540	0.023688279458902	0.427417063483298
9.000000000000000	-0.920837878640045	-0.025541163921800	0.422507847101578
9.000000000000000	-0.920102873824523	-0.074668521714679	0.416245801728022
9.000000000000000	-0.916417099059950	-0.123495975389099	0.408656142409197
9.000000000000000	-0.909795395660432	-0.171826914022457	0.399769430024459
9.000000000000000	-0.900264426888469	-0.219466725982982	0.389621448228071
9.000000000000000	-0.887862570591411	-0.266223582562081	0.378253059361060
9.000000000000000	-0.872639764667407	-0.311909210400854	0.365710039912991
9.000000000000000	-0.854657305983120	-0.356339649600451	0.352042896196202
9.000000000000000	-0.833987603552874	-0.399335994463661	0.337306660974706
9.000000000000000	-0.810713886973113	-0.440725113885012	0.321560671866678
9.000000000000000	-0.784929871286190	-0.480340348488628	0.304868332412808
9.000000000000000	-0.756739379622969	-0.518022181706707	0.287296856772619
9.000000000000000	-0.726255925143720	-0.553618882096452	0.268916999076771
9.000000000000000	-0.693602253960685	-0.586987114309024	0.249802768525148
9.000000000000000	-0.658909850882808	-0.617992516250413	0.230031131377935
9.000000000000000	-0.622318409972817	-0.646510240110166	0.209681701039647
9.000000000000000	-0.583975272048534	-0.672425455079452	0.188836417484050
9.000000000000000	-0.544034831393411	-0.695633809734203	0.167579217310812
9.000000000000000	-0.502657914065234	-0.716041852221468	0.145995695762432
9.000000000000000	-0.460011130306360	-0.733567406557043	0.124172762062417
9.000000000000000	-0.416266203663068	-0.748139903519154	0.102198289462509
9.000000000000000	-0.371599279515452	-0.759700664805806	0.080160761408113
9.000000000000000	-0.326190215802143	-0.768203139311597	0.058148915246698
9.000000000000000	-0.280221858795867	-0.773613090572587	0.036251384913811
9.000000000000000	-0.233879306846043	-0.775908734624456	0.014556344035504
9.000000000000000	-0.187349165053059	-0.775080827718842	-0.006848849115732
9.000000000000000	-0.140818793875391	-0.771132703544648	-0.027878003381910
9.000000000000000	-0.094475554695168	-0.764080259804458	-0.048446441780907
9.000000000000000	-0.048506055380009	-0.753951894200098	-0.068471342470793
9.000000000000000	-0.003095398879010	-0.740788390085113	-0.087872072244153
9.000000000000000	0.041573562121509	-0.724642752244597	-0.106570511209557
9.000000000000000	0.085320961481229	-0.705579993463632	-0.124491367352790
9.000000000000000	0.127970643863302	-0.683676872743746	-0.141562479711216
9.000000000000000	0.169350874049714	-0.659021586221510	-0.157715108940511
9.000000000000000	0.209295028458399	-0.631713412033817	-0.172884214103738
9.000000000000000	0.247642266077594	-0.601862310559872	-0.187008714568247
9.000000000000000	0.284238176115824	-0.569588481649551	-0.200031735955820
9.000000000000000	0.318935399759665	-0.535021880621029	-0.211900839155725
9.000000000000000	0.351594223535671	-0.498301694976580	-0.222568231478502
9.000000000000000	0.382083141887225	-0.459575783943634	-0.231990959100257
9.000000000000000	0.410279386700998	-0.419000083097852	-0.240131080022548
9.000000000000000	0.436069421650814	-0.376737976465599	-0.246955816851428
9.000000000000000	0.459349399368364	-0.332959638634137	-0.252437688780436
9.000000000000000	0.480025579599901	-0.287841349518620	-0.256554622246104
9.000000000000000	0.498014706665162	-0.241564784545098	-0.259290039810414
9.000000000000000	0.513244344698605	-0.194316283107694	-0.260632926912282
9.000000000000000	0.525653169323076	-0.146286098245633	-0.260577876219312
9.000000000000000	0.535191214581429	-0.097667630561399	-0.259125109401216
9.000000000000000	0.541820074131802	-0.048656649464772	-0.256280476237225
9.000000000000000	0.545513055896401	0.000549495121493	-0.252055431061094


10.000000000000000	nan	nan	nan
10.000000000000000	nan	nan	nan
10.000000000000000	nan	nan	nan
10.000000000000000	nan	nan	nan
10.000000000000000	nan	nan	nan
10.000000000000000	nan	nan	nan
10.000000000000000	nan	nan	nan
10.000000000000000	nan	nan	nan
10.000000000000000	nan	nan	nan
10.000000000000000	nan	nan	nan
10.000000000000000	nan	nan	nan
10.000000000000000	nan	nan	nan
10.000000000000000	nan	nan	nan
10.000000000000000	nan	nan	nan
10.000000000000000	nan	nan	nan
10.000000000000000	nan	nan	nan
10.000000000000000	nan	nan	nan
10.000000000000000	nan	nan	nan
10.000000000000000	nan	nan	nan
10.000000000000000	nan	nan	nan
10.000000000000000	nan	nan	nan
10.000000000000000	nan	nan	nan
10.000000000000000	nan	nan	nan
10.000000000000000	nan	nan	nan
10.000000000000000	nan	nan	nan
10.000000000000000	nan	nan	nan
10.000000000000000	nan	nan	nan
10.000000000000000	nan	nan	nan
10.000000000000000	nan	nan	nan
10.000000000000000	nan	nan	nan
10.000000000000000	nan	nan	nan
10.000000000000000	nan	nan	nan
10.000000000000000	nan	nan	nan
10.000000000000000	nan	nan	nan
10.000000000000000	nan	nan	nan
10.000000000000000	nan	nan	nan
10.000000000000000	nan	nan	nan
10.000000000000000	nan	nan	nan
10.000000000000000	nan	nan	nan
10.000000000000000	nan	nan	nan
10.000000000000000	nan	nan	nan
10.000000000000000	nan	nan	nan
10.000000000000000	nan	nan	nan
10.000000000000000	nan	nan	nan
10.000000000000000	nan	nan	nan
10.000000000000000	nan	nan	nan
10.000000000000000	nan	nan	nan
10.000000000000000	nan	nan	nan
10.000000000000000	nan	nan	nan
10.000000000000000	nan	nan	nan
10.000000000000000	nan	nan	nan
10.000000000000000	nan	nan	nan
10.000000000000000	nan	nan	nan
10.000000000000000	nan	nan	nan
10.000000000000000	nan	nan	nan
10.000000000000000	nan	nan	nan
10.000000000000000	nan	nan	nan
10.000000000000000	nan	nan	nan
10.000000000000000	nan	nan	nan
10.000000000000000	nan	nan	nan
10.000000000000000	nan	nan	nan
10.000000000000000	nan	nan	nan
10.000000000000000	nan	nan	nan
10.000000000000000	nan	nan	nan
10.000000000000000	nan	nan	nan
10.000000000000000	nan	nan	nan
10.000000000000000	nan	nan	nan
10.000000000000000	nan	nan	nan
10.000000000000000	nan	nan	nan
10.000000000000000	nan	nan	nan
10.000000000000000	nan	nan	nan
10.000000000000000	nan	nan	nan
10.000000000000000	nan	nan	nan
10.000000000000000	nan	nan	nan
10.000000000000000	nan	nan	nan
10.000000000000000	nan	nan	nan
10.000000000000000	nan	nan	nan
10.000000000000000	nan	nan	nan
10.000000000000000	nan	nan	nan
10.000000000000000	nan	nan	nan
10.000000000000000	nan	nan	nan
10.000000000000000	nan	nan	nan
10.000000000000000	nan	nan	nan
10.000000000000000	nan	nan	nan
10.000000000000000	nan	nan	nan
10.000000000000000	nan	nan	nan
10.000000000000000	nan	nan	nan
10.000000000000000	nan	nan	nan
10.000000000000000	nan	nan	nan
10.000000000000000	nan	nan	nan
10.000000000000000	nan	nan	nan
10.000000000000000	nan	nan	nan
10.000000000000000	nan	nan	nan
10.000000000000000	nan	nan	nan
10.000000000000000	nan	nan	nan
10.000000000000000	nan	nan	nan
10.000000000000000	nan	nan	nan
10.000000000000000	nan	nan	nan
10.000000000000000	nan	nan	nan
10.000000000000000	nan	nan	nan


11.000000000000000	nan	nan	nan
11.000000000000000	nan	nan	nan
11.000000000000000	nan	nan	nan
11.000000000000000	nan	nan	nan
11.000000000000000	nan	nan	nan
11.000000000000000	nan	nan	nan
11.000000000000000	nan	nan	nan
11.000000000000000	nan	nan	nan
11.000000000000000	nan	nan	nan
11.000000000000000	nan	nan	nan
11.000000000000000	nan	nan	nan
11.000000000000000	nan	nan	nan
11.000000000000000	nan	nan	nan
11.000000000000000	nan	nan	nan
11.000000000000000	nan	nan	nan
11.000000000000000	nan	nan	nan
11.000000000000000	nan	nan	nan
11.000000000000000	nan	nan	nan
11.000000000000000	nan	nan	nan
11.000000000000000	nan	nan	nan
11.000000000000000	nan	nan	nan
11.000000000000000	nan	nan	nan
11.000000000000000	nan	nan	nan
11.000000000000000	nan	nan	nan
11.000000000000000	nan	nan	nan
11.000000000000000	nan	nan	nan
11.000000000000000	nan	nan	nan
11.000000000000000	nan	nan	nan
11.000000000000000	nan	nan	nan
11.000000000000000	nan	nan	nan
11.000000000000000	nan	nan	nan
11.000000000000000	nan	nan	nan
11.000000000000000	nan	nan	nan
11.000000000000000	nan	nan	nan
11.000000000000000	nan	nan	nan
11.000000000000000	nan	nan	nan
11.000000000000000	nan	nan	nan
11.000000000000000	nan	nan	nan
11.000000000000000	nan	nan	nan
11.000000000000000	nan	nan	nan
11.000000000000000	nan	nan	nan
11.000000000000000	nan	nan	nan
11.000000000000000	nan	nan	nan
11.000000000000000	nan	nan	nan
11.000000000000000	nan	nan	nan
11.000000000000000	nan	nan	nan
11.000000000000000	nan	nan	nan
11.000000000000000	nan	nan	nan
11.000000000000000	nan	nan	nan
11.000000000000000	nan	nan	nan
11.000000000000000	nan	nan	nan
11.000000000000000	nan	nan	nan
11.000000000000000	nan	nan	nan
11.000000000000000	nan	nan	nan
11.000000000000000	nan	nan	nan
11.000000000000000	nan	nan	nan
11.000000000000000	nan	nan	nan
11.000000000000000	nan	nan	nan
11.000000000000000	nan	nan	nan
11.000000000000000	nan	nan	nan
11.000000000000000	nan	nan	nan
11.000000000000000	nan	nan	nan
11.000000000000000	nan	nan	nan
11.000000000000000	nan	nan	nan
11.000000000000000	nan	nan	nan
11.000000000000000	nan	nan	nan
11.000000000000000	nan	nan	nan
11.000000000000000	nan	nan	nan
11.000000000000000	nan	nan	nan
11.000000000000000	nan	nan	nan
11.000000000000000	nan	nan	nan
11.000000000000000	nan	nan	nan
11.000000000000000	nan	nan	nan
11.000000000000000	nan	nan	nan
11.000000000000000	nan	nan	nan
11.000000000000000	nan	nan	nan
11.000000000000000	nan	nan	nan
11.000000000000000	nan	nan	nan
11.000000000000000	nan	nan	nan
11.000000000000000	nan	nan	nan
11.000000000000000	nan	nan	nan
11.000000000000000	nan	nan	nan
11.000000000000000	nan	nan	nan
11.000000000000000	nan	nan	nan
11.000000000000000	nan	nan	nan
11.000000000000000	nan	nan	nan
11.000000000000000	nan	nan	nan
11.000000000000000	nan	nan	nan
11.000000000000000	nan	nan	nan
11.000000000000000	nan	nan	nan
11.000000000000000	nan	nan	nan
11.000000000000000	nan	nan	nan
11.000000000000000	nan	nan	nan
11.000000000000000	nan	nan	nan
11.000000000000000	nan	nan	nan
11.000000000000000	nan	nan	nan
11.000000000000000	nan	nan	nan
11.000000000000000	nan	nan	nan
11.000000000000000	nan	nan	nan
11.000000000000000	nan	nan	nan


12.000000000000000	nan	nan	nan
12.000000000000000	nan	nan	nan
12.000000000000000	nan	nan	nan
12.000000000000000	nan	nan	nan
12.000000000000000	nan	nan	nan
12.000000000000000	nan	nan	nan
12.000000000000000	nan	nan	nan
12.000000000000000	nan	nan	nan
12.000000000000000	nan	nan	nan
12.000000000000000	nan	nan	nan
12.000000000000000	nan	nan	nan
12.000000000000000	nan	nan	nan
12.000000000000000	nan	nan	nan
12.000000000000000	nan	nan	nan
12.000000000000000	nan	nan	nan
12.000000000000000	nan	nan	nan
12.000000000000000	nan	nan	nan
12.000000000000000	nan	nan	nan
12.000000000000000	nan	nan	nan
12.000000000000000	nan	nan	nan
12.000000000000000	nan	nan	nan
12.000000000000000	nan	nan	nan
12.000000000000000	nan	nan	nan
12.000000000000000	nan	nan	nan
12.000000000000000	nan	nan	nan
12.000000000000000	nan	nan	nan
12.000000000000000	nan	nan	nan
12.000000000000000	nan	nan	nan
12.000000000000000	nan	nan	nan
12.000000000000000	nan	nan	nan
12.000000000000000	nan	nan	nan
12.000000000000000	nan	nan	nan
12.000000000000000	nan	nan	nan
12.000000000000000	nan	nan	nan
12.000000000000000	nan	nan	nan
12.000000000000000	nan	nan	nan
12.000000000000000	nan	nan	nan
12.000000000000000	nan	nan	nan
12.000000000000000	nan	nan	nan
12.000000000000000	nan	nan	nan
12.000000000000000	nan	nan	nan
12.000000000000000	nan	nan	nan
12.000000000000000	nan	nan	nan
12.000000000000000	nan	nan	nan
12.000000000000000	nan	nan	nan
12.000000000000000	nan	nan	nan
12.000000000000000	nan	nan	nan
12.000000000000000	nan	nan	nan
12.000000000000000	nan	nan	nan
12.000000000000000	nan	nan	nan
12.000000000000000	nan	nan	nan
12.000000000000000	nan	nan	nan
12.000000000000000	nan	nan	nan
12.000000000000000	nan	nan	nan
12.000000000000000	nan	nan	nan
12.000000000000000	nan	nan	nan
12.000000000000000	nan	nan	nan
12.000000000000000	nan	nan	nan
12.000000000000000	nan	nan	nan
12.000000000000000	nan	nan	nan
12.000000000000000	nan	nan	nan
12.000000000000000	nan	nan	nan
12.000000000000000	nan	nan	nan
12.000000000000000	nan	nan	nan
12.000000000000000	nan	nan	nan
12.000000000000000	nan	nan	nan
12.000000000000000	nan	nan	nan
12.000000000000000	nan	nan	nan
12.000000000000000	nan	nan	nan
12.000000000000000	nan	nan	nan
12.000000000000000	nan	nan	nan
12.000000000000000	nan	nan	nan
12.000000000000000	nan	nan	nan
12.000000000000000	nan	nan	nan
12.000000000000000	nan	nan	nan
12.000000000000000	nan	nan	nan
12.000000000000000	nan	nan	nan
12.000000000000000	nan	nan	nan
12.000000000000000	nan	nan	nan
12.000000000000000	nan	nan	nan
12.000000000000000	nan	nan	nan
12.000000000000000	nan	nan	nan
12.000000000000000	nan	nan	nan
12.000000000000000	nan	nan	nan
12.000000000000000	nan	nan	nan
12.000000000000000	nan	nan	nan
12.000000000000000	nan	nan	nan
12.000000000000000	nan	nan	nan
12.000000000000000	nan	nan	nan
12.000000000000000	nan	nan	nan
12.000000000000000	nan	nan	nan
12.000000000000000	nan	nan	nan
12.000000000000000	nan	nan	nan
12.000000000000000	nan	nan	nan
12.000000000000000	nan	nan	nan
12.000000000000000	nan	nan	nan
12.000000000000000	nan	nan	nan
12.000000000000000	nan	nan	nan
12.000000000000000	nan	nan	nan
12.000000000000000	nan	nan	nan


13.000000000000000	nan	nan	nan
13.000000000000000	nan	nan	nan
13.000000000000000	nan	nan	nan
13.000000000000000	nan	nan	nan
13.000000000000000	nan	nan	nan
13.000000000000000	nan	nan	nan
13.000000000000000	nan	nan	nan
13.000000000000000	nan	nan	nan
13.000000000000000	nan	nan	nan
13.000000000000000	nan	nan	nan
13.000000000000000	nan	nan	nan
13.000000000000000	nan	nan	nan
13.000000000000000	nan	nan	nan
13.000000000000000	nan	nan	nan
13.000000000000000	nan	nan	nan
13.000000000000000	nan	nan	nan
13.000000000000000	nan	nan	nan
13.000000000000000	nan	nan	nan
13.000000000000000	nan	nan	nan
13.000000000000000	nan	nan	nan
13.000000000000000	nan	nan	nan
13.000000000000000	nan	nan	nan
13.000000000000000	nan	nan	nan
13.000000000000000	nan	nan	nan
13.000000000000000	nan	nan	nan
13.000000000000000	nan	nan	nan
13.000000000000000	nan	nan	nan
13.000000000000000	nan	nan	nan
13.000000000000000	nan	nan	nan
13.000000000000000	nan	nan	nan
13.000000000000000	nan	nan	nan
13.000000000000000	nan	nan	nan
13.000000000000000	nan	nan	nan
13.000000000000000	nan	nan	nan
13.000000000000000	nan	nan	nan
13.000000000000000	nan	nan	nan
13.000000000000000	nan	nan	nan
13.000000000000000	nan	nan	nan
13.000000000000000	nan	nan	nan
13.000000000000000	nan	nan	nan
13.000000000000000	nan	nan	nan
13.000000000000000	nan	nan	nan
13.000000000000000	nan	nan	nan
13.000000000000000	nan	nan	nan
13.000000000000000	nan	nan	nan
13.000000000000000	nan	nan	nan
13.000000000000000	nan	nan	nan
13.000000000000000	nan	nan	nan
13.000000000000000	nan	nan	nan
13.000000000000000	nan	nan	nan
13.000000000000000	nan	nan	nan
13.000000000000000	nan	nan	nan
13.000000000000000	nan	nan	nan
13.000000000000000	nan	nan	nan
13.000000000000000	nan	nan	nan
13.000000000000000	nan	nan	nan
13.000000000000000	nan	nan	nan
13.000000000000000	nan	nan	nan
13.000000000000000	nan	nan	nan
13.000000000000000	nan	nan	nan
13.000000000000000	nan	nan	nan
13.000000000000000	nan	nan	nan
13.000000000000000	nan	nan	nan
13.000000000000000	nan	nan	nan
13.000000000000000	nan	nan	nan
13.000000000000000	nan	nan	nan
13.000000000000000	nan	nan	nan
13.000000000000000	nan	nan	nan
13.000000000000000	nan	nan	nan
13.000000000000000	nan	nan	nan
13.000000000000000	nan	nan	nan
13.000000000000000	nan	nan	nan
13.000000000000000	nan	nan	nan
13.000000000000000	nan	nan	nan
13.000000000000000	nan	nan	nan
13.000000000000000	nan	nan	nan
13.000000000000000	nan	nan	nan
13.000000000000000	nan	nan	nan
13.000000000000000	nan	nan	nan
13.000000000000000	nan	nan	nan
13.000000000000000	nan	nan	nan
13.000000000000000	nan	nan	nan
13.000000000000000	nan	nan	nan
13.000000000000000	nan	nan	nan
13.000000000000000	nan	nan	nan
13.000000000000000	nan	nan	nan
13.000000000000000	nan	nan	nan
13.000000000000000	nan	nan	nan
13.000000000000000	nan	nan	nan
13.000000000000000	nan	nan	nan
13.000000000000000	nan	nan	nan
13.000000000000000	nan	nan	nan
13.000000000000000	nan	nan	nan
13.000000000000000	nan	nan	nan
13.000000000000000	nan	nan	nan
13.000000000000000	nan	nan	nan
13.000000000000000	nan	nan	nan
13.000000000000000	nan	nan	nan
13.000000000000000	nan	nan	nan
13.000000000000000	nan	nan	nan


14.000000000000000	nan	nan	nan
14.000000000000000	nan	nan	nan
14.000000000000000	nan	nan	nan
14.000000000000000	nan	nan	nan
14.000000000000000	nan	nan	nan
14.000000000000000	nan	nan	nan
14.000000000000000	nan	nan	nan
14.000000000000000	nan	nan	nan
14.000000000000000	nan	nan	nan
14.000000000000000	nan	nan	nan
14.000000000000000	nan	nan	nan
14.000000000000000	nan	nan	nan
14.000000000000000	nan	nan	nan
14.000000000000000	nan	nan	nan
14.000000000000000	nan	nan	nan
14.000000000000000	nan	nan	nan
14.000000000000000	nan	nan	nan
14.000000000000000	nan	nan	nan
14.000000000000000	nan	nan	nan
14.000000000000000	nan	nan	nan
14.000000000000000	nan	nan	nan
14.000000000000000	nan	nan	nan
14.000000000000000	nan	nan	nan
14.000000000000000	nan	nan	nan
14.000000000000000	nan	nan	nan
14.000000000000000	nan	nan	nan
14.000000000000000	nan	nan	nan
14.000000000000000	nan	nan	nan
14.000000000000000	nan	nan	nan
14.000000000000000	nan	nan	nan
14.000000000000000	nan	nan	nan
14.000000000000000	nan	nan	nan
14.000000000000000	nan	nan	nan
14.000000000000000	nan	nan	nan
14.000000000000000	nan	nan	nan
14.000000000000000	nan	nan	nan
14.000000000000000	nan	nan	nan
14.000000000000000	nan	nan	nan
14.000000000000000	nan	nan	nan
14.000000000000000	nan	nan	nan
14.000000000000000	nan	nan	nan
14.000000000000000	nan	nan	nan
14.000000000000000	nan	nan	nan
14.000000000000000	nan	nan	nan
14.000000000000000	nan	nan	nan
14.000000000000000	nan	nan	nan
14.000000000000000	nan	nan	nan
14.000000000000000	nan	nan	nan
14.000000000000000	nan	nan	nan
14.000000000000000	nan	nan	nan
14.000000000000000	nan	nan	nan
14.000000000000000	nan	nan	nan
14.000000000000000	nan	nan	nan
14.000000000000000	nan	nan	nan
14.000000000000000	nan	nan	nan
14.000000000000000	nan	nan	nan
14.000000000000000	nan	nan	nan
14.000000000000000	nan	nan	nan
14.000000000000000	nan	nan	nan
14.000000000000000	nan	nan	nan
14.000000000000000	nan	nan	nan
14.000000000000000	nan	nan	nan
14.000000000000000	nan	nan	nan
14.000000000000000	nan	nan	nan
14.000000000000000	nan	nan	nan
14.000000000000000	nan	nan	nan
14.000000000000000	nan	nan	nan
14.000000000000000	nan	nan	nan
14.000000000000000	nan	nan	nan
14.000000000000000	nan	nan	nan
14.000000000000000	nan	nan	nan
14.000000000000000	nan	nan	nan
14.000000000000000	nan	nan	nan
14.000000000000000	nan	nan	nan
14.000000000000000	nan	nan	nan
14.000000000000000	nan	nan	nan
14.000000000000000	nan	nan	nan
14.000000000000000	nan	nan	nan
14.000000000000000	nan	nan	nan
14.000000000000000	nan	nan	nan
14.000000000000000	nan	nan	nan
14.000000000000000	nan	nan	nan
14.000000000000000	nan	nan	nan
14.000000000000000	nan	nan	nan
14.000000000000000	nan	nan	nan
14.000000000000000	nan	nan	nan
14.000000000000000	nan	nan	nan
14.000000000000000	nan	nan	nan
14.000000000000000	nan	nan	nan
14.000000000000000	nan	nan	nan
14.000000000000000	nan	nan	nan
14.000000000000000	nan	nan	nan
14.000000000000000	nan	nan	nan
14.000000000000000	nan	nan	nan
14.000000000000000	nan	nan	nan
14.000000000000000	nan	nan	nan
14.000000000000000	nan	nan	nan
14.000000000000000	nan	nan	nan
14.000000000000000	nan	nan	nan
14.000000000000000	nan	nan	nan


15.000000000000000	nan	nan	nan
15.000000000000000	nan	nan	nan
15.000000000000000	nan	nan	nan
15.000000000000000	nan	nan	nan
15.000000000000000	nan	nan	nan
15.000000000000000	nan	nan	nan
15.000000000000000	nan	nan	nan
15.000000000000000	nan	nan	nan
15.000000000000000	nan	nan	nan
15.000000000000000	nan	nan	nan
15.000000000000000	nan	nan	nan
15.000000000000000	nan	nan	nan
15.000000000000000	nan	nan	nan
15.000000000000000	nan	nan	nan
15.000000000000000	nan	nan	nan
15.000000000000000	nan	nan	nan
15.000000000000000	nan	nan	nan
15.000000000000000	nan	nan	nan
15.000000000000000	nan	nan	nan
15.000000000000000	nan	nan	nan
15.000000000000000	nan	nan	nan
15.000000000000000	nan	nan	nan
15.000000000000000	nan	nan	nan
15.000000000000000	nan	nan	nan
15.000000000000000	nan	nan	nan
15.000000000000000	nan	nan	nan
15.000000000000000	nan	nan	nan
15.000000000000000	nan	nan	nan
15.000000000000000	nan	nan	nan
15.000000000000000	nan	nan	nan
15.000000000000000	nan	nan	nan
15.000000000000000	nan	nan	nan
15.000000000000000	nan	nan	nan
15.000000000000000	nan	nan	nan
15.000000000000000	nan	nan	nan
15.000000000000000	nan	nan	nan
15.000000000000000	nan	nan	nan
15.000000000000000	nan	nan	nan
15.000000000000000	nan	nan	nan
15.000000000000000	nan	nan	nan
15.000000000000000	nan	nan	nan
15.000000000000000	nan	nan	nan
15.000000000000000	nan	nan	nan
15.000000000000000	nan	nan	nan
15.000000000000000	nan	nan	nan
15.000000000000000	nan	nan	nan
15.000000000000000	nan	nan	nan
15.000000000000000	nan	nan	nan
15.000000000000000	nan	nan	nan
15.000000000000000	nan	nan	nan
15.000000000000000	nan	nan	nan
15.000000000000000	nan	nan	nan
15.000000000000000	nan	nan	nan
15.000000000000000	nan	nan	nan
15.000000000000000	nan	nan	nan
15.000000000000000	nan	nan	nan
15.000000000000000	nan	nan	nan
15.000000000000000	nan	nan	nan
15.000000000000000	nan	nan	nan
15.000000000000000	nan	nan	nan
15.000000000000000	nan	nan	nan
15.000000000000000	nan	nan	nan
15.000000000000000	nan	nan	nan
15.000000000000000	nan	nan	nan
15.000000000000000	nan	nan	nan
15.000000000000000	nan	nan	nan
15.000000000000000	nan	nan	nan
15.000000000000000	nan	nan	nan
15.000000000000000	nan	nan	nan
15.000000000000000	nan	nan	nan
15.000000000000000	nan	nan	nan
15.000000000000000	nan	nan	nan
15.000000000000000	nan	nan	nan
15.000000000000000	nan	nan	nan
15.000000000000000	nan	nan	nan
15.000000000000000	nan	nan	nan
15.000000000000000	nan	nan	nan
15.000000000000000	nan	nan	nan
15.000000000000000	nan	nan	nan
15.000000000000000	nan	nan	nan
15.000000000000000	nan	nan	nan
15.000000000000000	nan	nan	nan
15.000000000000000	nan	nan	nan
15.000000000000000	nan	nan	nan
15.000000000000000	nan	nan	nan
15.000000000000000	nan	nan	nan
15.000000000000000	nan	nan	nan
15.000000000000000	nan	nan	nan
15.000000000000000	nan	nan	nan
15.000000000000000	nan	nan	nan
15.000000000000000	nan	nan	nan
15.000000000000000	nan	nan	nan
15.000000000000000	nan	nan	nan
15.000000000000000	nan	nan	nan
15.000000000000000	nan	nan	nan
15.000000000000000	nan	nan	nan
15.000000000000000	nan	nan	nan
15.000000000000000	nan	nan	nan
15.000000000000000	nan	nan	nan
15.000000000000000	nan	nan	nan


16.000000000000000	nan	nan	nan
16.000000000000000	nan	nan	nan
16.000000000000000	nan	nan	nan
16.000000000000000	nan	nan	nan
16.000000000000000	nan	nan	nan
16.000000000000000	nan	nan	nan
16.000000000000000	nan	nan	nan
16.000000000000000	nan	nan	nan
16.000000000000000	nan	nan	nan
16.000000000000000	nan	nan	nan
16.000000000000000	nan	nan	nan
16.000000000000000	nan	nan	nan
16.000000000000000	nan	nan	nan
16.000000000000000	nan	nan	nan
16.000000000000000	nan	nan	nan
16.000000000000000	nan	nan	nan
16.000000000000000	nan	nan	nan
16.000000000000000	nan	nan	nan
16.000000000000000	nan	nan	nan
16.000000000000000	nan	nan	nan
16.000000000000000	nan	nan	nan
16.000000000000000	nan	nan	nan
16.000000000000000	nan	nan	nan
16.000000000000000	nan	nan	nan
16.000000000000000	nan	nan	nan
16.000000000000000	nan	nan	nan
16.000000000000000	nan	nan	nan
16.000000000000000	nan	nan	nan
16.000000000000000	nan	nan	nan
16.000000000000000	nan	nan	nan
16.000000000000000	nan	nan	nan
16.000000000000000	nan	nan	nan
16.000000000000000	nan	nan	nan
16.000000000000000	nan	nan	nan
16.000000000000000	nan	nan	nan
16.000000000000000	nan	nan	nan
16.000000000000000	nan	nan	nan
16.000000000000000	nan	nan	nan
16.000000000000000	nan	nan	nan
16.000000000000000	nan	nan	nan
16.000000000000000	nan	nan	nan
16.000000000000000	nan	nan	nan
16.000000000000000	nan	nan	nan
16.000000000000000	nan	nan	nan
16.000000000000000	nan	nan	nan
16.000000000000000	nan	nan	nan
16.000000000000000	nan	nan	nan
16.000000000000000	nan	nan	nan
16.000000000000000	nan	nan	nan
16.000000000000000	nan	nan	nan
16.000000000000000	nan	nan	nan
16.000000000000000	nan	nan	nan
16.000000000000000	nan	nan	nan
16.000000000000000	nan	nan	nan
16.000000000000000	nan	nan	nan
16.000000000000000	nan	nan	nan
16.000000000000000	nan	nan	nan
16.000000000000000	nan	nan	nan
16.000000000000000	nan	nan	nan
16.000000000000000	nan	nan	nan
16.000000000000000	nan	nan	nan
16.000000000000000	nan	nan	nan
16.000000000000000	nan	nan	nan
16.000000000000000	nan	nan	nan
16.000000000000000	nan	nan	nan
16.000000000000000	nan	nan	nan
16.000000000000000	nan	nan	nan
16.000000000000000	nan	nan	nan
16.000000000000000	nan	nan	nan
16.000000000000000	nan	nan	nan
16.000000000000000	nan	nan	nan
16.000000000000000	nan	nan	nan
16.000000000000000	nan	nan	nan
16.000000000000000	nan	nan	nan
16.000000000000000	nan	nan	nan
16.000000000000000	nan	nan	nan
16.000000000000000	nan	nan	nan
16.000000000000000	nan	nan	nan
16.000000000000000	nan	nan	nan
16.000000000000000	nan	nan	nan
16.000000000000000	nan	nan	nan
16.000000000000000	nan	nan	nan
16.000000000000000	nan	nan	nan
16.000000000000000	nan	nan	nan
16.000000000000000	nan	nan	nan
16.000000000000000	nan	nan	nan
16.000000000000000	nan	nan	nan
16.000000000000000	nan	nan	nan
16.000000000000000	nan	nan	nan
16.000000000000000	nan	nan	nan
16.000000000000000	nan	nan	nan
16.000000000000000	nan	nan	nan
16.000000000000000	nan	nan	nan
16.000000000000000	nan	nan	nan
16.000000000000000	nan	nan	nan
16.000000000000000	nan	nan	nan
16.000000000000000	nan	nan	nan
16.000000000000000	nan	nan	nan
16.000000000000000	nan	nan	nan
16.000000000000000	nan	nan	nan


17.000000000000000	nan	nan	nan
17.000000000000000	nan	nan	nan
17.000000000000000	nan	nan	nan
17.000000000000000	nan	nan	nan
17.000000000000000	nan	nan	nan
17.000000000000000	nan	nan	nan
17.000000000000000	nan	nan	nan
17.000000000000000	nan	nan	nan
17.000000000000000	nan	nan	nan
17.000000000000000	nan	nan	nan
17.000000000000000	nan	nan	nan
17.000000000000000	nan	nan	nan
17.000000000000000	nan	nan	nan
17.000000000000000	nan	nan	nan
17.000000000000000	nan	nan	nan
17.000000000000000	nan	nan	nan
17.000000000000000	nan	nan	nan
17.000000000000000	nan	nan	nan
17.000000000000000	nan	nan	nan
17.000000000000000	nan	nan	nan
17.000000000000000	nan	nan	nan
17.000000000000000	nan	nan	nan
17.000000000000000	nan	nan	nan
17.000000000000000	nan	nan	nan
17.000000000000000	nan	nan	nan
17.000000000000000	nan	nan	nan
17.000000000000000	nan	nan	nan
17.000000000000000	nan	nan	nan
17.000000000000000	nan	nan	nan
17.000000000000000	nan	nan	nan
17.000000000000000	nan	nan	nan
17.000000000000000	nan	nan	nan
17.000000000000000	nan	nan	nan
17.000000000000000	nan	nan	nan
17.000000000000000	nan	nan	nan
17.000000000000000	nan	nan	nan
17.000000000000000	nan	nan	nan
17.000000000000000	nan	nan	nan
17.000000000000000	nan	nan	nan
17.000000000000000	nan	nan	nan
17.000000000000000	nan	nan	nan
17.000000000000000	nan	nan	nan
17.000000000000000	nan	nan	nan
17.000000000000000	nan	nan	nan
17.000000000000000	nan	nan	nan
17.000000000000000	nan	nan	nan
17.000000000000000	nan	nan	nan
17.000000000000000	nan	nan	nan
17.000000000000000	nan	nan	nan
17.000000000000000	nan	nan	nan
17.000000000000000	nan	nan	nan
17.000000000000000	nan	nan	nan
17.000000000000000	nan	nan	nan
17.000000000000000	nan	nan	nan
17.000000000000000	nan	nan	nan
17.000000000000000	nan	nan	nan
17.000000000000000	nan	nan	nan
17.000000000000000	nan	nan	nan
17.000000000000000	nan	nan	nan
17.000000000000000	nan	nan	nan
17.000000000000000	nan	nan	nan
17.000000000000000	nan	nan	nan
17.000000000000000	nan	nan	nan
17.000000000000000	nan	nan	nan
17.000000000000000	nan	nan	nan
17.000000000000000	nan	nan	nan
17.000000000000000	nan	nan	nan
17.000000000000000	nan	nan	nan
17.000000000000000	nan	nan	nan
17.000000000000000	nan	nan	nan
17.000000000000000	nan	nan	nan
17.000000000000000	nan	nan	nan
17.000000000000000	nan	nan	nan
17.000000000000000	nan	nan	nan
17.000000000000000	nan	nan	nan
17.000000000000000	nan	nan	nan
17.000000000000000	nan	nan	nan
17.000000000000000	nan	nan	nan
17.000000000000000	nan	nan	nan
17.000000000000000	nan	nan	nan
17.000000000000000	nan	nan	nan
17.000000000000000	nan	nan	nan
17.000000000000000	nan	nan	nan
17.000000000000000	nan	nan	nan
17.000000000000000	nan	nan	nan
17.000000000000000	nan	nan	nan
17.000000000000000	nan	nan	nan
17.000000000000000	nan	nan	nan
17.000000000000000	nan	nan	nan
17.000000000000000	nan	nan	nan
17.000000000000000	nan	nan	nan
17.000000000000000	nan	nan	nan
17.000000000000000	nan	nan	nan
17.000000000000000	nan	nan	nan
17.000000000000000	nan	nan	nan
17.000000000000000	nan	nan	nan
17.000000000000000	nan	nan	nan
17.000000000000000	nan	nan	nan
17.000000000000000	nan	nan	nan
17.000000000000000	nan	nan	nan


18.000000000000000	-1.202560395733369	0.343987908594900	-0.162140733764331
18.000000000000000	-1.225548045147968	0.258258338364026	-0.151321718293466
18.000000000000000	-1.243000052628246	0.171316998503356	-0.139812379059499
18.000000000000000	-1.254846145099660	0.083513971103102	-0.127659060109376
18.000000000000000	-1.261038622528829	-0.004797192034925	-0.114910698569071
18.000000000000000	-1.261552549994743	-0.093260893025642	-0.101618627591052
18.000000000000000	-1.256385858092885	-0.181520919767873	-0.087836369653793
18.000000000000000	-1.245559351267992	-0.269221880284754	-0.073619421045646
18.000000000000000	-1.229116624041899	-0.356010633761789	-0.059025028400872
18.000000000000000	-1.207123885473788	-0.441537712520277	-0.044111958187652
18.000000000000000	-1.179669692559673	-0.525458729200307	-0.028940260076260
18.000000000000000	-1.146864593644632	-0.607435763487108	-0.013571025140234
18.000000000000000	-1.108840683283640	-0.687138722796891	0.001933860135815
18.000000000000000	-1.065751070343421	-0.764246671443178	0.017511963051233
18.000000000000000	-1.017769261487072	-0.838449122931540	0.033100556083773
18.000000000000000	-0.965088462523980	-0.909447290179128	0.048636869471191
18.000000000000000	-0.907920800438207	-0.976955288624794	0.064058343962920
18.000000000000000	-0.846496469228003	-1.040701287385327	0.079302882724095
18.000000000000000	-0.781062802995817	-1.100428603822470	0.094309101377590
18.000000000000000	-0.711883280021162	-1.155896737113316	0.109016575177239
18.000000000000000	-0.639236461826573	-1.206882336662234	0.123366082316961
18.000000000000000	-0.563414871508681	-1.253180101454890	0.137299842396075
18.000000000000000	-0.484723815850935	-1.294603606732972	0.150761749080575
18.000000000000000	-0.403480155960954	-1.330986054660893	0.163697596023540
18.000000000000000	-0.320011031382669	-1.362180945961806	0.176055295134956
18.000000000000000	-0.234652542820851	-1.388062669818484	0.187785086322074
18.000000000000000	-0.147748398782191	-1.408527009663749	0.198839737855741
18.000000000000000	-0.059648531582456	-1.423491562823807	0.209174736555901
18.000000000000000	0.029292311707438	-1.432896072324727	0.218748467030463
18.000000000000000	0.118715997702681	-1.436702669526011	0.227522379245792
18.000000000000000	0.208262448781301	-1.434896026604246	0.235461143754096
18.000000000000000	0.297571092989668	-1.427483418272834	0.242532793952638
18.000000000000000	0.386282315938483	-1.414494692489292	0.248708854801962
18.000000000000000	0.474038908843006	-1.395982150268059	0.253964457484831
18.000000000000000	0.560487506876752	-1.372020335082775	0.258278439544173
18.000000000000000	0.645280012046934	-1.342705732706017	0.261633430096828
18.000000000000000	0.728074994862217	-1.308156382695151	0.264015919779964
18.000000000000000	0.808539069148777	-1.268511403088691	0.265416315148511
18.000000000000000	0.886348234478757	-1.223930430227066	0.265828977304582
18.000000000000000	0.961189180805633	-1.174592975953411	0.265252244603319
18.000000000000000	1.032760550053190	-1.120697704782741	0.263688439343758
18.000000000000000	1.100774149578140	-1.062461633950059	0.261143858417742
18.000000000000000	1.164956112620170	-1.000119259558550	0.257628747954568
18.000000000000000	1.225048001066736	-0.933921612346536	0.253157262063433
18.000000000000000	1.280807846092118	-0.864135246875293	0.247747405839839
18.000000000000000	1.332011122480492	-0.791041168207910	0.241420962865422
18.000000000000000	1.378451652709716	-0.714933700401082	0.234203407493163
18.000000000000000	1.419942437155456	-0.636119301366010	0.226123802271153
18.000000000000000	1.456316407072661	-0.554915328870558	0.217214680917976
18.000000000000000	1.487427097322440	-0.471648762651528	0.207511917320903
18.000000000000000	1.513149236135483	-0.386654887782669	0.197054581084407
18.000000000000000	1.533379249537257	-0.300275944600019	0.185884780210664
18.000000000000000	1.548035678403851	-0.212859750620865	0.174047491545478
18.000000000000000	1.557059506469114	-0.124758300005361	0.161590379672408
18.000000000000000	1.560414397962332	-0.036326346200275	0.148563604984306
18.000000000000000	1.558086843919549	0.052080026527924	0.135019621705123
18.000000000000000	1.550086216579400	0.140104836918740	0.121012966675259
18.000000000000000	1.536444731644412	0.227393640128536	0.106600039750958
18.000000000000000	1.517217318559740	0.313594954954826	0.091838876701991
18.000000000000000	1.492481399331683	0.398361679127022	0.076788915522097
18.000000000000000	1.462336576776582	0.481352486964769	0.061510757093155
18.000000000000000	1.426904233455439	0.562233203775993	0.046065921166830
18.000000000000000	1.386327042909184	0.640678151460440	0.030516598646237
18.000000000000000	1.340768395162681	0.716371459900441	0.014925401165131
18.000000000000000	1.290411738810762	0.789008338858389	-0.000644891027048
18.000000000000000	1.235459842335490	0.858296305259455	-0.016131581859080
18.000000000000000	1.176133977629040	0.923956360917696	-0.031472311892915
18.000000000000000	1.112673029009894	0.985724115963286	-0.046605309423121
18.000000000000000	1.045332531319991	1.043350853447198	-0.061469639209743
18.000000000000000	0.974383640976121	1.096604530836585	-0.076005447843002
18.000000000000000	0.900112044118729	1.145270714368153	-0.090154204751855
18.000000000000000	0.822816806254664	1.189153442497245	-0.103858937885944
18.000000000000000	0.742809168025931	1.228076014965821	-0.117064463121941
18.000000000000000	0.660411291953480	1.261881704312031	-0.129717606470527
18.000000000000000	0.575954965202437	1.290434386956385	-0.141767418189285
18.000000000000000	0.489780263592296	1.313619091323363	-0.153165377939330
18.000000000000000	0.402234182231616	1.331342460791379	-0.163865590159587
18.000000000000000	0.313669238291192	1.343533129606937	-0.173824968872019
18.000000000000000	0.224442051541827	1.350142010249338	-0.183003411173652
18.000000000000000	0.134911908372383	1.351142491088796	-0.191363958716810
18.000000000000000	0.045439315070295	1.346530543542087	-0.198872946527341
18.000000000000000	-0.043615453810003	1.336324738294222	-0.205500138561582
18.000000000000000	-0.131893806145555	1.320566170520859	-0.211218849456237
18.000000000000000	-0.219040276168801	1.299318294412533	-0.216006051980916
18.000000000000000	-0.304703955802761	1.272666667667027	-0.219842469760667
18.000000000000000	-0.388539907644011	1.240718606978718	-0.222712654895131
18.000000000000000	-0.470210553903863	1.203602755912131	-0.224605050161783
18.000000000000000	-0.549387035714973	1.161468566899702	-0.225512035552795
18.000000000000000	-0.625750537329935	1.114485699449585	-0.225429958958113
18.000000000000000	-0.698993569879768	1.062843336986690	-0.224359150871213
18.000000000000000	-0.768821209523064	1.006749425077806	-0.222303923058328
18.000000000000000	-0.834952285000211	0.946429834108194	-0.219272551196480
18.000000000000000	-0.897120509810814	0.882127449781264	-0.215277241550252
18.000000000000000	-0.955075554455447	0.814101195103574	-0.210334081821471
18.000000000000000	-1.008584054424199	0.742624987793270	-0.204462976369707
18.000000000000000	-1.057430549873186	0.667986637310107	-0.197687566064443
18.000000000000000	-1.101418353205303	0.590486685948341	-0.190035133091642
18.000000000000000	-1.140370341061751	0.510437198658981	-0.181536491098004
18.000000000000000	-1.174129667535295	0.428160506474374	-0.172225861115297
18.000000000000000	-1.202560395733369	0.343987908594900	-0.162140733764331


19.000000000000000	nan	nan	nan
19.000000000000000	nan	nan	nan
19.000000000000000	nan	nan	nan
19.000000000000000	nan	nan	nan
19.000000000000000	nan	nan	nan
19.000000000000000	nan	nan	nan
19.000000000000000	nan	nan	nan
19.000000000000000	nan	nan	nan
19.000000000000000	nan	nan	nan
19.000000000000000	nan	nan	nan
19.000000000000000	nan	nan	nan
19.000000000000000	nan	nan	nan
19.000000000000000	nan	nan	nan
19.000000000000000	nan	nan	nan
19.000000000000000	nan	nan	nan
19.000000000000000	nan	nan	nan
19.000000000000000	nan	nan	nan
19.000000000000000	nan	nan	nan
19.000000000000000	nan	nan	nan
19.000000000000000	nan	nan	nan
19.000000000000000	nan	nan	nan
19.000000000000000	nan	nan	nan
19.000000000000000	nan	nan	nan
19.000000000000000	nan	nan	nan
19.000000000000000	nan	nan	nan
19.000000000000000	nan	nan	nan
19.000000000000000	nan	nan	nan
19.000000000000000	nan	nan	nan
19.000000000000000	nan	nan	nan
19.000000000000000	nan	nan	nan
19.000000000000000	nan	nan	nan
19.000000000000000	nan	nan	nan
19.000000000000000	nan	nan	nan
19.000000000000000	nan	nan	nan
19.000000000000000	nan	nan	nan
19.000000000000000	nan	nan	nan
19.000000000000000	nan	nan	nan
19.000000000000000	nan	nan	nan
19.000000000000000	nan	nan	nan
19.000000000000000	nan	nan	nan
19.000000000000000	nan	nan	nan
19.000000000000000	nan	nan	nan
19.000000000000000	nan	nan	nan
19.000000000000000	nan	nan	nan
19.000000000000000	nan	nan	nan
19.000000000000000	nan	nan	nan
19.000000000000000	nan	nan	nan
19.000000000000000	nan	nan	nan
19.000000000000000	nan	nan	nan
19.000000000000000	nan	nan	nan
19.000000000000000	nan	nan	nan
19.000000000000000	nan	nan	nan
19.000000000000000	nan	nan	nan
19.000000000000000	nan	nan	nan
19.000000000000000	nan	nan	nan
19.000000000000000	nan	nan	nan
19.000000000000000	nan	nan	nan
19.000000000000000	nan	nan	nan
19.000000000000000	nan	nan	nan
19.000000000000000	nan	nan	nan
19.000000000000000	nan	nan	nan
19.000000000000000	nan	nan	nan
19.000000000000000	nan	nan	nan
19.000000000000000	nan	nan	nan
19.000000000000000	nan	nan	nan
19.000000000000000	nan	nan	nan
19.000000000000000	nan	nan	nan
19.000000000000000	nan	nan	nan
19.000000000000000	nan	nan	nan
19.000000000000000	nan	nan	nan
19.000000000000000	nan	nan	nan
19.000000000000000	nan	nan	nan
19.000000000000000	nan	nan	nan
19.000000000000000	nan	nan	nan
19.000000000000000	nan	nan	nan
19.000000000000000	nan	nan	nan
19.000000000000000	nan	nan	nan
19.000000000000000	nan	nan	nan
19.000000000000000	nan	nan	nan
19.000000000000000	nan	nan	nan
19.000000000000000	nan	nan	nan
19.000000000000000	nan	nan	nan
19.000000000000000	nan	nan	nan
19.000000000000000	nan	nan	nan
19.000000000000000	nan	nan	nan
19.000000000000000	nan	nan	nan
19.000000000000000	nan	nan	nan
19.000000000000000	nan	nan	nan
19.000000000000000	nan	nan	nan
19.000000000000000	nan	nan	nan
19.000000000000000	nan	nan	nan
19.000000000000000	nan	nan	nan
19.000000000000000	nan	nan	nan
19.000000000000000	nan	nan	nan
19.000000000000000	nan	nan	nan
19.000000000000000	nan	nan	nan
19.000000000000000	nan	nan	nan
19.000000000000000	nan	nan	nan
19.000000000000000	nan	nan	nan
19.000000000000000	nan	nan	nan


20.000000000000000	-1.628353124801181	0.860653191698152	-0.033901380119419
20.000000000000000	-1.684836325106423	0.742608608800722	-0.076968866698582
20.000000000000000	-1.733260035307975	0.620899780407269	-0.119699876865506
20.000000000000000	-1.773429270215702	0.496016785013361	-0.161922347923891
20.000000000000000	-1.805182282498111	0.368462482364775	-0.203466264884944
20.000000000000000	-1.828391213981770	0.238750488618781	-0.244164345057729
20.000000000000000	-1.842962610491041	0.107403108193152	-0.283852711637525
20.000000000000000	-1.848837798155065	-0.025050769369376	-0.322371553579875
20.000000000000000	-1.845993119666729	-0.158077799052629	-0.359565769103264
20.000000000000000	-1.834440029542296	-0.291142327959135	-0.395285590229245
20.000000000000000	-1.814225047998104	-0.423708552195282	-0.429387185845232
20.000000000000000	-1.785429573630081	-0.555242674364496	-0.461733240861626
20.000000000000000	-1.748169555650323	-0.685215052980950	-0.492193509131214
20.000000000000000	-1.702595027000544	-0.813102335148895	-0.520645337904436
20.000000000000000	-1.648889500222369	-0.938389563920061	-0.546974161708718
20.000000000000000	-1.587269228517105	-1.060572251843534	-0.571073963663194
20.000000000000000	-1.517982334970417	-1.179158412358663	-0.592847702371269
20.000000000000000	-1.441307813448240	-1.293670540851302	-0.612207702672071
20.000000000000000	-1.357554405186950	-1.403647537396352	-0.629076008677380
20.000000000000000	-1.267059355601371	-1.508646563444421	-0.643384697672476
20.000000000000000	-1.170187056316521	-1.608244824976367	-0.655076153616939
20.000000000000000	-1.067327577891144	-1.702041274945586	-0.664103299144106
20.000000000000000	-0.958895099141249	-1.789658228152924	-0.670429785125014
20.000000000000000	-0.845326239388193	-1.870742882051673	-0.674030137033513
20.000000000000000	-0.727078300346780	-1.944968737358907	-0.674889857523188
20.000000000000000	-0.604627424732658	-2.012036912752856	-0.673005484803060
20.000000000000000	-0.478466679003650	-2.071677348362503	-0.668384606576996
20.000000000000000	-0.349104067955158	-2.123649893203368	-0.661045829490702
20.000000000000000	-0.217060489164148	-2.167745272180764	-0.651018704209329
20.000000000000000	-0.082867635518451	-2.203785928766737	-0.638343606427374
20.000000000000000	0.052934145722832	-2.231626739957540	-0.623071574290007
20.000000000000000	0.189798028717035	-2.251155600632750	-0.605264102880477
20.000000000000000	0.327172910912595	-2.262293874963017	-0.584992896601115
20.000000000000000	0.464505632144520	-2.264996713048797	-0.562339580445011
20.000000000000000	0.601243202015136	-2.259253231515069	-0.537395371320980
20.000000000000000	0.736835026591248	-2.245086557334843	-0.510260710755260
20.000000000000000	0.870735125451577	-2.222553734705004	-0.481044860448941
20.000000000000000	1.002404330157219	-2.191745495349462	-0.449865462319653
20.000000000000000	1.131312455292648	-2.152785893174526	-0.416848064799089
20.000000000000000	1.256940433335265	-2.105831804747606	-0.382125617293779
20.000000000000000	1.378782404757103	-2.051072297610645	-0.345837934844757
20.000000000000000	1.496347754942612	-1.988727868971854	-0.308131135141732
20.000000000000000	1.609163089720552	-1.919049557841287	-0.269157050158730
20.000000000000000	1.716774141555242	-1.842317934185339	-0.229072614780315
20.000000000000000	1.818747598721594	-1.758841969170526	-0.188039234880205
20.000000000000000	1.914672850098495	-1.668957791045638	-0.146222137396782
20.000000000000000	2.004163638554870	-1.573027331671927	-0.103789705022529
20.000000000000000	2.086859616270821	-1.471436869151229	-0.060912798186353
20.000000000000000	2.162427795731117	-1.364595472420397	-0.017764067058946
20.000000000000000	2.230563890548389	-1.252933354075061	0.025482743648517
20.000000000000000	2.290993540717017	-1.136900138055347	0.068653494293009
20.000000000000000	2.343473417364041	-1.016963049168967	0.111574351498533
20.000000000000000	2.387792202548650	-0.893605031741818	0.154072488121771
20.000000000000000	2.423771440164944	-0.767322804971636	0.195976779165993
20.000000000000000	2.451266254521688	-0.638624862815098	0.237118490841024
20.000000000000000	2.470165933705593	-0.508029426462134	0.277331959994658
20.000000000000000	2.480394375379110	-0.376062357642089	0.316455261179708
20.000000000000000	2.481910393217682	-0.243255041164149	0.354330858670626
20.000000000000000	2.474707882752543	-0.110142245218255	0.390806240804272
20.000000000000000	2.458815845951257	0.022740031947651	0.425734534090553
20.000000000000000	2.434298274437024	0.154856720303393	0.458975094620130
20.000000000000000	2.401253891817011	0.285675832574724	0.490394074387797
20.000000000000000	2.359815756157218	0.414670606368319	0.519864960251164
20.000000000000000	2.310150724204615	0.541321625258012	0.547269083354424
20.000000000000000	2.252458779513912	0.665118910291423	0.572496096965956
20.000000000000000	2.186972227184367	0.785563973495201	0.595444420805662
20.000000000000000	2.113954758449139	0.902171825110162	0.616021650072908
20.000000000000000	2.033700388883765	1.014472926473864	0.634144927528040
20.000000000000000	1.946532274509206	1.122015080687091	0.649741277129244
20.000000000000000	1.852801410556604	1.224365253451158	0.662747897881310
20.000000000000000	1.752885218133371	1.321111316744203	0.673112416713075
20.000000000000000	1.647186024481600	1.411863708315262	0.680793099365296
20.000000000000000	1.536129442948254	1.496257000313970	0.685759018439782
20.000000000000000	1.420162659190440	1.573951370739536	0.687990177933110
20.000000000000000	1.299752630516595	1.644633971784000	0.687477593753474
20.000000000000000	1.175384205614222	1.708020189559938	0.684223329896453
20.000000000000000	1.047558172235341	1.763854790140138	0.678240490134025
20.000000000000000	0.916789240700966	1.811912947294538	0.669553165250309
20.000000000000000	0.783603971344306	1.852001147786105	0.658196336036474
20.000000000000000	0.648538654238152	1.883957970580338	0.644215732435443
20.000000000000000	0.512137149744027	1.907654736830807	0.627667649403548
20.000000000000000	0.374948698578465	1.922996028023448	0.608618720230618
20.000000000000000	0.237525710214506	1.929920070193241	0.587145648231231
20.000000000000000	0.100421538523702	1.928398982666166	0.563334897887541
20.000000000000000	-0.035811746384613	1.918438890324835	0.537282346687326
20.000000000000000	-0.170625581154802	1.900079898945756	0.509092899059184
20.000000000000000	-0.303477118055945	1.873395933707519	0.478880063959424
20.000000000000000	-0.433831410838066	1.838494441520200	0.446765497811560
20.000000000000000	-0.561163568771866	1.795515958374574	0.412878514638834
20.000000000000000	-0.684960870198439	1.744633543453278	0.377355565362283
20.000000000000000	-0.804724827078423	1.686052082282572	0.340339688361040
20.000000000000000	-0.919973192227407	1.620007461730627	0.301979933507266
20.000000000000000	-1.030241901155128	1.546765620174369	0.262430761994921
20.000000000000000	-1.135086940689388	1.466621476659492	0.221851424379050
20.000000000000000	-1.234086136860385	1.379897743365556	0.180405319330010
20.000000000000000	-1.326840854846288	1.286943626157935	0.138259335684688
20.000000000000000	-1.412977604134970	1.188133418459044	0.095583180444060
20.000000000000000	-1.492149542438469	1.083864994100844	0.052548695422999
20.000000000000000	-1.564037872304484	0.974558205227332	0.009329165303931
20.000000000000000	-1.628353124801181	0.860653191698152	-0.033901380119419


21.000000000000000	-1.431697427881066	-0.553411984284298	0.130283220767269
21.000000000000000	-1.387479356691966	-0.655369004561363	0.140862590790989
21.000000000000000	-1.336797470754357	-0.754348116302449	0.150794957458445
21.000000000000000	-1.279855848135054	-0.849950765558636	0.160040326634633
21.000000000000000	-1.216883772651154	-0.941791994203727	0.168561470480976
21.000000000000000	-1.148134810625029	-1.029501990024759	0.176324077358690
21.000000000000000	-1.073885789862241	-1.112727575825258	0.183296889989642
21.000000000000000	-0.994435684963673	-1.191133631545155	0.189451831318378
21.000000000000000	-0.910104413460331	-1.264404443670996	0.194764117568515
21.000000000000000	-0.821231547618362	-1.332244976502827	0.199212358038263
21.000000000000000	-0.728174947101388	-1.394382060158828	0.202778641233228
21.000000000000000	-0.631309317995943	-1.450565490534012	0.205448606989681
21.000000000000000	-0.531024704002315	-1.500569036783849	0.207211504297870
21.000000000000000	-0.427724915866227	-1.544191352276032	0.208060234592537
21.000000000000000	-0.321825905375486	-1.581256785342299	0.207991380336341
21.000000000000000	-0.213754090468943	-1.611616086565705	0.207005218781069
21.000000000000000	-0.103944638201951	-1.635147009755349	0.205105720851244
21.000000000000000	0.007160287517771	-1.651754804188640	0.202300535154615
21.000000000000000	0.119113306368140	-1.661372596139012	0.198600957183908
21.000000000000000	0.231463623055369	-1.663961658152822	0.194021883833870
21.000000000000000	0.343758842507500	-1.659511564991131	0.188581753416724
21.000000000000000	0.455546791509698	-1.648040235608471	0.182302471417600
21.000000000000000	0.566377339446192	-1.629593860999531	0.175209322288876
21.000000000000000	0.675804210817392	-1.604246718204328	0.167330867638611
21.000000000000000	0.783386782233819	-1.572100871220782	0.158698831223029
21.000000000000000	0.888691856650978	-1.533285760029019	0.149347971206152
21.000000000000000	0.991295407700959	-1.487957679382258	0.139315940200941
21.000000000000000	1.090784287096970	-1.436299149462999	0.128643133655511
21.000000000000000	1.186757888235661	-1.378518180938670	0.117372527194920
21.000000000000000	1.278829759298532	-1.314847437376087	0.105549503573493
21.000000000000000	1.366629159357007	-1.245543298387384	0.093221669934493
21.000000000000000	1.449802551215301	-1.170884827279803	0.080438666112951
21.000000000000000	1.528015024979931	-1.091172647366254	0.067251964753575
21.000000000000000	1.600951646623651	-1.006727731461331	0.053714664048576
21.000000000000000	1.668318726113629	-0.917890109437076	0.039881273929986
21.000000000000000	1.729844999997550	-0.825017499042696	0.025807496577404
21.000000000000000	1.785282723685798	-0.728483865501440	0.011550002124977
21.000000000000000	1.834408669031480	-0.628677915684633	-0.002833799529230
21.000000000000000	1.877025023191384	-0.526001532926301	-0.017285989892626
21.000000000000000	1.912960185148486	-0.420868158780821	-0.031748375095431
21.000000000000000	1.942069456688676	-0.313701128239709	-0.046162720216841
21.000000000000000	1.964235625049398	-0.204931965111016	-0.060470983776504
21.000000000000000	1.979369434894072	-0.094998644425265	-0.074615551447080
21.000000000000000	1.987409947711841	0.015656171135424	-0.088539468046795
21.000000000000000	1.988324787195434	0.126586913683714	-0.102186666877862
21.000000000000000	1.982110269609138	0.237346904271681	-0.115502195487283
21.000000000000000	1.968791418621899	0.347490151509272	-0.128432436940979
21.000000000000000	1.948421864545836	0.456573147414236	-0.140925325720266
21.000000000000000	1.921083628385907	0.564156653262228	-0.152930557371315
21.000000000000000	1.886886791570267	0.669807468246123	-0.164399791063440
21.000000000000000	1.845969052691212	0.773100173822782	-0.175286844240558
21.000000000000000	1.798495173041548	0.873618846723361	-0.185547878582042
21.000000000000000	1.744656313179014	0.970958733729530	-0.195141576524166
21.000000000000000	1.684669263190185	1.064727881471822	-0.204029307631354
21.000000000000000	1.618775569753312	1.154548714687516	-0.212175284147306
21.000000000000000	1.547240563515097	1.240059556582953	-0.219546705099664
21.000000000000000	1.470352290697825	1.320916085178342	-0.226113888377951
21.000000000000000	1.388420353238895	1.396792719770835	-0.231850390252950
21.000000000000000	1.301774662133089	1.467383931933114	-0.236733111856274
21.000000000000000	1.210764108997431	1.532405475768531	-0.240742392191353
21.000000000000000	1.115755161207791	1.591595532469009	-0.243862087301327
21.000000000000000	1.017130386264103	1.644715764566976	-0.246079635275067
21.000000000000000	0.915286911326064	1.691552275636229	-0.247386106829550
21.000000000000000	0.810634824122232	1.731916471577347	-0.247776241264939
21.000000000000000	0.703595521671472	1.765645820019567	-0.247248467647557
21.000000000000000	0.594600013465900	1.792604504781274	-0.245804911135487
21.000000000000000	0.484087185947772	1.812683972753835	-0.243451384421309
21.000000000000000	0.372502035268694	1.825803371006645	-0.240197364326439
21.000000000000000	0.260293875447164	1.831909872353350	-0.236055953641313
21.000000000000000	0.147914529139614	1.830978888068280	-0.231043828365074
21.000000000000000	0.035816508310031	1.823014166896565	-0.225181170557211
21.000000000000000	-0.075548807875997	1.808047779959265	-0.218491587071528
21.000000000000000	-0.185732990595886	1.786139991614284	-0.211002014499676
21.000000000000000	-0.294292367034644	1.757379016793068	-0.202742610707002
21.000000000000000	-0.400789806898709	1.721880665790217	-0.193746633397476
21.000000000000000	-0.504796482585353	1.679787877936298	-0.184050306196647
21.000000000000000	-0.605893595920095	1.631270146031609	-0.173692672791897
21.000000000000000	-0.703674064509132	1.576522833858502	-0.162715439717283
21.000000000000000	-0.797744160916465	1.515766389520373	-0.151162808416051
21.000000000000000	-0.887725098065314	1.449245457774965	-0.139081297257023
21.000000000000000	-0.973254554479992	1.377227894936268	-0.126519554221540
21.000000000000000	-1.053988133226607	1.300003690311682	-0.113528161015218
21.000000000000000	-1.129600748677958	1.217883798517430	-0.100159429393268
21.000000000000000	-1.199787935518625	1.131198887374063	-0.086467190519521
21.000000000000000	-1.264267074719331	1.040298006423857	-0.072506578207331
21.000000000000000	-1.322778531544025	0.945547181431496	-0.058333806915168
21.000000000000000	-1.375086701007328	0.847327940527513	-0.044005945390834
21.000000000000000	-1.420980956572653	0.746035777929161	-0.029580686875759
21.000000000000000	-1.460276498270931	0.642078561424783	-0.015116116794677
21.000000000000000	-1.492815096824859	0.535874890034191	-0.000670478866125
21.000000000000000	-1.518465730782357	0.427852408458152	0.013698059424457
21.000000000000000	-1.537125114093708	0.318446085104110	0.027931641044657
21.000000000000000	-1.548718112008031	0.208096460621932	0.041972952384947
21.000000000000000	-1.553198043614402	0.097247874002194	0.055765454040352
21.000000000000000	-1.550546869809406	-0.013653326620101	0.069253608474682
21.000000000000000	-1.540775265934239	-0.124160581251937	0.082383103650592
21.000000000000000	-1.523922578788881	-0.233828916181760	0.095101071724981
21.000000000000000	-1.500056668196414	-0.342216735731559	0.107356301929141
21.000000000000000	-1.469273633755472	-0.448887600406815	0.119099446776447
21.000000000000000	-1.431697427881066	-0.553411984284298	0.130283220767269


