# n	x	y	z
1.000000000000000	0.450402959378736	0.024380075258480	-0.024650852879901
1.000000000000000	0.447783227968722	0.053733995747482	-0.026315626476594
1.000000000000000	0.443305706091236	0.082868586140827	-0.027871441173164
1.000000000000000	0.436988423146566	0.111666531725874	-0.029312032252943
1.000000000000000	0.428856816603484	0.140011873339807	-0.030631598964101
1.000000000000000	0.418943629571540	0.167790474296258	-0.031824827877224
1.000000000000000	0.407288778956113	0.194890479973460	-0.032886914280622
1.000000000000000	0.393939194727124	0.221202768213328	-0.033813581527206
1.000000000000000	0.378948630948613	0.246621388717880	-0.034601098255034
1.000000000000000	0.362377449330087	0.271043989673687	-0.035246293412194
1.000000000000000	0.344292376171231	0.294372229886504	-0.035746569025504
1.000000000000000	0.324766233678640	0.316512174766552	-0.036099910661639
1.000000000000000	0.303877646736502	0.337374674569955	-0.036304895538540
1.000000000000000	0.281710726311937	0.356875723373293	-0.036360698254457
1.000000000000000	0.258354730769818	0.374936797335809	-0.036267094111546
1.000000000000000	0.233903706460839	0.391485170887199	-0.036024460020655
1.000000000000000	0.208456109030057	0.406454209567818	-0.035633772983632
1.000000000000000	0.182114406970754	0.419783638342127	-0.035096606159284
1.000000000000000	0.154984669019983	0.431419784304991	-0.034415122528822
1.000000000000000	0.127176137057201	0.441315792803524	-0.033592066186302
1.000000000000000	0.098800786225772	0.449431816104235	-0.032630751289123
1.000000000000000	0.069972874048593	0.455735173845792	-0.031535048713084
1.000000000000000	0.040808480353369	0.460200484631302	-0.030309370465739
1.000000000000000	0.011425039860119	0.462809768230235	-0.028958651920793
1.000000000000000	-0.018059130686993	0.463552517978468	-0.027488331945100
1.000000000000000	-0.047525308939428	0.462425743084913	-0.025904330998262
1.000000000000000	-0.076854844997266	0.459433980674380	-0.024213027293028
1.000000000000000	-0.105929639170481	0.454589277518171	-0.022421231112484
1.000000000000000	-0.134632617524703	0.447911141525989	-0.020536157387446
1.000000000000000	-0.162848203296639	0.439426463194468	-0.018565396644480
1.000000000000000	-0.190462782280899	0.429169407328634	-0.016516884441529
1.000000000000000	-0.217365160314308	0.417181275472295	-0.014398869414225
1.000000000000000	-0.243447011015552	0.403510339601300	-0.012219880061544
1.000000000000000	-0.268603311977283	0.388211647749330	-0.009988690404547
1.000000000000000	-0.292732767654288	0.371346802348895	-0.007714284656499
1.000000000000000	-0.315738217244897	0.352983712180081	-0.005405821046611
1.000000000000000	-0.337527025923239	0.333196318925858	-0.003072594943080
1.000000000000000	-0.358011457846990	0.312064299435025	-0.000724001423929
1.000000000000000	-0.377109029438646	0.289672744891657	0.001630502553663
1.000000000000000	-0.394742841517776	0.266111818182940	0.003981436233185
1.000000000000000	-0.410841888946882	0.241476390845047	0.006319333234456
1.000000000000000	-0.425341346544025	0.215865661048949	0.008634779671400
1.000000000000000	-0.438182830110954	0.189382754164386	0.010918452058437
1.000000000000000	-0.449314631525668	0.162134307510405	0.013161154852873
1.000000000000000	-0.458691926952768	0.134230040964513	0.015353857482101
1.000000000000000	-0.466276957333229	0.105782315159453	0.017487730706535
1.000000000000000	-0.472039180426797	0.076905679046594	0.019554182171838
1.000000000000000	-0.475955393794816	0.047716408647734	0.021544891007299
1.000000000000000	-0.478009828228254	0.018332038852598	0.023451841331047
1.000000000000000	-0.478194211244749	-0.011129109852678	0.025267354527174
1.000000000000000	-0.476507800398971	-0.040548407820389	0.026984120164814
1.000000000000000	-0.472957386272185	-0.069807393920975	0.028595225434665
1.000000000000000	-0.467557265128986	-0.098788252544187	0.030094182984435
1.000000000000000	-0.460329181351278	-0.127374288000962	0.031474957041120
1.000000000000000	-0.451302239881325	-0.155450394415779	0.032731987714927
1.000000000000000	-0.440512789026425	-0.182903519217392	0.033860213386996
1.000000000000000	-0.428004274097101	-0.209623118361634	0.034855091090745
1.000000000000000	-0.413827062468171	-0.235501601453268	0.035712614804796
1.000000000000000	-0.398038240767107	-0.260434764974534	0.036429331583812
1.000000000000000	-0.380701385006332	-0.284322211875934	0.037002355462283
1.000000000000000	-0.361886304585059	-0.307067755839725	0.037429379075296
1.000000000000000	-0.341668761191480	-0.328579808588259	0.037708682949477
1.000000000000000	-0.320130163737185	-0.348771748677666	0.037839142426704
1.000000000000000	-0.297357240552208	-0.367562270291823	0.037820232192705
1.000000000000000	-0.273441690160654	-0.384875710632189	0.037652028392320
1.000000000000000	-0.248479812043105	-0.400642354585184	0.037335208322886
1.000000000000000	-0.222572118872601	-0.414798715440347	0.036871047707003
1.000000000000000	-0.195822931785582	-0.427287790528914	0.036261415555648
1.000000000000000	-0.168339960317487	-0.438059290753445	0.035508766642329
1.000000000000000	-0.140233868694475	-0.447069843084269	0.034616131618577
1.000000000000000	-0.111617830227642	-0.454283165207369	0.033587104810584
1.000000000000000	-0.082607071604042	-0.459670211620451	0.032425829746115
1.000000000000000	-0.053318408909485	-0.463209290588936	0.031136982469992
1.000000000000000	-0.023869777251391	-0.464886151490912	0.029725752715304
1.000000000000000	0.005620244124264	-0.464694042199365	0.028197823006188
1.000000000000000	0.035032909309719	-0.462633736270609	0.026559345776311
1.000000000000000	0.064249783883289	-0.458713529829445	0.024816918595186
1.000000000000000	0.093153221802980	-0.452949208163601	0.022977557602093
1.000000000000000	0.121626839125579	-0.445363982161944	0.021048669254560
1.000000000000000	0.149555982643712	-0.435988394852423	0.019038020505173
1.000000000000000	0.176828191553850	-0.424860198416079	0.016953707526801
1.000000000000000	0.203333650296267	-0.412024202172334	0.014804123112162
1.000000000000000	0.228965630743545	-0.397532092147676	0.012597922879012
1.000000000000000	0.253620921957069	-0.381442222954274	0.010343990417024
1.000000000000000	0.277200245781054	-0.363819382816553	0.008051401516711
1.000000000000000	0.299608656600638	-0.344734532691873	0.005729387624421
1.000000000000000	0.320755923654357	-0.324264520535809	0.003387298670557
1.000000000000000	0.340556894361584	-0.302491771862550	0.001034565420711
1.000000000000000	0.358931837201908	-0.279503957846447	-0.001319338498703
1.000000000000000	0.375806762765835	-0.255393642301137	-0.003664934747397
1.000000000000000	0.391113721684017	-0.230257908957735	-0.005992778437142
1.000000000000000	0.404791078235386	-0.204197970542916	-0.008293496162995
1.000000000000000	0.416783758532449	-0.177318761230982	-0.010557823746700
1.000000000000000	0.427043472284392	-0.149728514110983	-0.012776643540258
1.000000000000000	0.435528907245035	-0.121538325370266	-0.014941021139477
1.000000000000000	0.442205895562676	-0.092861706949338	-0.017042241359670
1.000000000000000	0.447047551361959	-0.063814129469346	-0.019071843328622
1.000000000000000	0.450034379003814	-0.034512557272641	-0.021021654555541
1.000000000000000	0.451154351587508	-0.005074977448652	-0.022883823838788
1.000000000000000	0.450402959378736	0.024380075258480	-0.024650852879901


2.000000000000000	nan	nan	nan
2.000000000000000	nan	nan	nan
2.000000000000000	nan	nan	nan
2.000000000000000	nan	nan	nan
2.000000000000000	nan	nan	nan
2.000000000000000	nan	nan	nan
2.000000000000000	nan	nan	nan
2.000000000000000	nan	nan	nan
2.000000000000000	nan	nan	nan
2.000000000000000	nan	nan	nan
2.000000000000000	nan	nan	nan
2.000000000000000	nan	nan	nan
2.000000000000000	nan	nan	nan
2.000000000000000	nan	nan	nan
2.000000000000000	nan	nan	nan
2.000000000000000	nan	nan	nan
2.000000000000000	nan	nan	nan
2.000000000000000	nan	nan	nan
2.000000000000000	nan	nan	nan
2.000000000000000	nan	nan	nan
2.000000000000000	nan	nan	nan
2.000000000000000	nan	nan	nan
2.000000000000000	nan	nan	nan
2.000000000000000	nan	nan	nan
2.000000000000000	nan	nan	nan
2.000000000000000	nan	nan	nan
2.000000000000000	nan	nan	nan
2.000000000000000	nan	nan	nan
2.000000000000000	nan	nan	nan
2.000000000000000	nan	nan	nan
2.000000000000000	nan	nan	nan
2.000000000000000	nan	nan	nan
2.000000000000000	nan	nan	nan
2.000000000000000	nan	nan	nan
2.000000000000000	nan	nan	nan
2.000000000000000	nan	nan	nan
2.000000000000000	nan	nan	nan
2.000000000000000	nan	nan	nan
2.000000000000000	nan	nan	nan
2.000000000000000	nan	nan	nan
2.000000000000000	nan	nan	nan
2.000000000000000	nan	nan	nan
2.000000000000000	nan	nan	nan
2.000000000000000	nan	nan	nan
2.000000000000000	nan	nan	nan
2.000000000000000	nan	nan	nan
2.000000000000000	nan	nan	nan
2.000000000000000	nan	nan	nan
2.000000000000000	nan	nan	nan
2.000000000000000	nan	nan	nan
2.000000000000000	nan	nan	nan
2.000000000000000	nan	nan	nan
2.000000000000000	nan	nan	nan
2.000000000000000	nan	nan	nan
2.000000000000000	nan	nan	nan
2.000000000000000	nan	nan	nan
2.000000000000000	nan	nan	nan
2.000000000000000	nan	nan	nan
2.000000000000000	nan	nan	nan
2.000000000000000	nan	nan	nan
2.000000000000000	nan	nan	nan
2.000000000000000	nan	nan	nan
2.000000000000000	nan	nan	nan
2.000000000000000	nan	nan	nan
2.000000000000000	nan	nan	nan
2.000000000000000	nan	nan	nan
2.000000000000000	nan	nan	nan
2.000000000000000	nan	nan	nan
2.000000000000000	nan	nan	nan
2.000000000000000	nan	nan	nan
2.000000000000000	nan	nan	nan
2.000000000000000	nan	nan	nan
2.000000000000000	nan	nan	nan
2.000000000000000	nan	nan	nan
2.000000000000000	nan	nan	nan
2.000000000000000	nan	nan	nan
2.000000000000000	nan	nan	nan
2.000000000000000	nan	nan	nan
2.000000000000000	nan	nan	nan
2.000000000000000	nan	nan	nan
2.000000000000000	nan	nan	nan
2.000000000000000	nan	nan	nan
2.000000000000000	nan	nan	nan
2.000000000000000	nan	nan	nan
2.000000000000000	nan	nan	nan
2.000000000000000	nan	nan	nan
2.000000000000000	nan	nan	nan
2.000000000000000	nan	nan	nan
2.000000000000000	nan	nan	nan
2.000000000000000	nan	nan	nan
2.000000000000000	nan	nan	nan
2.000000000000000	nan	nan	nan
2.000000000000000	nan	nan	nan
2.000000000000000	nan	nan	nan
2.000000000000000	nan	nan	nan
2.000000000000000	nan	nan	nan
2.000000000000000	nan	nan	nan
2.000000000000000	nan	nan	nan
2.000000000000000	nan	nan	nan
2.000000000000000	nan	nan	nan


3.000000000000000	-0.253039407260835	0.928015740401768	0.060684446382308
3.000000000000000	-0.313412878184059	0.910028928727060	0.051930779389354
3.000000000000000	-0.372482852727262	0.888225575963803	0.042958054456589
3.000000000000000	-0.430011476951337	0.862693476518220	0.033802401580448
3.000000000000000	-0.485767103390903	0.833535439143381	0.024500687343635
3.000000000000000	-0.539525223816890	0.800868872964648	0.015090366466397
3.000000000000000	-0.591069373251935	0.764825314714561	0.005609330989594
3.000000000000000	-0.640192001598450	0.725549899080844	-0.003904242303182
3.000000000000000	-0.686695309369610	0.683200774300242	-0.013412045610037
3.000000000000000	-0.730392044158071	0.637948465351384	-0.022875794362774
3.000000000000000	-0.771106254635332	0.589975187310890	-0.032257381385337
3.000000000000000	-0.808673999045628	0.539474111637557	-0.041519030337960
3.000000000000000	-0.842944005341519	0.486648588339083	-0.050623447829150
3.000000000000000	-0.873778280303037	0.431711327153350	-0.059533973583019
3.000000000000000	-0.901052665187678	0.374883541041391	-0.068214728057270
3.000000000000000	-0.924657335673834	0.316394055440864	-0.076630756917453
3.000000000000000	-0.944497244084580	0.256478386866784	-0.084748171785734
3.000000000000000	-0.960492502111118	0.195377794569637	-0.092534286697429
3.000000000000000	-0.972578702494801	0.133338309069530	-0.099957749715849
3.000000000000000	-0.980707178372433	0.070609741478121	-0.106988669175485
3.000000000000000	-0.984845199240551	0.007444677597445	-0.113598734045191
3.000000000000000	-0.984976102749606	-0.055902539153966	-0.119761327926718
3.000000000000000	-0.981099361797370	-0.119176831892261	-0.125451636229554
3.000000000000000	-0.973230586651386	-0.182123417372849	-0.130646746090524
3.000000000000000	-0.961401462091930	-0.244488831912605	-0.135325738635798
3.000000000000000	-0.945659619828589	-0.306021951998662	-0.139469773213818
3.000000000000000	-0.926068446704172	-0.366475005474165	-0.143062163259949
3.000000000000000	-0.902706829458269	-0.425604569229297	-0.146088443487387
3.000000000000000	-0.875668837078190	-0.483172549380226	-0.148536428133763
3.000000000000000	-0.845063342016361	-0.538947139989144	-0.150396260028908
3.000000000000000	-0.811013581799375	-0.592703756464965	-0.151660450286194
3.000000000000000	-0.773656662793977	-0.644225939886202	-0.152323908457645
3.000000000000000	-0.733143008128109	-0.693306228604652	-0.152383963031368
3.000000000000000	-0.689635751990069	-0.739746993620227	-0.151840372188789
3.000000000000000	-0.643310082744710	-0.783361234363189	-0.150695324778376
3.000000000000000	-0.594352537511726	-0.823973331679440	-0.148953431501911
3.000000000000000	-0.542960251046510	-0.861419754986874	-0.146621706348830
3.000000000000000	-0.489340161948070	-0.895549720755315	-0.143709538353356
3.000000000000000	-0.433708179390330	-0.926225799658570	-0.140228653788175
3.000000000000000	-0.376288313732087	-0.953324469953829	-0.136193068946874
3.000000000000000	-0.317311774506365	-0.976736614860117	-0.131619033705276
3.000000000000000	-0.257016039421222	-0.996367961933070	-0.126524966088920
3.000000000000000	-0.195643898120842	-1.012139462666785	-0.120931378110178
3.000000000000000	-0.133442474557328	-1.023987610794260	-0.114860793173619
3.000000000000000	-0.070662231909765	-1.031864698004717	-0.108337655382207
3.000000000000000	-0.007555964057399	-1.035739006048128	-0.101388231109527
3.000000000000000	0.055622222332092	-1.035594934453414	-0.094040503234369
3.000000000000000	0.118617931000466	-1.031433063346039	-0.086324058463552
3.000000000000000	0.181177500462858	-1.023270151112045	-0.078269968196697
3.000000000000000	0.243049025413051	-1.011139066917950	-0.069910663412668
3.000000000000000	0.303983371057243	-0.995088658358213	-0.061279804081464
3.000000000000000	0.363735176291920	-0.975183554763212	-0.052412143627406
3.000000000000000	0.422063841686430	-0.951503906959742	-0.043343388989355
3.000000000000000	0.478734498291969	-0.924145064531924	-0.034110056841480
3.000000000000000	0.533518953375941	-0.893217191882080	-0.024749326553491
3.000000000000000	0.586196609273554	-0.858844824637573	-0.015298890482449
3.000000000000000	0.636555351656761	-0.821166368189783	-0.005796802198937
3.000000000000000	0.684392403643787	-0.780333540384448	0.003718676741228
3.000000000000000	0.729515142310070	-0.736510760607450	0.013209230862784
3.000000000000000	0.771741874312792	-0.689874487725972	0.022636645053916
3.000000000000000	0.810902567505838	-0.640612509550927	0.031962958445022
3.000000000000000	0.846839535599243	-0.588923186681717	0.041150617263741
3.000000000000000	0.879408073106224	-0.535014653778111	0.050162626050738
3.000000000000000	0.908477038021102	-0.479103981475434	0.058962696627358
3.000000000000000	0.933929379881877	-0.421416302317722	0.067515394215320
3.000000000000000	0.955662611091118	-0.362183904228439	0.075786280120059
3.000000000000000	0.973589219597356	-0.301645295168982	0.083742050403193
3.000000000000000	0.987637021275221	-0.240044242751312	0.091350669985733
3.000000000000000	0.997749450585439	-0.177628792671804	0.098581501642034
3.000000000000000	1.003885788344298	-0.114650269918787	0.105405429365094
3.000000000000000	1.006021325685425	-0.051362266775507	0.111794975606433
3.000000000000000	1.004147463553672	0.011980378306481	0.117724411918490
3.000000000000000	0.998271747330474	0.075122606851826	0.123169862553993
3.000000000000000	0.988417836451267	0.137810167391832	0.128109400605170
3.000000000000000	0.974625409137283	0.199790639245387	0.132523136295669
3.000000000000000	0.956950002625366	0.260814448927959	0.136393297069664
3.000000000000000	0.935462789539113	0.320635875095929	0.139704299155668
3.000000000000000	0.910250291301845	0.379014037979718	0.142442810316878
3.000000000000000	0.881414029745370	0.435713869321604	0.144597803535389
3.000000000000000	0.849070118317397	0.490507058912623	0.146160601414100
3.000000000000000	0.813348794533663	0.543172973917207	0.147124911117534
3.000000000000000	0.774393895557428	0.593499547283740	0.147486849710862
3.000000000000000	0.732362279017980	0.641284131663725	0.147244959795114
3.000000000000000	0.687423191400327	0.686334315401135	0.146400215375605
3.000000000000000	0.639757586549333	0.728468697306241	0.144956017939967
3.000000000000000	0.589557397032455	0.767517617094180	0.142918182761552
3.000000000000000	0.537024761295034	0.803323838547037	0.140294915483382
3.000000000000000	0.482371209720118	0.835743182648605	0.137096779076921
3.000000000000000	0.425816812870268	0.864645108142392	0.133336651308715
3.000000000000000	0.367589295341077	0.889913237175190	0.129029672886173
3.000000000000000	0.307923118794596	0.911445823909612	0.124193186491282
3.000000000000000	0.247058537864971	0.929156164218671	0.118846666947745
3.000000000000000	0.185240632737833	0.942972944812696	0.113011642802745
3.000000000000000	0.122718322298882	0.952840530392782	0.106711609639076
3.000000000000000	0.059743361825399	0.958719187674501	0.099971935466734
3.000000000000000	-0.003430670743411	0.960585245379814	0.092819758574882
3.000000000000000	-0.066549395875276	0.958431189552957	0.085283878255549
3.000000000000000	-0.129358656741448	0.952265693816483	0.077394638839038
3.000000000000000	-0.191605542616557	0.942113584445649	0.069183807508021
3.000000000000000	-0.253039407260835	0.928015740401768	0.060684446382308


4.000000000000000	nan	nan	nan
4.000000000000000	nan	nan	nan
4.000000000000000	nan	nan	nan
4.000000000000000	nan	nan	nan
4.000000000000000	nan	nan	nan
4.000000000000000	nan	nan	nan
4.000000000000000	nan	nan	nan
4.000000000000000	nan	nan	nan
4.000000000000000	nan	nan	nan
4.000000000000000	nan	nan	nan
4.000000000000000	nan	nan	nan
4.000000000000000	nan	nan	nan
4.000000000000000	nan	nan	nan
4.000000000000000	nan	nan	nan
4.000000000000000	nan	nan	nan
4.000000000000000	nan	nan	nan
4.000000000000000	nan	nan	nan
4.000000000000000	nan	nan	nan
4.000000000000000	nan	nan	nan
4.000000000000000	nan	nan	nan
4.000000000000000	nan	nan	nan
4.000000000000000	nan	nan	nan
4.000000000000000	nan	nan	nan
4.000000000000000	nan	nan	nan
4.000000000000000	nan	nan	nan
4.000000000000000	nan	nan	nan
4.000000000000000	nan	nan	nan
4.000000000000000	nan	nan	nan
4.000000000000000	nan	nan	nan
4.000000000000000	nan	nan	nan
4.000000000000000	nan	nan	nan
4.000000000000000	nan	nan	nan
4.000000000000000	nan	nan	nan
4.000000000000000	nan	nan	nan
4.000000000000000	nan	nan	nan
4.000000000000000	nan	nan	nan
4.000000000000000	nan	nan	nan
4.000000000000000	nan	nan	nan
4.000000000000000	nan	nan	nan
4.000000000000000	nan	nan	nan
4.000000000000000	nan	nan	nan
4.000000000000000	nan	nan	nan
4.000000000000000	nan	nan	nan
4.000000000000000	nan	nan	nan
4.000000000000000	nan	nan	nan
4.000000000000000	nan	nan	nan
4.000000000000000	nan	nan	nan
4.000000000000000	nan	nan	nan
4.000000000000000	nan	nan	nan
4.000000000000000	nan	nan	nan
4.000000000000000	nan	nan	nan
4.000000000000000	nan	nan	nan
4.000000000000000	nan	nan	nan
4.000000000000000	nan	nan	nan
4.000000000000000	nan	nan	nan
4.000000000000000	nan	nan	nan
4.000000000000000	nan	nan	nan
4.000000000000000	nan	nan	nan
4.000000000000000	nan	nan	nan
4.000000000000000	nan	nan	nan
4.000000000000000	nan	nan	nan
4.000000000000000	nan	nan	nan
4.000000000000000	nan	nan	nan
4.000000000000000	nan	nan	nan
4.000000000000000	nan	nan	nan
4.000000000000000	nan	nan	nan
4.000000000000000	nan	nan	nan
4.000000000000000	nan	nan	nan
4.000000000000000	nan	nan	nan
4.000000000000000	nan	nan	nan
4.000000000000000	nan	nan	nan
4.000000000000000	nan	nan	nan
4.000000000000000	nan	nan	nan
4.000000000000000	nan	nan	nan
4.000000000000000	nan	nan	nan
4.000000000000000	nan	nan	nan
4.000000000000000	nan	nan	nan
4.000000000000000	nan	nan	nan
4.000000000000000	nan	nan	nan
4.000000000000000	nan	nan	nan
4.000000000000000	nan	nan	nan
4.000000000000000	nan	nan	nan
4.000000000000000	nan	nan	nan
4.000000000000000	nan	nan	nan
4.000000000000000	nan	nan	nan
4.000000000000000	nan	nan	nan
4.000000000000000	nan	nan	nan
4.000000000000000	nan	nan	nan
4.000000000000000	nan	nan	nan
4.000000000000000	nan	nan	nan
4.000000000000000	nan	nan	nan
4.000000000000000	nan	nan	nan
4.000000000000000	nan	nan	nan
4.000000000000000	nan	nan	nan
4.000000000000000	nan	nan	nan
4.000000000000000	nan	nan	nan
4.000000000000000	nan	nan	nan
4.000000000000000	nan	nan	nan
4.000000000000000	nan	nan	nan
4.000000000000000	nan	nan	nan


5.000000000000000	nan	nan	nan
5.000000000000000	nan	nan	nan
5.000000000000000	nan	nan	nan
5.000000000000000	nan	nan	nan
5.000000000000000	nan	nan	nan
5.000000000000000	nan	nan	nan
5.000000000000000	nan	nan	nan
5.000000000000000	nan	nan	nan
5.000000000000000	nan	nan	nan
5.000000000000000	nan	nan	nan
5.000000000000000	nan	nan	nan
5.000000000000000	nan	nan	nan
5.000000000000000	nan	nan	nan
5.000000000000000	nan	nan	nan
5.000000000000000	nan	nan	nan
5.000000000000000	nan	nan	nan
5.000000000000000	nan	nan	nan
5.000000000000000	nan	nan	nan
5.000000000000000	nan	nan	nan
5.000000000000000	nan	nan	nan
5.000000000000000	nan	nan	nan
5.000000000000000	nan	nan	nan
5.000000000000000	nan	nan	nan
5.000000000000000	nan	nan	nan
5.000000000000000	nan	nan	nan
5.000000000000000	nan	nan	nan
5.000000000000000	nan	nan	nan
5.000000000000000	nan	nan	nan
5.000000000000000	nan	nan	nan
5.000000000000000	nan	nan	nan
5.000000000000000	nan	nan	nan
5.000000000000000	nan	nan	nan
5.000000000000000	nan	nan	nan
5.000000000000000	nan	nan	nan
5.000000000000000	nan	nan	nan
5.000000000000000	nan	nan	nan
5.000000000000000	nan	nan	nan
5.000000000000000	nan	nan	nan
5.000000000000000	nan	nan	nan
5.000000000000000	nan	nan	nan
5.000000000000000	nan	nan	nan
5.000000000000000	nan	nan	nan
5.000000000000000	nan	nan	nan
5.000000000000000	nan	nan	nan
5.000000000000000	nan	nan	nan
5.000000000000000	nan	nan	nan
5.000000000000000	nan	nan	nan
5.000000000000000	nan	nan	nan
5.000000000000000	nan	nan	nan
5.000000000000000	nan	nan	nan
5.000000000000000	nan	nan	nan
5.000000000000000	nan	nan	nan
5.000000000000000	nan	nan	nan
5.000000000000000	nan	nan	nan
5.000000000000000	nan	nan	nan
5.000000000000000	nan	nan	nan
5.000000000000000	nan	nan	nan
5.000000000000000	nan	nan	nan
5.000000000000000	nan	nan	nan
5.000000000000000	nan	nan	nan
5.000000000000000	nan	nan	nan
5.000000000000000	nan	nan	nan
5.000000000000000	nan	nan	nan
5.000000000000000	nan	nan	nan
5.000000000000000	nan	nan	nan
5.000000000000000	nan	nan	nan
5.000000000000000	nan	nan	nan
5.000000000000000	nan	nan	nan
5.000000000000000	nan	nan	nan
5.000000000000000	nan	nan	nan
5.000000000000000	nan	nan	nan
5.000000000000000	nan	nan	nan
5.000000000000000	nan	nan	nan
5.000000000000000	nan	nan	nan
5.000000000000000	nan	nan	nan
5.000000000000000	nan	nan	nan
5.000000000000000	nan	nan	nan
5.000000000000000	nan	nan	nan
5.000000000000000	nan	nan	nan
5.000000000000000	nan	nan	nan
5.000000000000000	nan	nan	nan
5.000000000000000	nan	nan	nan
5.000000000000000	nan	nan	nan
5.000000000000000	nan	nan	nan
5.000000000000000	nan	nan	nan
5.000000000000000	nan	nan	nan
5.000000000000000	nan	nan	nan
5.000000000000000	nan	nan	nan
5.000000000000000	nan	nan	nan
5.000000000000000	nan	nan	nan
5.000000000000000	nan	nan	nan
5.000000000000000	nan	nan	nan
5.000000000000000	nan	nan	nan
5.000000000000000	nan	nan	nan
5.000000000000000	nan	nan	nan
5.000000000000000	nan	nan	nan
5.000000000000000	nan	nan	nan
5.000000000000000	nan	nan	nan
5.000000000000000	nan	nan	nan
5.000000000000000	nan	nan	nan


6.000000000000000	nan	nan	nan
6.000000000000000	nan	nan	nan
6.000000000000000	nan	nan	nan
6.000000000000000	nan	nan	nan
6.000000000000000	nan	nan	nan
6.000000000000000	nan	nan	nan
6.000000000000000	nan	nan	nan
6.000000000000000	nan	nan	nan
6.000000000000000	nan	nan	nan
6.000000000000000	nan	nan	nan
6.000000000000000	nan	nan	nan
6.000000000000000	nan	nan	nan
6.000000000000000	nan	nan	nan
6.000000000000000	nan	nan	nan
6.000000000000000	nan	nan	nan
6.000000000000000	nan	nan	nan
6.000000000000000	nan	nan	nan
6.000000000000000	nan	nan	nan
6.000000000000000	nan	nan	nan
6.000000000000000	nan	nan	nan
6.000000000000000	nan	nan	nan
6.000000000000000	nan	nan	nan
6.000000000000000	nan	nan	nan
6.000000000000000	nan	nan	nan
6.000000000000000	nan	nan	nan
6.000000000000000	nan	nan	nan
6.000000000000000	nan	nan	nan
6.000000000000000	nan	nan	nan
6.000000000000000	nan	nan	nan
6.000000000000000	nan	nan	nan
6.000000000000000	nan	nan	nan
6.000000000000000	nan	nan	nan
6.000000000000000	nan	nan	nan
6.000000000000000	nan	nan	nan
6.000000000000000	nan	nan	nan
6.000000000000000	nan	nan	nan
6.000000000000000	nan	nan	nan
6.000000000000000	nan	nan	nan
6.000000000000000	nan	nan	nan
6.000000000000000	nan	nan	nan
6.000000000000000	nan	nan	nan
6.000000000000000	nan	nan	nan
6.000000000000000	nan	nan	nan
6.000000000000000	nan	nan	nan
6.000000000000000	nan	nan	nan
6.000000000000000	nan	nan	nan
6.000000000000000	nan	nan	nan
6.000000000000000	nan	nan	nan
6.000000000000000	nan	nan	nan
6.000000000000000	nan	nan	nan
6.000000000000000	nan	nan	nan
6.000000000000000	nan	nan	nan
6.000000000000000	nan	nan	nan
6.000000000000000	nan	nan	nan
6.000000000000000	nan	nan	nan
6.000000000000000	nan	nan	nan
6.000000000000000	nan	nan	nan
6.000000000000000	nan	nan	nan
6.000000000000000	nan	nan	nan
6.000000000000000	nan	nan	nan
6.000000000000000	nan	nan	nan
6.000000000000000	nan	nan	nan
6.000000000000000	nan	nan	nan
6.000000000000000	nan	nan	nan
6.000000000000000	nan	nan	nan
6.000000000000000	nan	nan	nan
6.000000000000000	nan	nan	nan
6.000000000000000	nan	nan	nan
6.000000000000000	nan	nan	nan
6.000000000000000	nan	nan	nan
6.000000000000000	nan	nan	nan
6.000000000000000	nan	nan	nan
6.000000000000000	nan	nan	nan
6.000000000000000	nan	nan	nan
6.000000000000000	nan	nan	nan
6.000000000000000	nan	nan	nan
6.000000000000000	nan	nan	nan
6.000000000000000	nan	nan	nan
6.000000000000000	nan	nan	nan
6.000000000000000	nan	nan	nan
6.000000000000000	nan	nan	nan
6.000000000000000	nan	nan	nan
6.000000000000000	nan	nan	nan
6.000000000000000	nan	nan	nan
6.000000000000000	nan	nan	nan
6.000000000000000	nan	nan	nan
6.000000000000000	nan	nan	nan
6.000000000000000	nan	nan	nan
6.000000000000000	nan	nan	nan
6.000000000000000	nan	nan	nan
6.000000000000000	nan	nan	nan
6.000000000000000	nan	nan	nan
6.000000000000000	nan	nan	nan
6.000000000000000	nan	nan	nan
6.000000000000000	nan	nan	nan
6.000000000000000	nan	nan	nan
6.000000000000000	nan	nan	nan
6.000000000000000	nan	nan	nan
6.000000000000000	nan	nan	nan
6.000000000000000	nan	nan	nan


7.000000000000000	nan	nan	nan
7.000000000000000	nan	nan	nan
7.000000000000000	nan	nan	nan
7.000000000000000	nan	nan	nan
7.000000000000000	nan	nan	nan
7.000000000000000	nan	nan	nan
7.000000000000000	nan	nan	nan
7.000000000000000	nan	nan	nan
7.000000000000000	nan	nan	nan
7.000000000000000	nan	nan	nan
7.000000000000000	nan	nan	nan
7.000000000000000	nan	nan	nan
7.000000000000000	nan	nan	nan
7.000000000000000	nan	nan	nan
7.000000000000000	nan	nan	nan
7.000000000000000	nan	nan	nan
7.000000000000000	nan	nan	nan
7.000000000000000	nan	nan	nan
7.000000000000000	nan	nan	nan
7.000000000000000	nan	nan	nan
7.000000000000000	nan	nan	nan
7.000000000000000	nan	nan	nan
7.000000000000000	nan	nan	nan
7.000000000000000	nan	nan	nan
7.000000000000000	nan	nan	nan
7.000000000000000	nan	nan	nan
7.000000000000000	nan	nan	nan
7.000000000000000	nan	nan	nan
7.000000000000000	nan	nan	nan
7.000000000000000	nan	nan	nan
7.000000000000000	nan	nan	nan
7.000000000000000	nan	nan	nan
7.000000000000000	nan	nan	nan
7.000000000000000	nan	nan	nan
7.000000000000000	nan	nan	nan
7.000000000000000	nan	nan	nan
7.000000000000000	nan	nan	nan
7.000000000000000	nan	nan	nan
7.000000000000000	nan	nan	nan
7.000000000000000	nan	nan	nan
7.000000000000000	nan	nan	nan
7.000000000000000	nan	nan	nan
7.000000000000000	nan	nan	nan
7.000000000000000	nan	nan	nan
7.000000000000000	nan	nan	nan
7.000000000000000	nan	nan	nan
7.000000000000000	nan	nan	nan
7.000000000000000	nan	nan	nan
7.000000000000000	nan	nan	nan
7.000000000000000	nan	nan	nan
7.000000000000000	nan	nan	nan
7.000000000000000	nan	nan	nan
7.000000000000000	nan	nan	nan
7.000000000000000	nan	nan	nan
7.000000000000000	nan	nan	nan
7.000000000000000	nan	nan	nan
7.000000000000000	nan	nan	nan
7.000000000000000	nan	nan	nan
7.000000000000000	nan	nan	nan
7.000000000000000	nan	nan	nan
7.000000000000000	nan	nan	nan
7.000000000000000	nan	nan	nan
7.000000000000000	nan	nan	nan
7.000000000000000	nan	nan	nan
7.000000000000000	nan	nan	nan
7.000000000000000	nan	nan	nan
7.000000000000000	nan	nan	nan
7.000000000000000	nan	nan	nan
7.000000000000000	nan	nan	nan
7.000000000000000	nan	nan	nan
7.000000000000000	nan	nan	nan
7.000000000000000	nan	nan	nan
7.000000000000000	nan	nan	nan
7.000000000000000	nan	nan	nan
7.000000000000000	nan	nan	nan
7.000000000000000	nan	nan	nan
7.000000000000000	nan	nan	nan
7.000000000000000	nan	nan	nan
7.000000000000000	nan	nan	nan
7.000000000000000	nan	nan	nan
7.000000000000000	nan	nan	nan
7.000000000000000	nan	nan	nan
7.000000000000000	nan	nan	nan
7.000000000000000	nan	nan	nan
7.000000000000000	nan	nan	nan
7.000000000000000	nan	nan	nan
7.000000000000000	nan	nan	nan
7.000000000000000	nan	nan	nan
7.000000000000000	nan	nan	nan
7.000000000000000	nan	nan	nan
7.000000000000000	nan	nan	nan
7.000000000000000	nan	nan	nan
7.000000000000000	nan	nan	nan
7.000000000000000	nan	nan	nan
7.000000000000000	nan	nan	nan
7.000000000000000	nan	nan	nan
7.000000000000000	nan	nan	nan
7.000000000000000	nan	nan	nan
7.000000000000000	nan	nan	nan
7.000000000000000	nan	nan	nan


8.000000000000000	nan	nan	nan
8.000000000000000	nan	nan	nan
8.000000000000000	nan	nan	nan
8.000000000000000	nan	nan	nan
8.000000000000000	nan	nan	nan
8.000000000000000	nan	nan	nan
8.000000000000000	nan	nan	nan
8.000000000000000	nan	nan	nan
8.000000000000000	nan	nan	nan
8.000000000000000	nan	nan	nan
8.000000000000000	nan	nan	nan
8.000000000000000	nan	nan	nan
8.000000000000000	nan	nan	nan
8.000000000000000	nan	nan	nan
8.000000000000000	nan	nan	nan
8.000000000000000	nan	nan	nan
8.000000000000000	nan	nan	nan
8.000000000000000	nan	nan	nan
8.000000000000000	nan	nan	nan
8.000000000000000	nan	nan	nan
8.000000000000000	nan	nan	nan
8.000000000000000	nan	nan	nan
8.000000000000000	nan	nan	nan
8.000000000000000	nan	nan	nan
8.000000000000000	nan	nan	nan
8.000000000000000	nan	nan	nan
8.000000000000000	nan	nan	nan
8.000000000000000	nan	nan	nan
8.000000000000000	nan	nan	nan
8.000000000000000	nan	nan	nan
8.000000000000000	nan	nan	nan
8.000000000000000	nan	nan	nan
8.000000000000000	nan	nan	nan
8.000000000000000	nan	nan	nan
8.000000000000000	nan	nan	nan
8.000000000000000	nan	nan	nan
8.000000000000000	nan	nan	nan
8.000000000000000	nan	nan	nan
8.000000000000000	nan	nan	nan
8.000000000000000	nan	nan	nan
8.000000000000000	nan	nan	nan
8.000000000000000	nan	nan	nan
8.000000000000000	nan	nan	nan
8.000000000000000	nan	nan	nan
8.000000000000000	nan	nan	nan
8.000000000000000	nan	nan	nan
8.000000000000000	nan	nan	nan
8.000000000000000	nan	nan	nan
8.000000000000000	nan	nan	nan
8.000000000000000	nan	nan	nan
8.000000000000000	nan	nan	nan
8.000000000000000	nan	nan	nan
8.000000000000000	nan	nan	nan
8.000000000000000	nan	nan	nan
8.000000000000000	nan	nan	nan
8.000000000000000	nan	nan	nan
8.000000000000000	nan	nan	nan
8.000000000000000	nan	nan	nan
8.000000000000000	nan	nan	nan
8.000000000000000	nan	nan	nan
8.000000000000000	nan	nan	nan
8.000000000000000	nan	nan	nan
8.000000000000000	nan	nan	nan
8.000000000000000	nan	nan	nan
8.000000000000000	nan	nan	nan
8.000000000000000	nan	nan	nan
8.000000000000000	nan	nan	nan
8.000000000000000	nan	nan	nan
8.000000000000000	nan	nan	nan
8.000000000000000	nan	nan	nan
8.000000000000000	nan	nan	nan
8.000000000000000	nan	nan	nan
8.000000000000000	nan	nan	nan
8.000000000000000	nan	nan	nan
8.000000000000000	nan	nan	nan
8.000000000000000	nan	nan	nan
8.000000000000000	nan	nan	nan
8.000000000000000	nan	nan	nan
8.000000000000000	nan	nan	nan
8.000000000000000	nan	nan	nan
8.000000000000000	nan	nan	nan
8.000000000000000	nan	nan	nan
8.000000000000000	nan	nan	nan
8.000000000000000	nan	nan	nan
8.000000000000000	nan	nan	nan
8.000000000000000	nan	nan	nan
8.000000000000000	nan	nan	nan
8.000000000000000	nan	nan	nan
8.000000000000000	nan	nan	nan
8.000000000000000	nan	nan	nan
8.000000000000000	nan	nan	nan
8.000000000000000	nan	nan	nan
8.000000000000000	nan	nan	nan
8.000000000000000	nan	nan	nan
8.000000000000000	nan	nan	nan
8.000000000000000	nan	nan	nan
8.000000000000000	nan	nan	nan
8.000000000000000	nan	nan	nan
8.000000000000000	nan	nan	nan
8.000000000000000	nan	nan	nan


9.000000000000000	0.097221035239467	0.974658874555235	-0.061755183978559
9.000000000000000	0.020685497314006	0.979363612862870	-0.068314361869455
9.000000000000000	-0.056036487389916	0.979090665811865	-0.074532938375473
9.000000000000000	-0.132635986518443	0.973841132463659	-0.080385873483832
9.000000000000000	-0.208804560923901	0.963636150836256	-0.085849599490606
9.000000000000000	-0.284235506640382	0.948516812788884	-0.090902115899555
9.000000000000000	-0.358625089872368	0.928543998559584	-0.095523078010355
9.000000000000000	-0.431673770023524	0.903798131621976	-0.099693878839523
9.000000000000000	-0.503087405840958	0.874378854848320	-0.103397724044181
9.000000000000000	-0.572578439818230	0.840404629282832	-0.106619699546937
9.000000000000000	-0.639867056087942	0.802012257140873	-0.109346831589618
9.000000000000000	-0.704682307141473	0.759356330954711	-0.111568138974013
9.000000000000000	-0.766763204838971	0.712608611083953	-0.113274677279281
9.000000000000000	-0.825859771316471	0.661957334097203	-0.114459574877979
9.000000000000000	-0.881734045558536	0.607606454809834	-0.115118060605679
9.000000000000000	-0.934161041583269	0.549774825029932	-0.115247482972765
9.000000000000000	-0.982929654381460	0.488695312319307	-0.114847320841042
9.000000000000000	-1.027843509961949	0.424613862318012	-0.113919185522181
9.000000000000000	-1.068721756080378	0.357788508408052	-0.112466814289531
9.000000000000000	-1.105399790467351	0.288488332704033	-0.110496055329440
9.000000000000000	-1.137729923623675	0.216992382554447	-0.108014844192674
9.000000000000000	-1.165581973513849	0.143588546916498	-0.105033171840753
9.000000000000000	-1.188843789763172	0.068572397128873	-0.101563044415874
9.000000000000000	-1.207421705247722	-0.007754003249715	-0.097618434896418
9.000000000000000	-1.221240913258802	-0.085083314743871	-0.093215226832695
9.000000000000000	-1.230245768723154	-0.163104159509104	-0.088371150389493
9.000000000000000	-1.234400012266031	-0.241502375140517	-0.083105710952960
9.000000000000000	-1.233686916214900	-0.319962279693923	-0.077440110589306
9.000000000000000	-1.228109351955878	-0.398167942825621	-0.071397162671554
9.000000000000000	-1.217689778371667	-0.475804457932380	-0.065001200018151
9.000000000000000	-1.202470151407568	-0.552559210169190	-0.058277976913284
9.000000000000000	-1.182511755129693	-0.628123135238906	-0.051254565403479
9.000000000000000	-1.157894954955661	-0.702191963885086	-0.043959246288016
9.000000000000000	-1.128718874051428	-0.774467447076906	-0.036421395242135
9.000000000000000	-1.095100994197278	-0.844658556952732	-0.028671364531560
9.000000000000000	-1.057176682730162	-0.912482658686610	-0.020740360794639
9.000000000000000	-1.015098647467210	-0.977666648558951	-0.012660319384221
9.000000000000000	-0.969036321805245	-1.039948053648824	-0.004463775775265
9.000000000000000	-0.919175182472297	-1.099076088719763	0.003816265444033
9.000000000000000	-0.865716002678282	-1.154812666043412	0.012146463470074
9.000000000000000	-0.808874043672145	-1.206933354094763	0.020493275535497
9.000000000000000	-0.748878187960788	-1.255228281258709	0.028823091974070
9.000000000000000	-0.685970017679999	-1.299502980908950	0.037102371554952
9.000000000000000	-0.620402841828451	-1.339579174456479	0.045297776541391
9.000000000000000	-0.552440676281772	-1.375295489214518	0.053376306930024
9.000000000000000	-0.482357180693795	-1.406508108189391	0.061305433330242
9.000000000000000	-0.410434556565722	-1.433091349180783	0.069053227948568
9.000000000000000	-0.336962410920272	-1.454938170859611	0.076588493150610
9.000000000000000	-0.262236590156425	-1.471960603785676	0.083880887082923
9.000000000000000	-0.186557988780383	-1.484090104629544	0.090901045848948
9.000000000000000	-0.110231337809598	-1.491277832172350	0.097620701747054
9.000000000000000	-0.033563977728513	-1.493494843972143	0.104012797094602
9.000000000000000	0.043135379063094	-1.490732212904884	0.110051593179676
9.000000000000000	0.119557891325981	-1.483001063110829	0.115712773901797
9.000000000000000	0.195395832576116	-1.470332525201537	0.120973543684276
9.000000000000000	0.270343830190613	-1.452777610907888	0.125812719263955
9.000000000000000	0.344100095035509	-1.430407007673842	0.130210814988731
9.000000000000000	0.416367636664085	-1.403310794023062	0.134150121279401
9.000000000000000	0.486855459192582	-1.371598076844476	0.137614775939886
9.000000000000000	0.555279733037917	-1.335396552057358	0.140590828028697
9.000000000000000	0.621364937799235	-1.294851990424923	0.143066294034451
9.000000000000000	0.684844971681322	-1.250127650586915	0.145031206129243
9.000000000000000	0.745464222992620	-1.201403621674683	0.146477652305571
9.000000000000000	0.802978599403283	-1.148876098155816	0.147399808235197
9.000000000000000	0.857156510818847	-1.092756589828261	0.147793960721661
9.000000000000000	0.907779801911798	-1.033271070145023	0.147658522652015
9.000000000000000	0.954644630556080	-0.970659066298821	0.146994039387562
9.000000000000000	0.997562288627390	-0.905172694730631	0.145803186567884
9.000000000000000	1.036359961864197	-0.837075645945748	0.144090759336981
9.000000000000000	1.070881425729772	-0.766642122725201	0.141863653034921
9.000000000000000	1.100987674473265	-0.694155736007925	0.139130835432740
9.000000000000000	1.126557480856798	-0.619908362889613	0.135903310622391
9.000000000000000	1.147487884294768	-0.544198971336665	0.132194074707149
9.000000000000000	1.163694605439787	-0.467332416347706	0.128018063470895
9.000000000000000	1.175112385545865	-0.389618212410104	0.123392092236980
9.000000000000000	1.181695249242348	-0.311369287194374	0.118334788158854
9.000000000000000	1.183416689660511	-0.232900721504887	0.112866515215096
9.000000000000000	1.180269775167364	-0.154528480560685	0.107009292210858
9.000000000000000	1.172267177276885	-0.076568141715055	0.100786704115907
9.000000000000000	1.159441119626312	0.000666376263087	0.094223807096280
9.000000000000000	1.141843248222927	0.076864077229284	0.087347027621938
9.000000000000000	1.119544423483813	0.151718139935252	0.080184056056710
9.000000000000000	1.092634434905962	0.224927153489745	0.072763735158963
9.000000000000000	1.061221639515666	0.296196331033846	0.065115943941995
9.000000000000000	1.025432525553010	0.365238696743598	0.057271477361798
9.000000000000000	0.985411203148376	0.431776241380360	0.049261922316633
9.000000000000000	0.941318824041813	0.495541041735890	0.041119530457746
9.000000000000000	0.893332932681852	0.556276339464547	0.032877088323345
9.000000000000000	0.841646751316678	0.613737574958522	0.024567785318788
9.000000000000000	0.786468401956332	0.667693372103066	0.016225080074556
9.000000000000000	0.728020068338836	0.717926469946440	0.007882565720163
9.000000000000000	0.666537101274690	0.764234597533087	-0.000426165383525
9.000000000000000	0.602267070972233	0.806431288377382	-0.008667656908868
9.000000000000000	0.535468770159784	0.844346631298354	-0.016808723278277
9.000000000000000	0.466411172018674	0.877827954592043	-0.024816583290820
9.000000000000000	0.395372347123166	0.906740440786571	-0.032658992120552
9.000000000000000	0.322638343748403	0.930967669504514	-0.040304371155044
9.000000000000000	0.248502036054964	0.950412086246674	-0.047721935151313
9.000000000000000	0.173261944787982	0.964995395209616	-0.054881816197130
9.000000000000000	0.097221035239467	0.974658874555235	-0.061755183978559


10.000000000000000	nan	nan	nan
10.000000000000000	nan	nan	nan
10.000000000000000	nan	nan	nan
10.000000000000000	nan	nan	nan
10.000000000000000	nan	nan	nan
10.000000000000000	nan	nan	nan
10.000000000000000	nan	nan	nan
10.000000000000000	nan	nan	nan
10.000000000000000	nan	nan	nan
10.000000000000000	nan	nan	nan
10.000000000000000	nan	nan	nan
10.000000000000000	nan	nan	nan
10.000000000000000	nan	nan	nan
10.000000000000000	nan	nan	nan
10.000000000000000	nan	nan	nan
10.000000000000000	nan	nan	nan
10.000000000000000	nan	nan	nan
10.000000000000000	nan	nan	nan
10.000000000000000	nan	nan	nan
10.000000000000000	nan	nan	nan
10.000000000000000	nan	nan	nan
10.000000000000000	nan	nan	nan
10.000000000000000	nan	nan	nan
10.000000000000000	nan	nan	nan
10.000000000000000	nan	nan	nan
10.000000000000000	nan	nan	nan
10.000000000000000	nan	nan	nan
10.000000000000000	nan	nan	nan
10.000000000000000	nan	nan	nan
10.000000000000000	nan	nan	nan
10.000000000000000	nan	nan	nan
10.000000000000000	nan	nan	nan
10.000000000000000	nan	nan	nan
10.000000000000000	nan	nan	nan
10.000000000000000	nan	nan	nan
10.000000000000000	nan	nan	nan
10.000000000000000	nan	nan	nan
10.000000000000000	nan	nan	nan
10.000000000000000	nan	nan	nan
10.000000000000000	nan	nan	nan
10.000000000000000	nan	nan	nan
10.000000000000000	nan	nan	nan
10.000000000000000	nan	nan	nan
10.000000000000000	nan	nan	nan
10.000000000000000	nan	nan	nan
10.000000000000000	nan	nan	nan
10.000000000000000	nan	nan	nan
10.000000000000000	nan	nan	nan
10.000000000000000	nan	nan	nan
10.000000000000000	nan	nan	nan
10.000000000000000	nan	nan	nan
10.000000000000000	nan	nan	nan
10.000000000000000	nan	nan	nan
10.000000000000000	nan	nan	nan
10.000000000000000	nan	nan	nan
10.000000000000000	nan	nan	nan
10.000000000000000	nan	nan	nan
10.000000000000000	nan	nan	nan
10.000000000000000	nan	nan	nan
10.000000000000000	nan	nan	nan
10.000000000000000	nan	nan	nan
10.000000000000000	nan	nan	nan
10.000000000000000	nan	nan	nan
10.000000000000000	nan	nan	nan
10.000000000000000	nan	nan	nan
10.000000000000000	nan	nan	nan
10.000000000000000	nan	nan	nan
10.000000000000000	nan	nan	nan
10.000000000000000	nan	nan	nan
10.000000000000000	nan	nan	nan
10.000000000000000	nan	nan	nan
10.000000000000000	nan	nan	nan
10.000000000000000	nan	nan	nan
10.000000000000000	nan	nan	nan
10.000000000000000	nan	nan	nan
10.000000000000000	nan	nan	nan
10.000000000000000	nan	nan	nan
10.000000000000000	nan	nan	nan
10.000000000000000	nan	nan	nan
10.000000000000000	nan	nan	nan
10.000000000000000	nan	nan	nan
10.000000000000000	nan	nan	nan
10.000000000000000	nan	nan	nan
10.000000000000000	nan	nan	nan
10.000000000000000	nan	nan	nan
10.000000000000000	nan	nan	nan
10.000000000000000	nan	nan	nan
10.000000000000000	nan	nan	nan
10.000000000000000	nan	nan	nan
10.000000000000000	nan	nan	nan
10.000000000000000	nan	nan	nan
10.000000000000000	nan	nan	nan
10.000000000000000	nan	nan	nan
10.000000000000000	nan	nan	nan
10.000000000000000	nan	nan	nan
10.000000000000000	nan	nan	nan
10.000000000000000	nan	nan	nan
10.000000000000000	nan	nan	nan
10.000000000000000	nan	nan	nan
10.000000000000000	nan	nan	nan


11.000000000000000	nan	nan	nan
11.000000000000000	nan	nan	nan
11.000000000000000	nan	nan	nan
11.000000000000000	nan	nan	nan
11.000000000000000	nan	nan	nan
11.000000000000000	nan	nan	nan
11.000000000000000	nan	nan	nan
11.000000000000000	nan	nan	nan
11.000000000000000	nan	nan	nan
11.000000000000000	nan	nan	nan
11.000000000000000	nan	nan	nan
11.000000000000000	nan	nan	nan
11.000000000000000	nan	nan	nan
11.000000000000000	nan	nan	nan
11.000000000000000	nan	nan	nan
11.000000000000000	nan	nan	nan
11.000000000000000	nan	nan	nan
11.000000000000000	nan	nan	nan
11.000000000000000	nan	nan	nan
11.000000000000000	nan	nan	nan
11.000000000000000	nan	nan	nan
11.000000000000000	nan	nan	nan
11.000000000000000	nan	nan	nan
11.000000000000000	nan	nan	nan
11.000000000000000	nan	nan	nan
11.000000000000000	nan	nan	nan
11.000000000000000	nan	nan	nan
11.000000000000000	nan	nan	nan
11.000000000000000	nan	nan	nan
11.000000000000000	nan	nan	nan
11.000000000000000	nan	nan	nan
11.000000000000000	nan	nan	nan
11.000000000000000	nan	nan	nan
11.000000000000000	nan	nan	nan
11.000000000000000	nan	nan	nan
11.000000000000000	nan	nan	nan
11.000000000000000	nan	nan	nan
11.000000000000000	nan	nan	nan
11.000000000000000	nan	nan	nan
11.000000000000000	nan	nan	nan
11.000000000000000	nan	nan	nan
11.000000000000000	nan	nan	nan
11.000000000000000	nan	nan	nan
11.000000000000000	nan	nan	nan
11.000000000000000	nan	nan	nan
11.000000000000000	nan	nan	nan
11.000000000000000	nan	nan	nan
11.000000000000000	nan	nan	nan
11.000000000000000	nan	nan	nan
11.000000000000000	nan	nan	nan
11.000000000000000	nan	nan	nan
11.000000000000000	nan	nan	nan
11.000000000000000	nan	nan	nan
11.000000000000000	nan	nan	nan
11.000000000000000	nan	nan	nan
11.000000000000000	nan	nan	nan
11.000000000000000	nan	nan	nan
11.000000000000000	nan	nan	nan
11.000000000000000	nan	nan	nan
11.000000000000000	nan	nan	nan
11.000000000000000	nan	nan	nan
11.000000000000000	nan	nan	nan
11.000000000000000	nan	nan	nan
11.000000000000000	nan	nan	nan
11.000000000000000	nan	nan	nan
11.000000000000000	nan	nan	nan
11.000000000000000	nan	nan	nan
11.000000000000000	nan	nan	nan
11.000000000000000	nan	nan	nan
11.000000000000000	nan	nan	nan
11.000000000000000	nan	nan	nan
11.000000000000000	nan	nan	nan
11.000000000000000	nan	nan	nan
11.000000000000000	nan	nan	nan
11.000000000000000	nan	nan	nan
11.000000000000000	nan	nan	nan
11.000000000000000	nan	nan	nan
11.000000000000000	nan	nan	nan
11.000000000000000	nan	nan	nan
11.000000000000000	nan	nan	nan
11.000000000000000	nan	nan	nan
11.000000000000000	nan	nan	nan
11.000000000000000	nan	nan	nan
11.000000000000000	nan	nan	nan
11.000000000000000	nan	nan	nan
11.000000000000000	nan	nan	nan
11.000000000000000	nan	nan	nan
11.000000000000000	nan	nan	nan
11.000000000000000	nan	nan	nan
11.000000000000000	nan	nan	nan
11.000000000000000	nan	nan	nan
11.000000000000000	nan	nan	nan
11.000000000000000	nan	nan	nan
11.000000000000000	nan	nan	nan
11.000000000000000	nan	nan	nan
11.000000000000000	nan	nan	nan
11.000000000000000	nan	nan	nan
11.000000000000000	nan	nan	nan
11.000000000000000	nan	nan	nan
11.000000000000000	nan	nan	nan


12.000000000000000	nan	nan	nan
12.000000000000000	nan	nan	nan
12.000000000000000	nan	nan	nan
12.000000000000000	nan	nan	nan
12.000000000000000	nan	nan	nan
12.000000000000000	nan	nan	nan
12.000000000000000	nan	nan	nan
12.000000000000000	nan	nan	nan
12.000000000000000	nan	nan	nan
12.000000000000000	nan	nan	nan
12.000000000000000	nan	nan	nan
12.000000000000000	nan	nan	nan
12.000000000000000	nan	nan	nan
12.000000000000000	nan	nan	nan
12.000000000000000	nan	nan	nan
12.000000000000000	nan	nan	nan
12.000000000000000	nan	nan	nan
12.000000000000000	nan	nan	nan
12.000000000000000	nan	nan	nan
12.000000000000000	nan	nan	nan
12.000000000000000	nan	nan	nan
12.000000000000000	nan	nan	nan
12.000000000000000	nan	nan	nan
12.000000000000000	nan	nan	nan
12.000000000000000	nan	nan	nan
12.000000000000000	nan	nan	nan
12.000000000000000	nan	nan	nan
12.000000000000000	nan	nan	nan
12.000000000000000	nan	nan	nan
12.000000000000000	nan	nan	nan
12.000000000000000	nan	nan	nan
12.000000000000000	nan	nan	nan
12.000000000000000	nan	nan	nan
12.000000000000000	nan	nan	nan
12.000000000000000	nan	nan	nan
12.000000000000000	nan	nan	nan
12.000000000000000	nan	nan	nan
12.000000000000000	nan	nan	nan
12.000000000000000	nan	nan	nan
12.000000000000000	nan	nan	nan
12.000000000000000	nan	nan	nan
12.000000000000000	nan	nan	nan
12.000000000000000	nan	nan	nan
12.000000000000000	nan	nan	nan
12.000000000000000	nan	nan	nan
12.000000000000000	nan	nan	nan
12.000000000000000	nan	nan	nan
12.000000000000000	nan	nan	nan
12.000000000000000	nan	nan	nan
12.000000000000000	nan	nan	nan
12.000000000000000	nan	nan	nan
12.000000000000000	nan	nan	nan
12.000000000000000	nan	nan	nan
12.000000000000000	nan	nan	nan
12.000000000000000	nan	nan	nan
12.000000000000000	nan	nan	nan
12.000000000000000	nan	nan	nan
12.000000000000000	nan	nan	nan
12.000000000000000	nan	nan	nan
12.000000000000000	nan	nan	nan
12.000000000000000	nan	nan	nan
12.000000000000000	nan	nan	nan
12.000000000000000	nan	nan	nan
12.000000000000000	nan	nan	nan
12.000000000000000	nan	nan	nan
12.000000000000000	nan	nan	nan
12.000000000000000	nan	nan	nan
12.000000000000000	nan	nan	nan
12.000000000000000	nan	nan	nan
12.000000000000000	nan	nan	nan
12.000000000000000	nan	nan	nan
12.000000000000000	nan	nan	nan
12.000000000000000	nan	nan	nan
12.000000000000000	nan	nan	nan
12.000000000000000	nan	nan	nan
12.000000000000000	nan	nan	nan
12.000000000000000	nan	nan	nan
12.000000000000000	nan	nan	nan
12.000000000000000	nan	nan	nan
12.000000000000000	nan	nan	nan
12.000000000000000	nan	nan	nan
12.000000000000000	nan	nan	nan
12.000000000000000	nan	nan	nan
12.000000000000000	nan	nan	nan
12.000000000000000	nan	nan	nan
12.000000000000000	nan	nan	nan
12.000000000000000	nan	nan	nan
12.000000000000000	nan	nan	nan
12.000000000000000	nan	nan	nan
12.000000000000000	nan	nan	nan
12.000000000000000	nan	nan	nan
12.000000000000000	nan	nan	nan
12.000000000000000	nan	nan	nan
12.000000000000000	nan	nan	nan
12.000000000000000	nan	nan	nan
12.000000000000000	nan	nan	nan
12.000000000000000	nan	nan	nan
12.000000000000000	nan	nan	nan
12.000000000000000	nan	nan	nan
12.000000000000000	nan	nan	nan


13.000000000000000	nan	nan	nan
13.000000000000000	nan	nan	nan
13.000000000000000	nan	nan	nan
13.000000000000000	nan	nan	nan
13.000000000000000	nan	nan	nan
13.000000000000000	nan	nan	nan
13.000000000000000	nan	nan	nan
13.000000000000000	nan	nan	nan
13.000000000000000	nan	nan	nan
13.000000000000000	nan	nan	nan
13.000000000000000	nan	nan	nan
13.000000000000000	nan	nan	nan
13.000000000000000	nan	nan	nan
13.000000000000000	nan	nan	nan
13.000000000000000	nan	nan	nan
13.000000000000000	nan	nan	nan
13.000000000000000	nan	nan	nan
13.000000000000000	nan	nan	nan
13.000000000000000	nan	nan	nan
13.000000000000000	nan	nan	nan
13.000000000000000	nan	nan	nan
13.000000000000000	nan	nan	nan
13.000000000000000	nan	nan	nan
13.000000000000000	nan	nan	nan
13.000000000000000	nan	nan	nan
13.000000000000000	nan	nan	nan
13.000000000000000	nan	nan	nan
13.000000000000000	nan	nan	nan
13.000000000000000	nan	nan	nan
13.000000000000000	nan	nan	nan
13.000000000000000	nan	nan	nan
13.000000000000000	nan	nan	nan
13.000000000000000	nan	nan	nan
13.000000000000000	nan	nan	nan
13.000000000000000	nan	nan	nan
13.000000000000000	nan	nan	nan
13.000000000000000	nan	nan	nan
13.000000000000000	nan	nan	nan
13.000000000000000	nan	nan	nan
13.000000000000000	nan	nan	nan
13.000000000000000	nan	nan	nan
13.000000000000000	nan	nan	nan
13.000000000000000	nan	nan	nan
13.000000000000000	nan	nan	nan
13.000000000000000	nan	nan	nan
13.000000000000000	nan	nan	nan
13.000000000000000	nan	nan	nan
13.000000000000000	nan	nan	nan
13.000000000000000	nan	nan	nan
13.000000000000000	nan	nan	nan
13.000000000000000	nan	nan	nan
13.000000000000000	nan	nan	nan
13.000000000000000	nan	nan	nan
13.000000000000000	nan	nan	nan
13.000000000000000	nan	nan	nan
13.000000000000000	nan	nan	nan
13.000000000000000	nan	nan	nan
13.000000000000000	nan	nan	nan
13.000000000000000	nan	nan	nan
13.000000000000000	nan	nan	nan
13.000000000000000	nan	nan	nan
13.000000000000000	nan	nan	nan
13.000000000000000	nan	nan	nan
13.000000000000000	nan	nan	nan
13.000000000000000	nan	nan	nan
13.000000000000000	nan	nan	nan
13.000000000000000	nan	nan	nan
13.000000000000000	nan	nan	nan
13.000000000000000	nan	nan	nan
13.000000000000000	nan	nan	nan
13.000000000000000	nan	nan	nan
13.000000000000000	nan	nan	nan
13.000000000000000	nan	nan	nan
13.000000000000000	nan	nan	nan
13.000000000000000	nan	nan	nan
13.000000000000000	nan	nan	nan
13.000000000000000	nan	nan	nan
13.000000000000000	nan	nan	nan
13.000000000000000	nan	nan	nan
13.000000000000000	nan	nan	nan
13.000000000000000	nan	nan	nan
13.000000000000000	nan	nan	nan
13.000000000000000	nan	nan	nan
13.000000000000000	nan	nan	nan
13.000000000000000	nan	nan	nan
13.000000000000000	nan	nan	nan
13.000000000000000	nan	nan	nan
13.000000000000000	nan	nan	nan
13.000000000000000	nan	nan	nan
13.000000000000000	nan	nan	nan
13.000000000000000	nan	nan	nan
13.000000000000000	nan	nan	nan
13.000000000000000	nan	nan	nan
13.000000000000000	nan	nan	nan
13.000000000000000	nan	nan	nan
13.000000000000000	nan	nan	nan
13.000000000000000	nan	nan	nan
13.000000000000000	nan	nan	nan
13.000000000000000	nan	nan	nan
13.000000000000000	nan	nan	nan


14.000000000000000	nan	nan	nan
14.000000000000000	nan	nan	nan
14.000000000000000	nan	nan	nan
14.000000000000000	nan	nan	nan
14.000000000000000	nan	nan	nan
14.000000000000000	nan	nan	nan
14.000000000000000	nan	nan	nan
14.000000000000000	nan	nan	nan
14.000000000000000	nan	nan	nan
14.000000000000000	nan	nan	nan
14.000000000000000	nan	nan	nan
14.000000000000000	nan	nan	nan
14.000000000000000	nan	nan	nan
14.000000000000000	nan	nan	nan
14.000000000000000	nan	nan	nan
14.000000000000000	nan	nan	nan
14.000000000000000	nan	nan	nan
14.000000000000000	nan	nan	nan
14.000000000000000	nan	nan	nan
14.000000000000000	nan	nan	nan
14.000000000000000	nan	nan	nan
14.000000000000000	nan	nan	nan
14.000000000000000	nan	nan	nan
14.000000000000000	nan	nan	nan
14.000000000000000	nan	nan	nan
14.000000000000000	nan	nan	nan
14.000000000000000	nan	nan	nan
14.000000000000000	nan	nan	nan
14.000000000000000	nan	nan	nan
14.000000000000000	nan	nan	nan
14.000000000000000	nan	nan	nan
14.000000000000000	nan	nan	nan
14.000000000000000	nan	nan	nan
14.000000000000000	nan	nan	nan
14.000000000000000	nan	nan	nan
14.000000000000000	nan	nan	nan
14.000000000000000	nan	nan	nan
14.000000000000000	nan	nan	nan
14.000000000000000	nan	nan	nan
14.000000000000000	nan	nan	nan
14.000000000000000	nan	nan	nan
14.000000000000000	nan	nan	nan
14.000000000000000	nan	nan	nan
14.000000000000000	nan	nan	nan
14.000000000000000	nan	nan	nan
14.000000000000000	nan	nan	nan
14.000000000000000	nan	nan	nan
14.000000000000000	nan	nan	nan
14.000000000000000	nan	nan	nan
14.000000000000000	nan	nan	nan
14.000000000000000	nan	nan	nan
14.000000000000000	nan	nan	nan
14.000000000000000	nan	nan	nan
14.000000000000000	nan	nan	nan
14.000000000000000	nan	nan	nan
14.000000000000000	nan	nan	nan
14.000000000000000	nan	nan	nan
14.000000000000000	nan	nan	nan
14.000000000000000	nan	nan	nan
14.000000000000000	nan	nan	nan
14.000000000000000	nan	nan	nan
14.000000000000000	nan	nan	nan
14.000000000000000	nan	nan	nan
14.000000000000000	nan	nan	nan
14.000000000000000	nan	nan	nan
14.000000000000000	nan	nan	nan
14.000000000000000	nan	nan	nan
14.000000000000000	nan	nan	nan
14.000000000000000	nan	nan	nan
14.000000000000000	nan	nan	nan
14.000000000000000	nan	nan	nan
14.000000000000000	nan	nan	nan
14.000000000000000	nan	nan	nan
14.000000000000000	nan	nan	nan
14.000000000000000	nan	nan	nan
14.000000000000000	nan	nan	nan
14.000000000000000	nan	nan	nan
14.000000000000000	nan	nan	nan
14.000000000000000	nan	nan	nan
14.000000000000000	nan	nan	nan
14.000000000000000	nan	nan	nan
14.000000000000000	nan	nan	nan
14.000000000000000	nan	nan	nan
14.000000000000000	nan	nan	nan
14.000000000000000	nan	nan	nan
14.000000000000000	nan	nan	nan
14.000000000000000	nan	nan	nan
14.000000000000000	nan	nan	nan
14.000000000000000	nan	nan	nan
14.000000000000000	nan	nan	nan
14.000000000000000	nan	nan	nan
14.000000000000000	nan	nan	nan
14.000000000000000	nan	nan	nan
14.000000000000000	nan	nan	nan
14.000000000000000	nan	nan	nan
14.000000000000000	nan	nan	nan
14.000000000000000	nan	nan	nan
14.000000000000000	nan	nan	nan
14.000000000000000	nan	nan	nan
14.000000000000000	nan	nan	nan


15.000000000000000	-0.288690734956792	0.585619812499227	0.009593152513176
15.000000000000000	-0.329123274499744	0.563817290404500	0.020788901885775
15.000000000000000	-0.368055006534801	0.539388377099203	0.031895108377274
15.000000000000000	-0.405329166717770	0.512431439195184	0.042867051214001
15.000000000000000	-0.440795665161278	0.483055022767098	0.053660550254629
15.000000000000000	-0.474311690793771	0.451377416275679	0.064232143888021
15.000000000000000	-0.505742286409301	0.417526174261854	0.074539264037793
15.000000000000000	-0.534960892092556	0.381637603729627	0.084540407568935
15.000000000000000	-0.561849854830975	0.343856215285885	0.094195303406290
15.000000000000000	-0.586300902261902	0.304334141247183	0.103465074691955
15.000000000000000	-0.608215578647178	0.263230523056608	0.112312395328671
15.000000000000000	-0.627505641319647	0.220710870477346	0.120701640278840
15.000000000000000	-0.644093416005235	0.176946395143288	0.128599029013981
15.000000000000000	-0.657912109589834	0.132113321150204	0.135972761536991
15.000000000000000	-0.668906079071602	0.086392175463512	0.142793146429512
15.000000000000000	-0.677031055615688	0.039967060999897	0.149032720408794
15.000000000000000	-0.682254322809209	-0.006975084690150	0.154666358912643
15.000000000000000	-0.684554848398696	-0.054245242153873	0.159671377267160
15.000000000000000	-0.683923368979557	-0.101653071150873	0.164027622029923
15.000000000000000	-0.680362427296536	-0.149007677086077	0.167717552140779
15.000000000000000	-0.673886362004978	-0.196118379674897	0.170726309553513
15.000000000000000	-0.664521249934126	-0.242795480745437	0.173041779063943
15.000000000000000	-0.652304801084930	-0.288851028086079	0.174654637093582
15.000000000000000	-0.637286206785187	-0.334099572262698	0.175558389232394
15.000000000000000	-0.619525941613423	-0.378358913358089	0.175749396389489
15.000000000000000	-0.599095519889109	-0.421450834626717	0.175226889446459
15.000000000000000	-0.576077207709739	-0.463201820110661	0.173992972354350
15.000000000000000	-0.550563691694291	-0.503443753327126	0.172052613661787
15.000000000000000	-0.522657705766920	-0.542014594214188	0.169413626508388
15.000000000000000	-0.492471617483714	-0.578759031608935	0.166086637164005
15.000000000000000	-0.460126975568197	-0.613529108630697	0.162085042240489
15.000000000000000	-0.425754020477523	-0.646184818451189	0.157424954748259
15.000000000000000	-0.389491159970121	-0.676594668052594	0.152125139214896
15.000000000000000	-0.351484411786505	-0.704636207703534	0.146206936127016
15.000000000000000	-0.311886815687364	-0.730196524020922	0.139694175999663
15.000000000000000	-0.270857817216465	-0.753172694632301	0.132613083419230
15.000000000000000	-0.228562625669722	-0.773472202607915	0.124992171446311
15.000000000000000	-0.185171548855668	-0.791013308993733	0.116862126803668
15.000000000000000	-0.140859307326024	-0.805725381945362	0.108255686311628
15.000000000000000	-0.095804330837700	-0.817549181137560	0.099207505068464
15.000000000000000	-0.050188039879141	-0.826437096304117	0.089754016906542
15.000000000000000	-0.004194115154052	-0.832353338947592	0.079933287686140
15.000000000000000	0.041992242035968	-0.835274086446960	0.069784862017663
15.000000000000000	0.088185055531703	-0.835187577982900	0.059349604029456
15.000000000000000	0.134198323176671	-0.832094161894466	0.048669532822378
15.000000000000000	0.179846765782161	-0.826006294276442	0.037787653273714
15.000000000000000	0.224946573181134	-0.816948488823053	0.026747782871716
15.000000000000000	0.269316144366892	-0.804957218119962	0.015594375278039
15.000000000000000	0.312776818736231	-0.790080766782047	0.004372341328537
15.000000000000000	0.355153595492642	-0.772379037028295	-0.006873131806822
15.000000000000000	0.396275838312746	-0.751923307476708	-0.018096762576743
15.000000000000000	0.435977962438545	-0.728795946130470	-0.029253357381424
15.000000000000000	0.474100101428802	-0.703090078711063	-0.040297992551238
15.000000000000000	0.510488750884774	-0.674909213673859	-0.051186195238491
15.000000000000000	0.544997386558251	-0.644366825416103	-0.061874122493886
15.000000000000000	0.577487054352982	-0.611585897355563	-0.072318737806602
15.000000000000000	0.607826929843783	-0.576698426719713	-0.082477984397136
15.000000000000000	0.635894845060324	-0.539844893039491	-0.092310954565112
15.000000000000000	0.661577780414423	-0.501173692487800	-0.101778054410148
15.000000000000000	0.684772319790042	-0.460840540340503	-0.110841163262522
15.000000000000000	0.705385066963482	-0.419007843965963	-0.119463787181654
15.000000000000000	0.723333021677017	-0.375844048867890	-0.127611205904322
15.000000000000000	0.738543913851635	-0.331522960414752	-0.135250612650912
15.000000000000000	0.750956494593137	-0.286223043986897	-0.142351246226735
15.000000000000000	0.760520782819821	-0.240126706359457	-0.148884514886507
15.000000000000000	0.767198266518654	-0.193419561214644	-0.154824111463210
15.000000000000000	0.770962057819557	-0.146289681740958	-0.160146119297774
15.000000000000000	0.771797001263367	-0.098926843328844	-0.164829108543018
15.000000000000000	0.769699734827526	-0.051521759412168	-0.168854222454085
15.000000000000000	0.764678703463752	-0.004265313532535	-0.172205253317893
15.000000000000000	0.756754125093206	0.042652209281369	-0.174868707715878
15.000000000000000	0.745957909196055	0.089041888724417	-0.176833860857230
15.000000000000000	0.732333528323261	0.134716929930440	-0.178092799763837
15.000000000000000	0.715935843047957	0.179493415629224	-0.178640455133057
15.000000000000000	0.696830881061287	0.223191046716442	-0.178474621750010
15.000000000000000	0.675095571302194	0.265633868254510	-0.177595967367199
15.000000000000000	0.650817434191734	0.306650977981026	-0.176008030015708
15.000000000000000	0.624094229219236	0.346077214471853	-0.173717203758799
15.000000000000000	0.595033561299333	0.383753822187889	-0.170732712945276
15.000000000000000	0.563752447484960	0.419529090727582	-0.167066575066288
15.000000000000000	0.530376845780970	0.453258965711184	-0.162733552365132
15.000000000000000	0.495041147955716	0.484807628836884	-0.157751092394912
15.000000000000000	0.457887638392826	0.514048044773179	-0.152139257763402
15.000000000000000	0.419065921162210	0.540862472685315	-0.145920645347999
15.000000000000000	0.378732317617273	0.565142940336077	-0.139120295306080
15.000000000000000	0.337049236943994	0.586791678851874	-0.131765590247123
15.000000000000000	0.294184522196463	0.605721516403491	-0.123886144972602
15.000000000000000	0.250310774452135	0.621856229216274	-0.115513687227638
15.000000000000000	0.205604657808208	0.635130848496375	-0.106681929944561
15.000000000000000	0.160246188017663	0.645491922037145	-0.097426435492839
15.000000000000000	0.114418007629358	0.652897729452313	-0.087784472481958
15.000000000000000	0.068304650550945	0.657318450169251	-0.077794865693892
15.000000000000000	0.022091798995957	0.658736283505898	-0.067497839749409
15.000000000000000	-0.024034464192932	0.657145520347822	-0.056934857137714
15.000000000000000	-0.069888404833837	0.652552566136812	-0.046148451261646
15.000000000000000	-0.115285385291661	0.644975915078420	-0.035182055170674
15.000000000000000	-0.160042607948680	0.634446075672327	-0.024079826671335
15.000000000000000	-0.203979851266039	0.621005447865380	-0.012886470519333
15.000000000000000	-0.246920195472273	0.604708152321972	-0.001647058409267
15.000000000000000	-0.288690734956792	0.585619812499227	0.009593152513176


16.000000000000000	nan	nan	nan
16.000000000000000	nan	nan	nan
16.000000000000000	nan	nan	nan
16.000000000000000	nan	nan	nan
16.000000000000000	nan	nan	nan
16.000000000000000	nan	nan	nan
16.000000000000000	nan	nan	nan
16.000000000000000	nan	nan	nan
16.000000000000000	nan	nan	nan
16.000000000000000	nan	nan	nan
16.000000000000000	nan	nan	nan
16.000000000000000	nan	nan	nan
16.000000000000000	nan	nan	nan
16.000000000000000	nan	nan	nan
16.000000000000000	nan	nan	nan
16.000000000000000	nan	nan	nan
16.000000000000000	nan	nan	nan
16.000000000000000	nan	nan	nan
16.000000000000000	nan	nan	nan
16.000000000000000	nan	nan	nan
16.000000000000000	nan	nan	nan
16.000000000000000	nan	nan	nan
16.000000000000000	nan	nan	nan
16.000000000000000	nan	nan	nan
16.000000000000000	nan	nan	nan
16.000000000000000	nan	nan	nan
16.000000000000000	nan	nan	nan
16.000000000000000	nan	nan	nan
16.000000000000000	nan	nan	nan
16.000000000000000	nan	nan	nan
16.000000000000000	nan	nan	nan
16.000000000000000	nan	nan	nan
16.000000000000000	nan	nan	nan
16.000000000000000	nan	nan	nan
16.000000000000000	nan	nan	nan
16.000000000000000	nan	nan	nan
16.000000000000000	nan	nan	nan
16.000000000000000	nan	nan	nan
16.000000000000000	nan	nan	nan
16.000000000000000	nan	nan	nan
16.000000000000000	nan	nan	nan
16.000000000000000	nan	nan	nan
16.000000000000000	nan	nan	nan
16.000000000000000	nan	nan	nan
16.000000000000000	nan	nan	nan
16.000000000000000	nan	nan	nan
16.000000000000000	nan	nan	nan
16.000000000000000	nan	nan	nan
16.000000000000000	nan	nan	nan
16.000000000000000	nan	nan	nan
16.000000000000000	nan	nan	nan
16.000000000000000	nan	nan	nan
16.000000000000000	nan	nan	nan
16.000000000000000	nan	nan	nan
16.000000000000000	nan	nan	nan
16.000000000000000	nan	nan	nan
16.000000000000000	nan	nan	nan
16.000000000000000	nan	nan	nan
16.000000000000000	nan	nan	nan
16.000000000000000	nan	nan	nan
16.000000000000000	nan	nan	nan
16.000000000000000	nan	nan	nan
16.000000000000000	nan	nan	nan
16.000000000000000	nan	nan	nan
16.000000000000000	nan	nan	nan
16.000000000000000	nan	nan	nan
16.000000000000000	nan	nan	nan
16.000000000000000	nan	nan	nan
16.000000000000000	nan	nan	nan
16.000000000000000	nan	nan	nan
16.000000000000000	nan	nan	nan
16.000000000000000	nan	nan	nan
16.000000000000000	nan	nan	nan
16.000000000000000	nan	nan	nan
16.000000000000000	nan	nan	nan
16.000000000000000	nan	nan	nan
16.000000000000000	nan	nan	nan
16.000000000000000	nan	nan	nan
16.000000000000000	nan	nan	nan
16.000000000000000	nan	nan	nan
16.000000000000000	nan	nan	nan
16.000000000000000	nan	nan	nan
16.000000000000000	nan	nan	nan
16.000000000000000	nan	nan	nan
16.000000000000000	nan	nan	nan
16.000000000000000	nan	nan	nan
16.000000000000000	nan	nan	nan
16.000000000000000	nan	nan	nan
16.000000000000000	nan	nan	nan
16.000000000000000	nan	nan	nan
16.000000000000000	nan	nan	nan
16.000000000000000	nan	nan	nan
16.000000000000000	nan	nan	nan
16.000000000000000	nan	nan	nan
16.000000000000000	nan	nan	nan
16.000000000000000	nan	nan	nan
16.000000000000000	nan	nan	nan
16.000000000000000	nan	nan	nan
16.000000000000000	nan	nan	nan
16.000000000000000	nan	nan	nan


17.000000000000000	nan	nan	nan
17.000000000000000	nan	nan	nan
17.000000000000000	nan	nan	nan
17.000000000000000	nan	nan	nan
17.000000000000000	nan	nan	nan
17.000000000000000	nan	nan	nan
17.000000000000000	nan	nan	nan
17.000000000000000	nan	nan	nan
17.000000000000000	nan	nan	nan
17.000000000000000	nan	nan	nan
17.000000000000000	nan	nan	nan
17.000000000000000	nan	nan	nan
17.000000000000000	nan	nan	nan
17.000000000000000	nan	nan	nan
17.000000000000000	nan	nan	nan
17.000000000000000	nan	nan	nan
17.000000000000000	nan	nan	nan
17.000000000000000	nan	nan	nan
17.000000000000000	nan	nan	nan
17.000000000000000	nan	nan	nan
17.000000000000000	nan	nan	nan
17.000000000000000	nan	nan	nan
17.000000000000000	nan	nan	nan
17.000000000000000	nan	nan	nan
17.000000000000000	nan	nan	nan
17.000000000000000	nan	nan	nan
17.000000000000000	nan	nan	nan
17.000000000000000	nan	nan	nan
17.000000000000000	nan	nan	nan
17.000000000000000	nan	nan	nan
17.000000000000000	nan	nan	nan
17.000000000000000	nan	nan	nan
17.000000000000000	nan	nan	nan
17.000000000000000	nan	nan	nan
17.000000000000000	nan	nan	nan
17.000000000000000	nan	nan	nan
17.000000000000000	nan	nan	nan
17.000000000000000	nan	nan	nan
17.000000000000000	nan	nan	nan
17.000000000000000	nan	nan	nan
17.000000000000000	nan	nan	nan
17.000000000000000	nan	nan	nan
17.000000000000000	nan	nan	nan
17.000000000000000	nan	nan	nan
17.000000000000000	nan	nan	nan
17.000000000000000	nan	nan	nan
17.000000000000000	nan	nan	nan
17.000000000000000	nan	nan	nan
17.000000000000000	nan	nan	nan
17.000000000000000	nan	nan	nan
17.000000000000000	nan	nan	nan
17.000000000000000	nan	nan	nan
17.000000000000000	nan	nan	nan
17.000000000000000	nan	nan	nan
17.000000000000000	nan	nan	nan
17.000000000000000	nan	nan	nan
17.000000000000000	nan	nan	nan
17.000000000000000	nan	nan	nan
17.000000000000000	nan	nan	nan
17.000000000000000	nan	nan	nan
17.000000000000000	nan	nan	nan
17.000000000000000	nan	nan	nan
17.000000000000000	nan	nan	nan
17.000000000000000	nan	nan	nan
17.000000000000000	nan	nan	nan
17.000000000000000	nan	nan	nan
17.000000000000000	nan	nan	nan
17.000000000000000	nan	nan	nan
17.000000000000000	nan	nan	nan
17.000000000000000	nan	nan	nan
17.000000000000000	nan	nan	nan
17.000000000000000	nan	nan	nan
17.000000000000000	nan	nan	nan
17.000000000000000	nan	nan	nan
17.000000000000000	nan	nan	nan
17.000000000000000	nan	nan	nan
17.000000000000000	nan	nan	nan
17.000000000000000	nan	nan	nan
17.000000000000000	nan	nan	nan
17.000000000000000	nan	nan	nan
17.000000000000000	nan	nan	nan
17.000000000000000	nan	nan	nan
17.000000000000000	nan	nan	nan
17.000000000000000	nan	nan	nan
17.000000000000000	nan	nan	nan
17.000000000000000	nan	nan	nan
17.000000000000000	nan	nan	nan
17.000000000000000	nan	nan	nan
17.000000000000000	nan	nan	nan
17.000000000000000	nan	nan	nan
17.000000000000000	nan	nan	nan
17.000000000000000	nan	nan	nan
17.000000000000000	nan	nan	nan
17.000000000000000	nan	nan	nan
17.000000000000000	nan	nan	nan
17.000000000000000	nan	nan	nan
17.000000000000000	nan	nan	nan
17.000000000000000	nan	nan	nan
17.000000000000000	nan	nan	nan
17.000000000000000	nan	nan	nan


18.000000000000000	-1.043603584776955	0.578854448440726	0.108240383000214
18.000000000000000	-1.078616361830138	0.509418805995066	0.114581421508576
18.000000000000000	-1.109174892485610	0.437870323934545	0.120449564340326
18.000000000000000	-1.135156128325864	0.364497102743829	0.125821182555405
18.000000000000000	-1.156455452084087	0.289594590488032	0.130674646543141
18.000000000000000	-1.172987098900969	0.213464393147633	0.134990413117055
18.000000000000000	-1.184684501669519	0.136413060157643	0.138751104208376
18.000000000000000	-1.191500559077315	0.058750850041225	0.141941576841393
18.000000000000000	-1.193407825266859	-0.019209518891875	0.144548984108869
18.000000000000000	-1.190398620350364	-0.097154127751591	0.146562826902007
18.000000000000000	-1.182485061333949	-0.174769121108108	0.147974996186652
18.000000000000000	-1.169699013326732	-0.251741970776907	0.148779805655511
18.000000000000000	-1.152091961231281	-0.327762734259461	0.148974014624905
18.000000000000000	-1.129734802432087	-0.402525302772280	0.148556841083860
18.000000000000000	-1.102717561316812	-0.475728633838944	0.147529964842986
18.000000000000000	-1.071149026779862	-0.547077963481909	0.145897520770477
18.000000000000000	-1.035156314167898	-0.616285993133004	0.143666082142450
18.000000000000000	-0.994884353431207	-0.683074046483366	0.140844634174689
18.000000000000000	-0.950495305541937	-0.747173191614580	0.137444537842347
18.000000000000000	-0.902167909529101	-0.808325323892598	0.133479484133312
18.000000000000000	-0.850096762759588	-0.866284205263999	0.128965438919429
18.000000000000000	-0.794491537363252	-0.920816455769727	0.123920578667571
18.000000000000000	-0.735576135957248	-0.971702493283814	0.118365217249419
18.000000000000000	-0.673587790069213	-1.018737417693099	0.112321724144675
18.000000000000000	-0.608776104889637	-1.061731835957671	0.105814434367057
18.000000000000000	-0.541402054199859	-1.100512624729790	0.098869550475794
18.000000000000000	-0.471736929522755	-1.134923627460508	0.091515037067160
18.000000000000000	-0.400061247727528	-1.164826283186978	0.083780508170925
18.000000000000000	-0.326663621487282	-1.190100184468545	0.075697108005098
18.000000000000000	-0.251839597137652	-1.210643562225015	0.067297385569162
18.000000000000000	-0.175890464616020	-1.226373695524818	0.058615163580737
18.000000000000000	-0.099122044273278	-1.237227244673011	0.049685402283434
18.000000000000000	-0.021843455443211	-1.243160506257864	0.040544058674293
18.000000000000000	0.055634128271959	-1.244149589129084	0.031227941717648
18.000000000000000	0.132998731987842	-1.240190510599039	0.021774564128419
18.000000000000000	0.209938835750628	-1.231299212479637	0.012221991321647
18.000000000000000	0.286144628917994	-1.217511496890278	0.002608688136502
18.000000000000000	0.361309257657217	-1.198882882095350	-0.007026636048043
18.000000000000000	0.435130060537249	-1.175488378951779	-0.016645183182225
18.000000000000000	0.507309787239487	-1.147422188866782	-0.026208222771541
18.000000000000000	0.577557795479883	-1.114797324482042	-0.035677247830781
18.000000000000000	0.645591221322852	-1.077745154611696	-0.045014129938063
18.000000000000000	0.711136118174498	-1.036414875266477	-0.054181272764536
18.000000000000000	0.773928559868861	-0.990972908894045	-0.063141763461525
18.000000000000000	0.833715703405439	-0.941602234254523	-0.071859521295541
18.000000000000000	0.890256807058711	-0.888501649629612	-0.080299442932665
18.000000000000000	0.943324199760095	-0.831884972332077	-0.088427543787283
18.000000000000000	0.992704197848988	-0.771980177738890	-0.096211094866015
18.000000000000000	1.038197965501449	-0.709028481314855	-0.103618754555823
18.000000000000000	1.079622315371882	-0.643283367323062	-0.110620694825624
18.000000000000000	1.116810446223827	-0.575009568133228	-0.117188721333242
18.000000000000000	1.149612614579661	-0.504481998237879	-0.123296386954076
18.000000000000000	1.177896737684736	-0.431984647268716	-0.128919098274332
18.000000000000000	1.201548925358014	-0.357809436470604	-0.134034214620024
18.000000000000000	1.220473938587625	-0.282255043237749	-0.138621139222978
18.000000000000000	1.234595573024761	-0.205625698445248	-0.142661402156744
18.000000000000000	1.243856965831684	-0.128229961418729	-0.146138734708472
18.000000000000000	1.248220824648314	-0.050379477474855	-0.149039134887281
18.000000000000000	1.247669577755392	0.027612276964374	-0.151350923805327
18.000000000000000	1.242205444829596	0.105431256630536	-0.153064792704570
18.000000000000000	1.231850428005688	0.182764111958239	-0.154173840439852
18.000000000000000	1.216646223281678	0.259299450833228	-0.154673601267373
18.000000000000000	1.196654052623761	0.334729092458524	-0.154562062826671
18.000000000000000	1.171954417447064	0.408749308289724	-0.153839674243677
18.000000000000000	1.142646774464861	0.481062045042650	-0.152509344322253
18.000000000000000	1.108849135211492	0.551376124848727	-0.150576429831462
18.000000000000000	1.070697590851563	0.619408417725494	-0.148048713935747
18.000000000000000	1.028345764188863	0.684884981641108	-0.144936374854879
18.000000000000000	0.981964191081549	0.747542165582228	-0.141251944879857
18.000000000000000	0.931739633754437	0.807127671183584	-0.137010259909791
18.000000000000000	0.877874328773438	0.863401568644453	-0.132228399712982
18.000000000000000	0.820585172710287	0.916137262841282	-0.126925619152714
18.000000000000000	0.760102848776600	0.965122405746274	-0.121123270654719
18.000000000000000	0.696670897943999	1.010159751477952	-0.114844718228496
18.000000000000000	0.630544738290574	1.051067950540706	-0.108115243388690
18.000000000000000	0.561990636522434	1.087682280055203	-0.100961943355355
18.000000000000000	0.491284635811656	1.119855307039288	-0.093413621943011
18.000000000000000	0.418711444267861	1.147457482068566	-0.085500673577854
18.000000000000000	0.344563288519137	1.170377660926209	-0.077254960910124
18.000000000000000	0.269138737018559	1.188523552141492	-0.068709686514461
18.000000000000000	0.192741497814391	1.201822088614970	-0.059899259194856
18.000000000000000	0.115679195624979	1.210219721833900	-0.050859155432538
18.000000000000000	0.038262133142583	1.213682637493202	-0.041625776534710
18.000000000000000	-0.039197958446053	1.212196891653730	-0.032236302059331
18.000000000000000	-0.116389174691156	1.205768466889595	-0.022728540106156
18.000000000000000	-0.193000693809069	1.194423248198449	-0.013140775076865
18.000000000000000	-0.268724028251859	1.178206918771739	-0.003511613517289
18.000000000000000	-0.343254266877806	1.157184776044612	0.006120171337523
18.000000000000000	-0.416291302720945	1.131441468766197	0.015715795689440
18.000000000000000	-0.487541041415905	1.101080656148963	0.025236621345913
18.000000000000000	-0.556716585412110	1.066224590469662	0.034644311302339
18.000000000000000	-0.623539389208965	1.027013624802552	0.043900984111649
18.000000000000000	-0.687740380960273	0.983605647867108	0.052969366419525
18.000000000000000	-0.749061045931593	0.936175448265874	0.061812943051042
18.000000000000000	-0.807254467447829	0.884914010672453	0.070396104044391
18.000000000000000	-0.862086321139542	0.830027746803626	0.078684288039624
18.000000000000000	-0.913335818484477	0.771737664272229	0.086644121445056
18.000000000000000	-0.960796595845016	0.710278476667496	0.094243552820935
18.000000000000000	-1.004277545421713	0.645897658446272	0.101451981939285
18.000000000000000	-1.043603584776955	0.578854448440726	0.108240383000214


19.000000000000000	nan	nan	nan
19.000000000000000	nan	nan	nan
19.000000000000000	nan	nan	nan
19.000000000000000	nan	nan	nan
19.000000000000000	nan	nan	nan
19.000000000000000	nan	nan	nan
19.000000000000000	nan	nan	nan
19.000000000000000	nan	nan	nan
19.000000000000000	nan	nan	nan
19.000000000000000	nan	nan	nan
19.000000000000000	nan	nan	nan
19.000000000000000	nan	nan	nan
19.000000000000000	nan	nan	nan
19.000000000000000	nan	nan	nan
19.000000000000000	nan	nan	nan
19.000000000000000	nan	nan	nan
19.000000000000000	nan	nan	nan
19.000000000000000	nan	nan	nan
19.000000000000000	nan	nan	nan
19.000000000000000	nan	nan	nan
19.000000000000000	nan	nan	nan
19.000000000000000	nan	nan	nan
19.000000000000000	nan	nan	nan
19.000000000000000	nan	nan	nan
19.000000000000000	nan	nan	nan
19.000000000000000	nan	nan	nan
19.000000000000000	nan	nan	nan
19.000000000000000	nan	nan	nan
19.000000000000000	nan	nan	nan
19.000000000000000	nan	nan	nan
19.000000000000000	nan	nan	nan
19.000000000000000	nan	nan	nan
19.000000000000000	nan	nan	nan
19.000000000000000	nan	nan	nan
19.000000000000000	nan	nan	nan
19.000000000000000	nan	nan	nan
19.000000000000000	nan	nan	nan
19.000000000000000	nan	nan	nan
19.000000000000000	nan	nan	nan
19.000000000000000	nan	nan	nan
19.000000000000000	nan	nan	nan
19.000000000000000	nan	nan	nan
19.000000000000000	nan	nan	nan
19.000000000000000	nan	nan	nan
19.000000000000000	nan	nan	nan
19.000000000000000	nan	nan	nan
19.000000000000000	nan	nan	nan
19.000000000000000	nan	nan	nan
19.000000000000000	nan	nan	nan
19.000000000000000	nan	nan	nan
19.000000000000000	nan	nan	nan
19.000000000000000	nan	nan	nan
19.000000000000000	nan	nan	nan
19.000000000000000	nan	nan	nan
19.000000000000000	nan	nan	nan
19.000000000000000	nan	nan	nan
19.000000000000000	nan	nan	nan
19.000000000000000	nan	nan	nan
19.000000000000000	nan	nan	nan
19.000000000000000	nan	nan	nan
19.000000000000000	nan	nan	nan
19.000000000000000	nan	nan	nan
19.000000000000000	nan	nan	nan
19.000000000000000	nan	nan	nan
19.000000000000000	nan	nan	nan
19.000000000000000	nan	nan	nan
19.000000000000000	nan	nan	nan
19.000000000000000	nan	nan	nan
19.000000000000000	nan	nan	nan
19.000000000000000	nan	nan	nan
19.000000000000000	nan	nan	nan
19.000000000000000	nan	nan	nan
19.000000000000000	nan	nan	nan
19.000000000000000	nan	nan	nan
19.000000000000000	nan	nan	nan
19.000000000000000	nan	nan	nan
19.000000000000000	nan	nan	nan
19.000000000000000	nan	nan	nan
19.000000000000000	nan	nan	nan
19.000000000000000	nan	nan	nan
19.000000000000000	nan	nan	nan
19.000000000000000	nan	nan	nan
19.000000000000000	nan	nan	nan
19.000000000000000	nan	nan	nan
19.000000000000000	nan	nan	nan
19.000000000000000	nan	nan	nan
19.000000000000000	nan	nan	nan
19.000000000000000	nan	nan	nan
19.000000000000000	nan	nan	nan
19.000000000000000	nan	nan	nan
19.000000000000000	nan	nan	nan
19.000000000000000	nan	nan	nan
19.000000000000000	nan	nan	nan
19.000000000000000	nan	nan	nan
19.000000000000000	nan	nan	nan
19.000000000000000	nan	nan	nan
19.000000000000000	nan	nan	nan
19.000000000000000	nan	nan	nan
19.000000000000000	nan	nan	nan
19.000000000000000	nan	nan	nan


20.000000000000000	-0.383114748497741	-1.704638665126572	-0.236264382091733
20.000000000000000	-0.264204034280558	-1.727057664802604	-0.238588627921140
20.000000000000000	-0.144098121137641	-1.741938014659409	-0.239871163468081
20.000000000000000	-0.023280633190582	-1.749219796780039	-0.240106824414573
20.000000000000000	0.097761940178434	-1.748873689997957	-0.239294661837157
20.000000000000000	0.218542203247672	-1.740901087963015	-0.237437946027887
20.000000000000000	0.338573816526396	-1.725334093529730	-0.234544153326010
20.000000000000000	0.457373455072339	-1.702235389490409	-0.230624936013389
20.000000000000000	0.574462754670672	-1.671697986173677	-0.225696075394880
20.000000000000000	0.689370238037848	-1.633844846924702	-0.219777418252583
20.000000000000000	0.801633213294230	-1.588828392975212	-0.212892796929856
20.000000000000000	0.910799637060978	-1.536829889696983	-0.205069933366883
20.000000000000000	1.016429934679191	-1.478058716710170	-0.196340327474199
20.000000000000000	1.118098770221917	-1.412751524785471	-0.186739130293675
20.000000000000000	1.215396759171807	-1.341171282934999	-0.176305002457675
20.000000000000000	1.307932116868078	-1.263606219528888	-0.165079958516333
20.000000000000000	1.395332236085066	-1.180368661701368	-0.153109197759792
20.000000000000000	1.477245187390011	-1.091793777719632	-0.140440922216613
20.000000000000000	1.553341136238675	-0.998238227379521	-0.127126142561219
20.000000000000000	1.623313671102633	-0.900078725862407	-0.113218472711915
20.000000000000000	1.686881037280361	-0.797710526836116	-0.098773913946558
20.000000000000000	1.743787271423964	-0.691545830907906	-0.083850629405178
20.000000000000000	1.793803232213249	-0.582012125838114	-0.068508709887545
20.000000000000000	1.836727523026938	-0.469550465197818	-0.052809931888720
20.000000000000000	1.872387302895786	-0.354613692401772	-0.036817508846919
20.000000000000000	1.900638982472157	-0.237664617267809	-0.020595836605306
20.000000000000000	1.921368802213652	-0.119174152445047	-0.004210234112658
20.000000000000000	1.934493290452633	0.000380582785145	0.012273319592982
20.000000000000000	1.939959599507168	0.120518183700094	0.028788451058609
20.000000000000000	1.937745718479993	0.240754898582732	0.045268659678724
20.000000000000000	1.927860561888630	0.360606576619028	0.061647585469801
20.000000000000000	1.910343933769768	0.479590617402430	0.077859276278519
20.000000000000000	1.885266367402456	0.597227914195381	0.093838453347806
20.000000000000000	1.852728841295485	0.713044783123047	0.109520774171356
20.000000000000000	1.812862372582571	0.826574870531096	0.124843091578188
20.000000000000000	1.765827489462598	0.937361030827276	0.139743708004024
20.000000000000000	1.711813584809223	1.044957167245356	0.154162623925594
20.000000000000000	1.651038153552612	1.148930028119369	0.168041779457551
20.000000000000000	1.583745916904128	1.248860951435147	0.181325288139127
20.000000000000000	1.510207836950377	1.344347550634495	0.193959661969194
20.000000000000000	1.430720025584526	1.435005334883837	0.205894026783562
20.000000000000000	1.345602552168218	1.520469257283100	0.217080327107283
20.000000000000000	1.255198154725218	1.600395184780743	0.227473519657088
20.000000000000000	1.159870859856361	1.674461283876091	0.237031754714792
20.000000000000000	1.060004516932909	1.742369316529252	0.245716544641337
20.000000000000000	0.956001252470611	1.803845841060452	0.253492918852931
20.000000000000000	0.848279850908153	1.858643313203160	0.260329564635247
20.000000000000000	0.737274068310028	1.906541082877482	0.266198953228671
20.000000000000000	0.623430885783961	1.947346282670159	0.271077450676902
20.000000000000000	0.507208709645743	1.980894604443568	0.274945412992551
20.000000000000000	0.389075525578787	2.007050960946598	0.277787265256545
20.000000000000000	0.269507014220964	2.025710029763335	0.279591564332832
20.000000000000000	0.148984635766546	2.036796677409255	0.280351044945848
20.000000000000000	0.027993691295950	2.040266261867252	0.280062648935218
20.000000000000000	-0.092978631360443	2.036104812345281	0.278727537569889
20.000000000000000	-0.213445219355721	2.024329085531810	0.276351086872111
20.000000000000000	-0.332920996257961	2.004986498122547	0.272942865970089
20.000000000000000	-0.450924875281807	1.978154935890143	0.268516598566485
20.000000000000000	-0.566981696455165	1.943942440065677	0.263090107677912
20.000000000000000	-0.680624139920700	1.902486772294745	0.256685243867930
20.000000000000000	-0.791394607667971	1.853954859919941	0.249327797262546
20.000000000000000	-0.898847066119104	1.798542123823364	0.241047393702475
20.000000000000000	-1.002548842148593	1.736471691535693	0.231877375450336
20.000000000000000	-1.102082365305262	1.667993498780380	0.221854666933130
20.000000000000000	-1.197046849221097	1.593383283070698	0.211019626060603
20.000000000000000	-1.287059905436491	1.512941473412099	0.199415881718189
20.000000000000000	-1.371759083143613	1.426991980580643	0.187090158088884
20.000000000000000	-1.450803328647882	1.335880892848625	0.174092086511459
20.000000000000000	-1.523874358670826	1.239975082409250	0.160474005632565
20.000000000000000	-1.590677941964508	1.139660728111801	0.146290750657486
20.000000000000000	-1.650945084076915	1.035341760455704	0.131599432548114
20.000000000000000	-1.704433110497669	0.927438235104985	0.116459208057268
20.000000000000000	-1.750926643822641	0.816384641472353	0.100931041525323
20.000000000000000	-1.790238471002733	0.702628153183691	0.085077459398334
20.000000000000000	-1.822210297184758	0.586626827467693	0.068962298456104
20.000000000000000	-1.846713383108935	0.468847760721076	0.052650448764002
20.000000000000000	-1.863649063496460	0.349765207676239	0.036207592383572
20.000000000000000	-1.872949144339755	0.229858671744849	0.019699938894053
20.000000000000000	-1.874576177495670	0.109610974226834	0.003193958789775
20.000000000000000	-1.868523611475938	-0.010493689840572	-0.013243884173065
20.000000000000000	-1.854815817827703	-0.129971701365365	-0.029547400602489
20.000000000000000	-1.833507992997907	-0.248341964564155	-0.045650941992062
20.000000000000000	-1.804685936076677	-0.365127844165084	-0.061489665064252
20.000000000000000	-1.768465703314667	-0.479859084649850	-0.076999792871425
20.000000000000000	-1.724993140805507	-0.592073703806696	-0.092118871603106
20.000000000000000	-1.674443297215048	-0.701319852969731	-0.106786022065426
20.000000000000000	-1.617019718922179	-0.807157636454019	-0.120942184820153
20.000000000000000	-1.552953630409390	-0.909160882860258	-0.134530357996204
20.000000000000000	-1.482503003203397	-1.006918861116578	-0.147495826816058
20.000000000000000	-1.405951517114845	-1.100037934347612	-0.159786383912861
20.000000000000000	-1.323607417959846	-1.188143144911254	-0.171352539551059
20.000000000000000	-1.235802276362860	-1.270879724220750	-0.182147720904099
20.000000000000000	-1.142889652638820	-1.347914521272580	-0.192128459586765
20.000000000000000	-1.045243673130530	-1.418937344127969	-0.201254566687021
20.000000000000000	-0.943257523733932	-1.483662208946341	-0.209489294592577
20.000000000000000	-0.837341866677269	-1.541828491541308	-0.216799484960553
20.000000000000000	-0.727923186929235	-1.593201976822290	-0.223155702234424
20.000000000000000	-0.615442074894538	-1.637575801896011	-0.228532352170615
20.000000000000000	-0.500351452311833	-1.674771289030363	-0.232907784897487
20.000000000000000	-0.383114748497741	-1.704638665126572	-0.236264382091733


21.000000000000000	1.399533860346643	0.341804620109037	0.197939044611342
21.000000000000000	1.374766967357506	0.437068914104231	0.185358458058287
21.000000000000000	1.344023696120888	0.530465660440319	0.171969172548437
21.000000000000000	1.307427838939413	0.621618783383605	0.157825102008876
21.000000000000000	1.265126754413671	0.710161241479922	0.142983199619603
21.000000000000000	1.217290774081142	0.795736505501027	0.127503228483185
21.000000000000000	1.164112516551215	0.877999994061962	0.111447520979828
21.000000000000000	1.105806111898029	0.956620461128678	0.094880727776886
21.000000000000000	1.042606339434238	1.031281329828902	0.077869557503441
21.000000000000000	0.974767682337590	1.101681967195465	0.060482508138197
21.000000000000000	0.902563302936981	1.167538894709159	0.042789591192298
21.000000000000000	0.826283942784171	1.228586929766679	0.024862049797680
21.000000000000000	0.746236751940171	1.284580253477372	0.006772071836126
21.000000000000000	0.662744052190352	1.335293400489149	-0.011407500735860
21.000000000000000	0.576142039168380	1.380522166857883	-0.029603465195895
21.000000000000000	0.486779428615052	1.420084432304618	-0.047742552817253
21.000000000000000	0.395016052223091	1.453820893549656	-0.065751723896159
21.000000000000000	0.301221408721914	1.481595705770636	-0.083558461856904
21.000000000000000	0.205773176036666	1.503297029601692	-0.101091065250496
21.000000000000000	0.109055690512512	1.518837481471103	-0.118278936471093
21.000000000000000	0.011458399327823	1.528154485464096	-0.135052866027643
21.000000000000000	-0.086625707672155	1.531210525293971	-0.151345311226073
21.000000000000000	-0.184801680406709	1.527993295366942	-0.167090668139888
21.000000000000000	-0.282674198884233	1.518515750332424	-0.182225535774021
21.000000000000000	-0.379849165016314	1.502816052919231	-0.196688971358266
21.000000000000000	-0.475935289511638	1.480957420267736	-0.210422735742306
21.000000000000000	-0.570545667459860	1.453027869376757	-0.223371527904212
21.000000000000000	-0.663299336261126	1.419139862690172	-0.235483207628143
21.000000000000000	-0.753822809628004	1.379429855250347	-0.246709005454594
21.000000000000000	-0.841751581482940	1.334057745241843	-0.257003719057793
21.000000000000000	-0.926731593695586	1.283206230137860	-0.266325895259515
21.000000000000000	-1.008420661749929	1.227080071041996	-0.274637996946399
21.000000000000000	-1.086489852600561	1.165905268187553	-0.281906554218656
21.000000000000000	-1.160624809169961	1.099928150914359	-0.288102299161544
21.000000000000000	-1.230527016153495	1.029414385787462	-0.293200283696926
21.000000000000000	-1.295915002035188	0.954647906851633	-0.297179980040382
21.000000000000000	-1.356525472474178	0.875929772329186	-0.300025363359344
21.000000000000000	-1.412114370498093	0.793576952364764	-0.301724976299448
21.000000000000000	-1.462457859234348	0.707921052698453	-0.302271975119251
21.000000000000000	-1.507353223222222	0.619306979406490	-0.301664157247567
21.000000000000000	-1.546619684676474	0.528091550086239	-0.299903970152438
21.000000000000000	-1.580099131415682	0.434642057077653	-0.296998501486050
21.000000000000000	-1.607656753524188	0.339334788506664	-0.292959450545255
21.000000000000000	-1.629181586184053	0.242553513105699	-0.287803081162634
21.000000000000000	-1.644586956491210	0.144687934912450	-0.281550156217783
21.000000000000000	-1.653810832456663	0.046132124069255	-0.274225854032523
21.000000000000000	-1.656816072787409	-0.052717069958278	-0.265859666986687
21.000000000000000	-1.653590576441315	-0.151461616354010	-0.256485282762717
21.000000000000000	-1.644147331353750	-0.249703905680877	-0.246140448697250
21.000000000000000	-1.628524362139745	-0.347048350913762	-0.234866819785924
21.000000000000000	-1.606784576982296	-0.443102980328829	-0.222709790953408
21.000000000000000	-1.579015514323312	-0.537481015835305	-0.209718314264063
21.000000000000000	-1.545328990377200	-0.629802430394347	-0.195944701809256
21.000000000000000	-1.505860648886445	-0.719695478253792	-0.181444415065031
21.000000000000000	-1.460769414932124	-0.806798191837102	-0.166275841568323
21.000000000000000	-1.410236854998701	-0.890759839259037	-0.150500059810948
21.000000000000000	-1.354466445869875	-0.971242336599169	-0.134180593298080
21.000000000000000	-1.293682755299391	-1.047921609246504	-0.117383154761512
21.000000000000000	-1.228130537755950	-1.120488896833565	-0.100175381557680
21.000000000000000	-1.158073748883354	-1.188651996505409	-0.082626563315899
21.000000000000000	-1.083794482644284	-1.252136439517400	-0.064807362933483
21.000000000000000	-1.005591835427484	-1.310686596423967	-0.046789532041195
21.000000000000000	-0.923780701692155	-1.364066706408160	-0.028645622084759
21.000000000000000	-0.838690505999122	-1.412061826607249	-0.010448692185788
21.000000000000000	-0.750663876534385	-1.454478697611772	0.007727985041507
21.000000000000000	-0.660055265466349	-1.491146521652964	0.025811218533277
21.000000000000000	-0.567229521692039	-1.521917650345092	0.043728193490615
21.000000000000000	-0.472560421719369	-1.546668179213389	0.061406764579052
21.000000000000000	-0.376429164601058	-1.565298446613648	0.078775746432357
21.000000000000000	-0.279222836980594	-1.577733435034486	0.095765200290881
21.000000000000000	-0.181332854430935	-1.583923073166382	0.112306715620258
21.000000000000000	-0.083153385362152	-1.583842437521175	0.128333685576479
21.000000000000000	0.014920236155648	-1.577491852790148	0.143781575208152
21.000000000000000	0.112493102263087	-1.564896890536612	0.158588181315965
21.000000000000000	0.209172321466086	-1.546108266228251	0.172693882923022
21.000000000000000	0.304568600671240	-1.521201635023825	0.186041881347471
21.000000000000000	0.398297812731714	-1.490277287136554	0.198578428910749
21.000000000000000	0.489982543191681	-1.453459744000825	0.210253045360515
21.000000000000000	0.579253610001135	-1.410897256868323	0.221018721136810
21.000000000000000	0.665751550081699	-1.362761209852566	0.230832106662960
21.000000000000000	0.749128066757577	-1.309245429825568	0.239653686899025
21.000000000000000	0.829047432223340	-1.250565405945437	0.247447940454916
21.000000000000000	0.905187839401297	-1.186957421957590	0.254183482622496
21.000000000000000	0.977242697745025	-1.118677604763504	0.259833191750724
21.000000000000000	1.044921867771288	-1.046000893088083	0.264374318454972
21.000000000000000	1.107952829349331	-0.969219930398452	0.267788577220762
21.000000000000000	1.166081779043264	-0.888643886531999	0.270062220033087
21.000000000000000	1.219074652088921	-0.804597212778564	0.271186091734809
21.000000000000000	1.266718064890051	-0.717418335429601	0.271155666891249
21.000000000000000	1.308820174238750	-0.627458293054950	0.269971068012514
21.000000000000000	1.345211449800347	-0.535079322994422	0.267637065060191
21.000000000000000	1.375745356752230	-0.440653402755866	0.264163056240399
21.000000000000000	1.400298945827856	-0.344560752193043	0.259563030160524
21.000000000000000	1.418773348390053	-0.247188302494467	0.253855509502039
21.000000000000000	1.431094174540129	-0.148928138148076	0.247063476436202
21.000000000000000	1.437211812659737	-0.050175918155379	0.239214280082965
21.000000000000000	1.437101629179350	0.048670717147695	0.230339526385715
21.000000000000000	1.430764067768956	0.147213747248081	0.220474950845304
21.000000000000000	1.418224647551552	0.245056374143716	0.209660274625792
21.000000000000000	1.399533860346643	0.341804620109037	0.197939044611342


