# n	x	y	z
1.000000000000000	-0.232189958382441	-0.322357190381041	-0.017906309238516
1.000000000000000	-0.208183088098189	-0.338379049927533	-0.020176471179526
1.000000000000000	-0.183190116576348	-0.352833150982009	-0.022353989719261
1.000000000000000	-0.157311681692122	-0.365661291981010	-0.024430096759105
1.000000000000000	-0.130651986769158	-0.376811818528343	-0.026396432548756
1.000000000000000	-0.103318380989538	-0.386239831389113	-0.028245079347995
1.000000000000000	-0.075420927136510	-0.393907367283087	-0.029968593308630
1.000000000000000	-0.047071958410508	-0.399783551749429	-0.031560034448246
1.000000000000000	-0.018385626103000	-0.403844723467257	-0.033012994595062
1.000000000000000	0.010522560050475	-0.406074529531426	-0.034321623191381
1.000000000000000	0.039536196987240	-0.406463991299914	-0.035480650851716
1.000000000000000	0.068538457031533	-0.405011540547636	-0.036485410580753
1.000000000000000	0.097412558318324	-0.401723025781139	-0.037331856565685
1.000000000000000	0.126042235032663	-0.396611688688726	-0.038016580467279
1.000000000000000	0.154312205571090	-0.389698110820855	-0.038536825144052
1.000000000000000	0.182108636739954	-0.381010130715494	-0.038890495754308
1.000000000000000	0.209319602121517	-0.370582731802160	-0.039076168191326
1.000000000000000	0.235835532762127	-0.358457901535990	-0.039093094817734
1.000000000000000	0.261549658367728	-0.344684462329085	-0.038941207475980
1.000000000000000	0.286358437230146	-0.329317874959879	-0.038621117762783
1.000000000000000	0.310161973153005	-0.312420015252169	-0.038134114566444
1.000000000000000	0.332864417698455	-0.294058924923002	-0.037482158876951
1.000000000000000	0.354374356134997	-0.274308537602702	-0.036667875889760
1.000000000000000	0.374605175532346	-0.253248381130231	-0.035694544435065
1.000000000000000	0.393475413521130	-0.230963257322653	-0.034566083775103
1.000000000000000	0.410909086313101	-0.207542900508146	-0.033287037822668
1.000000000000000	0.426835994661033	-0.183081616197532	-0.031862556844380
1.000000000000000	0.441192006526311	-0.157677901349273	-0.030298376722377
1.000000000000000	0.453919315316019	-0.131434047756980	-0.028600795857942
1.000000000000000	0.464966672649685	-0.104455730156463	-0.026776649810065
1.000000000000000	0.474289594718421	-0.076851580710872	-0.024833283771061
1.000000000000000	0.481850541405526	-0.048732751587312	-0.022778522990070
1.000000000000000	0.487619067447278	-0.020212467386296	-0.020620641263541
1.000000000000000	0.491571945025273	0.008594430773753	-0.018368327619576
1.000000000000000	0.493693257296648	0.037571947681161	-0.016030651330281
1.000000000000000	0.493974462485590	0.066603401102775	-0.013617025393002
1.000000000000000	0.492414428278052	0.095571891622137	-0.011137168627516
1.000000000000000	0.489019436381184	0.124360773352175	-0.008601066541768
1.000000000000000	0.483803157229114	0.152854123627016	-0.006018931123754
1.000000000000000	0.476786594936934	0.180937209781656	-0.003401159721455
1.000000000000000	0.467998002724542	0.208496951139899	-0.000758293176382
1.000000000000000	0.457472769150898	0.235422374350336	0.001899026620672
1.000000000000000	0.445253275616789	0.261605060236857	0.004560099580767
1.000000000000000	0.431388725709882	0.286939580364414	0.007214210502304
1.000000000000000	0.415934947079245	0.311323921562114	0.009850672217353
1.000000000000000	0.398954166637110	0.334659896694255	0.012458868625110
1.000000000000000	0.380514759993056	0.356853540025267	0.015028297439188
1.000000000000000	0.360690976129565	0.377815485586565	0.017548612476617
1.000000000000000	0.339562638427574	0.397461327021760	0.020009665318269
1.000000000000000	0.317214823245895	0.415711957461271	0.022401546172966
1.000000000000000	0.293737517348741	0.432493888057764	0.024714623780704
1.000000000000000	0.269225255560792	0.447739543899805	0.026939584194344
1.000000000000000	0.243776740108818	0.461387536112177	0.029067468283586
1.000000000000000	0.217494443182648	0.473382909047215	0.031089707810226
1.000000000000000	0.190484194315832	0.483677361571801	0.032998159929427
1.000000000000000	0.162854754247457	0.492229441558982	0.034785139978081
1.000000000000000	0.134717376981040	0.499004712801053	0.036443452418235
1.000000000000000	0.106185361803921	0.503975893672012	0.037966419810985
1.000000000000000	0.077373597071021	0.507122966981038	0.039347909704162
1.000000000000000	0.048398097589986	0.508433260574657	0.040582359325554
1.000000000000000	0.019375537470505	0.507901498363026	0.041664797982226
1.000000000000000	-0.009577219681152	0.505529821564890	0.042590867075749
1.000000000000000	-0.038343591330632	0.501327780085646	0.043356837652733
1.000000000000000	-0.066807745452214	0.495312294063247	0.043959625420010
1.000000000000000	-0.094855066943495	0.487507585736777	0.044396803163990
1.000000000000000	-0.122372619139958	0.477945081912043	0.044666610524197
1.000000000000000	-0.149249598571057	0.466663287416921	0.044767961081620
1.000000000000000	-0.175377781126684	0.453707630056005	0.044700446733334
1.000000000000000	-0.200651957837466	0.439130277688867	0.044464339335791
1.000000000000000	-0.224970358514154	0.422989928168505	0.044060589610149
1.000000000000000	-0.248235061540251	0.405351572985801	0.043490823314051
1.000000000000000	-0.270352388167801	0.386286235571730	0.042757334695276
1.000000000000000	-0.291233279728648	0.365870685311064	0.041863077253613
1.000000000000000	-0.310793656242258	0.344187128419163	0.040811651848156
1.000000000000000	-0.328954754976123	0.321322876926554	0.039607292197918
1.000000000000000	-0.345643447595489	0.297369997104202	0.038254847834141
1.000000000000000	-0.360792534625347	0.272424938745133	0.036759764572940
1.000000000000000	-0.374341016039003	0.246588146795155	0.035128062586927
1.000000000000000	-0.386234336883659	0.219963656896517	0.033366312164102
1.000000000000000	-0.396424606953944	0.192658676473092	0.031481607251618
1.000000000000000	-0.404870793628879	0.164783153043923	0.029481536890963
1.000000000000000	-0.411538887095753	0.136449331503367	0.027374154659567
1.000000000000000	-0.416402037295637	0.107771302150521	0.025167946241888
1.000000000000000	-0.419440662039093	0.078864541287859	0.022871795260557
1.000000000000000	-0.420642525856745	0.049845446238913	0.020494947505163
1.000000000000000	-0.420002789267188	0.020830866657335	0.018046973702725
1.000000000000000	-0.417524028263878	-0.008062365985413	0.015537730979746
1.000000000000000	-0.413216223942512	-0.036717908839166	0.012977323171052
1.000000000000000	-0.407096722310679	-0.065020376146647	0.010376060135207
1.000000000000000	-0.399190164441611	-0.092855803861189	0.007744416240357
1.000000000000000	-0.389528387253275	-0.120112108539725	0.005092988187645
1.000000000000000	-0.378150295312347	-0.146679538663259	0.002432452342034
1.000000000000000	-0.365101704179244	-0.172451116567491	-0.000226478257645
1.000000000000000	-0.350435155925041	-0.197323069204120	-0.002873097036321
1.000000000000000	-0.334209707563091	-0.221195245998277	-0.005496746994280
1.000000000000000	-0.316490693247277	-0.243971522119550	-0.008086863619140
1.000000000000000	-0.297349461194432	-0.265560185542742	-0.010633017425421
1.000000000000000	-0.276863086390255	-0.285874306339832	-0.013124955950392
1.000000000000000	-0.255114060235544	-0.304832086716114	-0.015552645037129
1.000000000000000	-0.232189958382441	-0.322357190381041	-0.017906309238516


2.000000000000000	-0.156195076755345	-0.583534788994122	0.005856796692108
2.000000000000000	-0.112318009463990	-0.593776294418477	0.006230572067924
2.000000000000000	-0.067868694468050	-0.601178624519152	0.006574760175408
2.000000000000000	-0.023026113470906	-0.605711972725437	0.006887975090529
2.000000000000000	0.022029168280677	-0.607358084844122	0.007168955607372
2.000000000000000	0.067115729069066	-0.606110332562691	0.007416570316565
2.000000000000000	0.112052021226986	-0.601973740139194	0.007629822161069
2.000000000000000	0.156657102165903	-0.594964964171336	0.007807852450971
2.000000000000000	0.200751362967960	-0.585112226526236	0.007949944321129
2.000000000000000	0.244157251607702	-0.572455200700929	0.008055525617733
2.000000000000000	0.286699987891415	-0.557044852071194	0.008124171202165
2.000000000000000	0.328208267235279	-0.538943232671978	0.008155604662884
2.000000000000000	0.368514950448463	-0.518223231335746	0.008149699428440
2.000000000000000	0.407457736743661	-0.494968280194884	0.008106479277125
2.000000000000000	0.444879817265076	-0.469272018729947	0.008026118241236
2.000000000000000	0.480630506502338	-0.441237916716519	0.007908939906301
2.000000000000000	0.514565849047873	-0.410978857588946	0.007755416108118
2.000000000000000	0.546549199254516	-0.378616683898588	0.007566165032836
2.000000000000000	0.576451771459310	-0.344281706696869	0.007341948727742
2.000000000000000	0.604153158557913	-0.308112180818665	0.007083670032758
2.000000000000000	0.629541816841510	-0.270253748178877	0.006792368945033
2.000000000000000	0.652515515143962	-0.230858851323848	0.006469218431234
2.000000000000000	0.672981746490629	-0.190086119599030	0.006115519704426
2.000000000000000	0.690858100591307	-0.148099730404598	0.005732696984546
2.000000000000000	0.706072595677380	-0.105068748111002	0.005322291763572
2.000000000000000	0.718563968346998	-0.061166443296423	0.004885956598479
2.000000000000000	0.728281920251172	-0.016569595047304	0.004425448456975
2.000000000000000	0.735187320627474	0.028542220868637	0.003942621642812
2.000000000000000	0.739252363865808	0.073987355090639	0.003439420329161
2.000000000000000	0.740460681471784	0.119582816102769	0.002917870730109
2.000000000000000	0.738807407976872	0.165145007076162	0.002380072941815
2.000000000000000	0.734299200529922	0.210490465148663	0.001828192486159
2.000000000000000	0.726954212091180	0.255436600165008	0.001264451590953
2.000000000000000	0.716802018336720	0.299802429902946	0.000691120241815
2.000000000000000	0.703883498567639	0.343409308824765	0.000110507041732
2.000000000000000	0.688250671103536	0.386081647419823	-0.000475050084862
2.000000000000000	0.669966483823098	0.427647619241534	-0.001063193306087
2.000000000000000	0.649104560695215	0.467939852791823	-0.001651554376773
2.000000000000000	0.625748905321238	0.506796105467075	-0.002237764174546
2.000000000000000	0.599993562682123	0.544059916851840	-0.002819462239450
2.000000000000000	0.571942240452491	0.579581238729700	-0.003394306278684
2.000000000000000	0.541707891406421	0.613217039274483	-0.003959981598190
2.000000000000000	0.509412258596497	0.644831878988942	-0.004514210423107
2.000000000000000	0.475185385137501	0.674298456071806	-0.005054761069570
2.000000000000000	0.439165090568692	0.701498119017209	-0.005579456930909
2.000000000000000	0.401496415903160	0.726321344382420	-0.006086185242079
2.000000000000000	0.362331039598858	0.748668177800096	-0.006572905587017
2.000000000000000	0.321826666802989	0.768448636459241	-0.007037658114679
2.000000000000000	0.280146394329035	0.785583071434223	-0.007478571430668
2.000000000000000	0.237458053923458	0.800002488402890	-0.007893870132677
2.000000000000000	0.193933536466485	0.811648825462352	-0.008281881959411
2.000000000000000	0.149748099828210	0.820475186923774	-0.008641044524190
2.000000000000000	0.105079663166999	0.826446032144759	-0.008969911606129
2.000000000000000	0.060108090511843	0.829537318638975	-0.009267158973562
2.000000000000000	0.015014466513385	0.829736598886761	-0.009531589716252
2.000000000000000	-0.030019632720045	0.827043070456892	-0.009762139064926
2.000000000000000	-0.074812870765339	0.821467579237693	-0.009957878678728
2.000000000000000	-0.119184881062384	0.813032575764468	-0.010118020383320
2.000000000000000	-0.162956993186536	0.801772024819121	-0.010241919344577
2.000000000000000	-0.205952952291368	0.787731268665969	-0.010329076665111
2.000000000000000	-0.247999628824718	0.770966844474443	-0.010379141393156
2.000000000000000	-0.288927715660301	0.751546256663862	-0.010391911935720
2.000000000000000	-0.328572409837742	0.729547705086965	-0.010367336870336
2.000000000000000	-0.366774076165936	0.705059770146700	-0.010305515152120
2.000000000000000	-0.403378890017621	0.678181056114208	-0.010206695715310
2.000000000000000	-0.438239456726855	0.649019794084222	-0.010071276470901
2.000000000000000	-0.471215405095322	0.617693406166652	-0.009899802704394
2.000000000000000	-0.502173952617596	0.584328032669189	-0.009692964880128
2.000000000000000	-0.530990440149432	0.549058024174806	-0.009451595861018
2.000000000000000	-0.557548833866139	0.512025400559379	-0.009176667554914
2.000000000000000	-0.581742192489839	0.473379279127776	-0.008869287001071
2.000000000000000	-0.603473097904250	0.433275274171092	-0.008530691912491
2.000000000000000	-0.622654047423056	0.391874870362831	-0.008162245692091
2.000000000000000	-0.639207806132340	0.349344772517113	-0.007765431942759
2.000000000000000	-0.653067717888328	0.305856234327229	-0.007341848493411
2.000000000000000	-0.664177973718146	0.261584368787464	-0.006893200965098
2.000000000000000	-0.672493836542863	0.216707443074864	-0.006421295903066
2.000000000000000	-0.677981821317918	0.171406160730245	-0.005928033502447
2.000000000000000	-0.680619829865569	0.125862934028802	-0.005415399956832
2.000000000000000	-0.680397239856466	0.080261149470264	-0.004885459460580
2.000000000000000	-0.677314947582012	0.034784429346183	-0.004340345897029
2.000000000000000	-0.671385364345320	-0.010384107642227	-0.003782254246105
2.000000000000000	-0.662632366485277	-0.055062583738467	-0.003213431745913
2.000000000000000	-0.651091199234948	-0.099071094488287	-0.002636168843897
2.000000000000000	-0.636808334801467	-0.142232433151428	-0.002052789974023
2.000000000000000	-0.619841285238859	-0.184372804250618	-0.001465644197100
2.000000000000000	-0.600258370867299	-0.225322523384622	-0.000877095741943
2.000000000000000	-0.578138445171294	-0.264916700487437	-0.000289514485454
2.000000000000000	-0.553570577284531	-0.302995903782386	0.000294733590028
2.000000000000000	-0.526653693339914	-0.339406801757619	0.000873295923711
2.000000000000000	-0.497496178128943	-0.374002780577989	0.001443842849276
2.000000000000000	-0.466215438674408	-0.406644534447222	0.002004076975626
2.000000000000000	-0.432937431473751	-0.437200626543189	0.002551742437665
2.000000000000000	-0.397796155316702	-0.465548018267603	0.003084633979872
2.000000000000000	-0.360933111719454	-0.491572564679025	0.003600605836087
2.000000000000000	-0.322496735147989	-0.515169474114257	0.004097580369755
2.000000000000000	-0.282641795324882	-0.536243730147386	0.004573556439833
2.000000000000000	-0.241528774026248	-0.554710474187394	0.005026617458679
2.000000000000000	-0.199323218878271	-0.570495347173754	0.005454939109476
2.000000000000000	-0.156195076755345	-0.583534788994122	0.005856796692108


3.000000000000000	nan	nan	nan
3.000000000000000	nan	nan	nan
3.000000000000000	nan	nan	nan
3.000000000000000	nan	nan	nan
3.000000000000000	nan	nan	nan
3.000000000000000	nan	nan	nan
3.000000000000000	nan	nan	nan
3.000000000000000	nan	nan	nan
3.000000000000000	nan	nan	nan
3.000000000000000	nan	nan	nan
3.000000000000000	nan	nan	nan
3.000000000000000	nan	nan	nan
3.000000000000000	nan	nan	nan
3.000000000000000	nan	nan	nan
3.000000000000000	nan	nan	nan
3.000000000000000	nan	nan	nan
3.000000000000000	nan	nan	nan
3.000000000000000	nan	nan	nan
3.000000000000000	nan	nan	nan
3.000000000000000	nan	nan	nan
3.000000000000000	nan	nan	nan
3.000000000000000	nan	nan	nan
3.000000000000000	nan	nan	nan
3.000000000000000	nan	nan	nan
3.000000000000000	nan	nan	nan
3.000000000000000	nan	nan	nan
3.000000000000000	nan	nan	nan
3.000000000000000	nan	nan	nan
3.000000000000000	nan	nan	nan
3.000000000000000	nan	nan	nan
3.000000000000000	nan	nan	nan
3.000000000000000	nan	nan	nan
3.000000000000000	nan	nan	nan
3.000000000000000	nan	nan	nan
3.000000000000000	nan	nan	nan
3.000000000000000	nan	nan	nan
3.000000000000000	nan	nan	nan
3.000000000000000	nan	nan	nan
3.000000000000000	nan	nan	nan
3.000000000000000	nan	nan	nan
3.000000000000000	nan	nan	nan
3.000000000000000	nan	nan	nan
3.000000000000000	nan	nan	nan
3.000000000000000	nan	nan	nan
3.000000000000000	nan	nan	nan
3.000000000000000	nan	nan	nan
3.000000000000000	nan	nan	nan
3.000000000000000	nan	nan	nan
3.000000000000000	nan	nan	nan
3.000000000000000	nan	nan	nan
3.000000000000000	nan	nan	nan
3.000000000000000	nan	nan	nan
3.000000000000000	nan	nan	nan
3.000000000000000	nan	nan	nan
3.000000000000000	nan	nan	nan
3.000000000000000	nan	nan	nan
3.000000000000000	nan	nan	nan
3.000000000000000	nan	nan	nan
3.000000000000000	nan	nan	nan
3.000000000000000	nan	nan	nan
3.000000000000000	nan	nan	nan
3.000000000000000	nan	nan	nan
3.000000000000000	nan	nan	nan
3.000000000000000	nan	nan	nan
3.000000000000000	nan	nan	nan
3.000000000000000	nan	nan	nan
3.000000000000000	nan	nan	nan
3.000000000000000	nan	nan	nan
3.000000000000000	nan	nan	nan
3.000000000000000	nan	nan	nan
3.000000000000000	nan	nan	nan
3.000000000000000	nan	nan	nan
3.000000000000000	nan	nan	nan
3.000000000000000	nan	nan	nan
3.000000000000000	nan	nan	nan
3.000000000000000	nan	nan	nan
3.000000000000000	nan	nan	nan
3.000000000000000	nan	nan	nan
3.000000000000000	nan	nan	nan
3.000000000000000	nan	nan	nan
3.000000000000000	nan	nan	nan
3.000000000000000	nan	nan	nan
3.000000000000000	nan	nan	nan
3.000000000000000	nan	nan	nan
3.000000000000000	nan	nan	nan
3.000000000000000	nan	nan	nan
3.000000000000000	nan	nan	nan
3.000000000000000	nan	nan	nan
3.000000000000000	nan	nan	nan
3.000000000000000	nan	nan	nan
3.000000000000000	nan	nan	nan
3.000000000000000	nan	nan	nan
3.000000000000000	nan	nan	nan
3.000000000000000	nan	nan	nan
3.000000000000000	nan	nan	nan
3.000000000000000	nan	nan	nan
3.000000000000000	nan	nan	nan
3.000000000000000	nan	nan	nan
3.000000000000000	nan	nan	nan
3.000000000000000	nan	nan	nan


4.000000000000000	nan	nan	nan
4.000000000000000	nan	nan	nan
4.000000000000000	nan	nan	nan
4.000000000000000	nan	nan	nan
4.000000000000000	nan	nan	nan
4.000000000000000	nan	nan	nan
4.000000000000000	nan	nan	nan
4.000000000000000	nan	nan	nan
4.000000000000000	nan	nan	nan
4.000000000000000	nan	nan	nan
4.000000000000000	nan	nan	nan
4.000000000000000	nan	nan	nan
4.000000000000000	nan	nan	nan
4.000000000000000	nan	nan	nan
4.000000000000000	nan	nan	nan
4.000000000000000	nan	nan	nan
4.000000000000000	nan	nan	nan
4.000000000000000	nan	nan	nan
4.000000000000000	nan	nan	nan
4.000000000000000	nan	nan	nan
4.000000000000000	nan	nan	nan
4.000000000000000	nan	nan	nan
4.000000000000000	nan	nan	nan
4.000000000000000	nan	nan	nan
4.000000000000000	nan	nan	nan
4.000000000000000	nan	nan	nan
4.000000000000000	nan	nan	nan
4.000000000000000	nan	nan	nan
4.000000000000000	nan	nan	nan
4.000000000000000	nan	nan	nan
4.000000000000000	nan	nan	nan
4.000000000000000	nan	nan	nan
4.000000000000000	nan	nan	nan
4.000000000000000	nan	nan	nan
4.000000000000000	nan	nan	nan
4.000000000000000	nan	nan	nan
4.000000000000000	nan	nan	nan
4.000000000000000	nan	nan	nan
4.000000000000000	nan	nan	nan
4.000000000000000	nan	nan	nan
4.000000000000000	nan	nan	nan
4.000000000000000	nan	nan	nan
4.000000000000000	nan	nan	nan
4.000000000000000	nan	nan	nan
4.000000000000000	nan	nan	nan
4.000000000000000	nan	nan	nan
4.000000000000000	nan	nan	nan
4.000000000000000	nan	nan	nan
4.000000000000000	nan	nan	nan
4.000000000000000	nan	nan	nan
4.000000000000000	nan	nan	nan
4.000000000000000	nan	nan	nan
4.000000000000000	nan	nan	nan
4.000000000000000	nan	nan	nan
4.000000000000000	nan	nan	nan
4.000000000000000	nan	nan	nan
4.000000000000000	nan	nan	nan
4.000000000000000	nan	nan	nan
4.000000000000000	nan	nan	nan
4.000000000000000	nan	nan	nan
4.000000000000000	nan	nan	nan
4.000000000000000	nan	nan	nan
4.000000000000000	nan	nan	nan
4.000000000000000	nan	nan	nan
4.000000000000000	nan	nan	nan
4.000000000000000	nan	nan	nan
4.000000000000000	nan	nan	nan
4.000000000000000	nan	nan	nan
4.000000000000000	nan	nan	nan
4.000000000000000	nan	nan	nan
4.000000000000000	nan	nan	nan
4.000000000000000	nan	nan	nan
4.000000000000000	nan	nan	nan
4.000000000000000	nan	nan	nan
4.000000000000000	nan	nan	nan
4.000000000000000	nan	nan	nan
4.000000000000000	nan	nan	nan
4.000000000000000	nan	nan	nan
4.000000000000000	nan	nan	nan
4.000000000000000	nan	nan	nan
4.000000000000000	nan	nan	nan
4.000000000000000	nan	nan	nan
4.000000000000000	nan	nan	nan
4.000000000000000	nan	nan	nan
4.000000000000000	nan	nan	nan
4.000000000000000	nan	nan	nan
4.000000000000000	nan	nan	nan
4.000000000000000	nan	nan	nan
4.000000000000000	nan	nan	nan
4.000000000000000	nan	nan	nan
4.000000000000000	nan	nan	nan
4.000000000000000	nan	nan	nan
4.000000000000000	nan	nan	nan
4.000000000000000	nan	nan	nan
4.000000000000000	nan	nan	nan
4.000000000000000	nan	nan	nan
4.000000000000000	nan	nan	nan
4.000000000000000	nan	nan	nan
4.000000000000000	nan	nan	nan
4.000000000000000	nan	nan	nan


5.000000000000000	nan	nan	nan
5.000000000000000	nan	nan	nan
5.000000000000000	nan	nan	nan
5.000000000000000	nan	nan	nan
5.000000000000000	nan	nan	nan
5.000000000000000	nan	nan	nan
5.000000000000000	nan	nan	nan
5.000000000000000	nan	nan	nan
5.000000000000000	nan	nan	nan
5.000000000000000	nan	nan	nan
5.000000000000000	nan	nan	nan
5.000000000000000	nan	nan	nan
5.000000000000000	nan	nan	nan
5.000000000000000	nan	nan	nan
5.000000000000000	nan	nan	nan
5.000000000000000	nan	nan	nan
5.000000000000000	nan	nan	nan
5.000000000000000	nan	nan	nan
5.000000000000000	nan	nan	nan
5.000000000000000	nan	nan	nan
5.000000000000000	nan	nan	nan
5.000000000000000	nan	nan	nan
5.000000000000000	nan	nan	nan
5.000000000000000	nan	nan	nan
5.000000000000000	nan	nan	nan
5.000000000000000	nan	nan	nan
5.000000000000000	nan	nan	nan
5.000000000000000	nan	nan	nan
5.000000000000000	nan	nan	nan
5.000000000000000	nan	nan	nan
5.000000000000000	nan	nan	nan
5.000000000000000	nan	nan	nan
5.000000000000000	nan	nan	nan
5.000000000000000	nan	nan	nan
5.000000000000000	nan	nan	nan
5.000000000000000	nan	nan	nan
5.000000000000000	nan	nan	nan
5.000000000000000	nan	nan	nan
5.000000000000000	nan	nan	nan
5.000000000000000	nan	nan	nan
5.000000000000000	nan	nan	nan
5.000000000000000	nan	nan	nan
5.000000000000000	nan	nan	nan
5.000000000000000	nan	nan	nan
5.000000000000000	nan	nan	nan
5.000000000000000	nan	nan	nan
5.000000000000000	nan	nan	nan
5.000000000000000	nan	nan	nan
5.000000000000000	nan	nan	nan
5.000000000000000	nan	nan	nan
5.000000000000000	nan	nan	nan
5.000000000000000	nan	nan	nan
5.000000000000000	nan	nan	nan
5.000000000000000	nan	nan	nan
5.000000000000000	nan	nan	nan
5.000000000000000	nan	nan	nan
5.000000000000000	nan	nan	nan
5.000000000000000	nan	nan	nan
5.000000000000000	nan	nan	nan
5.000000000000000	nan	nan	nan
5.000000000000000	nan	nan	nan
5.000000000000000	nan	nan	nan
5.000000000000000	nan	nan	nan
5.000000000000000	nan	nan	nan
5.000000000000000	nan	nan	nan
5.000000000000000	nan	nan	nan
5.000000000000000	nan	nan	nan
5.000000000000000	nan	nan	nan
5.000000000000000	nan	nan	nan
5.000000000000000	nan	nan	nan
5.000000000000000	nan	nan	nan
5.000000000000000	nan	nan	nan
5.000000000000000	nan	nan	nan
5.000000000000000	nan	nan	nan
5.000000000000000	nan	nan	nan
5.000000000000000	nan	nan	nan
5.000000000000000	nan	nan	nan
5.000000000000000	nan	nan	nan
5.000000000000000	nan	nan	nan
5.000000000000000	nan	nan	nan
5.000000000000000	nan	nan	nan
5.000000000000000	nan	nan	nan
5.000000000000000	nan	nan	nan
5.000000000000000	nan	nan	nan
5.000000000000000	nan	nan	nan
5.000000000000000	nan	nan	nan
5.000000000000000	nan	nan	nan
5.000000000000000	nan	nan	nan
5.000000000000000	nan	nan	nan
5.000000000000000	nan	nan	nan
5.000000000000000	nan	nan	nan
5.000000000000000	nan	nan	nan
5.000000000000000	nan	nan	nan
5.000000000000000	nan	nan	nan
5.000000000000000	nan	nan	nan
5.000000000000000	nan	nan	nan
5.000000000000000	nan	nan	nan
5.000000000000000	nan	nan	nan
5.000000000000000	nan	nan	nan
5.000000000000000	nan	nan	nan


6.000000000000000	nan	nan	nan
6.000000000000000	nan	nan	nan
6.000000000000000	nan	nan	nan
6.000000000000000	nan	nan	nan
6.000000000000000	nan	nan	nan
6.000000000000000	nan	nan	nan
6.000000000000000	nan	nan	nan
6.000000000000000	nan	nan	nan
6.000000000000000	nan	nan	nan
6.000000000000000	nan	nan	nan
6.000000000000000	nan	nan	nan
6.000000000000000	nan	nan	nan
6.000000000000000	nan	nan	nan
6.000000000000000	nan	nan	nan
6.000000000000000	nan	nan	nan
6.000000000000000	nan	nan	nan
6.000000000000000	nan	nan	nan
6.000000000000000	nan	nan	nan
6.000000000000000	nan	nan	nan
6.000000000000000	nan	nan	nan
6.000000000000000	nan	nan	nan
6.000000000000000	nan	nan	nan
6.000000000000000	nan	nan	nan
6.000000000000000	nan	nan	nan
6.000000000000000	nan	nan	nan
6.000000000000000	nan	nan	nan
6.000000000000000	nan	nan	nan
6.000000000000000	nan	nan	nan
6.000000000000000	nan	nan	nan
6.000000000000000	nan	nan	nan
6.000000000000000	nan	nan	nan
6.000000000000000	nan	nan	nan
6.000000000000000	nan	nan	nan
6.000000000000000	nan	nan	nan
6.000000000000000	nan	nan	nan
6.000000000000000	nan	nan	nan
6.000000000000000	nan	nan	nan
6.000000000000000	nan	nan	nan
6.000000000000000	nan	nan	nan
6.000000000000000	nan	nan	nan
6.000000000000000	nan	nan	nan
6.000000000000000	nan	nan	nan
6.000000000000000	nan	nan	nan
6.000000000000000	nan	nan	nan
6.000000000000000	nan	nan	nan
6.000000000000000	nan	nan	nan
6.000000000000000	nan	nan	nan
6.000000000000000	nan	nan	nan
6.000000000000000	nan	nan	nan
6.000000000000000	nan	nan	nan
6.000000000000000	nan	nan	nan
6.000000000000000	nan	nan	nan
6.000000000000000	nan	nan	nan
6.000000000000000	nan	nan	nan
6.000000000000000	nan	nan	nan
6.000000000000000	nan	nan	nan
6.000000000000000	nan	nan	nan
6.000000000000000	nan	nan	nan
6.000000000000000	nan	nan	nan
6.000000000000000	nan	nan	nan
6.000000000000000	nan	nan	nan
6.000000000000000	nan	nan	nan
6.000000000000000	nan	nan	nan
6.000000000000000	nan	nan	nan
6.000000000000000	nan	nan	nan
6.000000000000000	nan	nan	nan
6.000000000000000	nan	nan	nan
6.000000000000000	nan	nan	nan
6.000000000000000	nan	nan	nan
6.000000000000000	nan	nan	nan
6.000000000000000	nan	nan	nan
6.000000000000000	nan	nan	nan
6.000000000000000	nan	nan	nan
6.000000000000000	nan	nan	nan
6.000000000000000	nan	nan	nan
6.000000000000000	nan	nan	nan
6.000000000000000	nan	nan	nan
6.000000000000000	nan	nan	nan
6.000000000000000	nan	nan	nan
6.000000000000000	nan	nan	nan
6.000000000000000	nan	nan	nan
6.000000000000000	nan	nan	nan
6.000000000000000	nan	nan	nan
6.000000000000000	nan	nan	nan
6.000000000000000	nan	nan	nan
6.000000000000000	nan	nan	nan
6.000000000000000	nan	nan	nan
6.000000000000000	nan	nan	nan
6.000000000000000	nan	nan	nan
6.000000000000000	nan	nan	nan
6.000000000000000	nan	nan	nan
6.000000000000000	nan	nan	nan
6.000000000000000	nan	nan	nan
6.000000000000000	nan	nan	nan
6.000000000000000	nan	nan	nan
6.000000000000000	nan	nan	nan
6.000000000000000	nan	nan	nan
6.000000000000000	nan	nan	nan
6.000000000000000	nan	nan	nan
6.000000000000000	nan	nan	nan


7.000000000000000	nan	nan	nan
7.000000000000000	nan	nan	nan
7.000000000000000	nan	nan	nan
7.000000000000000	nan	nan	nan
7.000000000000000	nan	nan	nan
7.000000000000000	nan	nan	nan
7.000000000000000	nan	nan	nan
7.000000000000000	nan	nan	nan
7.000000000000000	nan	nan	nan
7.000000000000000	nan	nan	nan
7.000000000000000	nan	nan	nan
7.000000000000000	nan	nan	nan
7.000000000000000	nan	nan	nan
7.000000000000000	nan	nan	nan
7.000000000000000	nan	nan	nan
7.000000000000000	nan	nan	nan
7.000000000000000	nan	nan	nan
7.000000000000000	nan	nan	nan
7.000000000000000	nan	nan	nan
7.000000000000000	nan	nan	nan
7.000000000000000	nan	nan	nan
7.000000000000000	nan	nan	nan
7.000000000000000	nan	nan	nan
7.000000000000000	nan	nan	nan
7.000000000000000	nan	nan	nan
7.000000000000000	nan	nan	nan
7.000000000000000	nan	nan	nan
7.000000000000000	nan	nan	nan
7.000000000000000	nan	nan	nan
7.000000000000000	nan	nan	nan
7.000000000000000	nan	nan	nan
7.000000000000000	nan	nan	nan
7.000000000000000	nan	nan	nan
7.000000000000000	nan	nan	nan
7.000000000000000	nan	nan	nan
7.000000000000000	nan	nan	nan
7.000000000000000	nan	nan	nan
7.000000000000000	nan	nan	nan
7.000000000000000	nan	nan	nan
7.000000000000000	nan	nan	nan
7.000000000000000	nan	nan	nan
7.000000000000000	nan	nan	nan
7.000000000000000	nan	nan	nan
7.000000000000000	nan	nan	nan
7.000000000000000	nan	nan	nan
7.000000000000000	nan	nan	nan
7.000000000000000	nan	nan	nan
7.000000000000000	nan	nan	nan
7.000000000000000	nan	nan	nan
7.000000000000000	nan	nan	nan
7.000000000000000	nan	nan	nan
7.000000000000000	nan	nan	nan
7.000000000000000	nan	nan	nan
7.000000000000000	nan	nan	nan
7.000000000000000	nan	nan	nan
7.000000000000000	nan	nan	nan
7.000000000000000	nan	nan	nan
7.000000000000000	nan	nan	nan
7.000000000000000	nan	nan	nan
7.000000000000000	nan	nan	nan
7.000000000000000	nan	nan	nan
7.000000000000000	nan	nan	nan
7.000000000000000	nan	nan	nan
7.000000000000000	nan	nan	nan
7.000000000000000	nan	nan	nan
7.000000000000000	nan	nan	nan
7.000000000000000	nan	nan	nan
7.000000000000000	nan	nan	nan
7.000000000000000	nan	nan	nan
7.000000000000000	nan	nan	nan
7.000000000000000	nan	nan	nan
7.000000000000000	nan	nan	nan
7.000000000000000	nan	nan	nan
7.000000000000000	nan	nan	nan
7.000000000000000	nan	nan	nan
7.000000000000000	nan	nan	nan
7.000000000000000	nan	nan	nan
7.000000000000000	nan	nan	nan
7.000000000000000	nan	nan	nan
7.000000000000000	nan	nan	nan
7.000000000000000	nan	nan	nan
7.000000000000000	nan	nan	nan
7.000000000000000	nan	nan	nan
7.000000000000000	nan	nan	nan
7.000000000000000	nan	nan	nan
7.000000000000000	nan	nan	nan
7.000000000000000	nan	nan	nan
7.000000000000000	nan	nan	nan
7.000000000000000	nan	nan	nan
7.000000000000000	nan	nan	nan
7.000000000000000	nan	nan	nan
7.000000000000000	nan	nan	nan
7.000000000000000	nan	nan	nan
7.000000000000000	nan	nan	nan
7.000000000000000	nan	nan	nan
7.000000000000000	nan	nan	nan
7.000000000000000	nan	nan	nan
7.000000000000000	nan	nan	nan
7.000000000000000	nan	nan	nan
7.000000000000000	nan	nan	nan


8.000000000000000	nan	nan	nan
8.000000000000000	nan	nan	nan
8.000000000000000	nan	nan	nan
8.000000000000000	nan	nan	nan
8.000000000000000	nan	nan	nan
8.000000000000000	nan	nan	nan
8.000000000000000	nan	nan	nan
8.000000000000000	nan	nan	nan
8.000000000000000	nan	nan	nan
8.000000000000000	nan	nan	nan
8.000000000000000	nan	nan	nan
8.000000000000000	nan	nan	nan
8.000000000000000	nan	nan	nan
8.000000000000000	nan	nan	nan
8.000000000000000	nan	nan	nan
8.000000000000000	nan	nan	nan
8.000000000000000	nan	nan	nan
8.000000000000000	nan	nan	nan
8.000000000000000	nan	nan	nan
8.000000000000000	nan	nan	nan
8.000000000000000	nan	nan	nan
8.000000000000000	nan	nan	nan
8.000000000000000	nan	nan	nan
8.000000000000000	nan	nan	nan
8.000000000000000	nan	nan	nan
8.000000000000000	nan	nan	nan
8.000000000000000	nan	nan	nan
8.000000000000000	nan	nan	nan
8.000000000000000	nan	nan	nan
8.000000000000000	nan	nan	nan
8.000000000000000	nan	nan	nan
8.000000000000000	nan	nan	nan
8.000000000000000	nan	nan	nan
8.000000000000000	nan	nan	nan
8.000000000000000	nan	nan	nan
8.000000000000000	nan	nan	nan
8.000000000000000	nan	nan	nan
8.000000000000000	nan	nan	nan
8.000000000000000	nan	nan	nan
8.000000000000000	nan	nan	nan
8.000000000000000	nan	nan	nan
8.000000000000000	nan	nan	nan
8.000000000000000	nan	nan	nan
8.000000000000000	nan	nan	nan
8.000000000000000	nan	nan	nan
8.000000000000000	nan	nan	nan
8.000000000000000	nan	nan	nan
8.000000000000000	nan	nan	nan
8.000000000000000	nan	nan	nan
8.000000000000000	nan	nan	nan
8.000000000000000	nan	nan	nan
8.000000000000000	nan	nan	nan
8.000000000000000	nan	nan	nan
8.000000000000000	nan	nan	nan
8.000000000000000	nan	nan	nan
8.000000000000000	nan	nan	nan
8.000000000000000	nan	nan	nan
8.000000000000000	nan	nan	nan
8.000000000000000	nan	nan	nan
8.000000000000000	nan	nan	nan
8.000000000000000	nan	nan	nan
8.000000000000000	nan	nan	nan
8.000000000000000	nan	nan	nan
8.000000000000000	nan	nan	nan
8.000000000000000	nan	nan	nan
8.000000000000000	nan	nan	nan
8.000000000000000	nan	nan	nan
8.000000000000000	nan	nan	nan
8.000000000000000	nan	nan	nan
8.000000000000000	nan	nan	nan
8.000000000000000	nan	nan	nan
8.000000000000000	nan	nan	nan
8.000000000000000	nan	nan	nan
8.000000000000000	nan	nan	nan
8.000000000000000	nan	nan	nan
8.000000000000000	nan	nan	nan
8.000000000000000	nan	nan	nan
8.000000000000000	nan	nan	nan
8.000000000000000	nan	nan	nan
8.000000000000000	nan	nan	nan
8.000000000000000	nan	nan	nan
8.000000000000000	nan	nan	nan
8.000000000000000	nan	nan	nan
8.000000000000000	nan	nan	nan
8.000000000000000	nan	nan	nan
8.000000000000000	nan	nan	nan
8.000000000000000	nan	nan	nan
8.000000000000000	nan	nan	nan
8.000000000000000	nan	nan	nan
8.000000000000000	nan	nan	nan
8.000000000000000	nan	nan	nan
8.000000000000000	nan	nan	nan
8.000000000000000	nan	nan	nan
8.000000000000000	nan	nan	nan
8.000000000000000	nan	nan	nan
8.000000000000000	nan	nan	nan
8.000000000000000	nan	nan	nan
8.000000000000000	nan	nan	nan
8.000000000000000	nan	nan	nan
8.000000000000000	nan	nan	nan


9.000000000000000	nan	nan	nan
9.000000000000000	nan	nan	nan
9.000000000000000	nan	nan	nan
9.000000000000000	nan	nan	nan
9.000000000000000	nan	nan	nan
9.000000000000000	nan	nan	nan
9.000000000000000	nan	nan	nan
9.000000000000000	nan	nan	nan
9.000000000000000	nan	nan	nan
9.000000000000000	nan	nan	nan
9.000000000000000	nan	nan	nan
9.000000000000000	nan	nan	nan
9.000000000000000	nan	nan	nan
9.000000000000000	nan	nan	nan
9.000000000000000	nan	nan	nan
9.000000000000000	nan	nan	nan
9.000000000000000	nan	nan	nan
9.000000000000000	nan	nan	nan
9.000000000000000	nan	nan	nan
9.000000000000000	nan	nan	nan
9.000000000000000	nan	nan	nan
9.000000000000000	nan	nan	nan
9.000000000000000	nan	nan	nan
9.000000000000000	nan	nan	nan
9.000000000000000	nan	nan	nan
9.000000000000000	nan	nan	nan
9.000000000000000	nan	nan	nan
9.000000000000000	nan	nan	nan
9.000000000000000	nan	nan	nan
9.000000000000000	nan	nan	nan
9.000000000000000	nan	nan	nan
9.000000000000000	nan	nan	nan
9.000000000000000	nan	nan	nan
9.000000000000000	nan	nan	nan
9.000000000000000	nan	nan	nan
9.000000000000000	nan	nan	nan
9.000000000000000	nan	nan	nan
9.000000000000000	nan	nan	nan
9.000000000000000	nan	nan	nan
9.000000000000000	nan	nan	nan
9.000000000000000	nan	nan	nan
9.000000000000000	nan	nan	nan
9.000000000000000	nan	nan	nan
9.000000000000000	nan	nan	nan
9.000000000000000	nan	nan	nan
9.000000000000000	nan	nan	nan
9.000000000000000	nan	nan	nan
9.000000000000000	nan	nan	nan
9.000000000000000	nan	nan	nan
9.000000000000000	nan	nan	nan
9.000000000000000	nan	nan	nan
9.000000000000000	nan	nan	nan
9.000000000000000	nan	nan	nan
9.000000000000000	nan	nan	nan
9.000000000000000	nan	nan	nan
9.000000000000000	nan	nan	nan
9.000000000000000	nan	nan	nan
9.000000000000000	nan	nan	nan
9.000000000000000	nan	nan	nan
9.000000000000000	nan	nan	nan
9.000000000000000	nan	nan	nan
9.000000000000000	nan	nan	nan
9.000000000000000	nan	nan	nan
9.000000000000000	nan	nan	nan
9.000000000000000	nan	nan	nan
9.000000000000000	nan	nan	nan
9.000000000000000	nan	nan	nan
9.000000000000000	nan	nan	nan
9.000000000000000	nan	nan	nan
9.000000000000000	nan	nan	nan
9.000000000000000	nan	nan	nan
9.000000000000000	nan	nan	nan
9.000000000000000	nan	nan	nan
9.000000000000000	nan	nan	nan
9.000000000000000	nan	nan	nan
9.000000000000000	nan	nan	nan
9.000000000000000	nan	nan	nan
9.000000000000000	nan	nan	nan
9.000000000000000	nan	nan	nan
9.000000000000000	nan	nan	nan
9.000000000000000	nan	nan	nan
9.000000000000000	nan	nan	nan
9.000000000000000	nan	nan	nan
9.000000000000000	nan	nan	nan
9.000000000000000	nan	nan	nan
9.000000000000000	nan	nan	nan
9.000000000000000	nan	nan	nan
9.000000000000000	nan	nan	nan
9.000000000000000	nan	nan	nan
9.000000000000000	nan	nan	nan
9.000000000000000	nan	nan	nan
9.000000000000000	nan	nan	nan
9.000000000000000	nan	nan	nan
9.000000000000000	nan	nan	nan
9.000000000000000	nan	nan	nan
9.000000000000000	nan	nan	nan
9.000000000000000	nan	nan	nan
9.000000000000000	nan	nan	nan
9.000000000000000	nan	nan	nan
9.000000000000000	nan	nan	nan


10.000000000000000	nan	nan	nan
10.000000000000000	nan	nan	nan
10.000000000000000	nan	nan	nan
10.000000000000000	nan	nan	nan
10.000000000000000	nan	nan	nan
10.000000000000000	nan	nan	nan
10.000000000000000	nan	nan	nan
10.000000000000000	nan	nan	nan
10.000000000000000	nan	nan	nan
10.000000000000000	nan	nan	nan
10.000000000000000	nan	nan	nan
10.000000000000000	nan	nan	nan
10.000000000000000	nan	nan	nan
10.000000000000000	nan	nan	nan
10.000000000000000	nan	nan	nan
10.000000000000000	nan	nan	nan
10.000000000000000	nan	nan	nan
10.000000000000000	nan	nan	nan
10.000000000000000	nan	nan	nan
10.000000000000000	nan	nan	nan
10.000000000000000	nan	nan	nan
10.000000000000000	nan	nan	nan
10.000000000000000	nan	nan	nan
10.000000000000000	nan	nan	nan
10.000000000000000	nan	nan	nan
10.000000000000000	nan	nan	nan
10.000000000000000	nan	nan	nan
10.000000000000000	nan	nan	nan
10.000000000000000	nan	nan	nan
10.000000000000000	nan	nan	nan
10.000000000000000	nan	nan	nan
10.000000000000000	nan	nan	nan
10.000000000000000	nan	nan	nan
10.000000000000000	nan	nan	nan
10.000000000000000	nan	nan	nan
10.000000000000000	nan	nan	nan
10.000000000000000	nan	nan	nan
10.000000000000000	nan	nan	nan
10.000000000000000	nan	nan	nan
10.000000000000000	nan	nan	nan
10.000000000000000	nan	nan	nan
10.000000000000000	nan	nan	nan
10.000000000000000	nan	nan	nan
10.000000000000000	nan	nan	nan
10.000000000000000	nan	nan	nan
10.000000000000000	nan	nan	nan
10.000000000000000	nan	nan	nan
10.000000000000000	nan	nan	nan
10.000000000000000	nan	nan	nan
10.000000000000000	nan	nan	nan
10.000000000000000	nan	nan	nan
10.000000000000000	nan	nan	nan
10.000000000000000	nan	nan	nan
10.000000000000000	nan	nan	nan
10.000000000000000	nan	nan	nan
10.000000000000000	nan	nan	nan
10.000000000000000	nan	nan	nan
10.000000000000000	nan	nan	nan
10.000000000000000	nan	nan	nan
10.000000000000000	nan	nan	nan
10.000000000000000	nan	nan	nan
10.000000000000000	nan	nan	nan
10.000000000000000	nan	nan	nan
10.000000000000000	nan	nan	nan
10.000000000000000	nan	nan	nan
10.000000000000000	nan	nan	nan
10.000000000000000	nan	nan	nan
10.000000000000000	nan	nan	nan
10.000000000000000	nan	nan	nan
10.000000000000000	nan	nan	nan
10.000000000000000	nan	nan	nan
10.000000000000000	nan	nan	nan
10.000000000000000	nan	nan	nan
10.000000000000000	nan	nan	nan
10.000000000000000	nan	nan	nan
10.000000000000000	nan	nan	nan
10.000000000000000	nan	nan	nan
10.000000000000000	nan	nan	nan
10.000000000000000	nan	nan	nan
10.000000000000000	nan	nan	nan
10.000000000000000	nan	nan	nan
10.000000000000000	nan	nan	nan
10.000000000000000	nan	nan	nan
10.000000000000000	nan	nan	nan
10.000000000000000	nan	nan	nan
10.000000000000000	nan	nan	nan
10.000000000000000	nan	nan	nan
10.000000000000000	nan	nan	nan
10.000000000000000	nan	nan	nan
10.000000000000000	nan	nan	nan
10.000000000000000	nan	nan	nan
10.000000000000000	nan	nan	nan
10.000000000000000	nan	nan	nan
10.000000000000000	nan	nan	nan
10.000000000000000	nan	nan	nan
10.000000000000000	nan	nan	nan
10.000000000000000	nan	nan	nan
10.000000000000000	nan	nan	nan
10.000000000000000	nan	nan	nan
10.000000000000000	nan	nan	nan


11.000000000000000	nan	nan	nan
11.000000000000000	nan	nan	nan
11.000000000000000	nan	nan	nan
11.000000000000000	nan	nan	nan
11.000000000000000	nan	nan	nan
11.000000000000000	nan	nan	nan
11.000000000000000	nan	nan	nan
11.000000000000000	nan	nan	nan
11.000000000000000	nan	nan	nan
11.000000000000000	nan	nan	nan
11.000000000000000	nan	nan	nan
11.000000000000000	nan	nan	nan
11.000000000000000	nan	nan	nan
11.000000000000000	nan	nan	nan
11.000000000000000	nan	nan	nan
11.000000000000000	nan	nan	nan
11.000000000000000	nan	nan	nan
11.000000000000000	nan	nan	nan
11.000000000000000	nan	nan	nan
11.000000000000000	nan	nan	nan
11.000000000000000	nan	nan	nan
11.000000000000000	nan	nan	nan
11.000000000000000	nan	nan	nan
11.000000000000000	nan	nan	nan
11.000000000000000	nan	nan	nan
11.000000000000000	nan	nan	nan
11.000000000000000	nan	nan	nan
11.000000000000000	nan	nan	nan
11.000000000000000	nan	nan	nan
11.000000000000000	nan	nan	nan
11.000000000000000	nan	nan	nan
11.000000000000000	nan	nan	nan
11.000000000000000	nan	nan	nan
11.000000000000000	nan	nan	nan
11.000000000000000	nan	nan	nan
11.000000000000000	nan	nan	nan
11.000000000000000	nan	nan	nan
11.000000000000000	nan	nan	nan
11.000000000000000	nan	nan	nan
11.000000000000000	nan	nan	nan
11.000000000000000	nan	nan	nan
11.000000000000000	nan	nan	nan
11.000000000000000	nan	nan	nan
11.000000000000000	nan	nan	nan
11.000000000000000	nan	nan	nan
11.000000000000000	nan	nan	nan
11.000000000000000	nan	nan	nan
11.000000000000000	nan	nan	nan
11.000000000000000	nan	nan	nan
11.000000000000000	nan	nan	nan
11.000000000000000	nan	nan	nan
11.000000000000000	nan	nan	nan
11.000000000000000	nan	nan	nan
11.000000000000000	nan	nan	nan
11.000000000000000	nan	nan	nan
11.000000000000000	nan	nan	nan
11.000000000000000	nan	nan	nan
11.000000000000000	nan	nan	nan
11.000000000000000	nan	nan	nan
11.000000000000000	nan	nan	nan
11.000000000000000	nan	nan	nan
11.000000000000000	nan	nan	nan
11.000000000000000	nan	nan	nan
11.000000000000000	nan	nan	nan
11.000000000000000	nan	nan	nan
11.000000000000000	nan	nan	nan
11.000000000000000	nan	nan	nan
11.000000000000000	nan	nan	nan
11.000000000000000	nan	nan	nan
11.000000000000000	nan	nan	nan
11.000000000000000	nan	nan	nan
11.000000000000000	nan	nan	nan
11.000000000000000	nan	nan	nan
11.000000000000000	nan	nan	nan
11.000000000000000	nan	nan	nan
11.000000000000000	nan	nan	nan
11.000000000000000	nan	nan	nan
11.000000000000000	nan	nan	nan
11.000000000000000	nan	nan	nan
11.000000000000000	nan	nan	nan
11.000000000000000	nan	nan	nan
11.000000000000000	nan	nan	nan
11.000000000000000	nan	nan	nan
11.000000000000000	nan	nan	nan
11.000000000000000	nan	nan	nan
11.000000000000000	nan	nan	nan
11.000000000000000	nan	nan	nan
11.000000000000000	nan	nan	nan
11.000000000000000	nan	nan	nan
11.000000000000000	nan	nan	nan
11.000000000000000	nan	nan	nan
11.000000000000000	nan	nan	nan
11.000000000000000	nan	nan	nan
11.000000000000000	nan	nan	nan
11.000000000000000	nan	nan	nan
11.000000000000000	nan	nan	nan
11.000000000000000	nan	nan	nan
11.000000000000000	nan	nan	nan
11.000000000000000	nan	nan	nan
11.000000000000000	nan	nan	nan


12.000000000000000	nan	nan	nan
12.000000000000000	nan	nan	nan
12.000000000000000	nan	nan	nan
12.000000000000000	nan	nan	nan
12.000000000000000	nan	nan	nan
12.000000000000000	nan	nan	nan
12.000000000000000	nan	nan	nan
12.000000000000000	nan	nan	nan
12.000000000000000	nan	nan	nan
12.000000000000000	nan	nan	nan
12.000000000000000	nan	nan	nan
12.000000000000000	nan	nan	nan
12.000000000000000	nan	nan	nan
12.000000000000000	nan	nan	nan
12.000000000000000	nan	nan	nan
12.000000000000000	nan	nan	nan
12.000000000000000	nan	nan	nan
12.000000000000000	nan	nan	nan
12.000000000000000	nan	nan	nan
12.000000000000000	nan	nan	nan
12.000000000000000	nan	nan	nan
12.000000000000000	nan	nan	nan
12.000000000000000	nan	nan	nan
12.000000000000000	nan	nan	nan
12.000000000000000	nan	nan	nan
12.000000000000000	nan	nan	nan
12.000000000000000	nan	nan	nan
12.000000000000000	nan	nan	nan
12.000000000000000	nan	nan	nan
12.000000000000000	nan	nan	nan
12.000000000000000	nan	nan	nan
12.000000000000000	nan	nan	nan
12.000000000000000	nan	nan	nan
12.000000000000000	nan	nan	nan
12.000000000000000	nan	nan	nan
12.000000000000000	nan	nan	nan
12.000000000000000	nan	nan	nan
12.000000000000000	nan	nan	nan
12.000000000000000	nan	nan	nan
12.000000000000000	nan	nan	nan
12.000000000000000	nan	nan	nan
12.000000000000000	nan	nan	nan
12.000000000000000	nan	nan	nan
12.000000000000000	nan	nan	nan
12.000000000000000	nan	nan	nan
12.000000000000000	nan	nan	nan
12.000000000000000	nan	nan	nan
12.000000000000000	nan	nan	nan
12.000000000000000	nan	nan	nan
12.000000000000000	nan	nan	nan
12.000000000000000	nan	nan	nan
12.000000000000000	nan	nan	nan
12.000000000000000	nan	nan	nan
12.000000000000000	nan	nan	nan
12.000000000000000	nan	nan	nan
12.000000000000000	nan	nan	nan
12.000000000000000	nan	nan	nan
12.000000000000000	nan	nan	nan
12.000000000000000	nan	nan	nan
12.000000000000000	nan	nan	nan
12.000000000000000	nan	nan	nan
12.000000000000000	nan	nan	nan
12.000000000000000	nan	nan	nan
12.000000000000000	nan	nan	nan
12.000000000000000	nan	nan	nan
12.000000000000000	nan	nan	nan
12.000000000000000	nan	nan	nan
12.000000000000000	nan	nan	nan
12.000000000000000	nan	nan	nan
12.000000000000000	nan	nan	nan
12.000000000000000	nan	nan	nan
12.000000000000000	nan	nan	nan
12.000000000000000	nan	nan	nan
12.000000000000000	nan	nan	nan
12.000000000000000	nan	nan	nan
12.000000000000000	nan	nan	nan
12.000000000000000	nan	nan	nan
12.000000000000000	nan	nan	nan
12.000000000000000	nan	nan	nan
12.000000000000000	nan	nan	nan
12.000000000000000	nan	nan	nan
12.000000000000000	nan	nan	nan
12.000000000000000	nan	nan	nan
12.000000000000000	nan	nan	nan
12.000000000000000	nan	nan	nan
12.000000000000000	nan	nan	nan
12.000000000000000	nan	nan	nan
12.000000000000000	nan	nan	nan
12.000000000000000	nan	nan	nan
12.000000000000000	nan	nan	nan
12.000000000000000	nan	nan	nan
12.000000000000000	nan	nan	nan
12.000000000000000	nan	nan	nan
12.000000000000000	nan	nan	nan
12.000000000000000	nan	nan	nan
12.000000000000000	nan	nan	nan
12.000000000000000	nan	nan	nan
12.000000000000000	nan	nan	nan
12.000000000000000	nan	nan	nan
12.000000000000000	nan	nan	nan


13.000000000000000	nan	nan	nan
13.000000000000000	nan	nan	nan
13.000000000000000	nan	nan	nan
13.000000000000000	nan	nan	nan
13.000000000000000	nan	nan	nan
13.000000000000000	nan	nan	nan
13.000000000000000	nan	nan	nan
13.000000000000000	nan	nan	nan
13.000000000000000	nan	nan	nan
13.000000000000000	nan	nan	nan
13.000000000000000	nan	nan	nan
13.000000000000000	nan	nan	nan
13.000000000000000	nan	nan	nan
13.000000000000000	nan	nan	nan
13.000000000000000	nan	nan	nan
13.000000000000000	nan	nan	nan
13.000000000000000	nan	nan	nan
13.000000000000000	nan	nan	nan
13.000000000000000	nan	nan	nan
13.000000000000000	nan	nan	nan
13.000000000000000	nan	nan	nan
13.000000000000000	nan	nan	nan
13.000000000000000	nan	nan	nan
13.000000000000000	nan	nan	nan
13.000000000000000	nan	nan	nan
13.000000000000000	nan	nan	nan
13.000000000000000	nan	nan	nan
13.000000000000000	nan	nan	nan
13.000000000000000	nan	nan	nan
13.000000000000000	nan	nan	nan
13.000000000000000	nan	nan	nan
13.000000000000000	nan	nan	nan
13.000000000000000	nan	nan	nan
13.000000000000000	nan	nan	nan
13.000000000000000	nan	nan	nan
13.000000000000000	nan	nan	nan
13.000000000000000	nan	nan	nan
13.000000000000000	nan	nan	nan
13.000000000000000	nan	nan	nan
13.000000000000000	nan	nan	nan
13.000000000000000	nan	nan	nan
13.000000000000000	nan	nan	nan
13.000000000000000	nan	nan	nan
13.000000000000000	nan	nan	nan
13.000000000000000	nan	nan	nan
13.000000000000000	nan	nan	nan
13.000000000000000	nan	nan	nan
13.000000000000000	nan	nan	nan
13.000000000000000	nan	nan	nan
13.000000000000000	nan	nan	nan
13.000000000000000	nan	nan	nan
13.000000000000000	nan	nan	nan
13.000000000000000	nan	nan	nan
13.000000000000000	nan	nan	nan
13.000000000000000	nan	nan	nan
13.000000000000000	nan	nan	nan
13.000000000000000	nan	nan	nan
13.000000000000000	nan	nan	nan
13.000000000000000	nan	nan	nan
13.000000000000000	nan	nan	nan
13.000000000000000	nan	nan	nan
13.000000000000000	nan	nan	nan
13.000000000000000	nan	nan	nan
13.000000000000000	nan	nan	nan
13.000000000000000	nan	nan	nan
13.000000000000000	nan	nan	nan
13.000000000000000	nan	nan	nan
13.000000000000000	nan	nan	nan
13.000000000000000	nan	nan	nan
13.000000000000000	nan	nan	nan
13.000000000000000	nan	nan	nan
13.000000000000000	nan	nan	nan
13.000000000000000	nan	nan	nan
13.000000000000000	nan	nan	nan
13.000000000000000	nan	nan	nan
13.000000000000000	nan	nan	nan
13.000000000000000	nan	nan	nan
13.000000000000000	nan	nan	nan
13.000000000000000	nan	nan	nan
13.000000000000000	nan	nan	nan
13.000000000000000	nan	nan	nan
13.000000000000000	nan	nan	nan
13.000000000000000	nan	nan	nan
13.000000000000000	nan	nan	nan
13.000000000000000	nan	nan	nan
13.000000000000000	nan	nan	nan
13.000000000000000	nan	nan	nan
13.000000000000000	nan	nan	nan
13.000000000000000	nan	nan	nan
13.000000000000000	nan	nan	nan
13.000000000000000	nan	nan	nan
13.000000000000000	nan	nan	nan
13.000000000000000	nan	nan	nan
13.000000000000000	nan	nan	nan
13.000000000000000	nan	nan	nan
13.000000000000000	nan	nan	nan
13.000000000000000	nan	nan	nan
13.000000000000000	nan	nan	nan
13.000000000000000	nan	nan	nan
13.000000000000000	nan	nan	nan


14.000000000000000	0.482142956591062	-0.756407858403656	0.042846396718178
14.000000000000000	0.534555728847252	-0.720788482975341	0.039430440494688
14.000000000000000	0.584582818768887	-0.681900868266543	0.035834986776729
14.000000000000000	0.632022784921602	-0.639901600976553	0.032074513187431
14.000000000000000	0.676684603305342	-0.594959797331369	0.028164161826702
14.000000000000000	0.718388436540585	-0.547256422112339	0.024119678299337
14.000000000000000	0.756966358010000	-0.496983559974863	0.019957348313027
14.000000000000000	0.792263028039669	-0.444343641991274	0.015693932101557
14.000000000000000	0.824136319397120	-0.389548630532360	0.011346596937265
14.000000000000000	0.852457889587537	-0.332819165769710	0.006932848004492
14.000000000000000	0.877113697643685	-0.274383677235611	0.002470457912386
14.000000000000000	0.898004463328635	-0.214477464017949	-0.002022604869125
14.000000000000000	0.915046066902241	-0.153341747293826	-0.006528248362018
14.000000000000000	0.928169887841638	-0.091222699017020	-0.011028329930187
14.000000000000000	0.937323081151875	-0.028370450670412	-0.015504729333432
14.000000000000000	0.942468790154054	0.034961913925218	-0.019939421691274
14.000000000000000	0.943586294894169	0.098519377690405	-0.024314550062784
14.000000000000000	0.940671095575047	0.162046017150778	-0.028612497350185
14.000000000000000	0.933734930675447	0.225286032950562	-0.032815957236684
14.000000000000000	0.922805729683341	0.287984779866300	-0.036908003872903
14.000000000000000	0.907927500633732	0.349889792173294	-0.040872160031301
14.000000000000000	0.889160152903825	0.410751800235974	-0.044692463454152
14.000000000000000	0.866579255979109	0.470325734228736	-0.048353531127924
14.000000000000000	0.840275735161713	0.528371710945642	-0.051840621225246
14.000000000000000	0.810355505446305	0.584655999725417	-0.055139692465043
14.000000000000000	0.776939045037791	0.638951963602335	-0.058237460651818
14.000000000000000	0.740160910228104	0.691040971893284	-0.061121452166423
14.000000000000000	0.700169193585510	0.740713280546370	-0.063780054192913
14.000000000000000	0.657124927638100	0.787768876706176	-0.066202561479267
14.000000000000000	0.611201436452639	0.832018284094948	-0.068379219443649
14.000000000000000	0.562583637719722	0.873283325966683	-0.070301263452676
14.000000000000000	0.511467298155497	0.911397842562004	-0.071960954113496
14.000000000000000	0.458058245218194	0.946208360174861	-0.073351608437597
14.000000000000000	0.402571538313601	0.977574709136984	-0.074467626750837
14.000000000000000	0.345230602826735	1.005370588231659	-0.075304515241361
14.000000000000000	0.286266330466675	1.029484073264155	-0.075858904054592
14.000000000000000	0.225916149547144	1.049818067740949	-0.076128560862448
14.000000000000000	0.164423068946482	1.066290693843040	-0.076112399852136
14.000000000000000	0.102034699596671	1.078835622119026	-0.075810486098342
14.000000000000000	0.039002257441494	1.087402338570394	-0.075224035301193
14.000000000000000	-0.024420448121395	1.091956348053564	-0.074355408891066
14.000000000000000	-0.087978036241346	1.092479313179656	-0.073208104519937
14.000000000000000	-0.151414582943252	1.088969128152683	-0.071786741977575
14.000000000000000	-0.214474651643081	1.081439927248853	-0.070097044589277
14.000000000000000	-0.276904321700834	1.069922027902821	-0.068145816170059
14.000000000000000	-0.338452210869354	1.054461808630081	-0.065940913628089
14.000000000000000	-0.398870487521902	1.035121522277057	-0.063491215327698
14.000000000000000	-0.457915868582653	1.011979045350860	-0.060806585339336
14.000000000000000	-0.515350599141774	0.985127564438077	-0.057897833720443
14.000000000000000	-0.570943409810534	0.954675200975283	-0.054776672987162
14.000000000000000	-0.624470447961507	0.920744575882170	-0.051455670952172
14.000000000000000	-0.675716179104092	0.883472315810384	-0.047948200118540
14.000000000000000	-0.724474254765841	0.843008502996223	-0.044268383833374
14.000000000000000	-0.770548343384921	0.799516070932440	-0.040431039418086
14.000000000000000	-0.813752920868028	0.753170148292572	-0.036451618504270
14.000000000000000	-0.853914017630421	0.704157353749585	-0.032346144815433
14.000000000000000	-0.890869919110050	0.652675044528343	-0.028131149645120
14.000000000000000	-0.924471816935009	0.598930521717721	-0.023823605291224
14.000000000000000	-0.954584408122338	0.543140195542281	-0.019440856714538
14.000000000000000	-0.981086439895378	0.485528713954686	-0.015000551696717
14.000000000000000	-1.003871197925905	0.426328058057673	-0.010520569778889
14.000000000000000	-1.022846936035069	0.365776607998039	-0.006018950267055
14.000000000000000	-1.037937245622872	0.304118183093916	-0.001513819594172
14.000000000000000	-1.049081363338636	0.241601060060437	0.002976681668599
14.000000000000000	-1.056234415753566	0.178476973287027	0.007434471857567
14.000000000000000	-1.059367600050211	0.115000101191871	0.011841601024991
14.000000000000000	-1.058468300001248	0.051426042735128	0.016180323217181
14.000000000000000	-1.053540136770572	-0.011989211787862	0.020433167931196
14.000000000000000	-1.044602954332147	-0.074990311529155	0.024583010462386
14.000000000000000	-1.031692739565331	-0.137323573295939	0.028613140859540
14.000000000000000	-1.014861477348409	-0.198738003043215	0.032507331209957
14.000000000000000	-0.994176941233840	-0.258986306538231	0.036249900983527
14.000000000000000	-0.969722420548080	-0.317825885127075	0.039825780172689
14.000000000000000	-0.941596385014858	-0.375019812593834	0.043220569974031
14.000000000000000	-0.909912088252359	-0.430337789178839	0.046420600767195
14.000000000000000	-0.874797111740869	-0.483557068914517	0.049412987157605
14.000000000000000	-0.836392851097189	-0.534463356544785	0.052185679861414
14.000000000000000	-0.794853946724387	-0.582851670416415	0.054727514223706
14.000000000000000	-0.750347661129472	-0.628527167867798	0.057028255174630
14.000000000000000	-0.703053205416322	-0.671305929791580	0.059078638442408
14.000000000000000	-0.653161017665808	-0.711015701211991	0.060870407857291
14.000000000000000	-0.600871996108865	-0.747496584894839	0.062396348596240
14.000000000000000	-0.546396690180219	-0.780601685197232	0.063650316234469
14.000000000000000	-0.489954452710126	-0.810197699564491	0.064627261486879
14.000000000000000	-0.431772556667940	-0.836165455292489	0.065323250539747
14.000000000000000	-0.372085280014085	-0.858400389394067	0.065735480890800
14.000000000000000	-0.311132962345396	-0.876812969637278	0.065862292633910
14.000000000000000	-0.249161037132382	-0.891329055060089	0.065703175142944
14.000000000000000	-0.186419043445273	-0.901890194509865	0.065258769127880
14.000000000000000	-0.123159621148248	-0.908453862005528	0.064530864054888
14.000000000000000	-0.059637493607882	-0.910993627974681	0.063522390940789
14.000000000000000	0.003891557987962	-0.909499265676159	0.062237410550879
14.000000000000000	0.067171724570688	-0.903976792379513	0.060681097047662
14.000000000000000	0.129948199243811	-0.894448445135586	0.058859717156325
14.000000000000000	0.191968203300384	-0.880952591235759	0.056780604930844
14.000000000000000	0.252982004073648	-0.863543573720408	0.054452132222344
14.000000000000000	0.312743920522329	-0.842291492558663	0.051883674968599
14.000000000000000	0.371013312501484	-0.817281922380574	0.049085575440452
14.000000000000000	0.427555549735432	-0.788615567898275	0.046069100597129
14.000000000000000	0.482142956591062	-0.756407858403656	0.042846396718178


15.000000000000000	nan	nan	nan
15.000000000000000	nan	nan	nan
15.000000000000000	nan	nan	nan
15.000000000000000	nan	nan	nan
15.000000000000000	nan	nan	nan
15.000000000000000	nan	nan	nan
15.000000000000000	nan	nan	nan
15.000000000000000	nan	nan	nan
15.000000000000000	nan	nan	nan
15.000000000000000	nan	nan	nan
15.000000000000000	nan	nan	nan
15.000000000000000	nan	nan	nan
15.000000000000000	nan	nan	nan
15.000000000000000	nan	nan	nan
15.000000000000000	nan	nan	nan
15.000000000000000	nan	nan	nan
15.000000000000000	nan	nan	nan
15.000000000000000	nan	nan	nan
15.000000000000000	nan	nan	nan
15.000000000000000	nan	nan	nan
15.000000000000000	nan	nan	nan
15.000000000000000	nan	nan	nan
15.000000000000000	nan	nan	nan
15.000000000000000	nan	nan	nan
15.000000000000000	nan	nan	nan
15.000000000000000	nan	nan	nan
15.000000000000000	nan	nan	nan
15.000000000000000	nan	nan	nan
15.000000000000000	nan	nan	nan
15.000000000000000	nan	nan	nan
15.000000000000000	nan	nan	nan
15.000000000000000	nan	nan	nan
15.000000000000000	nan	nan	nan
15.000000000000000	nan	nan	nan
15.000000000000000	nan	nan	nan
15.000000000000000	nan	nan	nan
15.000000000000000	nan	nan	nan
15.000000000000000	nan	nan	nan
15.000000000000000	nan	nan	nan
15.000000000000000	nan	nan	nan
15.000000000000000	nan	nan	nan
15.000000000000000	nan	nan	nan
15.000000000000000	nan	nan	nan
15.000000000000000	nan	nan	nan
15.000000000000000	nan	nan	nan
15.000000000000000	nan	nan	nan
15.000000000000000	nan	nan	nan
15.000000000000000	nan	nan	nan
15.000000000000000	nan	nan	nan
15.000000000000000	nan	nan	nan
15.000000000000000	nan	nan	nan
15.000000000000000	nan	nan	nan
15.000000000000000	nan	nan	nan
15.000000000000000	nan	nan	nan
15.000000000000000	nan	nan	nan
15.000000000000000	nan	nan	nan
15.000000000000000	nan	nan	nan
15.000000000000000	nan	nan	nan
15.000000000000000	nan	nan	nan
15.000000000000000	nan	nan	nan
15.000000000000000	nan	nan	nan
15.000000000000000	nan	nan	nan
15.000000000000000	nan	nan	nan
15.000000000000000	nan	nan	nan
15.000000000000000	nan	nan	nan
15.000000000000000	nan	nan	nan
15.000000000000000	nan	nan	nan
15.000000000000000	nan	nan	nan
15.000000000000000	nan	nan	nan
15.000000000000000	nan	nan	nan
15.000000000000000	nan	nan	nan
15.000000000000000	nan	nan	nan
15.000000000000000	nan	nan	nan
15.000000000000000	nan	nan	nan
15.000000000000000	nan	nan	nan
15.000000000000000	nan	nan	nan
15.000000000000000	nan	nan	nan
15.000000000000000	nan	nan	nan
15.000000000000000	nan	nan	nan
15.000000000000000	nan	nan	nan
15.000000000000000	nan	nan	nan
15.000000000000000	nan	nan	nan
15.000000000000000	nan	nan	nan
15.000000000000000	nan	nan	nan
15.000000000000000	nan	nan	nan
15.000000000000000	nan	nan	nan
15.000000000000000	nan	nan	nan
15.000000000000000	nan	nan	nan
15.000000000000000	nan	nan	nan
15.000000000000000	nan	nan	nan
15.000000000000000	nan	nan	nan
15.000000000000000	nan	nan	nan
15.000000000000000	nan	nan	nan
15.000000000000000	nan	nan	nan
15.000000000000000	nan	nan	nan
15.000000000000000	nan	nan	nan
15.000000000000000	nan	nan	nan
15.000000000000000	nan	nan	nan
15.000000000000000	nan	nan	nan
15.000000000000000	nan	nan	nan


16.000000000000000	nan	nan	nan
16.000000000000000	nan	nan	nan
16.000000000000000	nan	nan	nan
16.000000000000000	nan	nan	nan
16.000000000000000	nan	nan	nan
16.000000000000000	nan	nan	nan
16.000000000000000	nan	nan	nan
16.000000000000000	nan	nan	nan
16.000000000000000	nan	nan	nan
16.000000000000000	nan	nan	nan
16.000000000000000	nan	nan	nan
16.000000000000000	nan	nan	nan
16.000000000000000	nan	nan	nan
16.000000000000000	nan	nan	nan
16.000000000000000	nan	nan	nan
16.000000000000000	nan	nan	nan
16.000000000000000	nan	nan	nan
16.000000000000000	nan	nan	nan
16.000000000000000	nan	nan	nan
16.000000000000000	nan	nan	nan
16.000000000000000	nan	nan	nan
16.000000000000000	nan	nan	nan
16.000000000000000	nan	nan	nan
16.000000000000000	nan	nan	nan
16.000000000000000	nan	nan	nan
16.000000000000000	nan	nan	nan
16.000000000000000	nan	nan	nan
16.000000000000000	nan	nan	nan
16.000000000000000	nan	nan	nan
16.000000000000000	nan	nan	nan
16.000000000000000	nan	nan	nan
16.000000000000000	nan	nan	nan
16.000000000000000	nan	nan	nan
16.000000000000000	nan	nan	nan
16.000000000000000	nan	nan	nan
16.000000000000000	nan	nan	nan
16.000000000000000	nan	nan	nan
16.000000000000000	nan	nan	nan
16.000000000000000	nan	nan	nan
16.000000000000000	nan	nan	nan
16.000000000000000	nan	nan	nan
16.000000000000000	nan	nan	nan
16.000000000000000	nan	nan	nan
16.000000000000000	nan	nan	nan
16.000000000000000	nan	nan	nan
16.000000000000000	nan	nan	nan
16.000000000000000	nan	nan	nan
16.000000000000000	nan	nan	nan
16.000000000000000	nan	nan	nan
16.000000000000000	nan	nan	nan
16.000000000000000	nan	nan	nan
16.000000000000000	nan	nan	nan
16.000000000000000	nan	nan	nan
16.000000000000000	nan	nan	nan
16.000000000000000	nan	nan	nan
16.000000000000000	nan	nan	nan
16.000000000000000	nan	nan	nan
16.000000000000000	nan	nan	nan
16.000000000000000	nan	nan	nan
16.000000000000000	nan	nan	nan
16.000000000000000	nan	nan	nan
16.000000000000000	nan	nan	nan
16.000000000000000	nan	nan	nan
16.000000000000000	nan	nan	nan
16.000000000000000	nan	nan	nan
16.000000000000000	nan	nan	nan
16.000000000000000	nan	nan	nan
16.000000000000000	nan	nan	nan
16.000000000000000	nan	nan	nan
16.000000000000000	nan	nan	nan
16.000000000000000	nan	nan	nan
16.000000000000000	nan	nan	nan
16.000000000000000	nan	nan	nan
16.000000000000000	nan	nan	nan
16.000000000000000	nan	nan	nan
16.000000000000000	nan	nan	nan
16.000000000000000	nan	nan	nan
16.000000000000000	nan	nan	nan
16.000000000000000	nan	nan	nan
16.000000000000000	nan	nan	nan
16.000000000000000	nan	nan	nan
16.000000000000000	nan	nan	nan
16.000000000000000	nan	nan	nan
16.000000000000000	nan	nan	nan
16.000000000000000	nan	nan	nan
16.000000000000000	nan	nan	nan
16.000000000000000	nan	nan	nan
16.000000000000000	nan	nan	nan
16.000000000000000	nan	nan	nan
16.000000000000000	nan	nan	nan
16.000000000000000	nan	nan	nan
16.000000000000000	nan	nan	nan
16.000000000000000	nan	nan	nan
16.000000000000000	nan	nan	nan
16.000000000000000	nan	nan	nan
16.000000000000000	nan	nan	nan
16.000000000000000	nan	nan	nan
16.000000000000000	nan	nan	nan
16.000000000000000	nan	nan	nan
16.000000000000000	nan	nan	nan


17.000000000000000	0.184407059249951	-1.469792086881289	-0.050784335714055
17.000000000000000	0.283473308183501	-1.454334550073940	-0.045239331554626
17.000000000000000	0.381346162412371	-1.432606878715634	-0.039497858551091
17.000000000000000	0.477631522496196	-1.404696562470286	-0.033583035588818
17.000000000000000	0.571941681273236	-1.370715986330643	-0.027518679572276
17.000000000000000	0.663896885020279	-1.330801978083588	-0.021329209522768
17.000000000000000	0.753126862586851	-1.285115257352929	-0.015039548251648
17.000000000000000	0.839272316346456	-1.233839788438208	-0.008675022004957
17.000000000000000	0.921986368961305	-1.177182039555385	-0.002261258483572
17.000000000000000	1.000935960134929	-1.115370151462212	0.004175916350504
17.000000000000000	1.075803187728437	-1.048653018815921	0.010610582266177
17.000000000000000	1.146286587840231	-0.977299287962281	0.017016829134878
17.000000000000000	1.212102348694739	-0.901596275191585	0.023368861261512
17.000000000000000	1.272985453452261	-0.821848809817354	0.029641101254616
17.000000000000000	1.328690747338251	-0.738378006736280	0.035808293017485
17.000000000000000	1.378993924795069	-0.651519973411869	0.041845603445562
17.000000000000000	1.423692432681286	-0.561624456488318	0.047728722420584
17.000000000000000	1.462606285881706	-0.469053433484215	0.053433960698850
17.000000000000000	1.495578792043893	-0.374179655236833	0.058938345299440
17.000000000000000	1.522477182522972	-0.277385144966064	0.064219712008306
17.000000000000000	1.543193146994102	-0.179059660001749	0.069256794625738
17.000000000000000	1.557643269579930	-0.079599122368473	0.074029310597842
17.000000000000000	1.565769364736883	0.020595975452692	0.078518042687227
17.000000000000000	1.567538711547819	0.121122183166055	0.082704916354041
17.000000000000000	1.562944185477610	0.221574717213255	0.086573072535757
17.000000000000000	1.552004287061130	0.321549090693778	0.090106935532674
17.000000000000000	1.534763067408136	0.420642742090951	0.093292275725758
17.000000000000000	1.511289950824987	0.518456656245084	0.096116266874297
17.000000000000000	1.481679455267474	0.614596971046690	0.098567537762646
17.000000000000000	1.446050811750367	0.708676563380187	0.100636217988099
17.000000000000000	1.404547484246203	0.800316607932055	0.102313977705516
17.000000000000000	1.357336592006499	0.889148102586666	0.103594061168669
17.000000000000000	1.304608236631515	0.974813354267569	0.104471313933249
17.000000000000000	1.246574736598200	1.056967419241261	0.104942203611996
17.000000000000000	1.183469772328628	1.135279492083858	0.105004834098369
17.000000000000000	1.115547445241407	1.209434237717781	0.104658953201505
17.000000000000000	1.043081254574957	1.279133061154819	0.103905953661700
17.000000000000000	0.966362996102598	1.344095309832755	0.102748867542334
17.000000000000000	0.885701587173971	1.404059403704184	0.101192354020823
17.000000000000000	0.801421822813887	1.458783888527040	0.099242680627756
17.000000000000000	0.713863067887408	1.508048408115607	0.096907698009763
17.000000000000000	0.623377890597304	1.551654591637106	0.094196808317728
17.000000000000000	0.530330642816346	1.589426852381028	0.091120927347650
17.000000000000000	0.435095992970898	1.621213094784840	0.087692440586581
17.000000000000000	0.338057417383414	1.646885326869139	0.083925153340647
17.000000000000000	0.239605656148623	1.666340175616175	0.079834235145945
17.000000000000000	0.140137139761083	1.679499303216513	0.075436158686182
17.000000000000000	0.040052392829492	1.686309722507736	0.070748633462988
17.000000000000000	-0.060245578694544	1.686744010335056	0.065790534486003
17.000000000000000	-0.160352910279240	1.680800417974670	0.060581826269877
17.000000000000000	-0.259866505032566	1.668502878175259	0.055143482444217
17.000000000000000	-0.358385656831151	1.649900908789257	0.049497401300177
17.000000000000000	-0.455513663822425	1.625069413381930	0.043666317613777
17.000000000000000	-0.550859425802957	1.594108379621164	0.037673711100977
17.000000000000000	-0.644039019040946	1.557142476662407	0.031543711873149
17.000000000000000	-0.734677242201578	1.514320553149992	0.025301003273641
17.000000000000000	-0.822409127150382	1.465815037856169	0.018970722486657
17.000000000000000	-0.906881408551089	1.411821245371310	0.012578359318693
17.000000000000000	-0.987753946340468	1.352556589640977	0.006149653560082
17.000000000000000	-1.064701095352295	1.288259708516706	-0.000289508660059
17.000000000000000	-1.137413016575520	1.219189502845599	-0.006713199108130
17.000000000000000	-1.205596924766593	1.145624093967998	-0.013095551849898
17.000000000000000	-1.268978267392317	1.067859703820998	-0.019410867403486
17.000000000000000	-1.327301830155987	0.986209462157265	-0.025633716222108
17.000000000000000	-1.380332764655291	0.901002145682035	-0.031739041089889
17.000000000000000	-1.427857534033939	0.812580854185362	-0.037702258018422
17.000000000000000	-1.469684772819216	0.721301629000358	-0.043499355237816
17.000000000000000	-1.505646057483193	0.627532019350412	-0.049106989883619
17.000000000000000	-1.535596584624843	0.531649602358183	-0.054502581990290
17.000000000000000	-1.559415754042217	0.434040462675797	-0.059664405412758
17.000000000000000	-1.577007654346899	0.335097637858218	-0.064571675309933
17.000000000000000	-1.588301449165314	0.235219535739733	-0.069204631837930
17.000000000000000	-1.593251662371802	0.134808330186219	-0.073544619715984
17.000000000000000	-1.591838361204927	0.034268341682931	-0.077574163344681
17.000000000000000	-1.584067236529674	-0.065995590721392	-0.081277037174031
17.000000000000000	-1.569969579922339	-0.165579739558485	-0.084638331038030
17.000000000000000	-1.549602157670399	-0.264083114608589	-0.087644510192634
17.000000000000000	-1.523046982194710	-0.361109077546528	-0.090283469815401
17.000000000000000	-1.490410981814426	-0.456266939064261	-0.092544583747333
17.000000000000000	-1.451825570184408	-0.549173532038829	-0.094418747280674
17.000000000000000	-1.407446117138808	-0.639454754411127	-0.095898413820349
17.000000000000000	-1.357451323071589	-0.726747075562858	-0.096977625271441
17.000000000000000	-1.302042499373110	-0.810699000126022	-0.097652036030337
17.000000000000000	-1.241442757820205	-0.890972483330714	-0.097918930482942
17.000000000000000	-1.175896112183806	-0.967244292192093	-0.097777233939493
17.000000000000000	-1.105666495671611	-1.039207307055537	-0.097227516961959
17.000000000000000	-1.031036698162209	-1.106571758259085	-0.096271993066590
17.000000000000000	-0.952307227510049	-1.169066392933604	-0.094914509810867
17.000000000000000	-0.869795099506370	-1.226439567242353	-0.093160533300744
17.000000000000000	-0.783832561368502	-1.278460259661895	-0.091017126180574
17.000000000000000	-0.694765753897584	-1.324919001224235	-0.088492919194326
17.000000000000000	-0.602953317691727	-1.365628718974425	-0.085598076432631
17.000000000000000	-0.508764949026905	-1.400425489247326	-0.082344254405575
17.000000000000000	-0.412579911220531	-1.429169197730354	-0.078744555106043
17.000000000000000	-0.314785507471945	-1.451744103654357	-0.074813473252624
17.000000000000000	-0.215775521329115	-1.468059305840855	-0.070566837924490
17.000000000000000	-0.115948631061280	-1.478049108728990	-0.066021748823284
17.000000000000000	-0.015706804322272	-1.481673286908371	-0.061196507418656
17.000000000000000	0.084546320431361	-1.478917247092600	-0.056110543254703
17.000000000000000	0.184407059249950	-1.469792086881289	-0.050784335714055


18.000000000000000	nan	nan	nan
18.000000000000000	nan	nan	nan
18.000000000000000	nan	nan	nan
18.000000000000000	nan	nan	nan
18.000000000000000	nan	nan	nan
18.000000000000000	nan	nan	nan
18.000000000000000	nan	nan	nan
18.000000000000000	nan	nan	nan
18.000000000000000	nan	nan	nan
18.000000000000000	nan	nan	nan
18.000000000000000	nan	nan	nan
18.000000000000000	nan	nan	nan
18.000000000000000	nan	nan	nan
18.000000000000000	nan	nan	nan
18.000000000000000	nan	nan	nan
18.000000000000000	nan	nan	nan
18.000000000000000	nan	nan	nan
18.000000000000000	nan	nan	nan
18.000000000000000	nan	nan	nan
18.000000000000000	nan	nan	nan
18.000000000000000	nan	nan	nan
18.000000000000000	nan	nan	nan
18.000000000000000	nan	nan	nan
18.000000000000000	nan	nan	nan
18.000000000000000	nan	nan	nan
18.000000000000000	nan	nan	nan
18.000000000000000	nan	nan	nan
18.000000000000000	nan	nan	nan
18.000000000000000	nan	nan	nan
18.000000000000000	nan	nan	nan
18.000000000000000	nan	nan	nan
18.000000000000000	nan	nan	nan
18.000000000000000	nan	nan	nan
18.000000000000000	nan	nan	nan
18.000000000000000	nan	nan	nan
18.000000000000000	nan	nan	nan
18.000000000000000	nan	nan	nan
18.000000000000000	nan	nan	nan
18.000000000000000	nan	nan	nan
18.000000000000000	nan	nan	nan
18.000000000000000	nan	nan	nan
18.000000000000000	nan	nan	nan
18.000000000000000	nan	nan	nan
18.000000000000000	nan	nan	nan
18.000000000000000	nan	nan	nan
18.000000000000000	nan	nan	nan
18.000000000000000	nan	nan	nan
18.000000000000000	nan	nan	nan
18.000000000000000	nan	nan	nan
18.000000000000000	nan	nan	nan
18.000000000000000	nan	nan	nan
18.000000000000000	nan	nan	nan
18.000000000000000	nan	nan	nan
18.000000000000000	nan	nan	nan
18.000000000000000	nan	nan	nan
18.000000000000000	nan	nan	nan
18.000000000000000	nan	nan	nan
18.000000000000000	nan	nan	nan
18.000000000000000	nan	nan	nan
18.000000000000000	nan	nan	nan
18.000000000000000	nan	nan	nan
18.000000000000000	nan	nan	nan
18.000000000000000	nan	nan	nan
18.000000000000000	nan	nan	nan
18.000000000000000	nan	nan	nan
18.000000000000000	nan	nan	nan
18.000000000000000	nan	nan	nan
18.000000000000000	nan	nan	nan
18.000000000000000	nan	nan	nan
18.000000000000000	nan	nan	nan
18.000000000000000	nan	nan	nan
18.000000000000000	nan	nan	nan
18.000000000000000	nan	nan	nan
18.000000000000000	nan	nan	nan
18.000000000000000	nan	nan	nan
18.000000000000000	nan	nan	nan
18.000000000000000	nan	nan	nan
18.000000000000000	nan	nan	nan
18.000000000000000	nan	nan	nan
18.000000000000000	nan	nan	nan
18.000000000000000	nan	nan	nan
18.000000000000000	nan	nan	nan
18.000000000000000	nan	nan	nan
18.000000000000000	nan	nan	nan
18.000000000000000	nan	nan	nan
18.000000000000000	nan	nan	nan
18.000000000000000	nan	nan	nan
18.000000000000000	nan	nan	nan
18.000000000000000	nan	nan	nan
18.000000000000000	nan	nan	nan
18.000000000000000	nan	nan	nan
18.000000000000000	nan	nan	nan
18.000000000000000	nan	nan	nan
18.000000000000000	nan	nan	nan
18.000000000000000	nan	nan	nan
18.000000000000000	nan	nan	nan
18.000000000000000	nan	nan	nan
18.000000000000000	nan	nan	nan
18.000000000000000	nan	nan	nan
18.000000000000000	nan	nan	nan


