# n	x	y	z
1.000000000000000	0.401777476947358	0.096762925785493	-0.032671442652889
1.000000000000000	0.394250775636219	0.124774242871155	-0.030501514157108
1.000000000000000	0.384956568725616	0.152239788192323	-0.028194129976911
1.000000000000000	0.373932280706447	0.179048967691783	-0.025758581134014
1.000000000000000	0.361222302495611	0.205093830265823	-0.023204674723996
1.000000000000000	0.346877812689456	0.230269502445229	-0.020542694426585
1.000000000000000	0.330956571485631	0.254474610683732	-0.017783359096909
1.000000000000000	0.313522688103164	0.277611689553498	-0.014937779604451
1.000000000000000	0.294646362637253	0.299587574204004	-0.012017414093497
1.000000000000000	0.274403603388269	0.320313775504017	-0.009034021845235
1.000000000000000	0.252875920803153	0.339706836356083	-0.005999615927279
1.000000000000000	0.230149999261611	0.357688667748811	-0.002926414821286
1.000000000000000	0.206317348028721	0.374186863193760	0.000173206776558
1.000000000000000	0.181473932779411	0.389134990280806	0.003286767784069
1.000000000000000	0.155719789178561	0.402472858178019	0.006401730989983
1.000000000000000	0.129158620072689	0.414146759998893	0.009505553536877
1.000000000000000	0.101897377915183	0.424109689061028	0.012585737426828
1.000000000000000	0.074045834106526	0.432321528165444	0.015629879846444
1.000000000000000	0.045716136983608	0.438749211134384	0.018625723108613
1.000000000000000	0.017022360237951	0.443366855957144	0.021561204009880
1.000000000000000	-0.011919956418778	0.446155869007791	0.024424502404718
1.000000000000000	-0.040994272492413	0.447105019915135	0.027204088801072
1.000000000000000	-0.070083515973725	0.446210486783469	0.029888770785563
1.000000000000000	-0.099070554746082	0.443475871581994	0.032467738091381
1.000000000000000	-0.127838668235142	0.438912185640962	0.034930606127416
1.000000000000000	-0.156272017401411	0.432537805312932	0.037267457793340
1.000000000000000	-0.184256111183170	0.424378397977687	0.039468883412273
1.000000000000000	-0.211678267511571	0.414466818688754	0.041526018620226
1.000000000000000	-0.238428067041559	0.402842977877701	0.043430580059769
1.000000000000000	-0.264397797771602	0.389553680648910	0.045174898734190
1.000000000000000	-0.289482888761904	0.374652438311948	0.046751950887831
1.000000000000000	-0.313582331204675	0.358199252910405	0.048155386288283
1.000000000000000	-0.336599085150944	0.340260375614843	0.049379553796519
1.000000000000000	-0.358440470256191	0.320908039952717	0.050419524122048
1.000000000000000	-0.379018538971378	0.300220170949452	0.051271109671420
1.000000000000000	-0.398250430676689	0.278280071351869	0.051930881410188
1.000000000000000	-0.416058705332003	0.255176086197428	0.052396182670423
1.000000000000000	-0.432371655300603	0.231001247079936	0.052665139848176
1.000000000000000	-0.447123594090520	0.205852897544161	0.052736669947817
1.000000000000000	-0.460255120850852	0.179832301117731	0.052610484942883
1.000000000000000	-0.471713359558024	0.153044233558648	0.052287092935852
1.000000000000000	-0.481452171928878	0.125596560960290	0.051767796112197
1.000000000000000	-0.489432343203249	0.097599805412726	0.051054685496944
1.000000000000000	-0.495621740047967	0.069166699969265	0.050150632534852
1.000000000000000	-0.499995439946447	0.040411734710242	0.049059277528122
1.000000000000000	-0.502535831552869	0.011450695731867	0.047785014978176
1.000000000000000	-0.503232685606847	-0.017599801083510	0.046332975890562
1.000000000000000	-0.502083196123059	-0.046622779638407	0.044709007114196
1.000000000000000	-0.499091991689948	-0.075501374641662	0.042919647798172
1.000000000000000	-0.494271116832042	-0.104119302183717	0.040972103060912
1.000000000000000	-0.487639983510894	-0.132361327970880	0.038874214977700
1.000000000000000	-0.479225292959972	-0.160113731333152	0.036634431003408
1.000000000000000	-0.469060928168211	-0.187264763137233	0.034261769957585
1.000000000000000	-0.457187817445180	-0.213705095760833	0.031765785708847
1.000000000000000	-0.443653769617219	-0.239328263316429	0.029156528704819
1.000000000000000	-0.428513281518173	-0.264031090351812	0.026444505502538
1.000000000000000	-0.411827318549877	-0.287714107301218	0.023640636462246
1.000000000000000	-0.393663069195997	-0.310281951014167	0.020756211774961
1.000000000000000	-0.374093674477722	-0.331643748749205	0.017802846000859
1.000000000000000	-0.353197933440688	-0.351713484086367	0.014792431301539
1.000000000000000	-0.331059985859028	-0.370410343284938	0.011737089554490
1.000000000000000	-0.307768973434204	-0.387659040691866	0.008649123542563
1.000000000000000	-0.283418680852832	-0.403390121890514	0.005540967415009
1.000000000000000	-0.258107158148854	-0.417540243369080	0.002425136619549
1.000000000000000	-0.231936325890654	-0.430052427582569	-0.000685822492916
1.000000000000000	-0.205011564782904	-0.440876292381251	-0.003779383188033
1.000000000000000	-0.177441291335658	-0.449968253881795	-0.006843088788737
1.000000000000000	-0.149336521309332	-0.457291701964192	-0.009864602833890
1.000000000000000	-0.120810422693418	-0.462817147687778	-0.012831758752855
1.000000000000000	-0.091977860018935	-0.466522342032796	-0.015732608855987
1.000000000000000	-0.062954931839498	-0.468392365489344	-0.018555472443758
1.000000000000000	-0.033858503243426	-0.468419688132976	-0.021288982840811
1.000000000000000	-0.004805735279270	-0.466604199945049	-0.023922133165552
1.000000000000000	0.024086386810370	-0.462953211255731	-0.026444320650979
1.000000000000000	0.052701524647135	-0.457481423307880	-0.028845389338278
1.000000000000000	0.080924455170489	-0.450210869060328	-0.031115670971287
1.000000000000000	0.108641534600324	-0.441170824468933	-0.033246023927152
1.000000000000000	0.135741156040345	-0.430397690602638	-0.035227870026414
1.000000000000000	0.162114198879657	-0.417934847069212	-0.037053229074312
1.000000000000000	0.187654468182946	-0.403832477340881	-0.038714750994209
1.000000000000000	0.212259122300006	-0.388147366683197	-0.040205745423758
1.000000000000000	0.235829086972769	-0.370942673500817	-0.041520208654628
1.000000000000000	0.258269454272369	-0.352287675020896	-0.042652847807319
1.000000000000000	0.279489864759877	-0.332257488338149	-0.043599102143722
1.000000000000000	0.299404871331873	-0.310932767944817	-0.044355161431599
1.000000000000000	0.317934283285769	-0.288399380963497	-0.044917981287044
1.000000000000000	0.335003489219467	-0.264748061390543	-0.045285295433142
1.000000000000000	0.350543757465141	-0.240074044742291	-0.045455624825470
1.000000000000000	0.364492512847408	-0.214476684575242	-0.045428283607679
1.000000000000000	0.376793588651469	-0.188059052424361	-0.045203381873205
1.000000000000000	0.387397452786648	-0.160927522770380	-0.044781825221955
1.000000000000000	0.396261407234643	-0.133191344707312	-0.044165311113777
1.000000000000000	0.403349759979367	-0.104962202034905	-0.043356322033391
1.000000000000000	0.408633968726109	-0.076353763547401	-0.042358115494294
1.000000000000000	0.412092755831272	-0.047481225329420	-0.041174710921910
1.000000000000000	0.413712193979943	-0.018460846901982	-0.039810873468777
1.000000000000000	0.413485762266267	0.010590516913547	-0.038272094826959
1.000000000000000	0.411414372450838	0.039555886528580	-0.036564571114945
1.000000000000000	0.407506365289357	0.068318628622822	-0.034695177928065
1.000000000000000	0.401777476947358	0.096762925785493	-0.032671442652890


2.000000000000000	0.281709251340346	0.546429870744028	0.003741992271771
2.000000000000000	0.240962722226946	0.565822402746766	0.001342917466528
2.000000000000000	0.199052076301416	0.582560567613407	-0.001064139669421
2.000000000000000	0.156146072942796	0.596576966661665	-0.003469486766544
2.000000000000000	0.112417479483203	0.607815160799573	-0.005863438341035
2.000000000000000	0.068042375534767	0.616229897785789	-0.008236354794832
2.000000000000000	0.023199443979170	0.621787294444396	-0.010578681230884
2.000000000000000	-0.021930748525246	0.624464973100501	-0.012880985927340
2.000000000000000	-0.067166478621687	0.624252151687225	-0.015133998315773
2.000000000000000	-0.112325597990723	0.621149687161285	-0.017328646310481
2.000000000000000	-0.157226266797284	0.615170072052331	-0.019456092838577
2.000000000000000	-0.201687685895498	0.606337384159940	-0.021507771423760
2.000000000000000	-0.245530824843038	0.594687189600811	-0.023475420680497
2.000000000000000	-0.288579142793524	0.580266399596572	-0.025351117579699
2.000000000000000	-0.330659299364205	0.563133081578841	-0.027127309351969
2.000000000000000	-0.371601852616500	0.543356225372177	-0.028796843899935
2.000000000000000	-0.411241941338881	0.521015465396407	-0.030352998597225
2.000000000000000	-0.449419948884786	0.496200760006922	-0.031789507358109
2.000000000000000	-0.485982145892516	0.469012029264128	-0.033100585868812
2.000000000000000	-0.520781309299122	0.439558752590634	-0.034280954878909
2.000000000000000	-0.553677315155713	0.407959527936254	-0.035325861459000
2.000000000000000	-0.584537702857144	0.374341594225921	-0.036231098139081
2.000000000000000	-0.613238208514124	0.338840319013447	-0.036993019850539
2.000000000000000	-0.639663265320037	0.301598653404159	-0.037608558603556
2.000000000000000	-0.663706468897684	0.262766556441251	-0.038075235840826
2.000000000000000	-0.685271005752157	0.222500391273647	-0.038391172417825
2.000000000000000	-0.704270043104612	0.180962295536783	-0.038555096169464
2.000000000000000	-0.720627078537222	0.138319528481581	-0.038566347032651
2.000000000000000	-0.734276248041414	0.094743797480473	-0.038424879704133
2.000000000000000	-0.745162591228984	0.050410566622417	-0.038131263822910
2.000000000000000	-0.753242272638183	0.005498350180942	-0.037686681676507
2.000000000000000	-0.758482758243649	-0.039812006199830	-0.037092923440314
2.000000000000000	-0.760862946459445	-0.085338053706761	-0.036352379969185
2.000000000000000	-0.760373253107699	-0.130896475014676	-0.035468033170309
2.000000000000000	-0.757015650010705	-0.176303822440529	-0.034443443996119
2.000000000000000	-0.750803657051089	-0.221377256622475	-0.033282738105599
2.000000000000000	-0.741762287732015	-0.265935282749453	-0.031990589251704
2.000000000000000	-0.729927948456635	-0.309798481376726	-0.030572200461814
2.000000000000000	-0.715348291932357	-0.352790230884665	-0.029033283086975
2.000000000000000	-0.698082025290203	-0.394737418671672	-0.027380033804302
2.000000000000000	-0.678198673691921	-0.435471138217527	-0.025619109665155
2.000000000000000	-0.655778300376692	-0.474827369210331	-0.023757601289533
2.000000000000000	-0.630911184274725	-0.512647637998412	-0.021803004314658
2.000000000000000	-0.603697456485870	-0.548779655707790	-0.019763189212685
2.000000000000000	-0.574246697087016	-0.583077931455720	-0.017646369599089
2.000000000000000	-0.542677493891800	-0.615404358191126	-0.015461069159336
2.000000000000000	-0.509116964939337	-0.645628768802956	-0.013216087327008
2.000000000000000	-0.473700246634737	-0.673629460257195	-0.010920463851593
2.000000000000000	-0.436569949602504	-0.699293683652024	-0.008583442398599
2.000000000000000	-0.397875584443880	-0.722518098217862	-0.006214433328581
2.000000000000000	-0.357772959710423	-0.743209187434163	-0.003822975804937
2.000000000000000	-0.316423554517964	-0.761283635587445	-0.001418699383064
2.000000000000000	-0.273993868327196	-0.776668663254259	0.000988714764462
2.000000000000000	-0.230654750509119	-0.789302320358239	0.003389572830549
2.000000000000000	-0.186580712394912	-0.799133735621199	0.005774207407134
2.000000000000000	-0.141949224580405	-0.806123321403811	0.008133016412419
2.000000000000000	-0.096940002314622	-0.810242933111060	0.010456501755066
2.000000000000000	-0.051734281849902	-0.811475982520591	0.012735307579660
2.000000000000000	-0.006514090667479	-0.809817504577630	0.014960257939436
2.000000000000000	0.038538485482940	-0.805274177387504	0.017122393744578
2.000000000000000	0.083242035778222	-0.797864295325268	0.019213008837310
2.000000000000000	0.127416554799170	-0.787617695370714	0.021223685048524
2.000000000000000	0.170884167348805	-0.774575636965387	0.023146326094772
2.000000000000000	0.213469844693014	-0.758790635875372	0.024973190179146
2.000000000000000	0.255002109339482	-0.740326252728840	0.026696921164758
2.000000000000000	0.295313725517031	-0.719256837079833	0.028310578195309
2.000000000000000	0.334242372575048	-0.695667228028850	0.029807663643468
2.000000000000000	0.371631298591453	-0.669652412605735	0.031182149274521
2.000000000000000	0.407329951557367	-0.641317143290430	0.032428500519949
2.000000000000000	0.441194585596913	-0.610775516211711	0.033541698763178
2.000000000000000	0.473088839781126	-0.578150511722345	0.034517261547779
2.000000000000000	0.502884287205284	-0.543573499200622	0.035351260626737
2.000000000000000	0.530460952118727	-0.507183708072223	0.036040337780116
2.000000000000000	0.555707793024861	-0.469127667182473	0.036581718337425
2.000000000000000	0.578523149806073	-0.429558614776392	0.036973222350236
2.000000000000000	0.598815153073142	-0.388635881462371	0.037213273370069
2.000000000000000	0.616502094090848	-0.346524248644039	0.037300904796192
2.000000000000000	0.631512753790208	-0.303393285003719	0.037235763767779
2.000000000000000	0.643786689542532	-0.259416663709184	0.037018112584763
2.000000000000000	0.653274478540555	-0.214771463093114	0.036648827651637
2.000000000000000	0.659937916806636	-0.169637453621145	0.036129395948492
2.000000000000000	0.663750173026699	-0.124196374019651	0.035461909043464
2.000000000000000	0.664695896590456	-0.078631199478044	0.034649054670737
2.000000000000000	0.662771279402903	-0.033125404872257	0.033694105907975
2.000000000000000	0.657984071218174	0.012137774023819	0.032600907996805
2.000000000000000	0.650353548434013	0.056976078364127	0.031373862859377
2.000000000000000	0.639910436472525	0.101208960122487	0.030017911373381
2.000000000000000	0.626696786059750	0.144658309095779	0.028538513476877
2.000000000000000	0.610765803902224	0.187149170090865	0.026941626183050
2.000000000000000	0.592181638442353	0.228510447407403	0.025233679593421
2.000000000000000	0.571019121555280	0.268575593779842	0.023421551006096
2.000000000000000	0.547363467227330	0.307183281004485	0.021512537223318
2.000000000000000	0.521309928429366	0.344178049551222	0.019514325169816
2.000000000000000	0.492963413566693	0.379410934544188	0.017434960940271
2.000000000000000	0.462438064049938	0.412740065590743	0.015282817400539
2.000000000000000	0.429856794687873	0.444031238043472	0.013066560473068
2.000000000000000	0.395350798752862	0.473158453394932	0.010795114242291
2.000000000000000	0.359059019711860	0.500004426629171	0.008477625020486
2.000000000000000	0.321127591750108	0.524461058487095	0.006123424518806
2.000000000000000	0.281709251340346	0.546429870744028	0.003741992271771


3.000000000000000	nan	nan	nan
3.000000000000000	nan	nan	nan
3.000000000000000	nan	nan	nan
3.000000000000000	nan	nan	nan
3.000000000000000	nan	nan	nan
3.000000000000000	nan	nan	nan
3.000000000000000	nan	nan	nan
3.000000000000000	nan	nan	nan
3.000000000000000	nan	nan	nan
3.000000000000000	nan	nan	nan
3.000000000000000	nan	nan	nan
3.000000000000000	nan	nan	nan
3.000000000000000	nan	nan	nan
3.000000000000000	nan	nan	nan
3.000000000000000	nan	nan	nan
3.000000000000000	nan	nan	nan
3.000000000000000	nan	nan	nan
3.000000000000000	nan	nan	nan
3.000000000000000	nan	nan	nan
3.000000000000000	nan	nan	nan
3.000000000000000	nan	nan	nan
3.000000000000000	nan	nan	nan
3.000000000000000	nan	nan	nan
3.000000000000000	nan	nan	nan
3.000000000000000	nan	nan	nan
3.000000000000000	nan	nan	nan
3.000000000000000	nan	nan	nan
3.000000000000000	nan	nan	nan
3.000000000000000	nan	nan	nan
3.000000000000000	nan	nan	nan
3.000000000000000	nan	nan	nan
3.000000000000000	nan	nan	nan
3.000000000000000	nan	nan	nan
3.000000000000000	nan	nan	nan
3.000000000000000	nan	nan	nan
3.000000000000000	nan	nan	nan
3.000000000000000	nan	nan	nan
3.000000000000000	nan	nan	nan
3.000000000000000	nan	nan	nan
3.000000000000000	nan	nan	nan
3.000000000000000	nan	nan	nan
3.000000000000000	nan	nan	nan
3.000000000000000	nan	nan	nan
3.000000000000000	nan	nan	nan
3.000000000000000	nan	nan	nan
3.000000000000000	nan	nan	nan
3.000000000000000	nan	nan	nan
3.000000000000000	nan	nan	nan
3.000000000000000	nan	nan	nan
3.000000000000000	nan	nan	nan
3.000000000000000	nan	nan	nan
3.000000000000000	nan	nan	nan
3.000000000000000	nan	nan	nan
3.000000000000000	nan	nan	nan
3.000000000000000	nan	nan	nan
3.000000000000000	nan	nan	nan
3.000000000000000	nan	nan	nan
3.000000000000000	nan	nan	nan
3.000000000000000	nan	nan	nan
3.000000000000000	nan	nan	nan
3.000000000000000	nan	nan	nan
3.000000000000000	nan	nan	nan
3.000000000000000	nan	nan	nan
3.000000000000000	nan	nan	nan
3.000000000000000	nan	nan	nan
3.000000000000000	nan	nan	nan
3.000000000000000	nan	nan	nan
3.000000000000000	nan	nan	nan
3.000000000000000	nan	nan	nan
3.000000000000000	nan	nan	nan
3.000000000000000	nan	nan	nan
3.000000000000000	nan	nan	nan
3.000000000000000	nan	nan	nan
3.000000000000000	nan	nan	nan
3.000000000000000	nan	nan	nan
3.000000000000000	nan	nan	nan
3.000000000000000	nan	nan	nan
3.000000000000000	nan	nan	nan
3.000000000000000	nan	nan	nan
3.000000000000000	nan	nan	nan
3.000000000000000	nan	nan	nan
3.000000000000000	nan	nan	nan
3.000000000000000	nan	nan	nan
3.000000000000000	nan	nan	nan
3.000000000000000	nan	nan	nan
3.000000000000000	nan	nan	nan
3.000000000000000	nan	nan	nan
3.000000000000000	nan	nan	nan
3.000000000000000	nan	nan	nan
3.000000000000000	nan	nan	nan
3.000000000000000	nan	nan	nan
3.000000000000000	nan	nan	nan
3.000000000000000	nan	nan	nan
3.000000000000000	nan	nan	nan
3.000000000000000	nan	nan	nan
3.000000000000000	nan	nan	nan
3.000000000000000	nan	nan	nan
3.000000000000000	nan	nan	nan
3.000000000000000	nan	nan	nan
3.000000000000000	nan	nan	nan


4.000000000000000	nan	nan	nan
4.000000000000000	nan	nan	nan
4.000000000000000	nan	nan	nan
4.000000000000000	nan	nan	nan
4.000000000000000	nan	nan	nan
4.000000000000000	nan	nan	nan
4.000000000000000	nan	nan	nan
4.000000000000000	nan	nan	nan
4.000000000000000	nan	nan	nan
4.000000000000000	nan	nan	nan
4.000000000000000	nan	nan	nan
4.000000000000000	nan	nan	nan
4.000000000000000	nan	nan	nan
4.000000000000000	nan	nan	nan
4.000000000000000	nan	nan	nan
4.000000000000000	nan	nan	nan
4.000000000000000	nan	nan	nan
4.000000000000000	nan	nan	nan
4.000000000000000	nan	nan	nan
4.000000000000000	nan	nan	nan
4.000000000000000	nan	nan	nan
4.000000000000000	nan	nan	nan
4.000000000000000	nan	nan	nan
4.000000000000000	nan	nan	nan
4.000000000000000	nan	nan	nan
4.000000000000000	nan	nan	nan
4.000000000000000	nan	nan	nan
4.000000000000000	nan	nan	nan
4.000000000000000	nan	nan	nan
4.000000000000000	nan	nan	nan
4.000000000000000	nan	nan	nan
4.000000000000000	nan	nan	nan
4.000000000000000	nan	nan	nan
4.000000000000000	nan	nan	nan
4.000000000000000	nan	nan	nan
4.000000000000000	nan	nan	nan
4.000000000000000	nan	nan	nan
4.000000000000000	nan	nan	nan
4.000000000000000	nan	nan	nan
4.000000000000000	nan	nan	nan
4.000000000000000	nan	nan	nan
4.000000000000000	nan	nan	nan
4.000000000000000	nan	nan	nan
4.000000000000000	nan	nan	nan
4.000000000000000	nan	nan	nan
4.000000000000000	nan	nan	nan
4.000000000000000	nan	nan	nan
4.000000000000000	nan	nan	nan
4.000000000000000	nan	nan	nan
4.000000000000000	nan	nan	nan
4.000000000000000	nan	nan	nan
4.000000000000000	nan	nan	nan
4.000000000000000	nan	nan	nan
4.000000000000000	nan	nan	nan
4.000000000000000	nan	nan	nan
4.000000000000000	nan	nan	nan
4.000000000000000	nan	nan	nan
4.000000000000000	nan	nan	nan
4.000000000000000	nan	nan	nan
4.000000000000000	nan	nan	nan
4.000000000000000	nan	nan	nan
4.000000000000000	nan	nan	nan
4.000000000000000	nan	nan	nan
4.000000000000000	nan	nan	nan
4.000000000000000	nan	nan	nan
4.000000000000000	nan	nan	nan
4.000000000000000	nan	nan	nan
4.000000000000000	nan	nan	nan
4.000000000000000	nan	nan	nan
4.000000000000000	nan	nan	nan
4.000000000000000	nan	nan	nan
4.000000000000000	nan	nan	nan
4.000000000000000	nan	nan	nan
4.000000000000000	nan	nan	nan
4.000000000000000	nan	nan	nan
4.000000000000000	nan	nan	nan
4.000000000000000	nan	nan	nan
4.000000000000000	nan	nan	nan
4.000000000000000	nan	nan	nan
4.000000000000000	nan	nan	nan
4.000000000000000	nan	nan	nan
4.000000000000000	nan	nan	nan
4.000000000000000	nan	nan	nan
4.000000000000000	nan	nan	nan
4.000000000000000	nan	nan	nan
4.000000000000000	nan	nan	nan
4.000000000000000	nan	nan	nan
4.000000000000000	nan	nan	nan
4.000000000000000	nan	nan	nan
4.000000000000000	nan	nan	nan
4.000000000000000	nan	nan	nan
4.000000000000000	nan	nan	nan
4.000000000000000	nan	nan	nan
4.000000000000000	nan	nan	nan
4.000000000000000	nan	nan	nan
4.000000000000000	nan	nan	nan
4.000000000000000	nan	nan	nan
4.000000000000000	nan	nan	nan
4.000000000000000	nan	nan	nan
4.000000000000000	nan	nan	nan


5.000000000000000	nan	nan	nan
5.000000000000000	nan	nan	nan
5.000000000000000	nan	nan	nan
5.000000000000000	nan	nan	nan
5.000000000000000	nan	nan	nan
5.000000000000000	nan	nan	nan
5.000000000000000	nan	nan	nan
5.000000000000000	nan	nan	nan
5.000000000000000	nan	nan	nan
5.000000000000000	nan	nan	nan
5.000000000000000	nan	nan	nan
5.000000000000000	nan	nan	nan
5.000000000000000	nan	nan	nan
5.000000000000000	nan	nan	nan
5.000000000000000	nan	nan	nan
5.000000000000000	nan	nan	nan
5.000000000000000	nan	nan	nan
5.000000000000000	nan	nan	nan
5.000000000000000	nan	nan	nan
5.000000000000000	nan	nan	nan
5.000000000000000	nan	nan	nan
5.000000000000000	nan	nan	nan
5.000000000000000	nan	nan	nan
5.000000000000000	nan	nan	nan
5.000000000000000	nan	nan	nan
5.000000000000000	nan	nan	nan
5.000000000000000	nan	nan	nan
5.000000000000000	nan	nan	nan
5.000000000000000	nan	nan	nan
5.000000000000000	nan	nan	nan
5.000000000000000	nan	nan	nan
5.000000000000000	nan	nan	nan
5.000000000000000	nan	nan	nan
5.000000000000000	nan	nan	nan
5.000000000000000	nan	nan	nan
5.000000000000000	nan	nan	nan
5.000000000000000	nan	nan	nan
5.000000000000000	nan	nan	nan
5.000000000000000	nan	nan	nan
5.000000000000000	nan	nan	nan
5.000000000000000	nan	nan	nan
5.000000000000000	nan	nan	nan
5.000000000000000	nan	nan	nan
5.000000000000000	nan	nan	nan
5.000000000000000	nan	nan	nan
5.000000000000000	nan	nan	nan
5.000000000000000	nan	nan	nan
5.000000000000000	nan	nan	nan
5.000000000000000	nan	nan	nan
5.000000000000000	nan	nan	nan
5.000000000000000	nan	nan	nan
5.000000000000000	nan	nan	nan
5.000000000000000	nan	nan	nan
5.000000000000000	nan	nan	nan
5.000000000000000	nan	nan	nan
5.000000000000000	nan	nan	nan
5.000000000000000	nan	nan	nan
5.000000000000000	nan	nan	nan
5.000000000000000	nan	nan	nan
5.000000000000000	nan	nan	nan
5.000000000000000	nan	nan	nan
5.000000000000000	nan	nan	nan
5.000000000000000	nan	nan	nan
5.000000000000000	nan	nan	nan
5.000000000000000	nan	nan	nan
5.000000000000000	nan	nan	nan
5.000000000000000	nan	nan	nan
5.000000000000000	nan	nan	nan
5.000000000000000	nan	nan	nan
5.000000000000000	nan	nan	nan
5.000000000000000	nan	nan	nan
5.000000000000000	nan	nan	nan
5.000000000000000	nan	nan	nan
5.000000000000000	nan	nan	nan
5.000000000000000	nan	nan	nan
5.000000000000000	nan	nan	nan
5.000000000000000	nan	nan	nan
5.000000000000000	nan	nan	nan
5.000000000000000	nan	nan	nan
5.000000000000000	nan	nan	nan
5.000000000000000	nan	nan	nan
5.000000000000000	nan	nan	nan
5.000000000000000	nan	nan	nan
5.000000000000000	nan	nan	nan
5.000000000000000	nan	nan	nan
5.000000000000000	nan	nan	nan
5.000000000000000	nan	nan	nan
5.000000000000000	nan	nan	nan
5.000000000000000	nan	nan	nan
5.000000000000000	nan	nan	nan
5.000000000000000	nan	nan	nan
5.000000000000000	nan	nan	nan
5.000000000000000	nan	nan	nan
5.000000000000000	nan	nan	nan
5.000000000000000	nan	nan	nan
5.000000000000000	nan	nan	nan
5.000000000000000	nan	nan	nan
5.000000000000000	nan	nan	nan
5.000000000000000	nan	nan	nan
5.000000000000000	nan	nan	nan


6.000000000000000	nan	nan	nan
6.000000000000000	nan	nan	nan
6.000000000000000	nan	nan	nan
6.000000000000000	nan	nan	nan
6.000000000000000	nan	nan	nan
6.000000000000000	nan	nan	nan
6.000000000000000	nan	nan	nan
6.000000000000000	nan	nan	nan
6.000000000000000	nan	nan	nan
6.000000000000000	nan	nan	nan
6.000000000000000	nan	nan	nan
6.000000000000000	nan	nan	nan
6.000000000000000	nan	nan	nan
6.000000000000000	nan	nan	nan
6.000000000000000	nan	nan	nan
6.000000000000000	nan	nan	nan
6.000000000000000	nan	nan	nan
6.000000000000000	nan	nan	nan
6.000000000000000	nan	nan	nan
6.000000000000000	nan	nan	nan
6.000000000000000	nan	nan	nan
6.000000000000000	nan	nan	nan
6.000000000000000	nan	nan	nan
6.000000000000000	nan	nan	nan
6.000000000000000	nan	nan	nan
6.000000000000000	nan	nan	nan
6.000000000000000	nan	nan	nan
6.000000000000000	nan	nan	nan
6.000000000000000	nan	nan	nan
6.000000000000000	nan	nan	nan
6.000000000000000	nan	nan	nan
6.000000000000000	nan	nan	nan
6.000000000000000	nan	nan	nan
6.000000000000000	nan	nan	nan
6.000000000000000	nan	nan	nan
6.000000000000000	nan	nan	nan
6.000000000000000	nan	nan	nan
6.000000000000000	nan	nan	nan
6.000000000000000	nan	nan	nan
6.000000000000000	nan	nan	nan
6.000000000000000	nan	nan	nan
6.000000000000000	nan	nan	nan
6.000000000000000	nan	nan	nan
6.000000000000000	nan	nan	nan
6.000000000000000	nan	nan	nan
6.000000000000000	nan	nan	nan
6.000000000000000	nan	nan	nan
6.000000000000000	nan	nan	nan
6.000000000000000	nan	nan	nan
6.000000000000000	nan	nan	nan
6.000000000000000	nan	nan	nan
6.000000000000000	nan	nan	nan
6.000000000000000	nan	nan	nan
6.000000000000000	nan	nan	nan
6.000000000000000	nan	nan	nan
6.000000000000000	nan	nan	nan
6.000000000000000	nan	nan	nan
6.000000000000000	nan	nan	nan
6.000000000000000	nan	nan	nan
6.000000000000000	nan	nan	nan
6.000000000000000	nan	nan	nan
6.000000000000000	nan	nan	nan
6.000000000000000	nan	nan	nan
6.000000000000000	nan	nan	nan
6.000000000000000	nan	nan	nan
6.000000000000000	nan	nan	nan
6.000000000000000	nan	nan	nan
6.000000000000000	nan	nan	nan
6.000000000000000	nan	nan	nan
6.000000000000000	nan	nan	nan
6.000000000000000	nan	nan	nan
6.000000000000000	nan	nan	nan
6.000000000000000	nan	nan	nan
6.000000000000000	nan	nan	nan
6.000000000000000	nan	nan	nan
6.000000000000000	nan	nan	nan
6.000000000000000	nan	nan	nan
6.000000000000000	nan	nan	nan
6.000000000000000	nan	nan	nan
6.000000000000000	nan	nan	nan
6.000000000000000	nan	nan	nan
6.000000000000000	nan	nan	nan
6.000000000000000	nan	nan	nan
6.000000000000000	nan	nan	nan
6.000000000000000	nan	nan	nan
6.000000000000000	nan	nan	nan
6.000000000000000	nan	nan	nan
6.000000000000000	nan	nan	nan
6.000000000000000	nan	nan	nan
6.000000000000000	nan	nan	nan
6.000000000000000	nan	nan	nan
6.000000000000000	nan	nan	nan
6.000000000000000	nan	nan	nan
6.000000000000000	nan	nan	nan
6.000000000000000	nan	nan	nan
6.000000000000000	nan	nan	nan
6.000000000000000	nan	nan	nan
6.000000000000000	nan	nan	nan
6.000000000000000	nan	nan	nan
6.000000000000000	nan	nan	nan


7.000000000000000	nan	nan	nan
7.000000000000000	nan	nan	nan
7.000000000000000	nan	nan	nan
7.000000000000000	nan	nan	nan
7.000000000000000	nan	nan	nan
7.000000000000000	nan	nan	nan
7.000000000000000	nan	nan	nan
7.000000000000000	nan	nan	nan
7.000000000000000	nan	nan	nan
7.000000000000000	nan	nan	nan
7.000000000000000	nan	nan	nan
7.000000000000000	nan	nan	nan
7.000000000000000	nan	nan	nan
7.000000000000000	nan	nan	nan
7.000000000000000	nan	nan	nan
7.000000000000000	nan	nan	nan
7.000000000000000	nan	nan	nan
7.000000000000000	nan	nan	nan
7.000000000000000	nan	nan	nan
7.000000000000000	nan	nan	nan
7.000000000000000	nan	nan	nan
7.000000000000000	nan	nan	nan
7.000000000000000	nan	nan	nan
7.000000000000000	nan	nan	nan
7.000000000000000	nan	nan	nan
7.000000000000000	nan	nan	nan
7.000000000000000	nan	nan	nan
7.000000000000000	nan	nan	nan
7.000000000000000	nan	nan	nan
7.000000000000000	nan	nan	nan
7.000000000000000	nan	nan	nan
7.000000000000000	nan	nan	nan
7.000000000000000	nan	nan	nan
7.000000000000000	nan	nan	nan
7.000000000000000	nan	nan	nan
7.000000000000000	nan	nan	nan
7.000000000000000	nan	nan	nan
7.000000000000000	nan	nan	nan
7.000000000000000	nan	nan	nan
7.000000000000000	nan	nan	nan
7.000000000000000	nan	nan	nan
7.000000000000000	nan	nan	nan
7.000000000000000	nan	nan	nan
7.000000000000000	nan	nan	nan
7.000000000000000	nan	nan	nan
7.000000000000000	nan	nan	nan
7.000000000000000	nan	nan	nan
7.000000000000000	nan	nan	nan
7.000000000000000	nan	nan	nan
7.000000000000000	nan	nan	nan
7.000000000000000	nan	nan	nan
7.000000000000000	nan	nan	nan
7.000000000000000	nan	nan	nan
7.000000000000000	nan	nan	nan
7.000000000000000	nan	nan	nan
7.000000000000000	nan	nan	nan
7.000000000000000	nan	nan	nan
7.000000000000000	nan	nan	nan
7.000000000000000	nan	nan	nan
7.000000000000000	nan	nan	nan
7.000000000000000	nan	nan	nan
7.000000000000000	nan	nan	nan
7.000000000000000	nan	nan	nan
7.000000000000000	nan	nan	nan
7.000000000000000	nan	nan	nan
7.000000000000000	nan	nan	nan
7.000000000000000	nan	nan	nan
7.000000000000000	nan	nan	nan
7.000000000000000	nan	nan	nan
7.000000000000000	nan	nan	nan
7.000000000000000	nan	nan	nan
7.000000000000000	nan	nan	nan
7.000000000000000	nan	nan	nan
7.000000000000000	nan	nan	nan
7.000000000000000	nan	nan	nan
7.000000000000000	nan	nan	nan
7.000000000000000	nan	nan	nan
7.000000000000000	nan	nan	nan
7.000000000000000	nan	nan	nan
7.000000000000000	nan	nan	nan
7.000000000000000	nan	nan	nan
7.000000000000000	nan	nan	nan
7.000000000000000	nan	nan	nan
7.000000000000000	nan	nan	nan
7.000000000000000	nan	nan	nan
7.000000000000000	nan	nan	nan
7.000000000000000	nan	nan	nan
7.000000000000000	nan	nan	nan
7.000000000000000	nan	nan	nan
7.000000000000000	nan	nan	nan
7.000000000000000	nan	nan	nan
7.000000000000000	nan	nan	nan
7.000000000000000	nan	nan	nan
7.000000000000000	nan	nan	nan
7.000000000000000	nan	nan	nan
7.000000000000000	nan	nan	nan
7.000000000000000	nan	nan	nan
7.000000000000000	nan	nan	nan
7.000000000000000	nan	nan	nan
7.000000000000000	nan	nan	nan


8.000000000000000	nan	nan	nan
8.000000000000000	nan	nan	nan
8.000000000000000	nan	nan	nan
8.000000000000000	nan	nan	nan
8.000000000000000	nan	nan	nan
8.000000000000000	nan	nan	nan
8.000000000000000	nan	nan	nan
8.000000000000000	nan	nan	nan
8.000000000000000	nan	nan	nan
8.000000000000000	nan	nan	nan
8.000000000000000	nan	nan	nan
8.000000000000000	nan	nan	nan
8.000000000000000	nan	nan	nan
8.000000000000000	nan	nan	nan
8.000000000000000	nan	nan	nan
8.000000000000000	nan	nan	nan
8.000000000000000	nan	nan	nan
8.000000000000000	nan	nan	nan
8.000000000000000	nan	nan	nan
8.000000000000000	nan	nan	nan
8.000000000000000	nan	nan	nan
8.000000000000000	nan	nan	nan
8.000000000000000	nan	nan	nan
8.000000000000000	nan	nan	nan
8.000000000000000	nan	nan	nan
8.000000000000000	nan	nan	nan
8.000000000000000	nan	nan	nan
8.000000000000000	nan	nan	nan
8.000000000000000	nan	nan	nan
8.000000000000000	nan	nan	nan
8.000000000000000	nan	nan	nan
8.000000000000000	nan	nan	nan
8.000000000000000	nan	nan	nan
8.000000000000000	nan	nan	nan
8.000000000000000	nan	nan	nan
8.000000000000000	nan	nan	nan
8.000000000000000	nan	nan	nan
8.000000000000000	nan	nan	nan
8.000000000000000	nan	nan	nan
8.000000000000000	nan	nan	nan
8.000000000000000	nan	nan	nan
8.000000000000000	nan	nan	nan
8.000000000000000	nan	nan	nan
8.000000000000000	nan	nan	nan
8.000000000000000	nan	nan	nan
8.000000000000000	nan	nan	nan
8.000000000000000	nan	nan	nan
8.000000000000000	nan	nan	nan
8.000000000000000	nan	nan	nan
8.000000000000000	nan	nan	nan
8.000000000000000	nan	nan	nan
8.000000000000000	nan	nan	nan
8.000000000000000	nan	nan	nan
8.000000000000000	nan	nan	nan
8.000000000000000	nan	nan	nan
8.000000000000000	nan	nan	nan
8.000000000000000	nan	nan	nan
8.000000000000000	nan	nan	nan
8.000000000000000	nan	nan	nan
8.000000000000000	nan	nan	nan
8.000000000000000	nan	nan	nan
8.000000000000000	nan	nan	nan
8.000000000000000	nan	nan	nan
8.000000000000000	nan	nan	nan
8.000000000000000	nan	nan	nan
8.000000000000000	nan	nan	nan
8.000000000000000	nan	nan	nan
8.000000000000000	nan	nan	nan
8.000000000000000	nan	nan	nan
8.000000000000000	nan	nan	nan
8.000000000000000	nan	nan	nan
8.000000000000000	nan	nan	nan
8.000000000000000	nan	nan	nan
8.000000000000000	nan	nan	nan
8.000000000000000	nan	nan	nan
8.000000000000000	nan	nan	nan
8.000000000000000	nan	nan	nan
8.000000000000000	nan	nan	nan
8.000000000000000	nan	nan	nan
8.000000000000000	nan	nan	nan
8.000000000000000	nan	nan	nan
8.000000000000000	nan	nan	nan
8.000000000000000	nan	nan	nan
8.000000000000000	nan	nan	nan
8.000000000000000	nan	nan	nan
8.000000000000000	nan	nan	nan
8.000000000000000	nan	nan	nan
8.000000000000000	nan	nan	nan
8.000000000000000	nan	nan	nan
8.000000000000000	nan	nan	nan
8.000000000000000	nan	nan	nan
8.000000000000000	nan	nan	nan
8.000000000000000	nan	nan	nan
8.000000000000000	nan	nan	nan
8.000000000000000	nan	nan	nan
8.000000000000000	nan	nan	nan
8.000000000000000	nan	nan	nan
8.000000000000000	nan	nan	nan
8.000000000000000	nan	nan	nan
8.000000000000000	nan	nan	nan


9.000000000000000	nan	nan	nan
9.000000000000000	nan	nan	nan
9.000000000000000	nan	nan	nan
9.000000000000000	nan	nan	nan
9.000000000000000	nan	nan	nan
9.000000000000000	nan	nan	nan
9.000000000000000	nan	nan	nan
9.000000000000000	nan	nan	nan
9.000000000000000	nan	nan	nan
9.000000000000000	nan	nan	nan
9.000000000000000	nan	nan	nan
9.000000000000000	nan	nan	nan
9.000000000000000	nan	nan	nan
9.000000000000000	nan	nan	nan
9.000000000000000	nan	nan	nan
9.000000000000000	nan	nan	nan
9.000000000000000	nan	nan	nan
9.000000000000000	nan	nan	nan
9.000000000000000	nan	nan	nan
9.000000000000000	nan	nan	nan
9.000000000000000	nan	nan	nan
9.000000000000000	nan	nan	nan
9.000000000000000	nan	nan	nan
9.000000000000000	nan	nan	nan
9.000000000000000	nan	nan	nan
9.000000000000000	nan	nan	nan
9.000000000000000	nan	nan	nan
9.000000000000000	nan	nan	nan
9.000000000000000	nan	nan	nan
9.000000000000000	nan	nan	nan
9.000000000000000	nan	nan	nan
9.000000000000000	nan	nan	nan
9.000000000000000	nan	nan	nan
9.000000000000000	nan	nan	nan
9.000000000000000	nan	nan	nan
9.000000000000000	nan	nan	nan
9.000000000000000	nan	nan	nan
9.000000000000000	nan	nan	nan
9.000000000000000	nan	nan	nan
9.000000000000000	nan	nan	nan
9.000000000000000	nan	nan	nan
9.000000000000000	nan	nan	nan
9.000000000000000	nan	nan	nan
9.000000000000000	nan	nan	nan
9.000000000000000	nan	nan	nan
9.000000000000000	nan	nan	nan
9.000000000000000	nan	nan	nan
9.000000000000000	nan	nan	nan
9.000000000000000	nan	nan	nan
9.000000000000000	nan	nan	nan
9.000000000000000	nan	nan	nan
9.000000000000000	nan	nan	nan
9.000000000000000	nan	nan	nan
9.000000000000000	nan	nan	nan
9.000000000000000	nan	nan	nan
9.000000000000000	nan	nan	nan
9.000000000000000	nan	nan	nan
9.000000000000000	nan	nan	nan
9.000000000000000	nan	nan	nan
9.000000000000000	nan	nan	nan
9.000000000000000	nan	nan	nan
9.000000000000000	nan	nan	nan
9.000000000000000	nan	nan	nan
9.000000000000000	nan	nan	nan
9.000000000000000	nan	nan	nan
9.000000000000000	nan	nan	nan
9.000000000000000	nan	nan	nan
9.000000000000000	nan	nan	nan
9.000000000000000	nan	nan	nan
9.000000000000000	nan	nan	nan
9.000000000000000	nan	nan	nan
9.000000000000000	nan	nan	nan
9.000000000000000	nan	nan	nan
9.000000000000000	nan	nan	nan
9.000000000000000	nan	nan	nan
9.000000000000000	nan	nan	nan
9.000000000000000	nan	nan	nan
9.000000000000000	nan	nan	nan
9.000000000000000	nan	nan	nan
9.000000000000000	nan	nan	nan
9.000000000000000	nan	nan	nan
9.000000000000000	nan	nan	nan
9.000000000000000	nan	nan	nan
9.000000000000000	nan	nan	nan
9.000000000000000	nan	nan	nan
9.000000000000000	nan	nan	nan
9.000000000000000	nan	nan	nan
9.000000000000000	nan	nan	nan
9.000000000000000	nan	nan	nan
9.000000000000000	nan	nan	nan
9.000000000000000	nan	nan	nan
9.000000000000000	nan	nan	nan
9.000000000000000	nan	nan	nan
9.000000000000000	nan	nan	nan
9.000000000000000	nan	nan	nan
9.000000000000000	nan	nan	nan
9.000000000000000	nan	nan	nan
9.000000000000000	nan	nan	nan
9.000000000000000	nan	nan	nan
9.000000000000000	nan	nan	nan


10.000000000000000	nan	nan	nan
10.000000000000000	nan	nan	nan
10.000000000000000	nan	nan	nan
10.000000000000000	nan	nan	nan
10.000000000000000	nan	nan	nan
10.000000000000000	nan	nan	nan
10.000000000000000	nan	nan	nan
10.000000000000000	nan	nan	nan
10.000000000000000	nan	nan	nan
10.000000000000000	nan	nan	nan
10.000000000000000	nan	nan	nan
10.000000000000000	nan	nan	nan
10.000000000000000	nan	nan	nan
10.000000000000000	nan	nan	nan
10.000000000000000	nan	nan	nan
10.000000000000000	nan	nan	nan
10.000000000000000	nan	nan	nan
10.000000000000000	nan	nan	nan
10.000000000000000	nan	nan	nan
10.000000000000000	nan	nan	nan
10.000000000000000	nan	nan	nan
10.000000000000000	nan	nan	nan
10.000000000000000	nan	nan	nan
10.000000000000000	nan	nan	nan
10.000000000000000	nan	nan	nan
10.000000000000000	nan	nan	nan
10.000000000000000	nan	nan	nan
10.000000000000000	nan	nan	nan
10.000000000000000	nan	nan	nan
10.000000000000000	nan	nan	nan
10.000000000000000	nan	nan	nan
10.000000000000000	nan	nan	nan
10.000000000000000	nan	nan	nan
10.000000000000000	nan	nan	nan
10.000000000000000	nan	nan	nan
10.000000000000000	nan	nan	nan
10.000000000000000	nan	nan	nan
10.000000000000000	nan	nan	nan
10.000000000000000	nan	nan	nan
10.000000000000000	nan	nan	nan
10.000000000000000	nan	nan	nan
10.000000000000000	nan	nan	nan
10.000000000000000	nan	nan	nan
10.000000000000000	nan	nan	nan
10.000000000000000	nan	nan	nan
10.000000000000000	nan	nan	nan
10.000000000000000	nan	nan	nan
10.000000000000000	nan	nan	nan
10.000000000000000	nan	nan	nan
10.000000000000000	nan	nan	nan
10.000000000000000	nan	nan	nan
10.000000000000000	nan	nan	nan
10.000000000000000	nan	nan	nan
10.000000000000000	nan	nan	nan
10.000000000000000	nan	nan	nan
10.000000000000000	nan	nan	nan
10.000000000000000	nan	nan	nan
10.000000000000000	nan	nan	nan
10.000000000000000	nan	nan	nan
10.000000000000000	nan	nan	nan
10.000000000000000	nan	nan	nan
10.000000000000000	nan	nan	nan
10.000000000000000	nan	nan	nan
10.000000000000000	nan	nan	nan
10.000000000000000	nan	nan	nan
10.000000000000000	nan	nan	nan
10.000000000000000	nan	nan	nan
10.000000000000000	nan	nan	nan
10.000000000000000	nan	nan	nan
10.000000000000000	nan	nan	nan
10.000000000000000	nan	nan	nan
10.000000000000000	nan	nan	nan
10.000000000000000	nan	nan	nan
10.000000000000000	nan	nan	nan
10.000000000000000	nan	nan	nan
10.000000000000000	nan	nan	nan
10.000000000000000	nan	nan	nan
10.000000000000000	nan	nan	nan
10.000000000000000	nan	nan	nan
10.000000000000000	nan	nan	nan
10.000000000000000	nan	nan	nan
10.000000000000000	nan	nan	nan
10.000000000000000	nan	nan	nan
10.000000000000000	nan	nan	nan
10.000000000000000	nan	nan	nan
10.000000000000000	nan	nan	nan
10.000000000000000	nan	nan	nan
10.000000000000000	nan	nan	nan
10.000000000000000	nan	nan	nan
10.000000000000000	nan	nan	nan
10.000000000000000	nan	nan	nan
10.000000000000000	nan	nan	nan
10.000000000000000	nan	nan	nan
10.000000000000000	nan	nan	nan
10.000000000000000	nan	nan	nan
10.000000000000000	nan	nan	nan
10.000000000000000	nan	nan	nan
10.000000000000000	nan	nan	nan
10.000000000000000	nan	nan	nan
10.000000000000000	nan	nan	nan


11.000000000000000	nan	nan	nan
11.000000000000000	nan	nan	nan
11.000000000000000	nan	nan	nan
11.000000000000000	nan	nan	nan
11.000000000000000	nan	nan	nan
11.000000000000000	nan	nan	nan
11.000000000000000	nan	nan	nan
11.000000000000000	nan	nan	nan
11.000000000000000	nan	nan	nan
11.000000000000000	nan	nan	nan
11.000000000000000	nan	nan	nan
11.000000000000000	nan	nan	nan
11.000000000000000	nan	nan	nan
11.000000000000000	nan	nan	nan
11.000000000000000	nan	nan	nan
11.000000000000000	nan	nan	nan
11.000000000000000	nan	nan	nan
11.000000000000000	nan	nan	nan
11.000000000000000	nan	nan	nan
11.000000000000000	nan	nan	nan
11.000000000000000	nan	nan	nan
11.000000000000000	nan	nan	nan
11.000000000000000	nan	nan	nan
11.000000000000000	nan	nan	nan
11.000000000000000	nan	nan	nan
11.000000000000000	nan	nan	nan
11.000000000000000	nan	nan	nan
11.000000000000000	nan	nan	nan
11.000000000000000	nan	nan	nan
11.000000000000000	nan	nan	nan
11.000000000000000	nan	nan	nan
11.000000000000000	nan	nan	nan
11.000000000000000	nan	nan	nan
11.000000000000000	nan	nan	nan
11.000000000000000	nan	nan	nan
11.000000000000000	nan	nan	nan
11.000000000000000	nan	nan	nan
11.000000000000000	nan	nan	nan
11.000000000000000	nan	nan	nan
11.000000000000000	nan	nan	nan
11.000000000000000	nan	nan	nan
11.000000000000000	nan	nan	nan
11.000000000000000	nan	nan	nan
11.000000000000000	nan	nan	nan
11.000000000000000	nan	nan	nan
11.000000000000000	nan	nan	nan
11.000000000000000	nan	nan	nan
11.000000000000000	nan	nan	nan
11.000000000000000	nan	nan	nan
11.000000000000000	nan	nan	nan
11.000000000000000	nan	nan	nan
11.000000000000000	nan	nan	nan
11.000000000000000	nan	nan	nan
11.000000000000000	nan	nan	nan
11.000000000000000	nan	nan	nan
11.000000000000000	nan	nan	nan
11.000000000000000	nan	nan	nan
11.000000000000000	nan	nan	nan
11.000000000000000	nan	nan	nan
11.000000000000000	nan	nan	nan
11.000000000000000	nan	nan	nan
11.000000000000000	nan	nan	nan
11.000000000000000	nan	nan	nan
11.000000000000000	nan	nan	nan
11.000000000000000	nan	nan	nan
11.000000000000000	nan	nan	nan
11.000000000000000	nan	nan	nan
11.000000000000000	nan	nan	nan
11.000000000000000	nan	nan	nan
11.000000000000000	nan	nan	nan
11.000000000000000	nan	nan	nan
11.000000000000000	nan	nan	nan
11.000000000000000	nan	nan	nan
11.000000000000000	nan	nan	nan
11.000000000000000	nan	nan	nan
11.000000000000000	nan	nan	nan
11.000000000000000	nan	nan	nan
11.000000000000000	nan	nan	nan
11.000000000000000	nan	nan	nan
11.000000000000000	nan	nan	nan
11.000000000000000	nan	nan	nan
11.000000000000000	nan	nan	nan
11.000000000000000	nan	nan	nan
11.000000000000000	nan	nan	nan
11.000000000000000	nan	nan	nan
11.000000000000000	nan	nan	nan
11.000000000000000	nan	nan	nan
11.000000000000000	nan	nan	nan
11.000000000000000	nan	nan	nan
11.000000000000000	nan	nan	nan
11.000000000000000	nan	nan	nan
11.000000000000000	nan	nan	nan
11.000000000000000	nan	nan	nan
11.000000000000000	nan	nan	nan
11.000000000000000	nan	nan	nan
11.000000000000000	nan	nan	nan
11.000000000000000	nan	nan	nan
11.000000000000000	nan	nan	nan
11.000000000000000	nan	nan	nan
11.000000000000000	nan	nan	nan


12.000000000000000	nan	nan	nan
12.000000000000000	nan	nan	nan
12.000000000000000	nan	nan	nan
12.000000000000000	nan	nan	nan
12.000000000000000	nan	nan	nan
12.000000000000000	nan	nan	nan
12.000000000000000	nan	nan	nan
12.000000000000000	nan	nan	nan
12.000000000000000	nan	nan	nan
12.000000000000000	nan	nan	nan
12.000000000000000	nan	nan	nan
12.000000000000000	nan	nan	nan
12.000000000000000	nan	nan	nan
12.000000000000000	nan	nan	nan
12.000000000000000	nan	nan	nan
12.000000000000000	nan	nan	nan
12.000000000000000	nan	nan	nan
12.000000000000000	nan	nan	nan
12.000000000000000	nan	nan	nan
12.000000000000000	nan	nan	nan
12.000000000000000	nan	nan	nan
12.000000000000000	nan	nan	nan
12.000000000000000	nan	nan	nan
12.000000000000000	nan	nan	nan
12.000000000000000	nan	nan	nan
12.000000000000000	nan	nan	nan
12.000000000000000	nan	nan	nan
12.000000000000000	nan	nan	nan
12.000000000000000	nan	nan	nan
12.000000000000000	nan	nan	nan
12.000000000000000	nan	nan	nan
12.000000000000000	nan	nan	nan
12.000000000000000	nan	nan	nan
12.000000000000000	nan	nan	nan
12.000000000000000	nan	nan	nan
12.000000000000000	nan	nan	nan
12.000000000000000	nan	nan	nan
12.000000000000000	nan	nan	nan
12.000000000000000	nan	nan	nan
12.000000000000000	nan	nan	nan
12.000000000000000	nan	nan	nan
12.000000000000000	nan	nan	nan
12.000000000000000	nan	nan	nan
12.000000000000000	nan	nan	nan
12.000000000000000	nan	nan	nan
12.000000000000000	nan	nan	nan
12.000000000000000	nan	nan	nan
12.000000000000000	nan	nan	nan
12.000000000000000	nan	nan	nan
12.000000000000000	nan	nan	nan
12.000000000000000	nan	nan	nan
12.000000000000000	nan	nan	nan
12.000000000000000	nan	nan	nan
12.000000000000000	nan	nan	nan
12.000000000000000	nan	nan	nan
12.000000000000000	nan	nan	nan
12.000000000000000	nan	nan	nan
12.000000000000000	nan	nan	nan
12.000000000000000	nan	nan	nan
12.000000000000000	nan	nan	nan
12.000000000000000	nan	nan	nan
12.000000000000000	nan	nan	nan
12.000000000000000	nan	nan	nan
12.000000000000000	nan	nan	nan
12.000000000000000	nan	nan	nan
12.000000000000000	nan	nan	nan
12.000000000000000	nan	nan	nan
12.000000000000000	nan	nan	nan
12.000000000000000	nan	nan	nan
12.000000000000000	nan	nan	nan
12.000000000000000	nan	nan	nan
12.000000000000000	nan	nan	nan
12.000000000000000	nan	nan	nan
12.000000000000000	nan	nan	nan
12.000000000000000	nan	nan	nan
12.000000000000000	nan	nan	nan
12.000000000000000	nan	nan	nan
12.000000000000000	nan	nan	nan
12.000000000000000	nan	nan	nan
12.000000000000000	nan	nan	nan
12.000000000000000	nan	nan	nan
12.000000000000000	nan	nan	nan
12.000000000000000	nan	nan	nan
12.000000000000000	nan	nan	nan
12.000000000000000	nan	nan	nan
12.000000000000000	nan	nan	nan
12.000000000000000	nan	nan	nan
12.000000000000000	nan	nan	nan
12.000000000000000	nan	nan	nan
12.000000000000000	nan	nan	nan
12.000000000000000	nan	nan	nan
12.000000000000000	nan	nan	nan
12.000000000000000	nan	nan	nan
12.000000000000000	nan	nan	nan
12.000000000000000	nan	nan	nan
12.000000000000000	nan	nan	nan
12.000000000000000	nan	nan	nan
12.000000000000000	nan	nan	nan
12.000000000000000	nan	nan	nan
12.000000000000000	nan	nan	nan


13.000000000000000	nan	nan	nan
13.000000000000000	nan	nan	nan
13.000000000000000	nan	nan	nan
13.000000000000000	nan	nan	nan
13.000000000000000	nan	nan	nan
13.000000000000000	nan	nan	nan
13.000000000000000	nan	nan	nan
13.000000000000000	nan	nan	nan
13.000000000000000	nan	nan	nan
13.000000000000000	nan	nan	nan
13.000000000000000	nan	nan	nan
13.000000000000000	nan	nan	nan
13.000000000000000	nan	nan	nan
13.000000000000000	nan	nan	nan
13.000000000000000	nan	nan	nan
13.000000000000000	nan	nan	nan
13.000000000000000	nan	nan	nan
13.000000000000000	nan	nan	nan
13.000000000000000	nan	nan	nan
13.000000000000000	nan	nan	nan
13.000000000000000	nan	nan	nan
13.000000000000000	nan	nan	nan
13.000000000000000	nan	nan	nan
13.000000000000000	nan	nan	nan
13.000000000000000	nan	nan	nan
13.000000000000000	nan	nan	nan
13.000000000000000	nan	nan	nan
13.000000000000000	nan	nan	nan
13.000000000000000	nan	nan	nan
13.000000000000000	nan	nan	nan
13.000000000000000	nan	nan	nan
13.000000000000000	nan	nan	nan
13.000000000000000	nan	nan	nan
13.000000000000000	nan	nan	nan
13.000000000000000	nan	nan	nan
13.000000000000000	nan	nan	nan
13.000000000000000	nan	nan	nan
13.000000000000000	nan	nan	nan
13.000000000000000	nan	nan	nan
13.000000000000000	nan	nan	nan
13.000000000000000	nan	nan	nan
13.000000000000000	nan	nan	nan
13.000000000000000	nan	nan	nan
13.000000000000000	nan	nan	nan
13.000000000000000	nan	nan	nan
13.000000000000000	nan	nan	nan
13.000000000000000	nan	nan	nan
13.000000000000000	nan	nan	nan
13.000000000000000	nan	nan	nan
13.000000000000000	nan	nan	nan
13.000000000000000	nan	nan	nan
13.000000000000000	nan	nan	nan
13.000000000000000	nan	nan	nan
13.000000000000000	nan	nan	nan
13.000000000000000	nan	nan	nan
13.000000000000000	nan	nan	nan
13.000000000000000	nan	nan	nan
13.000000000000000	nan	nan	nan
13.000000000000000	nan	nan	nan
13.000000000000000	nan	nan	nan
13.000000000000000	nan	nan	nan
13.000000000000000	nan	nan	nan
13.000000000000000	nan	nan	nan
13.000000000000000	nan	nan	nan
13.000000000000000	nan	nan	nan
13.000000000000000	nan	nan	nan
13.000000000000000	nan	nan	nan
13.000000000000000	nan	nan	nan
13.000000000000000	nan	nan	nan
13.000000000000000	nan	nan	nan
13.000000000000000	nan	nan	nan
13.000000000000000	nan	nan	nan
13.000000000000000	nan	nan	nan
13.000000000000000	nan	nan	nan
13.000000000000000	nan	nan	nan
13.000000000000000	nan	nan	nan
13.000000000000000	nan	nan	nan
13.000000000000000	nan	nan	nan
13.000000000000000	nan	nan	nan
13.000000000000000	nan	nan	nan
13.000000000000000	nan	nan	nan
13.000000000000000	nan	nan	nan
13.000000000000000	nan	nan	nan
13.000000000000000	nan	nan	nan
13.000000000000000	nan	nan	nan
13.000000000000000	nan	nan	nan
13.000000000000000	nan	nan	nan
13.000000000000000	nan	nan	nan
13.000000000000000	nan	nan	nan
13.000000000000000	nan	nan	nan
13.000000000000000	nan	nan	nan
13.000000000000000	nan	nan	nan
13.000000000000000	nan	nan	nan
13.000000000000000	nan	nan	nan
13.000000000000000	nan	nan	nan
13.000000000000000	nan	nan	nan
13.000000000000000	nan	nan	nan
13.000000000000000	nan	nan	nan
13.000000000000000	nan	nan	nan
13.000000000000000	nan	nan	nan


14.000000000000000	0.915364467511519	-0.130714383354767	0.016013614377057
14.000000000000000	0.922302241448365	-0.067525613527544	0.018300307686515
14.000000000000000	0.925203838559709	-0.004018904302341	0.020507672123459
14.000000000000000	0.924057575138082	0.059550025217089	0.022626819410378
14.000000000000000	0.918868066781716	0.122925205387830	0.024649216489087
14.000000000000000	0.909656209809160	0.185851446727208	0.026566719880342
14.000000000000000	0.896459097117173	0.248075367470774	0.028371608474758
14.000000000000000	0.879329868820728	0.309346413851240	0.030056614622990
14.000000000000000	0.858337498276519	0.369417868990065	0.031614953399990
14.000000000000000	0.833566514351603	0.428047846339252	0.033040349925510
14.000000000000000	0.805116661055479	0.485000263673099	0.034327064630827
14.000000000000000	0.773102495906174	0.540045793708004	0.035469916369959
14.000000000000000	0.737652928647544	0.592962787522494	0.036464303282316
14.000000000000000	0.698910702175234	0.643538167059201	0.037306221322765
14.000000000000000	0.657031817761422	0.691568283114996	0.037992280384506
14.000000000000000	0.612184906892752	0.736859735364451	0.038519717949838
14.000000000000000	0.564550552250852	0.779230151114695	0.038886410213841
14.000000000000000	0.514320560569617	0.818508919655876	0.039090880636190
14.000000000000000	0.461697190297186	0.854537879250274	0.039132305886660
14.000000000000000	0.406892337172554	0.887171953993800	0.039010519160389
14.000000000000000	0.350126680996224	0.916279737985455	0.038726010849539
14.000000000000000	0.291628797030532	0.941744024452516	0.038279926568664
14.000000000000000	0.231634235607745	0.963462277700840	0.037674062541718
14.000000000000000	0.170384573652006	0.981347045989920	0.036910858369304
14.000000000000000	0.108126441934323	0.995326313670172	0.035993387205254
14.000000000000000	0.045110531977505	1.005343791164544	0.034925343382132
14.000000000000000	-0.018409413390125	1.011359141626772	0.033711027535452
14.000000000000000	-0.082177621767541	1.013348143363624	0.032355329286545
14.000000000000000	-0.145937321086198	1.011302787367114	0.030863707553774
14.000000000000000	-0.209431773540530	1.005231309563942	0.029242168571398
14.000000000000000	-0.272405309380473	0.995158157652331	0.027497241704586
14.000000000000000	-0.334604356403317	0.981123892659775	0.025635953157971
14.000000000000000	-0.395778460999468	0.963185025618091	0.023665797683600
14.000000000000000	-0.455681296640735	0.941413790013445	0.021594708402213
14.000000000000000	-0.514071655750325	0.915897850927595	0.019431024859369
14.000000000000000	-0.570714420960615	0.886739952041548	0.017183459445036
14.000000000000000	-0.625381511847816	0.854057501923019	0.014861062311874
14.000000000000000	-0.677852803331333	0.817982101263569	0.012473184933462
14.000000000000000	-0.727917012039778	0.778659012969065	0.010029442449216
14.000000000000000	-0.775372547074533	0.736246577237230	0.007539674947618
14.000000000000000	-0.820028321745147	0.690915573977551	0.005013907843647
14.000000000000000	-0.861704523007999	0.642848535140861	0.002462311509978
14.000000000000000	-0.900233335509961	0.592239009727592	-0.000104839675523
14.000000000000000	-0.935459617321590	0.539290784434267	-0.002677208701093
14.000000000000000	-0.967241524638928	0.484217063076396	-0.005244437544566
14.000000000000000	-0.995451082938434	0.427239608091961	-0.007796188881479
14.000000000000000	-1.019974702285223	0.368587847582346	-0.010322187709822
14.000000000000000	-1.040713634719646	0.308497951486350	-0.012812262723848
14.000000000000000	-1.057584371880465	0.247211880607196	-0.015256387270333
14.000000000000000	-1.070518981263555	0.184976412321780	-0.017644719722366
14.000000000000000	-1.079465379762120	0.122042146895265	-0.019967643108110
14.000000000000000	-1.084387543386983	0.058662498402267	-0.022215803834953
14.000000000000000	-1.085265652322473	-0.004907325682185	-0.024380149353121
14.000000000000000	-1.082096170733830	-0.068411352113075	-0.026451964607105
14.000000000000000	-1.074891861004763	-0.131593872589318	-0.028422907128112
14.000000000000000	-1.063681732347833	-0.194200473400831	-0.030285040626241
14.000000000000000	-1.048510923994598	-0.255979059862758	-0.032030866947123
14.000000000000000	-1.029440523435854	-0.316680871411782	-0.033653356264344
14.000000000000000	-1.006547320443872	-0.376061483277123	-0.035145975386070
14.000000000000000	-0.979923497867087	-0.433881790692814	-0.036502714061909
14.000000000000000	-0.949676260442304	-0.489908971688211	-0.037718109184065
14.000000000000000	-0.915927403119058	-0.543917424579889	-0.038787266785348
14.000000000000000	-0.878812820634341	-0.595689676390001	-0.039705881745449
14.000000000000000	-0.838481960312459	-0.645017258533201	-0.040470255126145
14.000000000000000	-0.795097220293401	-0.691701546246061	-0.041077309065611
14.000000000000000	-0.748833295612852	-0.735554558378889	-0.041524599171889
14.000000000000000	-0.699876474766934	-0.776399714329475	-0.041810324365590
14.000000000000000	-0.648423889594191	-0.814072545070848	-0.041933334132204
14.000000000000000	-0.594682721495244	-0.848421355410004	-0.041893133154815
14.000000000000000	-0.538869367186416	-0.879307834810905	-0.041689883308572
14.000000000000000	-0.481208567346534	-0.906607614322196	-0.041324403008868
14.000000000000000	-0.421932501665532	-0.930210767367070	-0.040798163915878
14.000000000000000	-0.361279853938792	-0.950022252378801	-0.040113285008696
14.000000000000000	-0.299494850971732	-0.965962295499589	-0.039272524052957
14.000000000000000	-0.236826279164670	-0.977966711801723	-0.038279266496288
14.000000000000000	-0.173526482737792	-0.985987163737641	-0.037137511836307
14.000000000000000	-0.109850347630040	-0.989991355778163	-0.035851857516054
14.000000000000000	-0.046054275163398	-0.989963164455197	-0.034427480411712
14.000000000000000	0.017604850394739	-0.985902703285252	-0.032870115987157
14.000000000000000	0.080870696213838	-0.977826322312344	-0.031186035199263
14.000000000000000	0.143488513062072	-0.965766542272142	-0.029382019246978
14.000000000000000	0.205206161091563	-0.949771923642445	-0.027465332265825
14.000000000000000	0.265775125116553	-0.929906871107273	-0.025443692077795
14.000000000000000	0.324951515296352	-0.906251374221939	-0.023325239114399
14.000000000000000	0.382497049193646	-0.878900685323339	-0.021118503638027
14.000000000000000	0.438180011253769	-0.847964935982413	-0.018832371393588
14.000000000000000	0.491776185841456	-0.813568693543178	-0.016476047828754
14.000000000000000	0.543069760078080	-0.775850459533996	-0.014059021026872
14.000000000000000	0.591854192843937	-0.734962111970807	-0.011591023501798
14.000000000000000	0.637933046446442	-0.691068293797959	-0.009081993008500
14.000000000000000	0.681120777605380	-0.644345749929187	-0.006542032527230
14.000000000000000	0.721243484570216	-0.594982615558219	-0.003981369582381
14.000000000000000	0.758139607361061	-0.543177658604755	-0.001410315059863
14.000000000000000	0.791660578313694	-0.489139479346210	0.001160778311200
14.000000000000000	0.821671420309105	-0.433085670458021	0.003721557645254
14.000000000000000	0.848051290278720	-0.375241940844737	0.006261711587732
14.000000000000000	0.870693965796781	-0.315841206789927	0.008771011835239
14.000000000000000	0.889508272800567	-0.255122654084511	0.011239354321320
14.000000000000000	0.904418452716168	-0.193330774909999	0.013656799901969
14.000000000000000	0.915364467511519	-0.130714383354768	0.016013614377057


15.000000000000000	nan	nan	nan
15.000000000000000	nan	nan	nan
15.000000000000000	nan	nan	nan
15.000000000000000	nan	nan	nan
15.000000000000000	nan	nan	nan
15.000000000000000	nan	nan	nan
15.000000000000000	nan	nan	nan
15.000000000000000	nan	nan	nan
15.000000000000000	nan	nan	nan
15.000000000000000	nan	nan	nan
15.000000000000000	nan	nan	nan
15.000000000000000	nan	nan	nan
15.000000000000000	nan	nan	nan
15.000000000000000	nan	nan	nan
15.000000000000000	nan	nan	nan
15.000000000000000	nan	nan	nan
15.000000000000000	nan	nan	nan
15.000000000000000	nan	nan	nan
15.000000000000000	nan	nan	nan
15.000000000000000	nan	nan	nan
15.000000000000000	nan	nan	nan
15.000000000000000	nan	nan	nan
15.000000000000000	nan	nan	nan
15.000000000000000	nan	nan	nan
15.000000000000000	nan	nan	nan
15.000000000000000	nan	nan	nan
15.000000000000000	nan	nan	nan
15.000000000000000	nan	nan	nan
15.000000000000000	nan	nan	nan
15.000000000000000	nan	nan	nan
15.000000000000000	nan	nan	nan
15.000000000000000	nan	nan	nan
15.000000000000000	nan	nan	nan
15.000000000000000	nan	nan	nan
15.000000000000000	nan	nan	nan
15.000000000000000	nan	nan	nan
15.000000000000000	nan	nan	nan
15.000000000000000	nan	nan	nan
15.000000000000000	nan	nan	nan
15.000000000000000	nan	nan	nan
15.000000000000000	nan	nan	nan
15.000000000000000	nan	nan	nan
15.000000000000000	nan	nan	nan
15.000000000000000	nan	nan	nan
15.000000000000000	nan	nan	nan
15.000000000000000	nan	nan	nan
15.000000000000000	nan	nan	nan
15.000000000000000	nan	nan	nan
15.000000000000000	nan	nan	nan
15.000000000000000	nan	nan	nan
15.000000000000000	nan	nan	nan
15.000000000000000	nan	nan	nan
15.000000000000000	nan	nan	nan
15.000000000000000	nan	nan	nan
15.000000000000000	nan	nan	nan
15.000000000000000	nan	nan	nan
15.000000000000000	nan	nan	nan
15.000000000000000	nan	nan	nan
15.000000000000000	nan	nan	nan
15.000000000000000	nan	nan	nan
15.000000000000000	nan	nan	nan
15.000000000000000	nan	nan	nan
15.000000000000000	nan	nan	nan
15.000000000000000	nan	nan	nan
15.000000000000000	nan	nan	nan
15.000000000000000	nan	nan	nan
15.000000000000000	nan	nan	nan
15.000000000000000	nan	nan	nan
15.000000000000000	nan	nan	nan
15.000000000000000	nan	nan	nan
15.000000000000000	nan	nan	nan
15.000000000000000	nan	nan	nan
15.000000000000000	nan	nan	nan
15.000000000000000	nan	nan	nan
15.000000000000000	nan	nan	nan
15.000000000000000	nan	nan	nan
15.000000000000000	nan	nan	nan
15.000000000000000	nan	nan	nan
15.000000000000000	nan	nan	nan
15.000000000000000	nan	nan	nan
15.000000000000000	nan	nan	nan
15.000000000000000	nan	nan	nan
15.000000000000000	nan	nan	nan
15.000000000000000	nan	nan	nan
15.000000000000000	nan	nan	nan
15.000000000000000	nan	nan	nan
15.000000000000000	nan	nan	nan
15.000000000000000	nan	nan	nan
15.000000000000000	nan	nan	nan
15.000000000000000	nan	nan	nan
15.000000000000000	nan	nan	nan
15.000000000000000	nan	nan	nan
15.000000000000000	nan	nan	nan
15.000000000000000	nan	nan	nan
15.000000000000000	nan	nan	nan
15.000000000000000	nan	nan	nan
15.000000000000000	nan	nan	nan
15.000000000000000	nan	nan	nan
15.000000000000000	nan	nan	nan
15.000000000000000	nan	nan	nan


16.000000000000000	nan	nan	nan
16.000000000000000	nan	nan	nan
16.000000000000000	nan	nan	nan
16.000000000000000	nan	nan	nan
16.000000000000000	nan	nan	nan
16.000000000000000	nan	nan	nan
16.000000000000000	nan	nan	nan
16.000000000000000	nan	nan	nan
16.000000000000000	nan	nan	nan
16.000000000000000	nan	nan	nan
16.000000000000000	nan	nan	nan
16.000000000000000	nan	nan	nan
16.000000000000000	nan	nan	nan
16.000000000000000	nan	nan	nan
16.000000000000000	nan	nan	nan
16.000000000000000	nan	nan	nan
16.000000000000000	nan	nan	nan
16.000000000000000	nan	nan	nan
16.000000000000000	nan	nan	nan
16.000000000000000	nan	nan	nan
16.000000000000000	nan	nan	nan
16.000000000000000	nan	nan	nan
16.000000000000000	nan	nan	nan
16.000000000000000	nan	nan	nan
16.000000000000000	nan	nan	nan
16.000000000000000	nan	nan	nan
16.000000000000000	nan	nan	nan
16.000000000000000	nan	nan	nan
16.000000000000000	nan	nan	nan
16.000000000000000	nan	nan	nan
16.000000000000000	nan	nan	nan
16.000000000000000	nan	nan	nan
16.000000000000000	nan	nan	nan
16.000000000000000	nan	nan	nan
16.000000000000000	nan	nan	nan
16.000000000000000	nan	nan	nan
16.000000000000000	nan	nan	nan
16.000000000000000	nan	nan	nan
16.000000000000000	nan	nan	nan
16.000000000000000	nan	nan	nan
16.000000000000000	nan	nan	nan
16.000000000000000	nan	nan	nan
16.000000000000000	nan	nan	nan
16.000000000000000	nan	nan	nan
16.000000000000000	nan	nan	nan
16.000000000000000	nan	nan	nan
16.000000000000000	nan	nan	nan
16.000000000000000	nan	nan	nan
16.000000000000000	nan	nan	nan
16.000000000000000	nan	nan	nan
16.000000000000000	nan	nan	nan
16.000000000000000	nan	nan	nan
16.000000000000000	nan	nan	nan
16.000000000000000	nan	nan	nan
16.000000000000000	nan	nan	nan
16.000000000000000	nan	nan	nan
16.000000000000000	nan	nan	nan
16.000000000000000	nan	nan	nan
16.000000000000000	nan	nan	nan
16.000000000000000	nan	nan	nan
16.000000000000000	nan	nan	nan
16.000000000000000	nan	nan	nan
16.000000000000000	nan	nan	nan
16.000000000000000	nan	nan	nan
16.000000000000000	nan	nan	nan
16.000000000000000	nan	nan	nan
16.000000000000000	nan	nan	nan
16.000000000000000	nan	nan	nan
16.000000000000000	nan	nan	nan
16.000000000000000	nan	nan	nan
16.000000000000000	nan	nan	nan
16.000000000000000	nan	nan	nan
16.000000000000000	nan	nan	nan
16.000000000000000	nan	nan	nan
16.000000000000000	nan	nan	nan
16.000000000000000	nan	nan	nan
16.000000000000000	nan	nan	nan
16.000000000000000	nan	nan	nan
16.000000000000000	nan	nan	nan
16.000000000000000	nan	nan	nan
16.000000000000000	nan	nan	nan
16.000000000000000	nan	nan	nan
16.000000000000000	nan	nan	nan
16.000000000000000	nan	nan	nan
16.000000000000000	nan	nan	nan
16.000000000000000	nan	nan	nan
16.000000000000000	nan	nan	nan
16.000000000000000	nan	nan	nan
16.000000000000000	nan	nan	nan
16.000000000000000	nan	nan	nan
16.000000000000000	nan	nan	nan
16.000000000000000	nan	nan	nan
16.000000000000000	nan	nan	nan
16.000000000000000	nan	nan	nan
16.000000000000000	nan	nan	nan
16.000000000000000	nan	nan	nan
16.000000000000000	nan	nan	nan
16.000000000000000	nan	nan	nan
16.000000000000000	nan	nan	nan
16.000000000000000	nan	nan	nan


17.000000000000000	1.356585764452701	-0.140132154433360	0.022452652592171
17.000000000000000	1.363728915847271	-0.040968421944481	0.015805616538110
17.000000000000000	1.364492320289540	0.058452055069780	0.009080231544786
17.000000000000000	1.358872903819256	0.157728945438326	0.002303578363883
17.000000000000000	1.346893293843208	0.256462496162801	-0.004497055814017
17.000000000000000	1.328601728022641	0.354255142081831	-0.011294287235320
17.000000000000000	1.304071860037220	0.450713106725604	-0.018060745848133
17.000000000000000	1.273402463007657	0.545447987914738	-0.024769185511803
17.000000000000000	1.236717031771220	0.638078321718769	-0.031392593707505
17.000000000000000	1.194163285611602	0.728231118476767	-0.037904300308125
17.000000000000000	1.145912573445508	0.815543364695058	-0.044278084969451
17.000000000000000	1.092159183861044	0.899663484774431	-0.050488282710237
17.000000000000000	1.033119562786141	0.980252756681002	-0.056509887256032
17.000000000000000	0.969031441937203	1.056986675860281	-0.062318651730619
17.000000000000000	0.900152881557385	1.129556261902494	-0.067891186289625
17.000000000000000	0.826761231299078	1.197669302697631	-0.073205052303173
17.000000000000000	0.749152013434746	1.261051531070485	-0.078238852708322
17.000000000000000	0.667637732893039	1.319447729157759	-0.082972318167488
17.000000000000000	0.582546618911742	1.372622756080331	-0.087386388685916
17.000000000000000	0.494221303374478	1.420362494772578	-0.091463290359545
17.000000000000000	0.403017441153046	1.462474714156229	-0.095186606944254
17.000000000000000	0.309302278010778	1.498789843187073	-0.098541345958276
17.000000000000000	0.213453171833464	1.529161653657700	-0.101513999051638
17.000000000000000	0.115856073142336	1.553467849006886	-0.104092596399510
17.000000000000000	0.016903971007534	1.571610556764681	-0.106266754900474
17.000000000000000	-0.083004689380172	1.583516722650298	-0.108027719985601
17.000000000000000	-0.183467611107540	1.589138404735925	-0.109368400870016
17.000000000000000	-0.284080265446536	1.588452966491940	-0.110283399104981
17.000000000000000	-0.384437520748746	1.581463167936230	-0.110769030315548
17.000000000000000	-0.484135273767537	1.568197154520573	-0.110823339036232
17.000000000000000	-0.582772076839202	1.548708343798838	-0.110446106584983
17.000000000000000	-0.679950754371017	1.523075210333346	-0.109638851943740
17.000000000000000	-0.775280002127169	1.491400969705508	-0.108404825642027
17.000000000000000	-0.868375962872809	1.453813162903107	-0.106748996668221
17.000000000000000	-0.958863772031654	1.410463142757755	-0.104678032461184
17.000000000000000	-1.046379067133329	1.361525464500455	-0.102200272062843
17.000000000000000	-1.130569454972437	1.307197182889303	-0.099325692539814
17.000000000000000	-1.211095930571624	1.247697058739517	-0.096065868809269
17.000000000000000	-1.287634242234968	1.183264678050852	-0.092433927030838
17.000000000000000	-1.359876197195123	1.114159487279332	-0.088444491752192
17.000000000000000	-1.427530902596811	1.040659748637949	-0.084113627021150
17.000000000000000	-1.490325936819688	0.963061419632936	-0.079458771701433
17.000000000000000	-1.548008446424051	0.881676961347351	-0.074498669252512
17.000000000000000	-1.600346164302409	0.796834080270570	-0.069253292256310
17.000000000000000	-1.647128344937135	0.708874408739926	-0.063743761994670
17.000000000000000	-1.688166612998294	0.618152129307852	-0.057992263401399
17.000000000000000	-1.723295721864603	0.525032548573761	-0.052021955731377
17.000000000000000	-1.752374219013258	0.429890626223290	-0.045856879306409
17.000000000000000	-1.775285015599316	0.333109465197998	-0.039521858713332
17.000000000000000	-1.791935857931148	0.235078769075026	-0.033042402844170
17.000000000000000	-1.802259698943494	0.136193272868337	-0.026444602180822
17.000000000000000	-1.806214968172333	0.036851153570136	-0.019755023737909
17.000000000000000	-1.803785739144468	-0.062547573167345	-0.013000604086775
17.000000000000000	-1.794981793507814	-0.161602663753696	-0.006208540891424
17.000000000000000	-1.779838581644150	-0.259915258300002	0.000593816606872
17.000000000000000	-1.758417079922951	-0.357089486686842	0.007379077715317
17.000000000000000	-1.730803545171061	-0.452734062593543	0.014119920582244
17.000000000000000	-1.697109167346902	-0.546463859070084	0.020789202212565
17.000000000000000	-1.657469621817750	-0.637901459307402	0.027360067763036
17.000000000000000	-1.612044523042921	-0.726678676361672	0.033806058677233
17.000000000000000	-1.561016781862676	-0.812438035713183	0.040101219224816
17.000000000000000	-1.504591868980824	-0.894834214690057	0.046220201016096
17.000000000000000	-1.442996987606719	-0.973535432960772	0.052138365071059
17.000000000000000	-1.376480158588125	-1.048224788496458	0.057831881031832
17.000000000000000	-1.305309221718800	-1.118601533623514	0.063277823119134
17.000000000000000	-1.229770757242177	-1.184382286028347	0.068454262446289
17.000000000000000	-1.150168931893873	-1.245302169837931	0.073340355319120
17.000000000000000	-1.066824274129599	-1.301115882181456	0.077916427166143
17.000000000000000	-0.980072383470194	-1.351598680938418	0.082164051761128
17.000000000000000	-0.890262579160802	-1.396547289695811	0.086066125419001
17.000000000000000	-0.797756493585567	-1.435780716270502	0.089606935866356
17.000000000000000	-0.702926616101655	-1.469140981500866	0.092772225509228
17.000000000000000	-0.606154793156079	-1.496493755373119	0.095549248843395
17.000000000000000	-0.507830690724829	-1.517728897920869	0.097926823776022
17.000000000000000	-0.408350225265514	-1.532760902719888	0.099895376652007
17.000000000000000	-0.308113969501532	-1.541529241192301	0.101446980803707
17.000000000000000	-0.207525539457081	-1.543998606333811	0.102575388468831
17.000000000000000	-0.106989969237891	-1.540159054882540	0.103276055947976
17.000000000000000	-0.006912080101829	-1.530026047357037	0.103546161900501
17.000000000000000	0.092305149613418	-1.513640385802224	0.103384618705066
17.000000000000000	0.190262207141891	-1.491068049493967	0.102792076839104
17.000000000000000	0.286564653986257	-1.462399929263813	0.101770922259575
17.000000000000000	0.380824714182420	-1.427751461513694	0.100325266795561
17.000000000000000	0.472662835736472	-1.387262163394279	0.098460931591380
17.000000000000000	0.561709218946609	-1.341095071018650	0.096185423666895
17.000000000000000	0.647605305456009	-1.289436082973415	0.093507905689390
17.000000000000000	0.730005222040785	-1.232493211770716	0.090439159078748
17.000000000000000	0.808577173319390	-1.170495746255254	0.086991540594474
17.000000000000000	0.883004777775505	-1.103693328339040	0.083178932579390
17.000000000000000	0.952988341714744	-1.032354947781525	0.079016687060336
17.000000000000000	1.018246066025386	-0.956767859062779	0.074521563930979
17.000000000000000	1.078515180883940	-0.877236424711080	0.069711663465635
17.000000000000000	1.133553003836479	-0.794080889742437	0.064606353435853
17.000000000000000	1.183137916995230	-0.707636092146940	0.059226191123236
17.000000000000000	1.227070259415588	-0.618250114614356	0.053592840542522
17.000000000000000	1.265173131060274	-0.526282882927984	0.047728985208243
17.000000000000000	1.297293105113345	-0.432104716670562	0.041658236796221
17.000000000000000	1.323300845775834	-0.336094838078015	0.035405040067676
17.000000000000000	1.343091629055364	-0.238639845045344	0.028994574438808
17.000000000000000	1.356585764452701	-0.140132154433360	0.022452652592171


18.000000000000000	nan	nan	nan
18.000000000000000	nan	nan	nan
18.000000000000000	nan	nan	nan
18.000000000000000	nan	nan	nan
18.000000000000000	nan	nan	nan
18.000000000000000	nan	nan	nan
18.000000000000000	nan	nan	nan
18.000000000000000	nan	nan	nan
18.000000000000000	nan	nan	nan
18.000000000000000	nan	nan	nan
18.000000000000000	nan	nan	nan
18.000000000000000	nan	nan	nan
18.000000000000000	nan	nan	nan
18.000000000000000	nan	nan	nan
18.000000000000000	nan	nan	nan
18.000000000000000	nan	nan	nan
18.000000000000000	nan	nan	nan
18.000000000000000	nan	nan	nan
18.000000000000000	nan	nan	nan
18.000000000000000	nan	nan	nan
18.000000000000000	nan	nan	nan
18.000000000000000	nan	nan	nan
18.000000000000000	nan	nan	nan
18.000000000000000	nan	nan	nan
18.000000000000000	nan	nan	nan
18.000000000000000	nan	nan	nan
18.000000000000000	nan	nan	nan
18.000000000000000	nan	nan	nan
18.000000000000000	nan	nan	nan
18.000000000000000	nan	nan	nan
18.000000000000000	nan	nan	nan
18.000000000000000	nan	nan	nan
18.000000000000000	nan	nan	nan
18.000000000000000	nan	nan	nan
18.000000000000000	nan	nan	nan
18.000000000000000	nan	nan	nan
18.000000000000000	nan	nan	nan
18.000000000000000	nan	nan	nan
18.000000000000000	nan	nan	nan
18.000000000000000	nan	nan	nan
18.000000000000000	nan	nan	nan
18.000000000000000	nan	nan	nan
18.000000000000000	nan	nan	nan
18.000000000000000	nan	nan	nan
18.000000000000000	nan	nan	nan
18.000000000000000	nan	nan	nan
18.000000000000000	nan	nan	nan
18.000000000000000	nan	nan	nan
18.000000000000000	nan	nan	nan
18.000000000000000	nan	nan	nan
18.000000000000000	nan	nan	nan
18.000000000000000	nan	nan	nan
18.000000000000000	nan	nan	nan
18.000000000000000	nan	nan	nan
18.000000000000000	nan	nan	nan
18.000000000000000	nan	nan	nan
18.000000000000000	nan	nan	nan
18.000000000000000	nan	nan	nan
18.000000000000000	nan	nan	nan
18.000000000000000	nan	nan	nan
18.000000000000000	nan	nan	nan
18.000000000000000	nan	nan	nan
18.000000000000000	nan	nan	nan
18.000000000000000	nan	nan	nan
18.000000000000000	nan	nan	nan
18.000000000000000	nan	nan	nan
18.000000000000000	nan	nan	nan
18.000000000000000	nan	nan	nan
18.000000000000000	nan	nan	nan
18.000000000000000	nan	nan	nan
18.000000000000000	nan	nan	nan
18.000000000000000	nan	nan	nan
18.000000000000000	nan	nan	nan
18.000000000000000	nan	nan	nan
18.000000000000000	nan	nan	nan
18.000000000000000	nan	nan	nan
18.000000000000000	nan	nan	nan
18.000000000000000	nan	nan	nan
18.000000000000000	nan	nan	nan
18.000000000000000	nan	nan	nan
18.000000000000000	nan	nan	nan
18.000000000000000	nan	nan	nan
18.000000000000000	nan	nan	nan
18.000000000000000	nan	nan	nan
18.000000000000000	nan	nan	nan
18.000000000000000	nan	nan	nan
18.000000000000000	nan	nan	nan
18.000000000000000	nan	nan	nan
18.000000000000000	nan	nan	nan
18.000000000000000	nan	nan	nan
18.000000000000000	nan	nan	nan
18.000000000000000	nan	nan	nan
18.000000000000000	nan	nan	nan
18.000000000000000	nan	nan	nan
18.000000000000000	nan	nan	nan
18.000000000000000	nan	nan	nan
18.000000000000000	nan	nan	nan
18.000000000000000	nan	nan	nan
18.000000000000000	nan	nan	nan
18.000000000000000	nan	nan	nan


