# n	x	y	z
1.000000000000000	-0.241137674281077	0.373670821550809	-0.017225414412319
1.000000000000000	-0.265175166932253	0.357086549570028	-0.016528123413108
1.000000000000000	-0.288110957186169	0.339011828946075	-0.015761855341336
1.000000000000000	-0.309852690710515	0.319519440199541	-0.014929695688077
1.000000000000000	-0.330312821218000	0.298687872300191	-0.014034995266551
1.000000000000000	-0.349408962984346	0.276601006619586	-0.013081356719575
1.000000000000000	-0.367064222586522	0.253347779170397	-0.012072620012998
1.000000000000000	-0.383207508525426	0.229021822492483	-0.011012846973510
1.000000000000000	-0.397773817486253	0.203721088627690	-0.009906304933100
1.000000000000000	-0.410704496083906	0.177547454701554	-0.008757449546018
1.000000000000000	-0.421947477039475	0.150606312700076	-0.007570906847426
1.000000000000000	-0.431457488836792	0.123006145093388	-0.006351454625989
1.000000000000000	-0.439196238014848	0.094858088015134	-0.005104003185405
1.000000000000000	-0.445132563362047	0.066275483756487	-0.003833575572344
1.000000000000000	-0.449242561391405	0.037373424376744	-0.002545287350415
1.000000000000000	-0.451509682591455	0.008268288268227	-0.001244326001594
1.000000000000000	-0.451924798065291	-0.020922728458433	0.000064069961934
1.000000000000000	-0.450486236289413	-0.050082083881664	0.001374632091413
1.000000000000000	-0.447199789844361	-0.079092363568790	0.002682083215702
1.000000000000000	-0.442078692090037	-0.107836753362509	0.003981158690582
1.000000000000000	-0.435143563879640	-0.136199509750274	0.005266627597614
1.000000000000000	-0.426422330526761	-0.164066425922570	0.006533313807210
1.000000000000000	-0.415950109360009	-0.191325291643426	0.007776116821071
1.000000000000000	-0.403769068317916	-0.217866345081430	0.008990032310101
1.000000000000000	-0.389928256153537	-0.243582714781887	0.010170172265069
1.000000000000000	-0.374483404932429	-0.268370850000446	0.011311784678900
1.000000000000000	-0.357496705619295	-0.292130937665399	0.012410272681327
1.000000000000000	-0.339036557656920	-0.314767304289695	0.013461213048871
1.000000000000000	-0.319177293545754	-0.336188801214302	0.014460374015593
1.000000000000000	-0.297998879533169	-0.356309171631688	0.015403732312927
1.000000000000000	-0.275586593617605	-0.375047397911543	0.016287489369965
1.000000000000000	-0.252030682164166	-0.392328027830177	0.017108086608952
1.000000000000000	-0.227425996514364	-0.408081478389999	0.017862219774432
1.000000000000000	-0.201871611053241	-0.422244316005686	0.018546852238316
1.000000000000000	-0.175470424271786	-0.434759511928845	0.019159227227306
1.000000000000000	-0.148328744431034	-0.445576671882655	0.019696878923457
1.000000000000000	-0.120555861496218	-0.454652238981830	0.020157642393149
1.000000000000000	-0.092263607064649	-0.461949669120827	0.020539662304513
1.000000000000000	-0.063565904059350	-0.467439578124059	0.020841400398197
1.000000000000000	-0.034578308001646	-0.471099860065599	0.021061641681396
1.000000000000000	-0.005417541709871	-0.472915776281941	0.021199499320194
1.000000000000000	0.023798974702229	-0.472880014719400	0.021254418210535
1.000000000000000	0.052953596634850	-0.470992719377165	0.021226177213432
1.000000000000000	0.081928928715411	-0.467261489727471	0.021114890045413
1.000000000000000	0.110608297508288	-0.461701350115203	0.020921004820625
1.000000000000000	0.138876221317555	-0.454334689260162	0.020645302246437
1.000000000000000	0.166618875191019	-0.445191170105595	0.020288892479809
1.000000000000000	0.193724549253131	-0.434307610375989	0.019853210657078
1.000000000000000	0.220084098521220	-0.421727834325091	0.019340011115172
1.000000000000000	0.245591382393821	-0.407502496271105	0.018751360327518
1.000000000000000	0.270143692041419	-0.391688876629628	0.018089628583075
1.000000000000000	0.293642163978644	-0.374350651265639	0.017357480442025
1.000000000000000	0.315992178152648	-0.355557635093260	0.016557864006525
1.000000000000000	0.337103738944647	-0.335385500955740	0.015693999049740
1.000000000000000	0.356891837550528	-0.313915474917620	0.014769364050956
1.000000000000000	0.375276794281289	-0.291234009196045	0.013787682188969
1.000000000000000	0.392184579405033	-0.267432434048194	0.012752906350158
1.000000000000000	0.407547111238564	-0.242606590016568	0.011669203211610
1.000000000000000	0.421302530288297	-0.216856442012957	0.010540936463376
1.000000000000000	0.433395448336609	-0.190285676795017	0.009372649237436
1.000000000000000	0.443777171470640	-0.163001285456294	0.008169045814111
1.000000000000000	0.452405896155492	-0.135113132610854	0.006934972679581
1.000000000000000	0.459246877562316	-0.106733514007255	0.005675399010801
1.000000000000000	0.464272569473466	-0.077976704353205	0.004395396666376
1.000000000000000	0.467462735201405	-0.048958497171643	0.003100119763978
1.000000000000000	0.468804529074694	-0.019795738541095	0.001794783926534
1.000000000000000	0.468292548162983	0.009394143402249	0.000484645280751
1.000000000000000	0.465928854032704	0.038493611306189	-0.000825020707451
1.000000000000000	0.461722964445868	0.067385491883953	-0.002128940475374
1.000000000000000	0.455691815035399	0.095953447729662	-0.003421863598324
1.000000000000000	0.447859691111315	0.124082445768009	-0.004698583931215
1.000000000000000	0.438258129872361	0.151659220451846	-0.005953960571875
1.000000000000000	0.426925793416834	0.178572729842574	-0.007182938561650
1.000000000000000	0.413908313063963	0.204714602736831	-0.008380569239936
1.000000000000000	0.399258105612689	0.229979575039083	-0.009542030170688
1.000000000000000	0.383034162277722	0.254265913622983	-0.010662644560667
1.000000000000000	0.365301811152729	0.277475825974767	-0.011737900091240
1.000000000000000	0.346132454157170	0.299515853969187	-0.012763467087888
1.000000000000000	0.325603279525959	0.320297250192401	-0.013735215954285
1.000000000000000	0.303796950999693	0.339736335296481	-0.014649233800718
1.000000000000000	0.280801274966940	0.357754834946617	-0.015501840199916
1.000000000000000	0.256708846898901	0.374280195004237	-0.016289602006832
1.000000000000000	0.231616678500135	0.389245873676910	-0.017009347182704
1.000000000000000	0.205625807076660	0.402591609458665	-0.017658177567740
1.000000000000000	0.178840888694382	0.414263663781802	-0.018233480550980
1.000000000000000	0.151369776766055	0.424215037403142	-0.018732939590359
1.000000000000000	0.123323087763658	0.432405659653387	-0.019154543540607
1.000000000000000	0.094813755804899	0.438802549787563	-0.019496594751419
1.000000000000000	0.065956577907385	0.443379949786843	-0.019757715903293
1.000000000000000	0.036867751741548	0.446119428076996	-0.019936855553513
1.000000000000000	0.007664407743639	0.447009953745827	-0.020033292369932
1.000000000000000	-0.021535862527203	0.446047940960775	-0.020046638035528
1.000000000000000	-0.050615479888648	0.443237263407788	-0.019976838812016
1.000000000000000	-0.079457350985054	0.438589238693361	-0.019824175756234
1.000000000000000	-0.107945339781073	0.432122582772528	-0.019589263588426
1.000000000000000	-0.135964735200481	0.423863334586316	-0.019273048216981
1.000000000000000	-0.163402713027197	0.413844751212120	-0.018876802929593
1.000000000000000	-0.190148790208573	0.402107173949192	-0.018402123266183
1.000000000000000	-0.216095269731664	0.388697865878466	-0.017850920594219
1.000000000000000	-0.241137674281077	0.373670821550809	-0.017225414412319


2.000000000000000	-0.369375185361349	-0.548576313914202	-0.069239537986123
2.000000000000000	-0.331043181590075	-0.572457915365939	-0.070718942361899
2.000000000000000	-0.291269001615846	-0.593872279334704	-0.071893120275373
2.000000000000000	-0.250212802023368	-0.612733177734864	-0.072757343726507
2.000000000000000	-0.208039901637871	-0.628964664385395	-0.073308132792484
2.000000000000000	-0.164920115844544	-0.642501380818360	-0.073543269640134
2.000000000000000	-0.121027072801918	-0.653288819454382	-0.073461807456361
2.000000000000000	-0.076537514302549	-0.661283543085433	-0.073064074260627
2.000000000000000	-0.031630584096201	-0.666453359781139	-0.072351671584136
2.000000000000000	0.013512893458805	-0.668777452514320	-0.071327468021026
2.000000000000000	0.058711141511464	-0.668246462983815	-0.069995587677560
2.000000000000000	0.103782162669309	-0.664862529297053	-0.068361393565802
2.000000000000000	0.148544471837674	-0.658639277360652	-0.066431466008662
2.000000000000000	0.192817826996114	-0.649601766013703	-0.064213576143257
2.000000000000000	0.236423954969412	-0.637786386124666	-0.061716654629283
2.000000000000000	0.279187269270731	-0.623240714058190	-0.058950755688405
2.000000000000000	0.320935577126425	-0.606023320101881	-0.055927016619452
2.000000000000000	0.361500772835563	-0.586203532624431	-0.052657612952443
2.000000000000000	0.400719514672258	-0.563861158914740	-0.049155709422030
2.000000000000000	0.438433882605144	-0.539086163826136	-0.045435406957756
2.000000000000000	0.474492014185607	-0.511978307519660	-0.041511685904585
2.000000000000000	0.508748716044265	-0.482646743765110	-0.037400345702348
2.000000000000000	0.541066048533423	-0.451209580417332	-0.033117941266965
2.000000000000000	0.571313881161348	-0.417793403837578	-0.028681716329650
2.000000000000000	0.599370416581831	-0.382532769174902	-0.024109534002488
2.000000000000000	0.625122681029113	-0.345569658560069	-0.019419804849988
2.000000000000000	0.648466979223367	-0.307052909393627	-0.014631412756234
2.000000000000000	0.669309311914989	-0.267137615030222	-0.009763638886157
2.000000000000000	0.687565754386400	-0.225984500272400	-0.004836084047080
2.000000000000000	0.703162794387268	-0.183759274188557	0.000131410236809
2.000000000000000	0.716037628142385	-0.140631962861000	0.005118841619276
2.000000000000000	0.726138413240312	-0.096776224750932	0.010106127474426
2.000000000000000	0.733424477384470	-0.052368651437111	0.015073185762352
2.000000000000000	0.737866482166120	-0.007588056543895	0.020000015892421
2.000000000000000	0.739446541199785	0.037385244278111	0.024866779258592
2.000000000000000	0.738158292145408	0.082370159419545	0.029653879122485
2.000000000000000	0.734006922327252	0.127185550504276	0.034342039522524
2.000000000000000	0.727009147846374	0.171650961769721	0.038912382891435
2.000000000000000	0.717193146270789	0.215587346698503	0.043346506069546
2.000000000000000	0.704598443174343	0.258817788975586	0.047626554407815
2.000000000000000	0.689275752981185	0.301168214867837	0.051735293662200
2.000000000000000	0.671286774756675	0.342468094157506	0.055656179389878
2.000000000000000	0.650703943767025	0.382551126807229	0.059373423567874
2.000000000000000	0.627610139808047	0.421255912591581	0.062872058165864
2.000000000000000	0.602098353477472	0.458426600998823	0.066137995417141
2.000000000000000	0.574271311734625	0.493913518785901	0.069158084545088
2.000000000000000	0.544241064255225	0.527573772659773	0.071920164716708
2.000000000000000	0.512128532246882	0.559271824658266	0.074413114010007
2.000000000000000	0.478063021542076	0.588880037913611	0.076626894198054
2.000000000000000	0.442181701929205	0.616279190601065	0.078552591169371
2.000000000000000	0.404629054818262	0.641358956003114	0.080182450821918
2.000000000000000	0.365556291465191	0.664018346756233	0.081509910286121
2.000000000000000	0.325120744097525	0.684166121491347	0.082529624351238
2.000000000000000	0.283485232393040	0.701721152230632	0.083237486988630
2.000000000000000	0.240817407862375	0.716612751061238	0.083630647885291
2.000000000000000	0.197289078775572	0.728780954770572	0.083707523921055
2.000000000000000	0.153075518350812	0.738176766296987	0.083467805543259
2.000000000000000	0.108354758991025	0.744762352023661	0.082912458013203
2.000000000000000	0.063306875410238	0.748511194121213	0.082043717519383
2.000000000000000	0.018113259536262	0.749408197325647	0.080865082173153
2.000000000000000	-0.027044109890584	0.747449749721649	0.079381297923058
2.000000000000000	-0.071983400081629	0.742643737286501	0.077598339444583
2.000000000000000	-0.116523656376318	0.735009512136026	0.075523386082235
2.000000000000000	-0.160485530882757	0.724577814600452	0.073164792940864
2.000000000000000	-0.203692004648379	0.711390649443953	0.070532057242598
2.000000000000000	-0.245969100452784	0.695501116726287	0.067635780084887
2.000000000000000	-0.287146583352608	0.676973197987594	0.064487623753622
2.000000000000000	-0.327058646157546	0.655881498617324	0.061100264763226
2.000000000000000	-0.365544577077398	0.632310947444656	0.057487342812808
2.000000000000000	-0.402449406851720	0.606356454760084	0.053663405863902
2.000000000000000	-0.437624532756340	0.578122530145171	0.049643851560968
2.000000000000000	-0.470928316974081	0.547722861649354	0.045444865230507
2.000000000000000	-0.502226656920262	0.515279858008292	0.041083354708465
2.000000000000000	-0.531393525226473	0.480924155747093	0.036576882258347
2.000000000000000	-0.558311477208310	0.444794093153129	0.031943593854178
2.000000000000000	-0.582872123773665	0.407035153236588	0.027202146113071
2.000000000000000	-0.604976567867348	0.367799377921731	0.022371631171615
2.000000000000000	-0.624535802694617	0.327244755827727	0.017471499808580
2.000000000000000	-0.641471070120135	0.285534586104248	0.012521483123493
2.000000000000000	-0.655714177799175	0.242836820883427	0.007541513086468
2.000000000000000	-0.667207773764130	0.199323388995897	0.002551642279195
2.000000000000000	-0.675905577360643	0.155169503674075	-0.002428036849730
2.000000000000000	-0.681772565603466	0.110552957030313	-0.007377472890000
2.000000000000000	-0.684785114201661	0.065653404150813	-0.012276736209555
2.000000000000000	-0.684931092685285	0.020651639688005	-0.017106099204171
2.000000000000000	-0.682209913250505	-0.024271130135715	-0.021846115733563
2.000000000000000	-0.676632533126483	-0.068934017181475	-0.026477699424125
2.000000000000000	-0.668221410454476	-0.113157179766631	-0.030982200523024
2.000000000000000	-0.657010413856832	-0.156762546823742	-0.035341480994171
2.000000000000000	-0.643044686059996	-0.199574534929913	-0.039537987553690
2.000000000000000	-0.626380462120691	-0.241420755319263	-0.043554822350795
2.000000000000000	-0.607084842987187	-0.282132708031647	-0.047375811009476
2.000000000000000	-0.585235525307465	-0.321546460402522	-0.050985567756999
2.000000000000000	-0.560920488572241	-0.359503307161931	-0.054369557376982
2.000000000000000	-0.534237640852607	-0.395850409484604	-0.057514153737583
2.000000000000000	-0.505294424558786	-0.430441410417973	-0.060406694659125
2.000000000000000	-0.474207383807463	-0.463137024209955	-0.063035532900221
2.000000000000000	-0.441101695139769	-0.493805597163525	-0.065390083057105
2.000000000000000	-0.406110663479521	-0.522323637759679	-0.067460864187320
2.000000000000000	-0.369375185361349	-0.548576313914202	-0.069239537986123


3.000000000000000	nan	nan	nan
3.000000000000000	nan	nan	nan
3.000000000000000	nan	nan	nan
3.000000000000000	nan	nan	nan
3.000000000000000	nan	nan	nan
3.000000000000000	nan	nan	nan
3.000000000000000	nan	nan	nan
3.000000000000000	nan	nan	nan
3.000000000000000	nan	nan	nan
3.000000000000000	nan	nan	nan
3.000000000000000	nan	nan	nan
3.000000000000000	nan	nan	nan
3.000000000000000	nan	nan	nan
3.000000000000000	nan	nan	nan
3.000000000000000	nan	nan	nan
3.000000000000000	nan	nan	nan
3.000000000000000	nan	nan	nan
3.000000000000000	nan	nan	nan
3.000000000000000	nan	nan	nan
3.000000000000000	nan	nan	nan
3.000000000000000	nan	nan	nan
3.000000000000000	nan	nan	nan
3.000000000000000	nan	nan	nan
3.000000000000000	nan	nan	nan
3.000000000000000	nan	nan	nan
3.000000000000000	nan	nan	nan
3.000000000000000	nan	nan	nan
3.000000000000000	nan	nan	nan
3.000000000000000	nan	nan	nan
3.000000000000000	nan	nan	nan
3.000000000000000	nan	nan	nan
3.000000000000000	nan	nan	nan
3.000000000000000	nan	nan	nan
3.000000000000000	nan	nan	nan
3.000000000000000	nan	nan	nan
3.000000000000000	nan	nan	nan
3.000000000000000	nan	nan	nan
3.000000000000000	nan	nan	nan
3.000000000000000	nan	nan	nan
3.000000000000000	nan	nan	nan
3.000000000000000	nan	nan	nan
3.000000000000000	nan	nan	nan
3.000000000000000	nan	nan	nan
3.000000000000000	nan	nan	nan
3.000000000000000	nan	nan	nan
3.000000000000000	nan	nan	nan
3.000000000000000	nan	nan	nan
3.000000000000000	nan	nan	nan
3.000000000000000	nan	nan	nan
3.000000000000000	nan	nan	nan
3.000000000000000	nan	nan	nan
3.000000000000000	nan	nan	nan
3.000000000000000	nan	nan	nan
3.000000000000000	nan	nan	nan
3.000000000000000	nan	nan	nan
3.000000000000000	nan	nan	nan
3.000000000000000	nan	nan	nan
3.000000000000000	nan	nan	nan
3.000000000000000	nan	nan	nan
3.000000000000000	nan	nan	nan
3.000000000000000	nan	nan	nan
3.000000000000000	nan	nan	nan
3.000000000000000	nan	nan	nan
3.000000000000000	nan	nan	nan
3.000000000000000	nan	nan	nan
3.000000000000000	nan	nan	nan
3.000000000000000	nan	nan	nan
3.000000000000000	nan	nan	nan
3.000000000000000	nan	nan	nan
3.000000000000000	nan	nan	nan
3.000000000000000	nan	nan	nan
3.000000000000000	nan	nan	nan
3.000000000000000	nan	nan	nan
3.000000000000000	nan	nan	nan
3.000000000000000	nan	nan	nan
3.000000000000000	nan	nan	nan
3.000000000000000	nan	nan	nan
3.000000000000000	nan	nan	nan
3.000000000000000	nan	nan	nan
3.000000000000000	nan	nan	nan
3.000000000000000	nan	nan	nan
3.000000000000000	nan	nan	nan
3.000000000000000	nan	nan	nan
3.000000000000000	nan	nan	nan
3.000000000000000	nan	nan	nan
3.000000000000000	nan	nan	nan
3.000000000000000	nan	nan	nan
3.000000000000000	nan	nan	nan
3.000000000000000	nan	nan	nan
3.000000000000000	nan	nan	nan
3.000000000000000	nan	nan	nan
3.000000000000000	nan	nan	nan
3.000000000000000	nan	nan	nan
3.000000000000000	nan	nan	nan
3.000000000000000	nan	nan	nan
3.000000000000000	nan	nan	nan
3.000000000000000	nan	nan	nan
3.000000000000000	nan	nan	nan
3.000000000000000	nan	nan	nan
3.000000000000000	nan	nan	nan


4.000000000000000	nan	nan	nan
4.000000000000000	nan	nan	nan
4.000000000000000	nan	nan	nan
4.000000000000000	nan	nan	nan
4.000000000000000	nan	nan	nan
4.000000000000000	nan	nan	nan
4.000000000000000	nan	nan	nan
4.000000000000000	nan	nan	nan
4.000000000000000	nan	nan	nan
4.000000000000000	nan	nan	nan
4.000000000000000	nan	nan	nan
4.000000000000000	nan	nan	nan
4.000000000000000	nan	nan	nan
4.000000000000000	nan	nan	nan
4.000000000000000	nan	nan	nan
4.000000000000000	nan	nan	nan
4.000000000000000	nan	nan	nan
4.000000000000000	nan	nan	nan
4.000000000000000	nan	nan	nan
4.000000000000000	nan	nan	nan
4.000000000000000	nan	nan	nan
4.000000000000000	nan	nan	nan
4.000000000000000	nan	nan	nan
4.000000000000000	nan	nan	nan
4.000000000000000	nan	nan	nan
4.000000000000000	nan	nan	nan
4.000000000000000	nan	nan	nan
4.000000000000000	nan	nan	nan
4.000000000000000	nan	nan	nan
4.000000000000000	nan	nan	nan
4.000000000000000	nan	nan	nan
4.000000000000000	nan	nan	nan
4.000000000000000	nan	nan	nan
4.000000000000000	nan	nan	nan
4.000000000000000	nan	nan	nan
4.000000000000000	nan	nan	nan
4.000000000000000	nan	nan	nan
4.000000000000000	nan	nan	nan
4.000000000000000	nan	nan	nan
4.000000000000000	nan	nan	nan
4.000000000000000	nan	nan	nan
4.000000000000000	nan	nan	nan
4.000000000000000	nan	nan	nan
4.000000000000000	nan	nan	nan
4.000000000000000	nan	nan	nan
4.000000000000000	nan	nan	nan
4.000000000000000	nan	nan	nan
4.000000000000000	nan	nan	nan
4.000000000000000	nan	nan	nan
4.000000000000000	nan	nan	nan
4.000000000000000	nan	nan	nan
4.000000000000000	nan	nan	nan
4.000000000000000	nan	nan	nan
4.000000000000000	nan	nan	nan
4.000000000000000	nan	nan	nan
4.000000000000000	nan	nan	nan
4.000000000000000	nan	nan	nan
4.000000000000000	nan	nan	nan
4.000000000000000	nan	nan	nan
4.000000000000000	nan	nan	nan
4.000000000000000	nan	nan	nan
4.000000000000000	nan	nan	nan
4.000000000000000	nan	nan	nan
4.000000000000000	nan	nan	nan
4.000000000000000	nan	nan	nan
4.000000000000000	nan	nan	nan
4.000000000000000	nan	nan	nan
4.000000000000000	nan	nan	nan
4.000000000000000	nan	nan	nan
4.000000000000000	nan	nan	nan
4.000000000000000	nan	nan	nan
4.000000000000000	nan	nan	nan
4.000000000000000	nan	nan	nan
4.000000000000000	nan	nan	nan
4.000000000000000	nan	nan	nan
4.000000000000000	nan	nan	nan
4.000000000000000	nan	nan	nan
4.000000000000000	nan	nan	nan
4.000000000000000	nan	nan	nan
4.000000000000000	nan	nan	nan
4.000000000000000	nan	nan	nan
4.000000000000000	nan	nan	nan
4.000000000000000	nan	nan	nan
4.000000000000000	nan	nan	nan
4.000000000000000	nan	nan	nan
4.000000000000000	nan	nan	nan
4.000000000000000	nan	nan	nan
4.000000000000000	nan	nan	nan
4.000000000000000	nan	nan	nan
4.000000000000000	nan	nan	nan
4.000000000000000	nan	nan	nan
4.000000000000000	nan	nan	nan
4.000000000000000	nan	nan	nan
4.000000000000000	nan	nan	nan
4.000000000000000	nan	nan	nan
4.000000000000000	nan	nan	nan
4.000000000000000	nan	nan	nan
4.000000000000000	nan	nan	nan
4.000000000000000	nan	nan	nan
4.000000000000000	nan	nan	nan


5.000000000000000	nan	nan	nan
5.000000000000000	nan	nan	nan
5.000000000000000	nan	nan	nan
5.000000000000000	nan	nan	nan
5.000000000000000	nan	nan	nan
5.000000000000000	nan	nan	nan
5.000000000000000	nan	nan	nan
5.000000000000000	nan	nan	nan
5.000000000000000	nan	nan	nan
5.000000000000000	nan	nan	nan
5.000000000000000	nan	nan	nan
5.000000000000000	nan	nan	nan
5.000000000000000	nan	nan	nan
5.000000000000000	nan	nan	nan
5.000000000000000	nan	nan	nan
5.000000000000000	nan	nan	nan
5.000000000000000	nan	nan	nan
5.000000000000000	nan	nan	nan
5.000000000000000	nan	nan	nan
5.000000000000000	nan	nan	nan
5.000000000000000	nan	nan	nan
5.000000000000000	nan	nan	nan
5.000000000000000	nan	nan	nan
5.000000000000000	nan	nan	nan
5.000000000000000	nan	nan	nan
5.000000000000000	nan	nan	nan
5.000000000000000	nan	nan	nan
5.000000000000000	nan	nan	nan
5.000000000000000	nan	nan	nan
5.000000000000000	nan	nan	nan
5.000000000000000	nan	nan	nan
5.000000000000000	nan	nan	nan
5.000000000000000	nan	nan	nan
5.000000000000000	nan	nan	nan
5.000000000000000	nan	nan	nan
5.000000000000000	nan	nan	nan
5.000000000000000	nan	nan	nan
5.000000000000000	nan	nan	nan
5.000000000000000	nan	nan	nan
5.000000000000000	nan	nan	nan
5.000000000000000	nan	nan	nan
5.000000000000000	nan	nan	nan
5.000000000000000	nan	nan	nan
5.000000000000000	nan	nan	nan
5.000000000000000	nan	nan	nan
5.000000000000000	nan	nan	nan
5.000000000000000	nan	nan	nan
5.000000000000000	nan	nan	nan
5.000000000000000	nan	nan	nan
5.000000000000000	nan	nan	nan
5.000000000000000	nan	nan	nan
5.000000000000000	nan	nan	nan
5.000000000000000	nan	nan	nan
5.000000000000000	nan	nan	nan
5.000000000000000	nan	nan	nan
5.000000000000000	nan	nan	nan
5.000000000000000	nan	nan	nan
5.000000000000000	nan	nan	nan
5.000000000000000	nan	nan	nan
5.000000000000000	nan	nan	nan
5.000000000000000	nan	nan	nan
5.000000000000000	nan	nan	nan
5.000000000000000	nan	nan	nan
5.000000000000000	nan	nan	nan
5.000000000000000	nan	nan	nan
5.000000000000000	nan	nan	nan
5.000000000000000	nan	nan	nan
5.000000000000000	nan	nan	nan
5.000000000000000	nan	nan	nan
5.000000000000000	nan	nan	nan
5.000000000000000	nan	nan	nan
5.000000000000000	nan	nan	nan
5.000000000000000	nan	nan	nan
5.000000000000000	nan	nan	nan
5.000000000000000	nan	nan	nan
5.000000000000000	nan	nan	nan
5.000000000000000	nan	nan	nan
5.000000000000000	nan	nan	nan
5.000000000000000	nan	nan	nan
5.000000000000000	nan	nan	nan
5.000000000000000	nan	nan	nan
5.000000000000000	nan	nan	nan
5.000000000000000	nan	nan	nan
5.000000000000000	nan	nan	nan
5.000000000000000	nan	nan	nan
5.000000000000000	nan	nan	nan
5.000000000000000	nan	nan	nan
5.000000000000000	nan	nan	nan
5.000000000000000	nan	nan	nan
5.000000000000000	nan	nan	nan
5.000000000000000	nan	nan	nan
5.000000000000000	nan	nan	nan
5.000000000000000	nan	nan	nan
5.000000000000000	nan	nan	nan
5.000000000000000	nan	nan	nan
5.000000000000000	nan	nan	nan
5.000000000000000	nan	nan	nan
5.000000000000000	nan	nan	nan
5.000000000000000	nan	nan	nan
5.000000000000000	nan	nan	nan


6.000000000000000	nan	nan	nan
6.000000000000000	nan	nan	nan
6.000000000000000	nan	nan	nan
6.000000000000000	nan	nan	nan
6.000000000000000	nan	nan	nan
6.000000000000000	nan	nan	nan
6.000000000000000	nan	nan	nan
6.000000000000000	nan	nan	nan
6.000000000000000	nan	nan	nan
6.000000000000000	nan	nan	nan
6.000000000000000	nan	nan	nan
6.000000000000000	nan	nan	nan
6.000000000000000	nan	nan	nan
6.000000000000000	nan	nan	nan
6.000000000000000	nan	nan	nan
6.000000000000000	nan	nan	nan
6.000000000000000	nan	nan	nan
6.000000000000000	nan	nan	nan
6.000000000000000	nan	nan	nan
6.000000000000000	nan	nan	nan
6.000000000000000	nan	nan	nan
6.000000000000000	nan	nan	nan
6.000000000000000	nan	nan	nan
6.000000000000000	nan	nan	nan
6.000000000000000	nan	nan	nan
6.000000000000000	nan	nan	nan
6.000000000000000	nan	nan	nan
6.000000000000000	nan	nan	nan
6.000000000000000	nan	nan	nan
6.000000000000000	nan	nan	nan
6.000000000000000	nan	nan	nan
6.000000000000000	nan	nan	nan
6.000000000000000	nan	nan	nan
6.000000000000000	nan	nan	nan
6.000000000000000	nan	nan	nan
6.000000000000000	nan	nan	nan
6.000000000000000	nan	nan	nan
6.000000000000000	nan	nan	nan
6.000000000000000	nan	nan	nan
6.000000000000000	nan	nan	nan
6.000000000000000	nan	nan	nan
6.000000000000000	nan	nan	nan
6.000000000000000	nan	nan	nan
6.000000000000000	nan	nan	nan
6.000000000000000	nan	nan	nan
6.000000000000000	nan	nan	nan
6.000000000000000	nan	nan	nan
6.000000000000000	nan	nan	nan
6.000000000000000	nan	nan	nan
6.000000000000000	nan	nan	nan
6.000000000000000	nan	nan	nan
6.000000000000000	nan	nan	nan
6.000000000000000	nan	nan	nan
6.000000000000000	nan	nan	nan
6.000000000000000	nan	nan	nan
6.000000000000000	nan	nan	nan
6.000000000000000	nan	nan	nan
6.000000000000000	nan	nan	nan
6.000000000000000	nan	nan	nan
6.000000000000000	nan	nan	nan
6.000000000000000	nan	nan	nan
6.000000000000000	nan	nan	nan
6.000000000000000	nan	nan	nan
6.000000000000000	nan	nan	nan
6.000000000000000	nan	nan	nan
6.000000000000000	nan	nan	nan
6.000000000000000	nan	nan	nan
6.000000000000000	nan	nan	nan
6.000000000000000	nan	nan	nan
6.000000000000000	nan	nan	nan
6.000000000000000	nan	nan	nan
6.000000000000000	nan	nan	nan
6.000000000000000	nan	nan	nan
6.000000000000000	nan	nan	nan
6.000000000000000	nan	nan	nan
6.000000000000000	nan	nan	nan
6.000000000000000	nan	nan	nan
6.000000000000000	nan	nan	nan
6.000000000000000	nan	nan	nan
6.000000000000000	nan	nan	nan
6.000000000000000	nan	nan	nan
6.000000000000000	nan	nan	nan
6.000000000000000	nan	nan	nan
6.000000000000000	nan	nan	nan
6.000000000000000	nan	nan	nan
6.000000000000000	nan	nan	nan
6.000000000000000	nan	nan	nan
6.000000000000000	nan	nan	nan
6.000000000000000	nan	nan	nan
6.000000000000000	nan	nan	nan
6.000000000000000	nan	nan	nan
6.000000000000000	nan	nan	nan
6.000000000000000	nan	nan	nan
6.000000000000000	nan	nan	nan
6.000000000000000	nan	nan	nan
6.000000000000000	nan	nan	nan
6.000000000000000	nan	nan	nan
6.000000000000000	nan	nan	nan
6.000000000000000	nan	nan	nan
6.000000000000000	nan	nan	nan


7.000000000000000	nan	nan	nan
7.000000000000000	nan	nan	nan
7.000000000000000	nan	nan	nan
7.000000000000000	nan	nan	nan
7.000000000000000	nan	nan	nan
7.000000000000000	nan	nan	nan
7.000000000000000	nan	nan	nan
7.000000000000000	nan	nan	nan
7.000000000000000	nan	nan	nan
7.000000000000000	nan	nan	nan
7.000000000000000	nan	nan	nan
7.000000000000000	nan	nan	nan
7.000000000000000	nan	nan	nan
7.000000000000000	nan	nan	nan
7.000000000000000	nan	nan	nan
7.000000000000000	nan	nan	nan
7.000000000000000	nan	nan	nan
7.000000000000000	nan	nan	nan
7.000000000000000	nan	nan	nan
7.000000000000000	nan	nan	nan
7.000000000000000	nan	nan	nan
7.000000000000000	nan	nan	nan
7.000000000000000	nan	nan	nan
7.000000000000000	nan	nan	nan
7.000000000000000	nan	nan	nan
7.000000000000000	nan	nan	nan
7.000000000000000	nan	nan	nan
7.000000000000000	nan	nan	nan
7.000000000000000	nan	nan	nan
7.000000000000000	nan	nan	nan
7.000000000000000	nan	nan	nan
7.000000000000000	nan	nan	nan
7.000000000000000	nan	nan	nan
7.000000000000000	nan	nan	nan
7.000000000000000	nan	nan	nan
7.000000000000000	nan	nan	nan
7.000000000000000	nan	nan	nan
7.000000000000000	nan	nan	nan
7.000000000000000	nan	nan	nan
7.000000000000000	nan	nan	nan
7.000000000000000	nan	nan	nan
7.000000000000000	nan	nan	nan
7.000000000000000	nan	nan	nan
7.000000000000000	nan	nan	nan
7.000000000000000	nan	nan	nan
7.000000000000000	nan	nan	nan
7.000000000000000	nan	nan	nan
7.000000000000000	nan	nan	nan
7.000000000000000	nan	nan	nan
7.000000000000000	nan	nan	nan
7.000000000000000	nan	nan	nan
7.000000000000000	nan	nan	nan
7.000000000000000	nan	nan	nan
7.000000000000000	nan	nan	nan
7.000000000000000	nan	nan	nan
7.000000000000000	nan	nan	nan
7.000000000000000	nan	nan	nan
7.000000000000000	nan	nan	nan
7.000000000000000	nan	nan	nan
7.000000000000000	nan	nan	nan
7.000000000000000	nan	nan	nan
7.000000000000000	nan	nan	nan
7.000000000000000	nan	nan	nan
7.000000000000000	nan	nan	nan
7.000000000000000	nan	nan	nan
7.000000000000000	nan	nan	nan
7.000000000000000	nan	nan	nan
7.000000000000000	nan	nan	nan
7.000000000000000	nan	nan	nan
7.000000000000000	nan	nan	nan
7.000000000000000	nan	nan	nan
7.000000000000000	nan	nan	nan
7.000000000000000	nan	nan	nan
7.000000000000000	nan	nan	nan
7.000000000000000	nan	nan	nan
7.000000000000000	nan	nan	nan
7.000000000000000	nan	nan	nan
7.000000000000000	nan	nan	nan
7.000000000000000	nan	nan	nan
7.000000000000000	nan	nan	nan
7.000000000000000	nan	nan	nan
7.000000000000000	nan	nan	nan
7.000000000000000	nan	nan	nan
7.000000000000000	nan	nan	nan
7.000000000000000	nan	nan	nan
7.000000000000000	nan	nan	nan
7.000000000000000	nan	nan	nan
7.000000000000000	nan	nan	nan
7.000000000000000	nan	nan	nan
7.000000000000000	nan	nan	nan
7.000000000000000	nan	nan	nan
7.000000000000000	nan	nan	nan
7.000000000000000	nan	nan	nan
7.000000000000000	nan	nan	nan
7.000000000000000	nan	nan	nan
7.000000000000000	nan	nan	nan
7.000000000000000	nan	nan	nan
7.000000000000000	nan	nan	nan
7.000000000000000	nan	nan	nan
7.000000000000000	nan	nan	nan


8.000000000000000	-0.157845062514349	0.665327325579671	0.038129081869436
8.000000000000000	-0.214386249902771	0.649803683243974	0.039994848205734
8.000000000000000	-0.269802954945334	0.630562432009304	0.041636467946499
8.000000000000000	-0.323872034129813	0.607681049603306	0.043047330868436
8.000000000000000	-0.376375770357676	0.581251671277087	0.044221755924513
8.000000000000000	-0.427102749614000	0.551380718809081	0.045155014119536
8.000000000000000	-0.475848712257091	0.518188471982111	0.045843347552140
8.000000000000000	-0.522417375499969	0.481808584259153	0.046283984546536
8.000000000000000	-0.566621223771876	0.442387544608012	0.046475150813067
8.000000000000000	-0.608282263777291	0.400084087641953	0.046416076592649
8.000000000000000	-0.647232741212119	0.355068554451436	0.046106999756318
8.000000000000000	-0.683315816251057	0.307522206700669	0.045549164847406
8.000000000000000	-0.716386195086221	0.257636496750856	0.044744818070208
8.000000000000000	-0.746310714974024	0.205612296749115	0.043697198245305
8.000000000000000	-0.772968880434553	0.151659089787235	0.042410523767984
8.000000000000000	-0.796253348444329	0.095994126387204	0.040889975622238
8.000000000000000	-0.816070360668787	0.038841549710031	0.039141676518785
8.000000000000000	-0.832340120993989	-0.019568506989650	0.037172666241061
8.000000000000000	-0.844997116837416	-0.079000847028975	0.034990873298505
8.000000000000000	-0.853990382944014	-0.139216157350879	0.032605083001247
8.000000000000000	-0.859283706605290	-0.199971972153316	0.030024902084764
8.000000000000000	-0.860855773475105	-0.261023649213461	0.027260720026949
8.000000000000000	-0.858700253395025	-0.322125354975604	0.024323667213346
8.000000000000000	-0.852825825883636	-0.383031054436105	0.021225570119022
8.000000000000000	-0.843256145187183	-0.443495501839524	0.017978903687521
8.000000000000000	-0.830029745032272	-0.503275228196719	0.014596741098673
8.000000000000000	-0.813199883464151	-0.562129521648530	0.011092701127510
8.000000000000000	-0.792834328395360	-0.619821396727483	0.007480893306266
8.000000000000000	-0.769015084728266	-0.676118548614623	0.003775861110273
8.000000000000000	-0.741838064150262	-0.730794288549029	-0.000007476603485
8.000000000000000	-0.711412698931256	-0.783628456623448	-0.003853885669339
8.000000000000000	-0.677861501278541	-0.834408308290533	-0.007747877955547
8.000000000000000	-0.641319570023379	-0.882929371010055	-0.011673773729534
8.000000000000000	-0.601934046625688	-0.928996267587647	-0.015615764794637
8.000000000000000	-0.559863522687315	-0.972423502889817	-0.019557978144139
8.000000000000000	-0.515277401359630	-1.013036210767374	-0.023484539876261
8.000000000000000	-0.468355215216827	-1.050670858179698	-0.027379639112763
8.000000000000000	-0.419285903341609	-1.085175903684574	-0.031227591663770
8.000000000000000	-0.368267050534190	-1.116412407642094	-0.035012903182472
8.000000000000000	-0.315504091708039	-1.144254591675550	-0.038720331555383
8.000000000000000	-0.261209484675992	-1.168590345136566	-0.042334948276960
8.000000000000000	-0.205601854657623	-1.189321676535106	-0.045842198561422
8.000000000000000	-0.148905113952650	-1.206365108116624	-0.049227959949736
8.000000000000000	-0.091347560325130	-1.219652011997512	-0.052478599175773
8.000000000000000	-0.033160957728943	-1.229128886505372	-0.055581027062664
8.000000000000000	0.025420396923858	-1.234757571611366	-0.058522751228291
8.000000000000000	0.084160617194008	-1.236515402587181	-0.061291926387701
8.000000000000000	0.142823176946474	-1.234395301267891	-0.063877402049892
8.000000000000000	0.201171862757719	-1.228405804553236	-0.066268767416898
8.000000000000000	0.258971725063785	-1.218571030032527	-0.068456393304405
8.000000000000000	0.315990024219268	-1.204930578871637	-0.070431470915072
8.000000000000000	0.371997167657720	-1.187539376353080	-0.072186047308453
8.000000000000000	0.426767634379889	-1.166467450711281	-0.073713057424679
8.000000000000000	0.480080883047178	-1.141799651153595	-0.075006352532959
8.000000000000000	0.531722240023785	-1.113635306202494	-0.076060724990353
8.000000000000000	0.581483763791657	-1.082087823734667	-0.076871929211111
8.000000000000000	0.629165082257604	-1.047284234327523	-0.077436698762143
8.000000000000000	0.674574199580985	-1.009364679751896	-0.077752759515800
8.000000000000000	0.717528269273206	-0.968481848670591	-0.077818838806979
8.000000000000000	0.757854330455986	-0.924800361815033	-0.077634670557696
8.000000000000000	0.795390004313776	-0.878496109115678	-0.077200996348491
8.000000000000000	0.829984147935930	-0.829755541455352	-0.076519562432340
8.000000000000000	0.861497462915871	-0.778774919897341	-0.075593112703117
8.000000000000000	0.889803056256603	-0.725759525411368	-0.074425377646897
8.000000000000000	0.914786951324025	-0.670922832279574	-0.073021059320606
8.000000000000000	0.936348546790610	-0.614485648510933	-0.071385812418498
8.000000000000000	0.954401021721446	-0.556675226725326	-0.069526221502698
8.000000000000000	0.968871685171495	-0.497724349087459	-0.067449774489494
8.000000000000000	0.979702268886373	-0.437870389975233	-0.065164832498138
8.000000000000000	0.986849161928049	-0.377354360156911	-0.062680596183573
8.000000000000000	0.990283586280694	-0.316419936325815	-0.060007068688642
8.000000000000000	0.989991712729599	-0.255312479900290	-0.057155015364964
8.000000000000000	0.985974716546539	-0.194278049039864	-0.054135920424657
8.000000000000000	0.978248772757371	-0.133562407855890	-0.050961940697475
8.000000000000000	0.966844991010908	-0.073410036806208	-0.047645856679544
8.000000000000000	0.951809290311351	-0.014063148258632	-0.044201021070812
8.000000000000000	0.933202214118659	0.044239288812772	-0.040641305008443
8.000000000000000	0.911098686561410	0.101262511071400	-0.036981042212641
8.000000000000000	0.885587710743773	0.156776906127208	-0.033234971269816
8.000000000000000	0.856772010361426	0.210558937104763	-0.029418176285503
8.000000000000000	0.824767616069488	0.262392042747354	-0.025546026145991
8.000000000000000	0.789703398268019	0.312067509432730	-0.021634112633239
8.000000000000000	0.751720548186411	0.359385311589193	-0.017698187642279
8.000000000000000	0.710972009356131	0.404154917127984	-0.013754099753887
8.000000000000000	0.667621861761105	0.446196054648752	-0.009817730417951
8.000000000000000	0.621844661145534	0.485339439328858	-0.005904930004468
8.000000000000000	0.573824736139521	0.521427454573609	-0.002031453979705
8.000000000000000	0.523755446032730	0.554314786682653	0.001787100535506
8.000000000000000	0.471838402184777	0.583869009976968	0.005535357569866
8.000000000000000	0.418282656207441	0.609971120030326	0.009198224215222
8.000000000000000	0.363303858187607	0.632516012858118	0.012760951400380
8.000000000000000	0.307123388340475	0.651412908134008	0.016209193280407
8.000000000000000	0.249967465589574	0.666585714730260	0.019529065002287
8.000000000000000	0.192066236662994	0.677973337109858	0.022707198614326
8.000000000000000	0.133652849373745	0.685529921336672	0.025730796894169
8.000000000000000	0.074962513815800	0.689225039713067	0.028587684878703
8.000000000000000	0.016231555256062	0.689043813301513	0.031266358888337
8.000000000000000	-0.042303537464075	0.684986971836805	0.033756032848254
8.000000000000000	-0.100407064185822	0.677070850787685	0.036046681720133
8.000000000000000	-0.157845062514349	0.665327325579671	0.038129081869436


9.000000000000000	nan	nan	nan
9.000000000000000	nan	nan	nan
9.000000000000000	nan	nan	nan
9.000000000000000	nan	nan	nan
9.000000000000000	nan	nan	nan
9.000000000000000	nan	nan	nan
9.000000000000000	nan	nan	nan
9.000000000000000	nan	nan	nan
9.000000000000000	nan	nan	nan
9.000000000000000	nan	nan	nan
9.000000000000000	nan	nan	nan
9.000000000000000	nan	nan	nan
9.000000000000000	nan	nan	nan
9.000000000000000	nan	nan	nan
9.000000000000000	nan	nan	nan
9.000000000000000	nan	nan	nan
9.000000000000000	nan	nan	nan
9.000000000000000	nan	nan	nan
9.000000000000000	nan	nan	nan
9.000000000000000	nan	nan	nan
9.000000000000000	nan	nan	nan
9.000000000000000	nan	nan	nan
9.000000000000000	nan	nan	nan
9.000000000000000	nan	nan	nan
9.000000000000000	nan	nan	nan
9.000000000000000	nan	nan	nan
9.000000000000000	nan	nan	nan
9.000000000000000	nan	nan	nan
9.000000000000000	nan	nan	nan
9.000000000000000	nan	nan	nan
9.000000000000000	nan	nan	nan
9.000000000000000	nan	nan	nan
9.000000000000000	nan	nan	nan
9.000000000000000	nan	nan	nan
9.000000000000000	nan	nan	nan
9.000000000000000	nan	nan	nan
9.000000000000000	nan	nan	nan
9.000000000000000	nan	nan	nan
9.000000000000000	nan	nan	nan
9.000000000000000	nan	nan	nan
9.000000000000000	nan	nan	nan
9.000000000000000	nan	nan	nan
9.000000000000000	nan	nan	nan
9.000000000000000	nan	nan	nan
9.000000000000000	nan	nan	nan
9.000000000000000	nan	nan	nan
9.000000000000000	nan	nan	nan
9.000000000000000	nan	nan	nan
9.000000000000000	nan	nan	nan
9.000000000000000	nan	nan	nan
9.000000000000000	nan	nan	nan
9.000000000000000	nan	nan	nan
9.000000000000000	nan	nan	nan
9.000000000000000	nan	nan	nan
9.000000000000000	nan	nan	nan
9.000000000000000	nan	nan	nan
9.000000000000000	nan	nan	nan
9.000000000000000	nan	nan	nan
9.000000000000000	nan	nan	nan
9.000000000000000	nan	nan	nan
9.000000000000000	nan	nan	nan
9.000000000000000	nan	nan	nan
9.000000000000000	nan	nan	nan
9.000000000000000	nan	nan	nan
9.000000000000000	nan	nan	nan
9.000000000000000	nan	nan	nan
9.000000000000000	nan	nan	nan
9.000000000000000	nan	nan	nan
9.000000000000000	nan	nan	nan
9.000000000000000	nan	nan	nan
9.000000000000000	nan	nan	nan
9.000000000000000	nan	nan	nan
9.000000000000000	nan	nan	nan
9.000000000000000	nan	nan	nan
9.000000000000000	nan	nan	nan
9.000000000000000	nan	nan	nan
9.000000000000000	nan	nan	nan
9.000000000000000	nan	nan	nan
9.000000000000000	nan	nan	nan
9.000000000000000	nan	nan	nan
9.000000000000000	nan	nan	nan
9.000000000000000	nan	nan	nan
9.000000000000000	nan	nan	nan
9.000000000000000	nan	nan	nan
9.000000000000000	nan	nan	nan
9.000000000000000	nan	nan	nan
9.000000000000000	nan	nan	nan
9.000000000000000	nan	nan	nan
9.000000000000000	nan	nan	nan
9.000000000000000	nan	nan	nan
9.000000000000000	nan	nan	nan
9.000000000000000	nan	nan	nan
9.000000000000000	nan	nan	nan
9.000000000000000	nan	nan	nan
9.000000000000000	nan	nan	nan
9.000000000000000	nan	nan	nan
9.000000000000000	nan	nan	nan
9.000000000000000	nan	nan	nan
9.000000000000000	nan	nan	nan
9.000000000000000	nan	nan	nan


10.000000000000000	nan	nan	nan
10.000000000000000	nan	nan	nan
10.000000000000000	nan	nan	nan
10.000000000000000	nan	nan	nan
10.000000000000000	nan	nan	nan
10.000000000000000	nan	nan	nan
10.000000000000000	nan	nan	nan
10.000000000000000	nan	nan	nan
10.000000000000000	nan	nan	nan
10.000000000000000	nan	nan	nan
10.000000000000000	nan	nan	nan
10.000000000000000	nan	nan	nan
10.000000000000000	nan	nan	nan
10.000000000000000	nan	nan	nan
10.000000000000000	nan	nan	nan
10.000000000000000	nan	nan	nan
10.000000000000000	nan	nan	nan
10.000000000000000	nan	nan	nan
10.000000000000000	nan	nan	nan
10.000000000000000	nan	nan	nan
10.000000000000000	nan	nan	nan
10.000000000000000	nan	nan	nan
10.000000000000000	nan	nan	nan
10.000000000000000	nan	nan	nan
10.000000000000000	nan	nan	nan
10.000000000000000	nan	nan	nan
10.000000000000000	nan	nan	nan
10.000000000000000	nan	nan	nan
10.000000000000000	nan	nan	nan
10.000000000000000	nan	nan	nan
10.000000000000000	nan	nan	nan
10.000000000000000	nan	nan	nan
10.000000000000000	nan	nan	nan
10.000000000000000	nan	nan	nan
10.000000000000000	nan	nan	nan
10.000000000000000	nan	nan	nan
10.000000000000000	nan	nan	nan
10.000000000000000	nan	nan	nan
10.000000000000000	nan	nan	nan
10.000000000000000	nan	nan	nan
10.000000000000000	nan	nan	nan
10.000000000000000	nan	nan	nan
10.000000000000000	nan	nan	nan
10.000000000000000	nan	nan	nan
10.000000000000000	nan	nan	nan
10.000000000000000	nan	nan	nan
10.000000000000000	nan	nan	nan
10.000000000000000	nan	nan	nan
10.000000000000000	nan	nan	nan
10.000000000000000	nan	nan	nan
10.000000000000000	nan	nan	nan
10.000000000000000	nan	nan	nan
10.000000000000000	nan	nan	nan
10.000000000000000	nan	nan	nan
10.000000000000000	nan	nan	nan
10.000000000000000	nan	nan	nan
10.000000000000000	nan	nan	nan
10.000000000000000	nan	nan	nan
10.000000000000000	nan	nan	nan
10.000000000000000	nan	nan	nan
10.000000000000000	nan	nan	nan
10.000000000000000	nan	nan	nan
10.000000000000000	nan	nan	nan
10.000000000000000	nan	nan	nan
10.000000000000000	nan	nan	nan
10.000000000000000	nan	nan	nan
10.000000000000000	nan	nan	nan
10.000000000000000	nan	nan	nan
10.000000000000000	nan	nan	nan
10.000000000000000	nan	nan	nan
10.000000000000000	nan	nan	nan
10.000000000000000	nan	nan	nan
10.000000000000000	nan	nan	nan
10.000000000000000	nan	nan	nan
10.000000000000000	nan	nan	nan
10.000000000000000	nan	nan	nan
10.000000000000000	nan	nan	nan
10.000000000000000	nan	nan	nan
10.000000000000000	nan	nan	nan
10.000000000000000	nan	nan	nan
10.000000000000000	nan	nan	nan
10.000000000000000	nan	nan	nan
10.000000000000000	nan	nan	nan
10.000000000000000	nan	nan	nan
10.000000000000000	nan	nan	nan
10.000000000000000	nan	nan	nan
10.000000000000000	nan	nan	nan
10.000000000000000	nan	nan	nan
10.000000000000000	nan	nan	nan
10.000000000000000	nan	nan	nan
10.000000000000000	nan	nan	nan
10.000000000000000	nan	nan	nan
10.000000000000000	nan	nan	nan
10.000000000000000	nan	nan	nan
10.000000000000000	nan	nan	nan
10.000000000000000	nan	nan	nan
10.000000000000000	nan	nan	nan
10.000000000000000	nan	nan	nan
10.000000000000000	nan	nan	nan
10.000000000000000	nan	nan	nan


11.000000000000000	nan	nan	nan
11.000000000000000	nan	nan	nan
11.000000000000000	nan	nan	nan
11.000000000000000	nan	nan	nan
11.000000000000000	nan	nan	nan
11.000000000000000	nan	nan	nan
11.000000000000000	nan	nan	nan
11.000000000000000	nan	nan	nan
11.000000000000000	nan	nan	nan
11.000000000000000	nan	nan	nan
11.000000000000000	nan	nan	nan
11.000000000000000	nan	nan	nan
11.000000000000000	nan	nan	nan
11.000000000000000	nan	nan	nan
11.000000000000000	nan	nan	nan
11.000000000000000	nan	nan	nan
11.000000000000000	nan	nan	nan
11.000000000000000	nan	nan	nan
11.000000000000000	nan	nan	nan
11.000000000000000	nan	nan	nan
11.000000000000000	nan	nan	nan
11.000000000000000	nan	nan	nan
11.000000000000000	nan	nan	nan
11.000000000000000	nan	nan	nan
11.000000000000000	nan	nan	nan
11.000000000000000	nan	nan	nan
11.000000000000000	nan	nan	nan
11.000000000000000	nan	nan	nan
11.000000000000000	nan	nan	nan
11.000000000000000	nan	nan	nan
11.000000000000000	nan	nan	nan
11.000000000000000	nan	nan	nan
11.000000000000000	nan	nan	nan
11.000000000000000	nan	nan	nan
11.000000000000000	nan	nan	nan
11.000000000000000	nan	nan	nan
11.000000000000000	nan	nan	nan
11.000000000000000	nan	nan	nan
11.000000000000000	nan	nan	nan
11.000000000000000	nan	nan	nan
11.000000000000000	nan	nan	nan
11.000000000000000	nan	nan	nan
11.000000000000000	nan	nan	nan
11.000000000000000	nan	nan	nan
11.000000000000000	nan	nan	nan
11.000000000000000	nan	nan	nan
11.000000000000000	nan	nan	nan
11.000000000000000	nan	nan	nan
11.000000000000000	nan	nan	nan
11.000000000000000	nan	nan	nan
11.000000000000000	nan	nan	nan
11.000000000000000	nan	nan	nan
11.000000000000000	nan	nan	nan
11.000000000000000	nan	nan	nan
11.000000000000000	nan	nan	nan
11.000000000000000	nan	nan	nan
11.000000000000000	nan	nan	nan
11.000000000000000	nan	nan	nan
11.000000000000000	nan	nan	nan
11.000000000000000	nan	nan	nan
11.000000000000000	nan	nan	nan
11.000000000000000	nan	nan	nan
11.000000000000000	nan	nan	nan
11.000000000000000	nan	nan	nan
11.000000000000000	nan	nan	nan
11.000000000000000	nan	nan	nan
11.000000000000000	nan	nan	nan
11.000000000000000	nan	nan	nan
11.000000000000000	nan	nan	nan
11.000000000000000	nan	nan	nan
11.000000000000000	nan	nan	nan
11.000000000000000	nan	nan	nan
11.000000000000000	nan	nan	nan
11.000000000000000	nan	nan	nan
11.000000000000000	nan	nan	nan
11.000000000000000	nan	nan	nan
11.000000000000000	nan	nan	nan
11.000000000000000	nan	nan	nan
11.000000000000000	nan	nan	nan
11.000000000000000	nan	nan	nan
11.000000000000000	nan	nan	nan
11.000000000000000	nan	nan	nan
11.000000000000000	nan	nan	nan
11.000000000000000	nan	nan	nan
11.000000000000000	nan	nan	nan
11.000000000000000	nan	nan	nan
11.000000000000000	nan	nan	nan
11.000000000000000	nan	nan	nan
11.000000000000000	nan	nan	nan
11.000000000000000	nan	nan	nan
11.000000000000000	nan	nan	nan
11.000000000000000	nan	nan	nan
11.000000000000000	nan	nan	nan
11.000000000000000	nan	nan	nan
11.000000000000000	nan	nan	nan
11.000000000000000	nan	nan	nan
11.000000000000000	nan	nan	nan
11.000000000000000	nan	nan	nan
11.000000000000000	nan	nan	nan
11.000000000000000	nan	nan	nan


12.000000000000000	nan	nan	nan
12.000000000000000	nan	nan	nan
12.000000000000000	nan	nan	nan
12.000000000000000	nan	nan	nan
12.000000000000000	nan	nan	nan
12.000000000000000	nan	nan	nan
12.000000000000000	nan	nan	nan
12.000000000000000	nan	nan	nan
12.000000000000000	nan	nan	nan
12.000000000000000	nan	nan	nan
12.000000000000000	nan	nan	nan
12.000000000000000	nan	nan	nan
12.000000000000000	nan	nan	nan
12.000000000000000	nan	nan	nan
12.000000000000000	nan	nan	nan
12.000000000000000	nan	nan	nan
12.000000000000000	nan	nan	nan
12.000000000000000	nan	nan	nan
12.000000000000000	nan	nan	nan
12.000000000000000	nan	nan	nan
12.000000000000000	nan	nan	nan
12.000000000000000	nan	nan	nan
12.000000000000000	nan	nan	nan
12.000000000000000	nan	nan	nan
12.000000000000000	nan	nan	nan
12.000000000000000	nan	nan	nan
12.000000000000000	nan	nan	nan
12.000000000000000	nan	nan	nan
12.000000000000000	nan	nan	nan
12.000000000000000	nan	nan	nan
12.000000000000000	nan	nan	nan
12.000000000000000	nan	nan	nan
12.000000000000000	nan	nan	nan
12.000000000000000	nan	nan	nan
12.000000000000000	nan	nan	nan
12.000000000000000	nan	nan	nan
12.000000000000000	nan	nan	nan
12.000000000000000	nan	nan	nan
12.000000000000000	nan	nan	nan
12.000000000000000	nan	nan	nan
12.000000000000000	nan	nan	nan
12.000000000000000	nan	nan	nan
12.000000000000000	nan	nan	nan
12.000000000000000	nan	nan	nan
12.000000000000000	nan	nan	nan
12.000000000000000	nan	nan	nan
12.000000000000000	nan	nan	nan
12.000000000000000	nan	nan	nan
12.000000000000000	nan	nan	nan
12.000000000000000	nan	nan	nan
12.000000000000000	nan	nan	nan
12.000000000000000	nan	nan	nan
12.000000000000000	nan	nan	nan
12.000000000000000	nan	nan	nan
12.000000000000000	nan	nan	nan
12.000000000000000	nan	nan	nan
12.000000000000000	nan	nan	nan
12.000000000000000	nan	nan	nan
12.000000000000000	nan	nan	nan
12.000000000000000	nan	nan	nan
12.000000000000000	nan	nan	nan
12.000000000000000	nan	nan	nan
12.000000000000000	nan	nan	nan
12.000000000000000	nan	nan	nan
12.000000000000000	nan	nan	nan
12.000000000000000	nan	nan	nan
12.000000000000000	nan	nan	nan
12.000000000000000	nan	nan	nan
12.000000000000000	nan	nan	nan
12.000000000000000	nan	nan	nan
12.000000000000000	nan	nan	nan
12.000000000000000	nan	nan	nan
12.000000000000000	nan	nan	nan
12.000000000000000	nan	nan	nan
12.000000000000000	nan	nan	nan
12.000000000000000	nan	nan	nan
12.000000000000000	nan	nan	nan
12.000000000000000	nan	nan	nan
12.000000000000000	nan	nan	nan
12.000000000000000	nan	nan	nan
12.000000000000000	nan	nan	nan
12.000000000000000	nan	nan	nan
12.000000000000000	nan	nan	nan
12.000000000000000	nan	nan	nan
12.000000000000000	nan	nan	nan
12.000000000000000	nan	nan	nan
12.000000000000000	nan	nan	nan
12.000000000000000	nan	nan	nan
12.000000000000000	nan	nan	nan
12.000000000000000	nan	nan	nan
12.000000000000000	nan	nan	nan
12.000000000000000	nan	nan	nan
12.000000000000000	nan	nan	nan
12.000000000000000	nan	nan	nan
12.000000000000000	nan	nan	nan
12.000000000000000	nan	nan	nan
12.000000000000000	nan	nan	nan
12.000000000000000	nan	nan	nan
12.000000000000000	nan	nan	nan
12.000000000000000	nan	nan	nan


13.000000000000000	nan	nan	nan
13.000000000000000	nan	nan	nan
13.000000000000000	nan	nan	nan
13.000000000000000	nan	nan	nan
13.000000000000000	nan	nan	nan
13.000000000000000	nan	nan	nan
13.000000000000000	nan	nan	nan
13.000000000000000	nan	nan	nan
13.000000000000000	nan	nan	nan
13.000000000000000	nan	nan	nan
13.000000000000000	nan	nan	nan
13.000000000000000	nan	nan	nan
13.000000000000000	nan	nan	nan
13.000000000000000	nan	nan	nan
13.000000000000000	nan	nan	nan
13.000000000000000	nan	nan	nan
13.000000000000000	nan	nan	nan
13.000000000000000	nan	nan	nan
13.000000000000000	nan	nan	nan
13.000000000000000	nan	nan	nan
13.000000000000000	nan	nan	nan
13.000000000000000	nan	nan	nan
13.000000000000000	nan	nan	nan
13.000000000000000	nan	nan	nan
13.000000000000000	nan	nan	nan
13.000000000000000	nan	nan	nan
13.000000000000000	nan	nan	nan
13.000000000000000	nan	nan	nan
13.000000000000000	nan	nan	nan
13.000000000000000	nan	nan	nan
13.000000000000000	nan	nan	nan
13.000000000000000	nan	nan	nan
13.000000000000000	nan	nan	nan
13.000000000000000	nan	nan	nan
13.000000000000000	nan	nan	nan
13.000000000000000	nan	nan	nan
13.000000000000000	nan	nan	nan
13.000000000000000	nan	nan	nan
13.000000000000000	nan	nan	nan
13.000000000000000	nan	nan	nan
13.000000000000000	nan	nan	nan
13.000000000000000	nan	nan	nan
13.000000000000000	nan	nan	nan
13.000000000000000	nan	nan	nan
13.000000000000000	nan	nan	nan
13.000000000000000	nan	nan	nan
13.000000000000000	nan	nan	nan
13.000000000000000	nan	nan	nan
13.000000000000000	nan	nan	nan
13.000000000000000	nan	nan	nan
13.000000000000000	nan	nan	nan
13.000000000000000	nan	nan	nan
13.000000000000000	nan	nan	nan
13.000000000000000	nan	nan	nan
13.000000000000000	nan	nan	nan
13.000000000000000	nan	nan	nan
13.000000000000000	nan	nan	nan
13.000000000000000	nan	nan	nan
13.000000000000000	nan	nan	nan
13.000000000000000	nan	nan	nan
13.000000000000000	nan	nan	nan
13.000000000000000	nan	nan	nan
13.000000000000000	nan	nan	nan
13.000000000000000	nan	nan	nan
13.000000000000000	nan	nan	nan
13.000000000000000	nan	nan	nan
13.000000000000000	nan	nan	nan
13.000000000000000	nan	nan	nan
13.000000000000000	nan	nan	nan
13.000000000000000	nan	nan	nan
13.000000000000000	nan	nan	nan
13.000000000000000	nan	nan	nan
13.000000000000000	nan	nan	nan
13.000000000000000	nan	nan	nan
13.000000000000000	nan	nan	nan
13.000000000000000	nan	nan	nan
13.000000000000000	nan	nan	nan
13.000000000000000	nan	nan	nan
13.000000000000000	nan	nan	nan
13.000000000000000	nan	nan	nan
13.000000000000000	nan	nan	nan
13.000000000000000	nan	nan	nan
13.000000000000000	nan	nan	nan
13.000000000000000	nan	nan	nan
13.000000000000000	nan	nan	nan
13.000000000000000	nan	nan	nan
13.000000000000000	nan	nan	nan
13.000000000000000	nan	nan	nan
13.000000000000000	nan	nan	nan
13.000000000000000	nan	nan	nan
13.000000000000000	nan	nan	nan
13.000000000000000	nan	nan	nan
13.000000000000000	nan	nan	nan
13.000000000000000	nan	nan	nan
13.000000000000000	nan	nan	nan
13.000000000000000	nan	nan	nan
13.000000000000000	nan	nan	nan
13.000000000000000	nan	nan	nan
13.000000000000000	nan	nan	nan
13.000000000000000	nan	nan	nan


14.000000000000000	0.737941621737842	-0.728885260596239	0.016293691854160
14.000000000000000	0.785027067950632	-0.678154649193758	0.013035314733586
14.000000000000000	0.828790959809855	-0.624534791014905	0.009720904568718
14.000000000000000	0.869057075569186	-0.568241594303772	0.006363807319490
14.000000000000000	0.905663277792137	-0.509501731895180	0.002977540831657
14.000000000000000	0.938462166222288	-0.448551728483181	-0.000424259594796
14.000000000000000	0.967321671312093	-0.385637008219592	-0.003827896110196
14.000000000000000	0.992125586020339	-0.321010906477554	-0.007219663471588
14.000000000000000	1.012774033736882	-0.254933649759404	-0.010585904228910
14.000000000000000	1.029183870450508	-0.187671307856390	-0.013913063718726
14.000000000000000	1.041289019540522	-0.119494722479529	-0.017187744644071
14.000000000000000	1.049040737843976	-0.050678416675635	-0.020396761020638
14.000000000000000	1.052407811927181	0.018500510580107	-0.023527191272079
14.000000000000000	1.051376683771193	0.087763500163910	-0.026566430260638
14.000000000000000	1.045951505365165	0.156831654462660	-0.029502240043589
14.000000000000000	1.036154121987755	0.225426860396170	-0.032322799151112
14.000000000000000	1.022023984243900	0.293272909280398	-0.035016750187179
14.000000000000000	1.003617989211149	0.360096609022326	-0.037573245561781
14.000000000000000	0.981010251335218	0.425628884168101	-0.039981991170344
14.000000000000000	0.954291803997273	0.489605859374921	-0.042233287844454
14.000000000000000	0.923570232954635	0.551769921943902	-0.044318070406986
14.000000000000000	0.888969243130906	0.611870759135497	-0.046227944174370
14.000000000000000	0.850628160499900	0.669666366090553	-0.047955218759025
14.000000000000000	0.808701371069129	0.724924020298459	-0.049492939035827
14.000000000000000	0.763357699221829	0.777421218688565	-0.050834913147953
14.000000000000000	0.714779727920765	0.826946573571515	-0.051975737439292
14.000000000000000	0.663163063511072	0.873300663822858	-0.052910818213071
14.000000000000000	0.608715548082549	0.916296837881541	-0.053636390229046
14.000000000000000	0.551656422562915	0.955761965329861	-0.054149531864792
14.000000000000000	0.492215443911975	0.991537134028555	-0.054448176880055
14.000000000000000	0.430631959971433	1.023478289999895	-0.054531122736761
14.000000000000000	0.367153945695611	1.051456817482217	-0.054398035441222
14.000000000000000	0.302037004643827	1.075360056820196	-0.054049450889004
14.000000000000000	0.235543339755080	1.095091758105519	-0.053486772707068
14.000000000000000	0.167940697549351	1.110572468741290	-0.052712266601859
14.000000000000000	0.099501290006870	1.121739853369598	-0.051729051236106
14.000000000000000	0.030500698466551	1.128548944874006	-0.050541085671066
14.000000000000000	-0.038783236042804	1.130972325446250	-0.049153153424786
14.000000000000000	-0.108071531570258	1.129000236988084	-0.047570843210558
14.000000000000000	-0.177085188604595	1.122640620403692	-0.045800526433150
14.000000000000000	-0.245546313506877	1.111919083624472	-0.043849331533401
14.000000000000000	-0.313179237490051	1.096878798494935	-0.041725115284510
14.000000000000000	-0.379711626639854	1.077580326934923	-0.039436431155584
14.000000000000000	-0.444875578507374	1.054101377078132	-0.036992494869831
14.000000000000000	-0.508408700857649	1.026536490368887	-0.034403147296104
14.000000000000000	-0.570055168230597	0.994996660877111	-0.031678814823187
14.000000000000000	-0.629566752059841	0.959608888364381	-0.028830467376413
14.000000000000000	-0.686703820201545	0.920515666900712	-0.025869574245643
14.000000000000000	-0.741236301848474	0.877874411091228	-0.022808057902486
14.000000000000000	-0.792944613943934	0.831856822223110	-0.019658245992713
14.000000000000000	-0.841620545365246	0.782648196885108	-0.016432821697178
14.000000000000000	-0.887068095316440	0.730446680843581	-0.013144772661126
14.000000000000000	-0.929104262554295	0.675462471179428	-0.009807338697528
14.000000000000000	-0.967559782269745	0.617916969898632	-0.006433958475030
14.000000000000000	-1.002279807657534	0.558041892424525	-0.003038215405174
14.000000000000000	-1.033124533429641	0.496078334561560	0.000366217053205
14.000000000000000	-1.059969758761834	0.432275801687599	0.003765630452169
14.000000000000000	-1.082707387406558	0.366891204083819	0.007146336553763
14.000000000000000	-1.101245862958363	0.300187822447685	0.010494722447714
14.000000000000000	-1.115510537519243	0.232434247754502	0.013797305365820
14.000000000000000	-1.125443972279368	0.163903299736357	0.017040786972296
14.000000000000000	-1.131006168802903	0.094870928333349	0.020212106911479
14.000000000000000	-1.132174730087591	0.025615102540573	0.023298495397270
14.000000000000000	-1.128944950749575	-0.043585308874918	0.026287524632561
14.000000000000000	-1.121329835970318	-0.112451660280205	0.029167158851579
14.000000000000000	-1.109360049129329	-0.180706651184130	0.031925802783674
14.000000000000000	-1.093083788333554	-0.248075442828497	0.034552348343376
14.000000000000000	-1.072566592340615	-0.314286764866748	0.037036219358741
14.000000000000000	-1.047891076657358	-0.379074007673910	0.039367414157855
14.000000000000000	-1.019156600876369	-0.442176295889450	0.041536545842044
14.000000000000000	-0.986478868589965	-0.503339538870287	0.043534880083597
14.000000000000000	-0.949989461492662	-0.562317453824119	0.045354370295822
14.000000000000000	-0.909835309548130	-0.618872557503317	0.046987690033814
14.000000000000000	-0.866178099354094	-0.672777122466134	0.048428262495456
14.000000000000000	-0.819193623087463	-0.723814094054748	0.049670287003887
14.000000000000000	-0.769071070651286	-0.771777964397751	0.050708762364777
14.000000000000000	-0.716012267873781	-0.816475599917820	0.051539507004370
14.000000000000000	-0.660230863826959	-0.857727019012469	0.052159175807210
14.000000000000000	-0.601951470537216	-0.895366116776436	0.052565273585734
14.000000000000000	-0.541408758551984	-0.929241333847508	0.052756165127519
14.000000000000000	-0.478846512004252	-0.959216266682588	0.052731081779700
14.000000000000000	-0.414516646979914	-0.985170216806616	0.052490124544066
14.000000000000000	-0.348678197140598	-1.006998676822725	0.052034263670360
14.000000000000000	-0.281596270686536	-1.024613751226651	0.051365334749427
14.000000000000000	-0.213540982859410	-1.037944510330900	0.050486031321938
14.000000000000000	-0.144786368283610	-1.046937275873566	0.049399894032450
14.000000000000000	-0.075609277525522	-1.051555837161751	0.048111296372483
14.000000000000000	-0.006288262314004	-1.051781596879240	0.046625427070011
14.000000000000000	0.062897546089107	-1.047613645971329	0.044948269196287
14.000000000000000	0.131669560852074	-1.039068767305274	0.043086576074126
14.000000000000000	0.199750861344097	-1.026181368091601	0.041047844084657
14.000000000000000	0.266867308196966	-1.009003341338416	0.038840282482045
14.000000000000000	0.332748647167538	-0.987603856896577	0.036472780337719
14.000000000000000	0.397129597356187	-0.962069082937115	0.033954870747217
14.000000000000000	0.459750919399356	-0.932501838982427	0.031296692443781
14.000000000000000	0.520360459334984	-0.899021181888344	0.028508948973252
14.000000000000000	0.578714163937510	-0.861761926444194	0.025602865594668
14.000000000000000	0.634577063434075	-0.820874102521228	0.022590144080111
14.000000000000000	0.687724217644869	-0.776522350955283	0.019482915595798
14.000000000000000	0.737941621737842	-0.728885260596239	0.016293691854160


15.000000000000000	nan	nan	nan
15.000000000000000	nan	nan	nan
15.000000000000000	nan	nan	nan
15.000000000000000	nan	nan	nan
15.000000000000000	nan	nan	nan
15.000000000000000	nan	nan	nan
15.000000000000000	nan	nan	nan
15.000000000000000	nan	nan	nan
15.000000000000000	nan	nan	nan
15.000000000000000	nan	nan	nan
15.000000000000000	nan	nan	nan
15.000000000000000	nan	nan	nan
15.000000000000000	nan	nan	nan
15.000000000000000	nan	nan	nan
15.000000000000000	nan	nan	nan
15.000000000000000	nan	nan	nan
15.000000000000000	nan	nan	nan
15.000000000000000	nan	nan	nan
15.000000000000000	nan	nan	nan
15.000000000000000	nan	nan	nan
15.000000000000000	nan	nan	nan
15.000000000000000	nan	nan	nan
15.000000000000000	nan	nan	nan
15.000000000000000	nan	nan	nan
15.000000000000000	nan	nan	nan
15.000000000000000	nan	nan	nan
15.000000000000000	nan	nan	nan
15.000000000000000	nan	nan	nan
15.000000000000000	nan	nan	nan
15.000000000000000	nan	nan	nan
15.000000000000000	nan	nan	nan
15.000000000000000	nan	nan	nan
15.000000000000000	nan	nan	nan
15.000000000000000	nan	nan	nan
15.000000000000000	nan	nan	nan
15.000000000000000	nan	nan	nan
15.000000000000000	nan	nan	nan
15.000000000000000	nan	nan	nan
15.000000000000000	nan	nan	nan
15.000000000000000	nan	nan	nan
15.000000000000000	nan	nan	nan
15.000000000000000	nan	nan	nan
15.000000000000000	nan	nan	nan
15.000000000000000	nan	nan	nan
15.000000000000000	nan	nan	nan
15.000000000000000	nan	nan	nan
15.000000000000000	nan	nan	nan
15.000000000000000	nan	nan	nan
15.000000000000000	nan	nan	nan
15.000000000000000	nan	nan	nan
15.000000000000000	nan	nan	nan
15.000000000000000	nan	nan	nan
15.000000000000000	nan	nan	nan
15.000000000000000	nan	nan	nan
15.000000000000000	nan	nan	nan
15.000000000000000	nan	nan	nan
15.000000000000000	nan	nan	nan
15.000000000000000	nan	nan	nan
15.000000000000000	nan	nan	nan
15.000000000000000	nan	nan	nan
15.000000000000000	nan	nan	nan
15.000000000000000	nan	nan	nan
15.000000000000000	nan	nan	nan
15.000000000000000	nan	nan	nan
15.000000000000000	nan	nan	nan
15.000000000000000	nan	nan	nan
15.000000000000000	nan	nan	nan
15.000000000000000	nan	nan	nan
15.000000000000000	nan	nan	nan
15.000000000000000	nan	nan	nan
15.000000000000000	nan	nan	nan
15.000000000000000	nan	nan	nan
15.000000000000000	nan	nan	nan
15.000000000000000	nan	nan	nan
15.000000000000000	nan	nan	nan
15.000000000000000	nan	nan	nan
15.000000000000000	nan	nan	nan
15.000000000000000	nan	nan	nan
15.000000000000000	nan	nan	nan
15.000000000000000	nan	nan	nan
15.000000000000000	nan	nan	nan
15.000000000000000	nan	nan	nan
15.000000000000000	nan	nan	nan
15.000000000000000	nan	nan	nan
15.000000000000000	nan	nan	nan
15.000000000000000	nan	nan	nan
15.000000000000000	nan	nan	nan
15.000000000000000	nan	nan	nan
15.000000000000000	nan	nan	nan
15.000000000000000	nan	nan	nan
15.000000000000000	nan	nan	nan
15.000000000000000	nan	nan	nan
15.000000000000000	nan	nan	nan
15.000000000000000	nan	nan	nan
15.000000000000000	nan	nan	nan
15.000000000000000	nan	nan	nan
15.000000000000000	nan	nan	nan
15.000000000000000	nan	nan	nan
15.000000000000000	nan	nan	nan
15.000000000000000	nan	nan	nan


16.000000000000000	nan	nan	nan
16.000000000000000	nan	nan	nan
16.000000000000000	nan	nan	nan
16.000000000000000	nan	nan	nan
16.000000000000000	nan	nan	nan
16.000000000000000	nan	nan	nan
16.000000000000000	nan	nan	nan
16.000000000000000	nan	nan	nan
16.000000000000000	nan	nan	nan
16.000000000000000	nan	nan	nan
16.000000000000000	nan	nan	nan
16.000000000000000	nan	nan	nan
16.000000000000000	nan	nan	nan
16.000000000000000	nan	nan	nan
16.000000000000000	nan	nan	nan
16.000000000000000	nan	nan	nan
16.000000000000000	nan	nan	nan
16.000000000000000	nan	nan	nan
16.000000000000000	nan	nan	nan
16.000000000000000	nan	nan	nan
16.000000000000000	nan	nan	nan
16.000000000000000	nan	nan	nan
16.000000000000000	nan	nan	nan
16.000000000000000	nan	nan	nan
16.000000000000000	nan	nan	nan
16.000000000000000	nan	nan	nan
16.000000000000000	nan	nan	nan
16.000000000000000	nan	nan	nan
16.000000000000000	nan	nan	nan
16.000000000000000	nan	nan	nan
16.000000000000000	nan	nan	nan
16.000000000000000	nan	nan	nan
16.000000000000000	nan	nan	nan
16.000000000000000	nan	nan	nan
16.000000000000000	nan	nan	nan
16.000000000000000	nan	nan	nan
16.000000000000000	nan	nan	nan
16.000000000000000	nan	nan	nan
16.000000000000000	nan	nan	nan
16.000000000000000	nan	nan	nan
16.000000000000000	nan	nan	nan
16.000000000000000	nan	nan	nan
16.000000000000000	nan	nan	nan
16.000000000000000	nan	nan	nan
16.000000000000000	nan	nan	nan
16.000000000000000	nan	nan	nan
16.000000000000000	nan	nan	nan
16.000000000000000	nan	nan	nan
16.000000000000000	nan	nan	nan
16.000000000000000	nan	nan	nan
16.000000000000000	nan	nan	nan
16.000000000000000	nan	nan	nan
16.000000000000000	nan	nan	nan
16.000000000000000	nan	nan	nan
16.000000000000000	nan	nan	nan
16.000000000000000	nan	nan	nan
16.000000000000000	nan	nan	nan
16.000000000000000	nan	nan	nan
16.000000000000000	nan	nan	nan
16.000000000000000	nan	nan	nan
16.000000000000000	nan	nan	nan
16.000000000000000	nan	nan	nan
16.000000000000000	nan	nan	nan
16.000000000000000	nan	nan	nan
16.000000000000000	nan	nan	nan
16.000000000000000	nan	nan	nan
16.000000000000000	nan	nan	nan
16.000000000000000	nan	nan	nan
16.000000000000000	nan	nan	nan
16.000000000000000	nan	nan	nan
16.000000000000000	nan	nan	nan
16.000000000000000	nan	nan	nan
16.000000000000000	nan	nan	nan
16.000000000000000	nan	nan	nan
16.000000000000000	nan	nan	nan
16.000000000000000	nan	nan	nan
16.000000000000000	nan	nan	nan
16.000000000000000	nan	nan	nan
16.000000000000000	nan	nan	nan
16.000000000000000	nan	nan	nan
16.000000000000000	nan	nan	nan
16.000000000000000	nan	nan	nan
16.000000000000000	nan	nan	nan
16.000000000000000	nan	nan	nan
16.000000000000000	nan	nan	nan
16.000000000000000	nan	nan	nan
16.000000000000000	nan	nan	nan
16.000000000000000	nan	nan	nan
16.000000000000000	nan	nan	nan
16.000000000000000	nan	nan	nan
16.000000000000000	nan	nan	nan
16.000000000000000	nan	nan	nan
16.000000000000000	nan	nan	nan
16.000000000000000	nan	nan	nan
16.000000000000000	nan	nan	nan
16.000000000000000	nan	nan	nan
16.000000000000000	nan	nan	nan
16.000000000000000	nan	nan	nan
16.000000000000000	nan	nan	nan
16.000000000000000	nan	nan	nan


17.000000000000000	-0.380923275176107	1.353153660394933	0.022460614098251
17.000000000000000	-0.473490488082456	1.323933778381718	0.019351270139747
17.000000000000000	-0.564009199053961	1.288878729793376	0.016155637161445
17.000000000000000	-0.652114921189553	1.248129668938112	0.012886582849471
17.000000000000000	-0.737452883842560	1.201850677901863	0.009557270531746
17.000000000000000	-0.819679461156878	1.150228105847650	0.006181106173914
17.000000000000000	-0.898463555727023	1.093469818653270	0.002771684398247
17.000000000000000	-0.973487931810514	1.031804361908772	-0.000657266257098
17.000000000000000	-1.044450492724250	0.965480040644027	-0.004091938618059
17.000000000000000	-1.111065497281224	0.894763919492012	-0.007518502471284
17.000000000000000	-1.173064710369437	0.819940747313792	-0.010923160253520
17.000000000000000	-1.230198483040019	0.741311810615356	-0.014292202609533
17.000000000000000	-1.282236757755433	0.659193720373195	-0.017612063594835
17.000000000000000	-1.328969994749987	0.573917137153647	-0.020869375300965
17.000000000000000	-1.370210015772506	0.485825439659498	-0.024051021683328
17.000000000000000	-1.405790761813743	0.395273342065141	-0.027144191374886
17.000000000000000	-1.435568961767391	0.302625465707789	-0.030136429273005
17.000000000000000	-1.459424709332269	0.208254870886045	-0.033015686691762
17.000000000000000	-1.477261945832668	0.112541554677740	-0.035770369877748
17.000000000000000	-1.489008847012744	0.015870920825828	-0.038389386694020
17.000000000000000	-1.494618112247440	-0.081367772146468	-0.040862191284225
17.000000000000000	-1.494067155005411	-0.178782978342338	-0.043178826537039
17.000000000000000	-1.487358193797014	-0.275982441108523	-0.045329964179941
17.000000000000000	-1.474518243241149	-0.372574772514408	-0.047306942340874
17.000000000000000	-1.455599005286924	-0.468171029333083	-0.049101800426546
17.000000000000000	-1.430676661028154	-0.562386279178441	-0.050707311176930
17.000000000000000	-1.399851563948981	-0.654841150492041	-0.052117009766889
17.000000000000000	-1.363247835835819	-0.745163360138474	-0.053325219837746
17.000000000000000	-1.321012866982721	-0.832989212458155	-0.054327076353975
17.000000000000000	-1.273316722702690	-0.917965063741379	-0.055118545192985
17.000000000000000	-1.220351458534685	-0.999748746226727	-0.055696439389105
17.000000000000000	-1.162330346903748	-1.078010945889871	-0.056058431966371
17.000000000000000	-1.099487018348231	-1.152436528474923	-0.056203065308438
17.000000000000000	-1.032074520772063	-1.222725808428860	-0.056129757027884
17.000000000000000	-0.960364300510163	-1.288595755629468	-0.055838802311283
17.000000000000000	-0.884645109309850	-1.349781135047760	-0.055331372730586
17.000000000000000	-0.805221841629472	-1.406035574755816	-0.054609511525621
17.000000000000000	-0.722414306936028	-1.457132557979587	-0.053676125376685
17.000000000000000	-0.636555941945329	-1.502866335201990	-0.052534972700366
17.000000000000000	-0.547992467990014	-1.543052752643605	-0.051190648515728
17.000000000000000	-0.457080498921777	-1.577529993784938	-0.049648565941793
17.000000000000000	-0.364186105153242	-1.606159230944441	-0.047914934400818
17.000000000000000	-0.269683339621617	-1.628825184288584	-0.045996734615143
17.000000000000000	-0.173952731609536	-1.645436586023057	-0.043901690498289
17.000000000000000	-0.077379754487944	-1.655926547895966	-0.041638238053482
17.000000000000000	0.019646726449125	-1.660252830533215	-0.039215491404845
17.000000000000000	0.116736019807825	-1.658398013521559	-0.036643206098039
17.000000000000000	0.213497181270865	-1.650369565554456	-0.033931739818122
17.000000000000000	0.309540587792281	-1.636199814358282	-0.031092010682809
17.000000000000000	0.404479506471932	-1.615945816519976	-0.028135453279063
17.000000000000000	0.497931651792396	-1.589689127740312	-0.025073972620050
17.000000000000000	0.589520724947820	-1.557535474437870	-0.021919896207854
17.000000000000000	0.678877929066400	-1.519614328026067	-0.018685924394974
17.000000000000000	0.765643454225217	-1.476078383577473	-0.015385079244491
17.000000000000000	0.849467926277810	-1.427102944974641	-0.012030652094814
17.000000000000000	0.930013813660547	-1.372885219023248	-0.008636150040150
17.000000000000000	1.006956786513108	-1.313643521369893	-0.005215241542204
17.000000000000000	1.079987022640357	-1.249616397422037	-0.001781701392110
17.000000000000000	1.148810455056978	-1.181061661809844	0.001650644755794
17.000000000000000	1.213149956091430	-1.108255360257658	0.005067976054997
17.000000000000000	1.272746453281273	-1.031490658045298	0.008456532118481
17.000000000000000	1.327359972566536	-0.951076659534951	0.011802668426950
17.000000000000000	1.376770604580559	-0.867337163516998	0.015092911270487
17.000000000000000	1.420779390147396	-0.780609359386571	0.018314012002431
17.000000000000000	1.459209121420196	-0.691242469400863	0.021453000387003
17.000000000000000	1.491905055434657	-0.599596342484362	0.024497236825865
17.000000000000000	1.518735537204330	-0.506040005244228	0.027434463253320
17.000000000000000	1.539592529848779	-0.410950176030404	0.030252852495222
17.000000000000000	1.554392049619970	-0.314709748023771	0.032941055892827
17.000000000000000	1.563074504075184	-0.217706247460451	0.035488248999837
17.000000000000000	1.565604932034748	-0.120330273200431	0.037884175168625
17.000000000000000	1.561973144358367	-0.022973923923815	0.040119186850138
17.000000000000000	1.552193764973196	0.073970780712179	0.042184284441168
17.000000000000000	1.536306171988451	0.170113478598010	0.044071152522578
17.000000000000000	1.514374339133651	0.265067037022259	0.045772193342563
17.000000000000000	1.486486578159001	0.358449111518417	0.047280557410113
17.000000000000000	1.452755183235134	0.449883685431110	0.048590171075496
17.000000000000000	1.413315978784122	0.539002584002454	0.049695760986701
17.000000000000000	1.368327772562468	0.625446956881865	0.050592875323366
17.000000000000000	1.317971716198320	0.708868723089756	0.051277901722690
17.000000000000000	1.262450575757801	0.788931972616803	0.051748081825136
17.000000000000000	1.201987915277622	0.865314319014987	0.052001522381381
17.000000000000000	1.136827196551619	0.937708197534032	0.052037202875755
17.000000000000000	1.067230798796032	1.005822103576112	0.051854979635499
17.000000000000000	0.993478962141008	1.069381766481974	0.051455586409288
17.000000000000000	0.915868659202504	1.128131253922084	0.050840631412680
17.000000000000000	0.834712399278383	1.181834002445786	0.050012590852402
17.000000000000000	0.750336969983761	1.230273770038824	0.048974798955539
17.000000000000000	0.663082121392627	1.273255506853616	0.047731434543778
17.000000000000000	0.573299197984200	1.310606140606146	0.046287504206765
17.000000000000000	0.481349723902726	1.342175273476964	0.044648822142343
17.000000000000000	0.387603947227335	1.367835787710129	0.042821986744823
17.000000000000000	0.292439349113712	1.387484357471543	0.040814354035579
17.000000000000000	0.196239123810706	1.401041864905616	0.038634008042951
17.000000000000000	0.099390635672345	1.408453718714950	0.036289728250711
17.000000000000000	0.002283859378291	1.409690073980222	0.033790954246184
17.000000000000000	-0.094690190356552	1.404745952335142	0.031147747710360
17.000000000000000	-0.191141033260288	1.393641262012579	0.028370751903054
17.000000000000000	-0.286680295830266	1.376420717681129	0.025471148806260
17.000000000000000	-0.380923275176107	1.353153660394933	0.022460614098251


18.000000000000000	nan	nan	nan
18.000000000000000	nan	nan	nan
18.000000000000000	nan	nan	nan
18.000000000000000	nan	nan	nan
18.000000000000000	nan	nan	nan
18.000000000000000	nan	nan	nan
18.000000000000000	nan	nan	nan
18.000000000000000	nan	nan	nan
18.000000000000000	nan	nan	nan
18.000000000000000	nan	nan	nan
18.000000000000000	nan	nan	nan
18.000000000000000	nan	nan	nan
18.000000000000000	nan	nan	nan
18.000000000000000	nan	nan	nan
18.000000000000000	nan	nan	nan
18.000000000000000	nan	nan	nan
18.000000000000000	nan	nan	nan
18.000000000000000	nan	nan	nan
18.000000000000000	nan	nan	nan
18.000000000000000	nan	nan	nan
18.000000000000000	nan	nan	nan
18.000000000000000	nan	nan	nan
18.000000000000000	nan	nan	nan
18.000000000000000	nan	nan	nan
18.000000000000000	nan	nan	nan
18.000000000000000	nan	nan	nan
18.000000000000000	nan	nan	nan
18.000000000000000	nan	nan	nan
18.000000000000000	nan	nan	nan
18.000000000000000	nan	nan	nan
18.000000000000000	nan	nan	nan
18.000000000000000	nan	nan	nan
18.000000000000000	nan	nan	nan
18.000000000000000	nan	nan	nan
18.000000000000000	nan	nan	nan
18.000000000000000	nan	nan	nan
18.000000000000000	nan	nan	nan
18.000000000000000	nan	nan	nan
18.000000000000000	nan	nan	nan
18.000000000000000	nan	nan	nan
18.000000000000000	nan	nan	nan
18.000000000000000	nan	nan	nan
18.000000000000000	nan	nan	nan
18.000000000000000	nan	nan	nan
18.000000000000000	nan	nan	nan
18.000000000000000	nan	nan	nan
18.000000000000000	nan	nan	nan
18.000000000000000	nan	nan	nan
18.000000000000000	nan	nan	nan
18.000000000000000	nan	nan	nan
18.000000000000000	nan	nan	nan
18.000000000000000	nan	nan	nan
18.000000000000000	nan	nan	nan
18.000000000000000	nan	nan	nan
18.000000000000000	nan	nan	nan
18.000000000000000	nan	nan	nan
18.000000000000000	nan	nan	nan
18.000000000000000	nan	nan	nan
18.000000000000000	nan	nan	nan
18.000000000000000	nan	nan	nan
18.000000000000000	nan	nan	nan
18.000000000000000	nan	nan	nan
18.000000000000000	nan	nan	nan
18.000000000000000	nan	nan	nan
18.000000000000000	nan	nan	nan
18.000000000000000	nan	nan	nan
18.000000000000000	nan	nan	nan
18.000000000000000	nan	nan	nan
18.000000000000000	nan	nan	nan
18.000000000000000	nan	nan	nan
18.000000000000000	nan	nan	nan
18.000000000000000	nan	nan	nan
18.000000000000000	nan	nan	nan
18.000000000000000	nan	nan	nan
18.000000000000000	nan	nan	nan
18.000000000000000	nan	nan	nan
18.000000000000000	nan	nan	nan
18.000000000000000	nan	nan	nan
18.000000000000000	nan	nan	nan
18.000000000000000	nan	nan	nan
18.000000000000000	nan	nan	nan
18.000000000000000	nan	nan	nan
18.000000000000000	nan	nan	nan
18.000000000000000	nan	nan	nan
18.000000000000000	nan	nan	nan
18.000000000000000	nan	nan	nan
18.000000000000000	nan	nan	nan
18.000000000000000	nan	nan	nan
18.000000000000000	nan	nan	nan
18.000000000000000	nan	nan	nan
18.000000000000000	nan	nan	nan
18.000000000000000	nan	nan	nan
18.000000000000000	nan	nan	nan
18.000000000000000	nan	nan	nan
18.000000000000000	nan	nan	nan
18.000000000000000	nan	nan	nan
18.000000000000000	nan	nan	nan
18.000000000000000	nan	nan	nan
18.000000000000000	nan	nan	nan
18.000000000000000	nan	nan	nan


