# n	x	y	z
1.000000000000000	0.404944214441421	0.106430254748019	0.031367126778379
1.000000000000000	0.396179630894200	0.135614820350453	0.032424498091571
1.000000000000000	0.385567334342844	0.164186965566941	0.033331753497132
1.000000000000000	0.373150056760024	0.192031640453057	0.034085239797753
1.000000000000000	0.358977798139963	0.219036724330640	0.034681922970041
1.000000000000000	0.343107625166115	0.245093477258190	0.035119400381456
1.000000000000000	0.325603441423767	0.270096977888237	0.035395910464866
1.000000000000000	0.306535730082856	0.293946545948574	0.035510339811760
1.000000000000000	0.285981270087123	0.316546147646177	0.035462227655543
1.000000000000000	0.264022826992401	0.337804782361399	0.035251767726888
1.000000000000000	0.240748819698938	0.357636849075345	0.034879807473648
1.000000000000000	0.216252964419688	0.375962491054961	0.034347844648481
1.000000000000000	0.190633897318201	0.392707917407918	0.033658021277931
1.000000000000000	0.163994777335606	0.407805700212486	0.032813115037242
1.000000000000000	0.136442870805960	0.421195046025978	0.031816528065642
1.000000000000000	0.108089119532585	0.432822040678491	0.030672273267125
1.000000000000000	0.079047694064579	0.442639866366234	0.029384958151908
1.000000000000000	0.049435533972311	0.450608990170303	0.027959766283610
1.000000000000000	0.019371876973046	0.456697323241790	0.026402436406872
1.000000000000000	-0.011022221197262	0.460880350012258	0.024719239339457
1.000000000000000	-0.041624374232687	0.463141226909274	0.022916952721883
1.000000000000000	-0.072311358063795	0.463470850179536	0.021002833726252
1.000000000000000	-0.102959607037479	0.461867892546474	0.018984589834183
1.000000000000000	-0.133445711472229	0.458338808554721	0.016870347801504
1.000000000000000	-0.163646914585367	0.452897808579946	0.014668620934670
1.000000000000000	-0.193441606791284	0.445566801608678	0.012388274810690
1.000000000000000	-0.222709815380316	0.436375307018558	0.010038491578571
1.000000000000000	-0.251333687606509	0.425360335714220	0.007628732986046
1.000000000000000	-0.279197965239023	0.412566241097441	0.005168702280459
1.000000000000000	-0.306190448666357	0.398044540471646	0.002668305137209
1.000000000000000	-0.332202448684577	0.381853707599912	0.000137609773091
1.000000000000000	-0.357129224150383	0.364058937251760	-0.002413193594856
1.000000000000000	-0.380870403736725	0.344731882686828	-0.004973833781759
1.000000000000000	-0.403330390092710	0.323950367132486	-0.007533999993347
1.000000000000000	-0.424418744780393	0.301798070417166	-0.010083383343883
1.000000000000000	-0.444050552438452	0.278364192021223	-0.012611718366401
1.000000000000000	-0.462146762706372	0.253743091902118	-0.015108824348126
1.000000000000000	-0.478634508532348	0.228033910540167	-0.017564646324608
1.000000000000000	-0.493447399583187	0.201340169734818	-0.019969295567514
1.000000000000000	-0.506525789574743	0.173769355758905	-0.022313089403050
1.000000000000000	-0.517817016446458	0.145432486549362	-0.024586590200667
1.000000000000000	-0.527275614412887	0.116443664677174	-0.026780643375071
1.000000000000000	-0.534863497038372	0.086919617896598	-0.028886414248506
1.000000000000000	-0.540550110597678	0.056979229123689	-0.030895423624883
1.000000000000000	-0.544312557105054	0.026743057736764	-0.032799581932511
1.000000000000000	-0.546135686516349	-0.003667145873673	-0.034591221797947
1.000000000000000	-0.546012157732884	-0.034128930550772	-0.036263128919800
1.000000000000000	-0.543942468161472	-0.064519637438937	-0.037808571118179
1.000000000000000	-0.539934951711534	-0.094716893887739	-0.039221325442806
1.000000000000000	-0.534005745237385	-0.124599106203393	-0.040495703230639
1.000000000000000	-0.526178723560819	-0.154045949263644	-0.041626573012110
1.000000000000000	-0.516485403335631	-0.182938851024569	-0.042609381173741
1.000000000000000	-0.504964816141170	-0.211161469968345	-0.043440170293943
1.000000000000000	-0.491663351315948	-0.238600163569483	-0.044115595078150
1.000000000000000	-0.476634569164148	-0.265144445893169	-0.044632935829142
1.000000000000000	-0.459938985287180	-0.290687432483122	-0.044990109398309
1.000000000000000	-0.441643826908714	-0.315126270747584	-0.045185677573748
1.000000000000000	-0.421822762174378	-0.338362554110399	-0.045218852871443
1.000000000000000	-0.400555603516136	-0.360302718259567	-0.045089501706178
1.000000000000000	-0.377927986275793	-0.380858417897703	-0.044798144929442
1.000000000000000	-0.354031023881701	-0.399946882477370	-0.044345955732143
1.000000000000000	-0.328960940967135	-0.417491249488861	-0.043734754920580
1.000000000000000	-0.302818685907664	-0.433420873958395	-0.042967003584703
1.000000000000000	-0.275709524337666	-0.447671612910496	-0.042045793188168
1.000000000000000	-0.247742615282773	-0.460186083649113	-0.040974833120105
1.000000000000000	-0.219030571615003	-0.470913894817485	-0.039758435758722
1.000000000000000	-0.189689006600470	-0.479811849306352	-0.038401499106871
1.000000000000000	-0.159836068365565	-0.486844118193465	-0.036909487069528
1.000000000000000	-0.129591964156151	-0.491982385014011	-0.035288407452571
1.000000000000000	-0.099078476305410	-0.495205959781022	-0.033544787771468
1.000000000000000	-0.068418471859373	-0.496501862296653	-0.031685648967273
1.000000000000000	-0.037735407834687	-0.495864874418854	-0.029718477135781
1.000000000000000	-0.007152834100782	-0.493297561072988	-0.027651193383656
1.000000000000000	0.023206104111843	-0.488810259923782	-0.025492121932933
1.000000000000000	0.053219162074006	-0.482421039749198	-0.023249956602312
1.000000000000000	0.082765487794213	-0.474155627683844	-0.020933725800223
1.000000000000000	0.111726108646982	-0.464047305624881	-0.018552756170605
1.000000000000000	0.139984410433608	-0.452136776217572	-0.016116635037810
1.000000000000000	0.167426606946389	-0.438471998960092	-0.013635171801824
1.000000000000000	0.193942198145519	-0.423107997087560	-0.011118358439282
1.000000000000000	0.219424415103753	-0.406106636012888	-0.008576329269303
1.000000000000000	0.243770649927190	-0.387536374216598	-0.006019320146158
1.000000000000000	0.266882868921047	-0.367471987588687	-0.003457627243109
1.000000000000000	0.288668007336750	-0.345994268332505	-0.000901565593340
1.000000000000000	0.309038344110827	-0.323189699643068	0.001638572445030
1.000000000000000	0.327911855086673	-0.299150107469760	0.004152558632646
1.000000000000000	0.345212543296877	-0.273972290765637	0.006630270034427
1.000000000000000	0.360870744976185	-0.247757631712214	0.009061729781051
1.000000000000000	0.374823410072900	-0.220611687489198	0.011437147242286
1.000000000000000	0.387014356129184	-0.192643765232984	0.013746957450405
1.000000000000000	0.397394494507987	-0.163966481895393	0.015981859614933
1.000000000000000	0.405922028055661	-0.134695310774958	0.018132854573648
1.000000000000000	0.412562619404351	-0.104948116546702	0.020191281029032
1.000000000000000	0.417289529236451	-0.074844680662696	0.022148850424257
1.000000000000000	0.420083723954400	-0.044506219034426	0.023997680318281
1.000000000000000	0.420933952322263	-0.014054893939097	0.025730326125655
1.000000000000000	0.419836790770484	0.016386677884738	0.027339811093237
1.000000000000000	0.416796657181398	0.046695918971506	0.028819654393121
1.000000000000000	0.411825793099970	0.076750784704810	0.030163897218640
1.000000000000000	0.404944214441421	0.106430254748019	0.031367126778379


2.000000000000000	0.236023526511867	0.444674530704907	0.004931378231982
2.000000000000000	0.202766402479208	0.460997599792062	0.003329789781055
2.000000000000000	0.168527808436028	0.475153527513918	0.001711345973357
2.000000000000000	0.133445611116241	0.487085312945784	0.000082563710879
2.000000000000000	0.097661074146411	0.496744910998976	-0.001549998475074
2.000000000000000	0.061318289226985	0.504093425881429	-0.003179766832783
2.000000000000000	0.024563595925875	0.509101267717324	-0.004800178860287
2.000000000000000	-0.012455007579335	0.511748271695074	-0.006404709730268
2.000000000000000	-0.049588460437816	0.512023779263904	-0.007986898563219
2.000000000000000	-0.086687239340927	0.509926681052073	-0.009540374443134
2.000000000000000	-0.123601960599808	0.505465421333923	-0.011058882070936
2.000000000000000	-0.160183981660771	0.498657964027765	-0.012536306952354
2.000000000000000	-0.196285999636399	0.489531720361520	-0.013966700018838
2.000000000000000	-0.231762644442287	0.478123438497383	-0.015344301582359
2.000000000000000	-0.266471064151062	0.464479055559937	-0.016663564527636
2.000000000000000	-0.300271500206678	0.448653512663573	-0.017919176648414
2.000000000000000	-0.333027850182792	0.430710533684007	-0.019106082037843
2.000000000000000	-0.364608215819199	0.410722368664727	-0.020219501446831
2.000000000000000	-0.394885434129576	0.388769502891567	-0.021254951528392
2.000000000000000	-0.423737589441941	0.364940332806870	-0.022208262890504
2.000000000000000	-0.451048504310040	0.339330810068208	-0.023075596884776
2.000000000000000	-0.476708207318917	0.312044055184929	-0.023853461063333
2.000000000000000	-0.500613375900988	0.283189942288258	-0.024538723241672
2.000000000000000	-0.522667752379551	0.252884656706950	-0.025128624110858
2.000000000000000	-0.542782531564484	0.221250227129979	-0.025620788348294
2.000000000000000	-0.560876718339394	0.188414034240078	-0.026013234182301
2.000000000000000	-0.576877453800370	0.154508297796684	-0.026304381372018
2.000000000000000	-0.590720308633069	0.119669544233636	-0.026493057570469
2.000000000000000	-0.602349542546830	0.084038056915413	-0.026578503045196
2.000000000000000	-0.611718328721148	0.047757311265531	-0.026560373737430
2.000000000000000	-0.618788942360753	0.010973397041662	-0.026438742647494
2.000000000000000	-0.623532912600048	-0.026165569916269	-0.026214099540859
2.000000000000000	-0.625931137145234	-0.063510044096290	-0.025887348976028
2.000000000000000	-0.625973959192506	-0.100909652481377	-0.025459806662202
2.000000000000000	-0.623661206312593	-0.138213800048522	-0.024933194161380
2.000000000000000	-0.619002191145071	-0.175272276161738	-0.024309631956238
2.000000000000000	-0.612015673899649	-0.211935859417276	-0.023591630911693
2.000000000000000	-0.602729786815427	-0.248056918505549	-0.022782082164540
2.000000000000000	-0.591181920882297	-0.283490006670311	-0.021884245481855
2.000000000000000	-0.577418575280625	-0.318092447371410	-0.020901736135077
2.000000000000000	-0.561495170145460	-0.351724908792860	-0.019838510342572
2.000000000000000	-0.543475823409217	-0.384251964882882	-0.018698849339349
2.000000000000000	-0.523433092621385	-0.415542640666826	-0.017487342138031
2.000000000000000	-0.501447682784890	-0.445470939637157	-0.016208867050524
2.000000000000000	-0.477608121385531	-0.473916351096929	-0.014868572044776
2.000000000000000	-0.452010401923038	-0.500764335413824	-0.013471854015726
2.000000000000000	-0.424757597379131	-0.525906785230827	-0.012024337053914
2.000000000000000	-0.395959445179000	-0.549242460776396	-0.010531849799253
2.000000000000000	-0.365731905317428	-0.570677397521289	-0.009000401971155
2.000000000000000	-0.334196693428815	-0.590125284540563	-0.007436160169506
2.000000000000000	-0.301480790681279	-0.607507812057202	-0.005845423043954
2.000000000000000	-0.267715932468312	-0.622754986767950	-0.004234595931462
2.000000000000000	-0.233038077956839	-0.635805413681643	-0.002610165064281
2.000000000000000	-0.197586862627648	-0.646606543335167	-0.000978671452180
2.000000000000000	-0.161505036012582	-0.655114883391598	0.000653315455891
2.000000000000000	-0.124937886892565	-0.661296173768493	0.002279224224651
2.000000000000000	-0.088032658270955	-0.665125524591155	0.003892507893345
2.000000000000000	-0.050937954477941	-0.666587516415364	0.005486670338035
2.000000000000000	-0.013803142793354	-0.665676262316047	0.007055292429209
2.000000000000000	0.023222248002654	-0.662395431591839	0.008592057879338
2.000000000000000	0.059989129729228	-0.656758234990118	0.010090778676349
2.000000000000000	0.096349455130296	-0.648787371511986	0.011545420000554
2.000000000000000	0.132156814008620	-0.638514937011402	0.012950124524749
2.000000000000000	0.167267022767979	-0.625982294956510	0.014299235999596
2.000000000000000	0.201538704989631	-0.611239909873545	0.015587322029347
2.000000000000000	0.234833860705243	-0.594347144144004	0.016809195946180
2.000000000000000	0.267018422074069	-0.575372018973283	0.017959937695087
2.000000000000000	0.297962793226815	-0.554390940493294	0.019034913645192
2.000000000000000	0.327542372102473	-0.531488392101933	0.020029795247749
2.000000000000000	0.355638052176838	-0.506756594278262	0.020940576465682
2.000000000000000	0.382136702062447	-0.480295133243181	0.021763589904481
2.000000000000000	0.406931621048743	-0.452210559960872	0.022495521579506
2.000000000000000	0.429922968748180	-0.422615961095667	0.023133424260232
2.000000000000000	0.451018167118225	-0.391630503651968	0.023674729337707
2.000000000000000	0.470132273240463	-0.359378955130775	0.024117257167435
2.000000000000000	0.487188321355742	-0.325991181135001	0.024459225846033
2.000000000000000	0.502117632778129	-0.291601622446519	0.024699258386327
2.000000000000000	0.514860092439732	-0.256348753680589	0.024836388261997
2.000000000000000	0.525364390952867	-0.220374525697449	0.024870063299432
2.000000000000000	0.533588231214848	-0.183823794016309	0.024800147901141
2.000000000000000	0.539498498723493	-0.146843735533295	0.024626923591757
2.000000000000000	0.543071394917537	-0.109583255892037	0.024351087884436
2.000000000000000	0.544292533005037	-0.072192389893197	0.023973751472217
2.000000000000000	0.543156995893909	-0.034821697357278	0.023496433755653
2.000000000000000	0.539669355991317	0.002378343126629	0.022921056724722
2.000000000000000	0.533843656792210	0.039257940125021	0.022249937219652
2.000000000000000	0.525703356331118	0.075668592517206	0.021485777601823
2.000000000000000	0.515281232724930	0.111463687456916	0.020631654872310
2.000000000000000	0.502619252186983	0.146499090730482	0.019691008281888
2.000000000000000	0.487768400043936	0.180633727134452	0.018667625482381
2.000000000000000	0.470788475435856	0.213730148535632	0.017565627275126
2.000000000000000	0.451747850526178	0.245655087326215	0.016389451017960
2.000000000000000	0.430723195191146	0.276279993045401	0.015143832757547
2.000000000000000	0.407799168297271	0.305481550006728	0.013833788158988
2.000000000000000	0.383068076809964	0.333142173846820	0.012464592309509
2.000000000000000	0.356629504105958	0.359150484996117	0.011041758477548
2.000000000000000	0.328589908986203	0.383401757165094	0.009571015912765
2.000000000000000	0.299062197003847	0.405798339040061	0.008058286776380
2.000000000000000	0.268165265833421	0.426250047490541	0.006509662294715
2.000000000000000	0.236023526511867	0.444674530704907	0.004931378231982


3.000000000000000	nan	nan	nan
3.000000000000000	nan	nan	nan
3.000000000000000	nan	nan	nan
3.000000000000000	nan	nan	nan
3.000000000000000	nan	nan	nan
3.000000000000000	nan	nan	nan
3.000000000000000	nan	nan	nan
3.000000000000000	nan	nan	nan
3.000000000000000	nan	nan	nan
3.000000000000000	nan	nan	nan
3.000000000000000	nan	nan	nan
3.000000000000000	nan	nan	nan
3.000000000000000	nan	nan	nan
3.000000000000000	nan	nan	nan
3.000000000000000	nan	nan	nan
3.000000000000000	nan	nan	nan
3.000000000000000	nan	nan	nan
3.000000000000000	nan	nan	nan
3.000000000000000	nan	nan	nan
3.000000000000000	nan	nan	nan
3.000000000000000	nan	nan	nan
3.000000000000000	nan	nan	nan
3.000000000000000	nan	nan	nan
3.000000000000000	nan	nan	nan
3.000000000000000	nan	nan	nan
3.000000000000000	nan	nan	nan
3.000000000000000	nan	nan	nan
3.000000000000000	nan	nan	nan
3.000000000000000	nan	nan	nan
3.000000000000000	nan	nan	nan
3.000000000000000	nan	nan	nan
3.000000000000000	nan	nan	nan
3.000000000000000	nan	nan	nan
3.000000000000000	nan	nan	nan
3.000000000000000	nan	nan	nan
3.000000000000000	nan	nan	nan
3.000000000000000	nan	nan	nan
3.000000000000000	nan	nan	nan
3.000000000000000	nan	nan	nan
3.000000000000000	nan	nan	nan
3.000000000000000	nan	nan	nan
3.000000000000000	nan	nan	nan
3.000000000000000	nan	nan	nan
3.000000000000000	nan	nan	nan
3.000000000000000	nan	nan	nan
3.000000000000000	nan	nan	nan
3.000000000000000	nan	nan	nan
3.000000000000000	nan	nan	nan
3.000000000000000	nan	nan	nan
3.000000000000000	nan	nan	nan
3.000000000000000	nan	nan	nan
3.000000000000000	nan	nan	nan
3.000000000000000	nan	nan	nan
3.000000000000000	nan	nan	nan
3.000000000000000	nan	nan	nan
3.000000000000000	nan	nan	nan
3.000000000000000	nan	nan	nan
3.000000000000000	nan	nan	nan
3.000000000000000	nan	nan	nan
3.000000000000000	nan	nan	nan
3.000000000000000	nan	nan	nan
3.000000000000000	nan	nan	nan
3.000000000000000	nan	nan	nan
3.000000000000000	nan	nan	nan
3.000000000000000	nan	nan	nan
3.000000000000000	nan	nan	nan
3.000000000000000	nan	nan	nan
3.000000000000000	nan	nan	nan
3.000000000000000	nan	nan	nan
3.000000000000000	nan	nan	nan
3.000000000000000	nan	nan	nan
3.000000000000000	nan	nan	nan
3.000000000000000	nan	nan	nan
3.000000000000000	nan	nan	nan
3.000000000000000	nan	nan	nan
3.000000000000000	nan	nan	nan
3.000000000000000	nan	nan	nan
3.000000000000000	nan	nan	nan
3.000000000000000	nan	nan	nan
3.000000000000000	nan	nan	nan
3.000000000000000	nan	nan	nan
3.000000000000000	nan	nan	nan
3.000000000000000	nan	nan	nan
3.000000000000000	nan	nan	nan
3.000000000000000	nan	nan	nan
3.000000000000000	nan	nan	nan
3.000000000000000	nan	nan	nan
3.000000000000000	nan	nan	nan
3.000000000000000	nan	nan	nan
3.000000000000000	nan	nan	nan
3.000000000000000	nan	nan	nan
3.000000000000000	nan	nan	nan
3.000000000000000	nan	nan	nan
3.000000000000000	nan	nan	nan
3.000000000000000	nan	nan	nan
3.000000000000000	nan	nan	nan
3.000000000000000	nan	nan	nan
3.000000000000000	nan	nan	nan
3.000000000000000	nan	nan	nan
3.000000000000000	nan	nan	nan


4.000000000000000	nan	nan	nan
4.000000000000000	nan	nan	nan
4.000000000000000	nan	nan	nan
4.000000000000000	nan	nan	nan
4.000000000000000	nan	nan	nan
4.000000000000000	nan	nan	nan
4.000000000000000	nan	nan	nan
4.000000000000000	nan	nan	nan
4.000000000000000	nan	nan	nan
4.000000000000000	nan	nan	nan
4.000000000000000	nan	nan	nan
4.000000000000000	nan	nan	nan
4.000000000000000	nan	nan	nan
4.000000000000000	nan	nan	nan
4.000000000000000	nan	nan	nan
4.000000000000000	nan	nan	nan
4.000000000000000	nan	nan	nan
4.000000000000000	nan	nan	nan
4.000000000000000	nan	nan	nan
4.000000000000000	nan	nan	nan
4.000000000000000	nan	nan	nan
4.000000000000000	nan	nan	nan
4.000000000000000	nan	nan	nan
4.000000000000000	nan	nan	nan
4.000000000000000	nan	nan	nan
4.000000000000000	nan	nan	nan
4.000000000000000	nan	nan	nan
4.000000000000000	nan	nan	nan
4.000000000000000	nan	nan	nan
4.000000000000000	nan	nan	nan
4.000000000000000	nan	nan	nan
4.000000000000000	nan	nan	nan
4.000000000000000	nan	nan	nan
4.000000000000000	nan	nan	nan
4.000000000000000	nan	nan	nan
4.000000000000000	nan	nan	nan
4.000000000000000	nan	nan	nan
4.000000000000000	nan	nan	nan
4.000000000000000	nan	nan	nan
4.000000000000000	nan	nan	nan
4.000000000000000	nan	nan	nan
4.000000000000000	nan	nan	nan
4.000000000000000	nan	nan	nan
4.000000000000000	nan	nan	nan
4.000000000000000	nan	nan	nan
4.000000000000000	nan	nan	nan
4.000000000000000	nan	nan	nan
4.000000000000000	nan	nan	nan
4.000000000000000	nan	nan	nan
4.000000000000000	nan	nan	nan
4.000000000000000	nan	nan	nan
4.000000000000000	nan	nan	nan
4.000000000000000	nan	nan	nan
4.000000000000000	nan	nan	nan
4.000000000000000	nan	nan	nan
4.000000000000000	nan	nan	nan
4.000000000000000	nan	nan	nan
4.000000000000000	nan	nan	nan
4.000000000000000	nan	nan	nan
4.000000000000000	nan	nan	nan
4.000000000000000	nan	nan	nan
4.000000000000000	nan	nan	nan
4.000000000000000	nan	nan	nan
4.000000000000000	nan	nan	nan
4.000000000000000	nan	nan	nan
4.000000000000000	nan	nan	nan
4.000000000000000	nan	nan	nan
4.000000000000000	nan	nan	nan
4.000000000000000	nan	nan	nan
4.000000000000000	nan	nan	nan
4.000000000000000	nan	nan	nan
4.000000000000000	nan	nan	nan
4.000000000000000	nan	nan	nan
4.000000000000000	nan	nan	nan
4.000000000000000	nan	nan	nan
4.000000000000000	nan	nan	nan
4.000000000000000	nan	nan	nan
4.000000000000000	nan	nan	nan
4.000000000000000	nan	nan	nan
4.000000000000000	nan	nan	nan
4.000000000000000	nan	nan	nan
4.000000000000000	nan	nan	nan
4.000000000000000	nan	nan	nan
4.000000000000000	nan	nan	nan
4.000000000000000	nan	nan	nan
4.000000000000000	nan	nan	nan
4.000000000000000	nan	nan	nan
4.000000000000000	nan	nan	nan
4.000000000000000	nan	nan	nan
4.000000000000000	nan	nan	nan
4.000000000000000	nan	nan	nan
4.000000000000000	nan	nan	nan
4.000000000000000	nan	nan	nan
4.000000000000000	nan	nan	nan
4.000000000000000	nan	nan	nan
4.000000000000000	nan	nan	nan
4.000000000000000	nan	nan	nan
4.000000000000000	nan	nan	nan
4.000000000000000	nan	nan	nan
4.000000000000000	nan	nan	nan


5.000000000000000	nan	nan	nan
5.000000000000000	nan	nan	nan
5.000000000000000	nan	nan	nan
5.000000000000000	nan	nan	nan
5.000000000000000	nan	nan	nan
5.000000000000000	nan	nan	nan
5.000000000000000	nan	nan	nan
5.000000000000000	nan	nan	nan
5.000000000000000	nan	nan	nan
5.000000000000000	nan	nan	nan
5.000000000000000	nan	nan	nan
5.000000000000000	nan	nan	nan
5.000000000000000	nan	nan	nan
5.000000000000000	nan	nan	nan
5.000000000000000	nan	nan	nan
5.000000000000000	nan	nan	nan
5.000000000000000	nan	nan	nan
5.000000000000000	nan	nan	nan
5.000000000000000	nan	nan	nan
5.000000000000000	nan	nan	nan
5.000000000000000	nan	nan	nan
5.000000000000000	nan	nan	nan
5.000000000000000	nan	nan	nan
5.000000000000000	nan	nan	nan
5.000000000000000	nan	nan	nan
5.000000000000000	nan	nan	nan
5.000000000000000	nan	nan	nan
5.000000000000000	nan	nan	nan
5.000000000000000	nan	nan	nan
5.000000000000000	nan	nan	nan
5.000000000000000	nan	nan	nan
5.000000000000000	nan	nan	nan
5.000000000000000	nan	nan	nan
5.000000000000000	nan	nan	nan
5.000000000000000	nan	nan	nan
5.000000000000000	nan	nan	nan
5.000000000000000	nan	nan	nan
5.000000000000000	nan	nan	nan
5.000000000000000	nan	nan	nan
5.000000000000000	nan	nan	nan
5.000000000000000	nan	nan	nan
5.000000000000000	nan	nan	nan
5.000000000000000	nan	nan	nan
5.000000000000000	nan	nan	nan
5.000000000000000	nan	nan	nan
5.000000000000000	nan	nan	nan
5.000000000000000	nan	nan	nan
5.000000000000000	nan	nan	nan
5.000000000000000	nan	nan	nan
5.000000000000000	nan	nan	nan
5.000000000000000	nan	nan	nan
5.000000000000000	nan	nan	nan
5.000000000000000	nan	nan	nan
5.000000000000000	nan	nan	nan
5.000000000000000	nan	nan	nan
5.000000000000000	nan	nan	nan
5.000000000000000	nan	nan	nan
5.000000000000000	nan	nan	nan
5.000000000000000	nan	nan	nan
5.000000000000000	nan	nan	nan
5.000000000000000	nan	nan	nan
5.000000000000000	nan	nan	nan
5.000000000000000	nan	nan	nan
5.000000000000000	nan	nan	nan
5.000000000000000	nan	nan	nan
5.000000000000000	nan	nan	nan
5.000000000000000	nan	nan	nan
5.000000000000000	nan	nan	nan
5.000000000000000	nan	nan	nan
5.000000000000000	nan	nan	nan
5.000000000000000	nan	nan	nan
5.000000000000000	nan	nan	nan
5.000000000000000	nan	nan	nan
5.000000000000000	nan	nan	nan
5.000000000000000	nan	nan	nan
5.000000000000000	nan	nan	nan
5.000000000000000	nan	nan	nan
5.000000000000000	nan	nan	nan
5.000000000000000	nan	nan	nan
5.000000000000000	nan	nan	nan
5.000000000000000	nan	nan	nan
5.000000000000000	nan	nan	nan
5.000000000000000	nan	nan	nan
5.000000000000000	nan	nan	nan
5.000000000000000	nan	nan	nan
5.000000000000000	nan	nan	nan
5.000000000000000	nan	nan	nan
5.000000000000000	nan	nan	nan
5.000000000000000	nan	nan	nan
5.000000000000000	nan	nan	nan
5.000000000000000	nan	nan	nan
5.000000000000000	nan	nan	nan
5.000000000000000	nan	nan	nan
5.000000000000000	nan	nan	nan
5.000000000000000	nan	nan	nan
5.000000000000000	nan	nan	nan
5.000000000000000	nan	nan	nan
5.000000000000000	nan	nan	nan
5.000000000000000	nan	nan	nan
5.000000000000000	nan	nan	nan


6.000000000000000	0.321907625984918	-0.138402646101565	-0.004065662767656
6.000000000000000	0.331110691524193	-0.114892150616813	-0.005921491568394
6.000000000000000	0.338788578867509	-0.090836513213342	-0.007751052778345
6.000000000000000	0.344910371872397	-0.066332597452687	-0.009546979400247
6.000000000000000	0.349451420239076	-0.041479071955112	-0.011302039871456
6.000000000000000	0.352393438768507	-0.016376013095900	-0.013009167182891
6.000000000000000	0.353724580990440	0.008875497966892	-0.014661487335390
6.000000000000000	0.353439486864964	0.034173782310578	-0.016252347018875
6.000000000000000	0.351539304365502	0.059416972672977	-0.017775340402883
6.000000000000000	0.348031684856321	0.084503423635927	-0.019224334930590
6.000000000000000	0.342930752283191	0.109332120915506	-0.020593496012444
6.000000000000000	0.336257046301244	0.133803088110904	-0.021877310520007
6.000000000000000	0.328037439569024	0.157817789274100	-0.023070608985371
6.000000000000000	0.318305029541784	0.181279525679349	-0.024168586416783
6.000000000000000	0.307099005199710	0.204093825194821	-0.025166821646651
6.000000000000000	0.294464489247731	0.226168822688531	-0.026061295134026
6.000000000000000	0.280452356422311	0.247415629936806	-0.026848405149872
6.000000000000000	0.265119028636845	0.267748693545785	-0.027524982279961
6.000000000000000	0.248526247790521	0.287086139444743	-0.028088302186984
6.000000000000000	0.230740827155489	0.305350102564075	-0.028536096580496
6.000000000000000	0.211834382343392	0.322467040370453	-0.028866562350520
6.000000000000000	0.191883042934579	0.338368028996645	-0.029078368828037
6.000000000000000	0.170967145931145	0.352989040773610	-0.029170663143117
6.000000000000000	0.149170912268190	0.366271202047317	-0.029143073659127
6.000000000000000	0.126582107685829	0.378161030242172	-0.028995711469183
6.000000000000000	0.103291689327536	0.388610649216475	-0.028729169948813
6.000000000000000	0.079393439487834	0.397577982042746	-0.028344522366645
6.000000000000000	0.054983587984088	0.405026920436656	-0.027843317562734
6.000000000000000	0.030160424672999	0.410927470152350	-0.027227573711927
6.000000000000000	0.005023903672039	0.415255871758685	-0.026499770197389
6.000000000000000	-0.020324759120499	0.417994696310075	-0.025662837627000
6.000000000000000	-0.045783493586201	0.419132915526702	-0.024720146032830
6.000000000000000	-0.071249786386877	0.418665946201508	-0.023675491301212
6.000000000000000	-0.096621093749587	0.416595668655153	-0.022533079888045
6.000000000000000	-0.121795254374227	0.412930419164623	-0.021297511880884
6.000000000000000	-0.146670900801024	0.407684956395989	-0.019973762476007
6.000000000000000	-0.171147867581521	0.400880401976469	-0.018567161945059
6.000000000000000	-0.195127594609488	0.392544155445084	-0.017083374171927
6.000000000000000	-0.218513523987677	0.382709783924390	-0.015528373846279
6.000000000000000	-0.241211488832400	0.371416886957521	-0.013908422405600
6.000000000000000	-0.263130092450334	0.358710937054803	-0.012230042822589
6.000000000000000	-0.284181076360742	0.344643096592011	-0.010499993339453
6.000000000000000	-0.304279675681232	0.329270011797531	-0.008725240254851
6.000000000000000	-0.323344960446015	0.312653584657995	-0.006912929873066
6.000000000000000	-0.341300161482317	0.294860723660831	-0.005070359728362
6.000000000000000	-0.358072979532742	0.275963074377394	-0.003204949200389
6.000000000000000	-0.373595876378861	0.256036730971541	-0.001324209638957
6.000000000000000	-0.387806346793785	0.235161929795289	0.000564285881515
6.000000000000000	-0.400647170228650	0.213422726305344	0.002452933056099
6.000000000000000	-0.412066641219573	0.190906656601444	0.004334126969209
6.000000000000000	-0.422018777587304	0.167704384949378	0.006200292716912
6.000000000000000	-0.430463505591235	0.143909338707994	0.008043915908395
6.000000000000000	-0.437366821292208	0.119617332130191	0.009857572923760
6.000000000000000	-0.442700927474378	0.094926180552747	0.011633960806325
6.000000000000000	-0.446444345574788	0.069935306528475	0.013365926669053
6.000000000000000	-0.448582002169965	0.044745339486699	0.015046496496701
6.000000000000000	-0.449105289671272	0.019457710534052	0.016668903227719
6.000000000000000	-0.448012100984632	-0.005825755972782	0.018226614002820
6.000000000000000	-0.445306837995053	-0.031003252437825	0.019713356470497
6.000000000000000	-0.441000393841787	-0.055973397969050	0.021123144043569
6.000000000000000	-0.435110109055508	-0.080635646603461	0.022450300005055
6.000000000000000	-0.427659701734110	-0.104890692170195	0.023689480366310
6.000000000000000	-0.418679172038302	-0.128640868161421	0.024835695385380
6.000000000000000	-0.408204681391546	-0.151790541000899	0.025884329658932
6.000000000000000	-0.396278406870772	-0.174246495126638	0.026831160706857
6.000000000000000	-0.382948371374169	-0.195918308337062	0.027672375974701
6.000000000000000	-0.368268250249931	-0.216718715889304	0.028404588185483
6.000000000000000	-0.352297155164566	-0.236563961883526	0.029024848979060
6.000000000000000	-0.335099396081085	-0.255374136518364	0.029530660784134
6.000000000000000	-0.316744222305476	-0.273073497859499	0.029919986875088
6.000000000000000	-0.297305543644188	-0.289590776825688	0.030191259573164
6.000000000000000	-0.276861632795430	-0.304859464164206	0.030343386558952
6.000000000000000	-0.255494810172639	-0.318818078260129	0.030375755270772
6.000000000000000	-0.233291112429231	-0.331410412701097	0.030288235371245
6.000000000000000	-0.210339946019360	-0.342585762600704	0.030081179272118
6.000000000000000	-0.186733727189688	-0.352299128769173	0.029755420715222
6.000000000000000	-0.162567509851776	-0.360511398909217	0.029312271415292
6.000000000000000	-0.137938602833526	-0.367189505107451	0.028753515778151
6.000000000000000	-0.112946178050882	-0.372306556987210	0.028081403715542
6.000000000000000	-0.087690871177523	-0.375841949986606	0.027298641585522
6.000000000000000	-0.062274376420525	-0.377781448325826	0.026408381294918
6.000000000000000	-0.036799037033680	-0.378117242329592	0.025414207607709
6.000000000000000	-0.011367433217338	-0.376847979873966	0.024320123710445
6.000000000000000	0.013918030935859	-0.373978771830880	0.023130535092830
6.000000000000000	0.038955539786114	-0.369521171488453	0.021850231808371
6.000000000000000	0.063644276122120	-0.363493128029983	0.020484369186518
6.000000000000000	0.087884827116386	-0.355918914258916	0.019038447073977
6.000000000000000	0.111579584625610	-0.346829028860837	0.017518287688766
6.000000000000000	0.134633138224220	-0.336260073596025	0.015930012176198
6.000000000000000	0.156952659388482	-0.324254605917085	0.014280015961190
6.000000000000000	0.178448275284204	-0.310860967605105	0.012574942996145
6.000000000000000	0.199033430652917	-0.296133090114367	0.010821659008098
6.000000000000000	0.218625236339353	-0.280130277409412	0.009027223852858
6.000000000000000	0.237144803056820	-0.262916967168911	0.007198863087460
6.000000000000000	0.254517559046512	-0.244562471317871	0.005343938875398
6.000000000000000	0.270673550351663	-0.225140696932980	0.003469920341791
6.000000000000000	0.285547722497445	-0.204729848644892	0.001584353497849
6.000000000000000	0.299080182442373	-0.183412113735780	-0.000305169144245
6.000000000000000	0.311216439746447	-0.161273331200163	-0.002191039143707
6.000000000000000	0.321907625984918	-0.138402646101565	-0.004065662767656


7.000000000000000	nan	nan	nan
7.000000000000000	nan	nan	nan
7.000000000000000	nan	nan	nan
7.000000000000000	nan	nan	nan
7.000000000000000	nan	nan	nan
7.000000000000000	nan	nan	nan
7.000000000000000	nan	nan	nan
7.000000000000000	nan	nan	nan
7.000000000000000	nan	nan	nan
7.000000000000000	nan	nan	nan
7.000000000000000	nan	nan	nan
7.000000000000000	nan	nan	nan
7.000000000000000	nan	nan	nan
7.000000000000000	nan	nan	nan
7.000000000000000	nan	nan	nan
7.000000000000000	nan	nan	nan
7.000000000000000	nan	nan	nan
7.000000000000000	nan	nan	nan
7.000000000000000	nan	nan	nan
7.000000000000000	nan	nan	nan
7.000000000000000	nan	nan	nan
7.000000000000000	nan	nan	nan
7.000000000000000	nan	nan	nan
7.000000000000000	nan	nan	nan
7.000000000000000	nan	nan	nan
7.000000000000000	nan	nan	nan
7.000000000000000	nan	nan	nan
7.000000000000000	nan	nan	nan
7.000000000000000	nan	nan	nan
7.000000000000000	nan	nan	nan
7.000000000000000	nan	nan	nan
7.000000000000000	nan	nan	nan
7.000000000000000	nan	nan	nan
7.000000000000000	nan	nan	nan
7.000000000000000	nan	nan	nan
7.000000000000000	nan	nan	nan
7.000000000000000	nan	nan	nan
7.000000000000000	nan	nan	nan
7.000000000000000	nan	nan	nan
7.000000000000000	nan	nan	nan
7.000000000000000	nan	nan	nan
7.000000000000000	nan	nan	nan
7.000000000000000	nan	nan	nan
7.000000000000000	nan	nan	nan
7.000000000000000	nan	nan	nan
7.000000000000000	nan	nan	nan
7.000000000000000	nan	nan	nan
7.000000000000000	nan	nan	nan
7.000000000000000	nan	nan	nan
7.000000000000000	nan	nan	nan
7.000000000000000	nan	nan	nan
7.000000000000000	nan	nan	nan
7.000000000000000	nan	nan	nan
7.000000000000000	nan	nan	nan
7.000000000000000	nan	nan	nan
7.000000000000000	nan	nan	nan
7.000000000000000	nan	nan	nan
7.000000000000000	nan	nan	nan
7.000000000000000	nan	nan	nan
7.000000000000000	nan	nan	nan
7.000000000000000	nan	nan	nan
7.000000000000000	nan	nan	nan
7.000000000000000	nan	nan	nan
7.000000000000000	nan	nan	nan
7.000000000000000	nan	nan	nan
7.000000000000000	nan	nan	nan
7.000000000000000	nan	nan	nan
7.000000000000000	nan	nan	nan
7.000000000000000	nan	nan	nan
7.000000000000000	nan	nan	nan
7.000000000000000	nan	nan	nan
7.000000000000000	nan	nan	nan
7.000000000000000	nan	nan	nan
7.000000000000000	nan	nan	nan
7.000000000000000	nan	nan	nan
7.000000000000000	nan	nan	nan
7.000000000000000	nan	nan	nan
7.000000000000000	nan	nan	nan
7.000000000000000	nan	nan	nan
7.000000000000000	nan	nan	nan
7.000000000000000	nan	nan	nan
7.000000000000000	nan	nan	nan
7.000000000000000	nan	nan	nan
7.000000000000000	nan	nan	nan
7.000000000000000	nan	nan	nan
7.000000000000000	nan	nan	nan
7.000000000000000	nan	nan	nan
7.000000000000000	nan	nan	nan
7.000000000000000	nan	nan	nan
7.000000000000000	nan	nan	nan
7.000000000000000	nan	nan	nan
7.000000000000000	nan	nan	nan
7.000000000000000	nan	nan	nan
7.000000000000000	nan	nan	nan
7.000000000000000	nan	nan	nan
7.000000000000000	nan	nan	nan
7.000000000000000	nan	nan	nan
7.000000000000000	nan	nan	nan
7.000000000000000	nan	nan	nan
7.000000000000000	nan	nan	nan


8.000000000000000	-0.076410568859522	-0.667376473229198	0.022364734444721
8.000000000000000	-0.031265278054716	-0.671242683734692	0.017712310322272
8.000000000000000	0.014027534893143	-0.672217136898890	0.012982234671220
8.000000000000000	0.059285491812131	-0.670295908942826	0.008193553836761
8.000000000000000	0.104326354883249	-0.665486735973396	0.003365550146479
8.000000000000000	0.148968760447802	-0.657808982832778	-0.001482335732777
8.000000000000000	0.193032949294839	-0.647293565123054	-0.006330583075604
8.000000000000000	0.236341490488056	-0.633982824719992	-0.011159669701111
8.000000000000000	0.278719995817546	-0.617930359277250	-0.015950150581852
8.000000000000000	0.319997821999578	-0.599200806407550	-0.020682736142091
8.000000000000000	0.360008757796867	-0.577869583409819	-0.025338369930115
8.000000000000000	0.398591693292568	-0.554022583590346	-0.029898305351834
8.000000000000000	0.435591268623047	-0.527755830400753	-0.034344181156708
8.000000000000000	0.470858499557218	-0.499175090785450	-0.038658095372013
8.000000000000000	0.504251377403458	-0.468395449295473	-0.042822677387775
8.000000000000000	0.535635440828488	-0.435540844683619	-0.046821157902078
8.000000000000000	0.564884317285706	-0.400743570846831	-0.050637436445130
8.000000000000000	0.591880231872827	-0.364143744125371	-0.054256146210171
8.000000000000000	0.616514481569848	-0.325888739103765	-0.057662715930178
8.000000000000000	0.638687872947745	-0.286132595185368	-0.060843428551215
8.000000000000000	0.658311121585398	-0.245035396330057	-0.063785476466170
8.000000000000000	0.675305211586448	-0.202762626452622	-0.066477013086468
8.000000000000000	0.689601713748419	-0.159484503077449	-0.068907200544099
8.000000000000000	0.701143061102965	-0.115375291932626	-0.071066253331892
8.000000000000000	0.709882780717736	-0.070612605243361	-0.072945477706293
8.000000000000000	0.715785680826474	-0.025376686550241	-0.074537306694008
8.000000000000000	0.718827992533832	0.020150315067893	-0.075835330561530
8.000000000000000	0.718997465524330	0.065785078443995	-0.076834322624872
8.000000000000000	0.716293417390049	0.111343848492456	-0.077530260295585
8.000000000000000	0.710726736378449	0.156643176125974	-0.077920341278295
8.000000000000000	0.702319837549239	0.201500656940285	-0.078002994854562
8.000000000000000	0.691106572516841	0.245735665692318	-0.077777888207605
8.000000000000000	0.677132093141888	0.289170083614299	-0.077245927762443
8.000000000000000	0.660452669720619	0.331629015635163	-0.076409255536035
8.000000000000000	0.641135464404252	0.372941494621278	-0.075271240512139
8.000000000000000	0.619258260760708	0.412941169800750	-0.073836465075601
8.000000000000000	0.594909150567638	0.451466976599265	-0.072110706560710
8.000000000000000	0.568186179097923	0.488363785190290	-0.070100913987908
8.000000000000000	0.539196950325964	0.523483025148128	-0.067815180082542
8.000000000000000	0.508058193644459	0.556683283688586	-0.065262708688315
8.000000000000000	0.474895293836334	0.587830875088344	-0.062453777706652
8.000000000000000	0.439841786194477	0.616800378990186	-0.059399697711220
8.000000000000000	0.403038818822245	0.643475145426503	-0.056112766404244
8.000000000000000	0.364634584279869	0.667747764527550	-0.052606219097994
8.000000000000000	0.324783722865315	0.689520499023076	-0.048894175420860
8.000000000000000	0.283646699932385	0.708705677795819	-0.044991582462585
8.000000000000000	0.241389159753376	0.725226048902150	-0.040914154587617
8.000000000000000	0.198181258528053	0.739015090638387	-0.036678310158906
8.000000000000000	0.154196979224689	0.750017279400212	-0.032301105426951
8.000000000000000	0.109613431012064	0.758188313256638	-0.027800165850301
8.000000000000000	0.064610136103343	0.763495290338238	-0.023193615124052
8.000000000000000	0.019368306883492	0.765916841321371	-0.018500002202125
8.000000000000000	-0.025929883769044	0.765443215474899	-0.013738226607177
8.000000000000000	-0.071102036028220	0.762076319922941	-0.008927462328888
8.000000000000000	-0.115966257580118	0.755829711965561	-0.004087080617078
8.000000000000000	-0.160341896039096	0.746728544488302	0.000763428019482
8.000000000000000	-0.204050266371186	0.734809464680395	0.005604532294470
8.000000000000000	-0.246915370395656	0.720120466469460	0.010416738789608
8.000000000000000	-0.288764605467571	0.702720697266903	0.015180670447777
8.000000000000000	-0.329429459487725	0.682680219802163	0.019877144597592
8.000000000000000	-0.368746189441383	0.660079730004829	0.024487250195241
8.000000000000000	-0.406556480733619	0.635010232070611	0.028992423972591
8.000000000000000	-0.442708084666304	0.607572672019569	0.033374525184913
8.000000000000000	-0.477055431489885	0.577877531222112	0.037615908657261
8.000000000000000	-0.509460216561385	0.546044381529516	0.041699495835363
8.000000000000000	-0.539791957248389	0.512201403800282	0.045608843554927
8.000000000000000	-0.567928518336550	0.476484871761057	0.049328210252467
8.000000000000000	-0.593756603824988	0.439038603280436	0.052842619351020
8.000000000000000	-0.617172213129303	0.400013381265163	0.056137919565534
8.000000000000000	-0.638081059855221	0.359566346510584	0.059200841885102
8.000000000000000	-0.656398951456624	0.317860364950128	0.062019053002581
8.000000000000000	-0.672052128249218	0.275063371851672	0.064581204976473
8.000000000000000	-0.684977560414750	0.231347695601491	0.066876980925072
8.000000000000000	-0.695123201799842	0.186889363798670	0.068897136568915
8.000000000000000	-0.702448199487475	0.141867394454087	0.070633537454225
8.000000000000000	-0.706923058297275	0.096463075148069	0.072079191707489
8.000000000000000	-0.708529759552188	0.050859233049291	0.073228278189262
8.000000000000000	-0.707261833633335	0.005239498734292	0.074076169933847
8.000000000000000	-0.703124386030885	-0.040212433228044	0.074619452780446
8.000000000000000	-0.696134076786047	-0.085313543949678	0.074855939120783
8.000000000000000	-0.686319053406963	-0.129882227175891	0.074784676707834
8.000000000000000	-0.673718837528630	-0.173739020549572	0.074405952490182
8.000000000000000	-0.658384165773223	-0.216707328242784	0.073721291456584
8.000000000000000	-0.640376785451622	-0.258614132045845	0.072733450495376
8.000000000000000	-0.619769205928792	-0.299290688050584	0.071446407293457
8.000000000000000	-0.596644406654153	-0.338573206122509	0.069865344319545
8.000000000000000	-0.571095503032631	-0.376303509425862	0.067996627956211
8.000000000000000	-0.543225371481783	-0.412329671345917	0.065847782864699
8.000000000000000	-0.513146235184775	-0.446506627243831	0.063427461685770
8.000000000000000	-0.480979212207231	-0.478696758580747	0.060745410198575
8.000000000000000	-0.446853827797533	-0.508770447059077	0.057812428077839
8.000000000000000	-0.410907492834355	-0.536606596549640	0.054640325407384
8.000000000000000	-0.373284950521560	-0.562093120703033	0.051241875125091
8.000000000000000	-0.334137693558399	-0.585127394281801	0.047630761590785
8.000000000000000	-0.293623354131883	-0.605616666396045	0.043821525484148
8.000000000000000	-0.251905069187598	-0.623478433978521	0.039829505254536
8.000000000000000	-0.209150823534806	-0.638640773995375	0.035670775358454
8.000000000000000	-0.165532773430907	-0.651042633054812	0.031362081533396
8.000000000000000	-0.121226553368951	-0.660634073247558	0.026920773368669
8.000000000000000	-0.076410568859522	-0.667376473229198	0.022364734444721


9.000000000000000	0.645865203686441	0.068681178690998	-0.021899297917249
9.000000000000000	0.639615801599040	0.113667695775819	-0.022158207112862
9.000000000000000	0.630513881533305	0.158167055884118	-0.022318500443624
9.000000000000000	0.618596093708875	0.202000075798512	-0.022379532464868
9.000000000000000	0.603910426851011	0.244990255418396	-0.022341057422185
9.000000000000000	0.586516014956934	0.286964488463557	-0.022203230240991
9.000000000000000	0.566482899184093	0.327753759512068	-0.021966605902701
9.000000000000000	0.543891745819141	0.367193824565733	-0.021632137210009
9.000000000000000	0.518833521463272	0.405125872402707	-0.021201170950293
9.000000000000000	0.491409126741823	0.441397164054231	-0.020675442472574
9.000000000000000	0.461728990013068	0.475861647830550	-0.020057068699878
9.000000000000000	0.429912622712195	0.508380547419522	-0.019348539605137
9.000000000000000	0.396088138120936	0.538822920689845	-0.018552708184945
9.000000000000000	0.360391735500598	0.567066186948806	-0.017672778971547
9.000000000000000	0.322967151665711	0.592996620531464	-0.016712295129320
9.000000000000000	0.283965082206604	0.616509808733767	-0.015675124187700
9.000000000000000	0.243542574691451	0.637511072245658	-0.014565442468006
9.000000000000000	0.201862396291144	0.655915846391239	-0.013387718266867
9.000000000000000	0.159092378373343	0.671650021640876	-0.012146693863971
9.000000000000000	0.115404740704790	0.684650242024119	-0.010847366426578
9.000000000000000	0.070975397983097	0.694864160241831	-0.009494967887687
9.000000000000000	0.025983251490344	0.702250648450287	-0.008094943878894
9.000000000000000	-0.019390531279239	0.706779963868487	-0.006652931802753
9.000000000000000	-0.064963246116833	0.708433868541836	-0.005174738132945
9.000000000000000	-0.110551387784393	0.707205702779950	-0.003666315033660
9.000000000000000	-0.155971388925475	0.703100411972878	-0.002133736392329
9.000000000000000	-0.201040359226190	0.696134526677764	-0.000583173362227
9.000000000000000	-0.245576821849948	0.686336096056125	0.000979130486584
9.000000000000000	-0.289401444180632	0.673744574929779	0.002546884307912
9.000000000000000	-0.332337759931742	0.658410664910204	0.004113775310447
9.000000000000000	-0.374212879713854	0.640396110241040	0.005673494177146
9.000000000000000	-0.414858187199168	0.619773449175815	0.007219760470626
9.000000000000000	-0.454110018079949	0.596625721891999	0.008746347922268
9.000000000000000	-0.491810319086930	0.571046136117518	0.010247109503203
9.000000000000000	-0.527807284414040	0.543137691816130	0.011716002176231
9.000000000000000	-0.561955966986813	0.513012766442926	0.013147111228993
9.000000000000000	-0.594118862113092	0.480792662439978	0.014534674090434
9.000000000000000	-0.624166461165898	0.446607118794222	0.015873103534644
9.000000000000000	-0.651977773068958	0.410593788624344	0.017157010178641
9.000000000000000	-0.677440811485068	0.372897684900259	0.018381224183516
9.000000000000000	-0.700453045745545	0.333670596527057	0.019540816071550
9.000000000000000	-0.720921813705049	0.293070477144662	0.020631116575481
9.000000000000000	-0.738764694859331	0.251260809104268	0.021647735439995
9.000000000000000	-0.753909842223515	0.208409945182610	0.022586579099733
9.000000000000000	-0.766296271634552	0.164690430684757	0.023443867162637
9.000000000000000	-0.775874107312917	0.120278308665060	0.024216147632251
9.000000000000000	-0.782604782694769	0.075352411063912	0.024900310807697
9.000000000000000	-0.786461195725897	0.030093638614637	0.025493601805337
9.000000000000000	-0.787427817992121	-0.015315767579915	0.025993631651723
9.000000000000000	-0.785500757246738	-0.060692959867963	0.026398386903146
9.000000000000000	-0.780687773083226	-0.105855220311762	0.026706237753064
9.000000000000000	-0.773008245690098	-0.150620696428243	0.026915944594758
9.000000000000000	-0.762493097813726	-0.194809133444781	0.027026663012792
9.000000000000000	-0.749184670243351	-0.238242600121543	0.027037947183174
9.000000000000000	-0.733136551319672	-0.280746205217794	0.026949751668531
9.000000000000000	-0.714413361153513	-0.322148801717193	0.026762431601075
9.000000000000000	-0.693090491423438	-0.362283675976426	0.026476741252602
9.000000000000000	-0.669253801800077	-0.400989219022205	0.026093830997313
9.000000000000000	-0.642999274219532	-0.438109577293565	0.025615242679662
9.000000000000000	-0.614432626397998	-0.473495280209146	0.025042903405887
9.000000000000000	-0.583668886143831	-0.507003842032470	0.024379117784242
9.000000000000000	-0.550831928181166	-0.538500335611713	0.023626558645145
9.000000000000000	-0.516053975350117	-0.567857935683723	0.022788256278638
9.000000000000000	-0.479475066192074	-0.594958429554591	0.021867586232478
9.000000000000000	-0.441242491063918	-0.619692693100450	0.020868255719997
9.000000000000000	-0.401510199051741	-0.641961130171805	0.019794288692459
9.000000000000000	-0.360438178072211	-0.661674073632076	0.018650009636036
9.000000000000000	-0.318191810657700	-0.678752146415508	0.017440026158621
9.000000000000000	-0.274941208019192	-0.693126581150603	0.016169210436621
9.000000000000000	-0.230860525068483	-0.704739497062049	0.014842679596424
9.000000000000000	-0.186127259157812	-0.713544133036177	0.013465775109530
9.000000000000000	-0.140921535360676	-0.719505035911461	0.012044041284340
9.000000000000000	-0.095425381171725	-0.722598203235886	0.010583202941175
9.000000000000000	-0.049821993546295	-0.722811179916349	0.009089142360449
9.000000000000000	-0.004295001230922	-0.720143108370928	0.007567875596801
9.000000000000000	0.040972274644808	-0.714604731982058	0.006025528254568
9.000000000000000	0.085797558737747	-0.706218351836719	0.004468310822134
9.000000000000000	0.130000355449657	-0.695017736927838	0.002902493664490
9.000000000000000	0.173402675719281	-0.681047988178465	0.001334381774683
9.000000000000000	0.215829753721472	-0.664365356836277	-0.000229710614160
9.000000000000000	0.257110750587487	-0.645037017969660	-0.001783485454027
9.000000000000000	0.297079442312818	-0.623140799977412	-0.003320686242033
9.000000000000000	0.335574889082588	-0.598764871201254	-0.004835123213151
9.000000000000000	0.372442083319382	-0.572007384903036	-0.006320698264207
9.000000000000000	0.407532573844056	-0.542976084036193	-0.007771429508797
9.000000000000000	0.440705063636237	-0.511787867402897	-0.009181475364225
9.000000000000000	0.471825978787555	-0.478568318943847	-0.010545158073497
9.000000000000000	0.500770006356628	-0.443451202056052	-0.011856986567648
9.000000000000000	0.527420598960052	-0.406577920974853	-0.013111678576332
9.000000000000000	0.551670444067572	-0.368096951388969	-0.014304181897667
9.000000000000000	0.573421896111771	-0.328163242581304	-0.015429694741664
9.000000000000000	0.592587369672308	-0.286937593502873	-0.016483685065343
9.000000000000000	0.609089692151488	-0.244586005292178	-0.017461908821670
9.000000000000000	0.622862414521080	-0.201279012847214	-0.018360427048836
9.000000000000000	0.633850078889097	-0.157190998141625	-0.019175621731067
9.000000000000000	0.642008441809159	-0.112499488050041	-0.019904210367095
9.000000000000000	0.647304652433228	-0.067384439510008	-0.020543259187635
9.000000000000000	0.649717384790387	-0.022027514898924	-0.021090194968633
9.000000000000000	0.649236923658991	0.023388649456247	-0.021542815392737
9.000000000000000	0.645865203686441	0.068681178690998	-0.021899297917249


10.000000000000000	0.674742369312298	-0.048725558260790	0.044600454565895
10.000000000000000	0.676458082267883	-0.003689277293252	0.046073690730213
10.000000000000000	0.675315936195443	0.041371535788966	0.047352546935022
10.000000000000000	0.671320530114098	0.086275436995516	0.048431873677751
10.000000000000000	0.664487952113985	0.130841614164791	0.049307324890547
10.000000000000000	0.654845714575194	0.174890615030686	0.049975375440363
10.000000000000000	0.642432643385126	0.218245069813532	0.050433335323417
10.000000000000000	0.627298721600347	0.260730405425605	0.050679360496896
10.000000000000000	0.609504888182461	0.302175548415329	0.050712460304259
10.000000000000000	0.589122792618420	0.342413613819690	0.050532501464263
10.000000000000000	0.566234506413326	0.381282577151078	0.050140208607642
10.000000000000000	0.540932192617450	0.418625926812717	0.049537161359273
10.000000000000000	0.513317734718152	0.454293294315621	0.048725787977582
10.000000000000000	0.483502326391043	0.488141059759432	0.047709355576809
10.000000000000000	0.451606023762294	0.520032930139065	0.046491956971489
10.000000000000000	0.417757261984989	0.549840488148539	0.045078494196130
10.000000000000000	0.382092338076096	0.577443709272140	0.043474658766458
10.000000000000000	0.344754862096483	0.602731445080790	0.041686908761683
10.000000000000000	0.305895178883891	0.625601870787535	0.039722442820100
10.000000000000000	0.265669762667333	0.645962895260030	0.037589171152709
10.000000000000000	0.224240587000605	0.663732531839018	0.035295683691590
10.000000000000000	0.181774472551946	0.678839228469681	0.032851215501277
10.000000000000000	0.138442415376090	0.691222155816500	0.030265609592412
10.000000000000000	0.094418898373506	0.700831452201527	0.027549277287416
10.000000000000000	0.049881188709336	0.707628424379760	0.024713156297771
10.000000000000000	0.005008624021091	0.711585703343187	0.021768666681709
10.000000000000000	-0.040018109710721	0.712687354526119	0.018727664859675
10.000000000000000	-0.085017705721267	0.710928941968064	0.015602395872704
10.000000000000000	-0.129808966519741	0.706317546175771	0.012405444075962
10.000000000000000	-0.174211533507702	0.698871735612534	0.009149682465990
10.000000000000000	-0.218046613219500	0.688621491929537	0.005848220845692
10.000000000000000	-0.261137697260454	0.675608089240332	0.002514353035781
10.000000000000000	-0.303311273043860	0.659883927924551	-0.000838496654739
10.000000000000000	-0.344397522464939	0.641512323630065	-0.004196827483533
10.000000000000000	-0.384231005698409	0.620567252323227	-0.007547116637655
10.000000000000000	-0.422651327366268	0.597133052413756	-0.010875873685144
10.000000000000000	-0.459503782393371	0.571304085153733	-0.014169694896235
10.000000000000000	-0.494639978950171	0.543184354678141	-0.017415317215445
10.000000000000000	-0.527918435974234	0.512887089216921	-0.020599671667215
10.000000000000000	-0.559205152864548	0.480534285164855	-0.023709935980067
10.000000000000000	-0.588374149054648	0.446256215845141	-0.026733586217361
10.000000000000000	-0.615307971291891	0.410190906944696	-0.029658447206771
10.000000000000000	-0.639898166580254	0.372483580733438	-0.032472741565402
10.000000000000000	-0.662045718882265	0.333286071305453	-0.035165137123162
10.000000000000000	-0.681661447821646	0.292756213196692	-0.037724792553402
10.000000000000000	-0.698666367781206	0.251057205840997	-0.040141401027120
10.000000000000000	-0.712992005950050	0.208356956423584	-0.042405231714920
10.000000000000000	-0.724580678039416	0.164827403778072	-0.044507168969625
10.000000000000000	-0.733385720556949	0.120643826049478	-0.046438749031777
10.000000000000000	-0.739371678704117	0.075984134910998	-0.048192194110206
10.000000000000000	-0.742514449140167	0.031028159176486	-0.049760443700447
10.000000000000000	-0.742801377037774	-0.014043079306705	-0.051137183014905
10.000000000000000	-0.740231307039566	-0.059048094568819	-0.052316868410271
10.000000000000000	-0.734814587910333	-0.103805667297632	-0.053294749709823
10.000000000000000	-0.726573030866212	-0.148135574544673	-0.054066889330702
10.000000000000000	-0.715539821748615	-0.191859315419422	-0.054630178139178
10.000000000000000	-0.701759387396554	-0.234800829849399	-0.054982347970028
10.000000000000000	-0.685287216755447	-0.276787207511934	-0.055121980759641
10.000000000000000	-0.666189637442716	-0.317649384083011	-0.055048514256053
10.000000000000000	-0.644543548669881	-0.357222821999628	-0.054762244282946
10.000000000000000	-0.620436111596580	-0.395348172994494	-0.054264323548465
10.000000000000000	-0.593964398363335	-0.431871919735256	-0.053556757003669
10.000000000000000	-0.565235001216312	-0.466646993984620	-0.052642393769302
10.000000000000000	-0.534363603297959	-0.499533368792229	-0.051524915663391
10.000000000000000	-0.501474512831827	-0.530398622333772	-0.050208822375862
10.000000000000000	-0.466700162577222	-0.559118471126938	-0.048699413349875
10.000000000000000	-0.430180576569230	-0.585577270477129	-0.047002766442843
10.000000000000000	-0.392062806291345	-0.609668480137828	-0.045125713453039
10.000000000000000	-0.352500338551047	-0.631295093310576	-0.043075812610359
10.000000000000000	-0.311652477442598	-0.650370027257103	-0.040861318141997
10.000000000000000	-0.269683702885685	-0.666816473950786	-0.038491147035584
10.000000000000000	-0.226763008322831	-0.680568209355461	-0.035974843133629
10.000000000000000	-0.183063220242449	-0.691569860086241	-0.033322538703832
10.000000000000000	-0.138760302267570	-0.699777126378600	-0.030544913640017
10.000000000000000	-0.094032646612441	-0.705156960467879	-0.027653152457969
10.000000000000000	-0.049060355760038	-0.707687699660982	-0.024658899259342
10.000000000000000	-0.004024517252933	-0.707359153564386	-0.021574210844962
10.000000000000000	0.040893525482325	-0.704172645117263	-0.018411508166352
10.000000000000000	0.085512903341183	-0.698141005264472	-0.015183526310943
10.000000000000000	0.129653949837135	-0.689288521290870	-0.011903263222371
10.000000000000000	0.173138924555250	-0.677650839024991	-0.008583927362345
10.000000000000000	0.215792728850089	-0.663274819305871	-0.005238884524834
10.000000000000000	0.257443610906149	-0.646218349290992	-0.001881604016734
10.000000000000000	0.297923857321812	-0.626550109365130	0.001474395578282
10.000000000000000	0.337070468432012	-0.604349296588684	0.004815600834323
10.000000000000000	0.374725814650361	-0.579705305799065	0.008128557897081
10.000000000000000	0.410738271187857	-0.552717369649241	0.011399926657751
10.000000000000000	0.444962828592396	-0.523494159032862	0.014616534468944
10.000000000000000	0.477261676650653	-0.492153345504932	0.017765429186285
10.000000000000000	0.507504759301177	-0.458821127459981	0.020833931322131
10.000000000000000	0.535570298324239	-0.423631721975680	0.023809685101388
10.000000000000000	0.561345283699753	-0.386726824368030	0.026680708213863
10.000000000000000	0.584725928658730	-0.348255037634345	0.029435440062790
10.000000000000000	0.605618087595975	-0.308371274081424	0.032062788315280
10.000000000000000	0.623937635161204	-0.267236131548369	0.034552173567225
10.000000000000000	0.639610805002142	-0.225015246735767	0.036893571942830
10.000000000000000	0.652574486795588	-0.181878628245162	0.039077555457218
10.000000000000000	0.662776480370409	-0.137999972014414	0.041095329979599
10.000000000000000	0.670175705899211	-0.093555961905466	0.042938770644133
10.000000000000000	0.674742369312298	-0.048725558260790	0.044600454565895


11.000000000000000	nan	nan	nan
11.000000000000000	nan	nan	nan
11.000000000000000	nan	nan	nan
11.000000000000000	nan	nan	nan
11.000000000000000	nan	nan	nan
11.000000000000000	nan	nan	nan
11.000000000000000	nan	nan	nan
11.000000000000000	nan	nan	nan
11.000000000000000	nan	nan	nan
11.000000000000000	nan	nan	nan
11.000000000000000	nan	nan	nan
11.000000000000000	nan	nan	nan
11.000000000000000	nan	nan	nan
11.000000000000000	nan	nan	nan
11.000000000000000	nan	nan	nan
11.000000000000000	nan	nan	nan
11.000000000000000	nan	nan	nan
11.000000000000000	nan	nan	nan
11.000000000000000	nan	nan	nan
11.000000000000000	nan	nan	nan
11.000000000000000	nan	nan	nan
11.000000000000000	nan	nan	nan
11.000000000000000	nan	nan	nan
11.000000000000000	nan	nan	nan
11.000000000000000	nan	nan	nan
11.000000000000000	nan	nan	nan
11.000000000000000	nan	nan	nan
11.000000000000000	nan	nan	nan
11.000000000000000	nan	nan	nan
11.000000000000000	nan	nan	nan
11.000000000000000	nan	nan	nan
11.000000000000000	nan	nan	nan
11.000000000000000	nan	nan	nan
11.000000000000000	nan	nan	nan
11.000000000000000	nan	nan	nan
11.000000000000000	nan	nan	nan
11.000000000000000	nan	nan	nan
11.000000000000000	nan	nan	nan
11.000000000000000	nan	nan	nan
11.000000000000000	nan	nan	nan
11.000000000000000	nan	nan	nan
11.000000000000000	nan	nan	nan
11.000000000000000	nan	nan	nan
11.000000000000000	nan	nan	nan
11.000000000000000	nan	nan	nan
11.000000000000000	nan	nan	nan
11.000000000000000	nan	nan	nan
11.000000000000000	nan	nan	nan
11.000000000000000	nan	nan	nan
11.000000000000000	nan	nan	nan
11.000000000000000	nan	nan	nan
11.000000000000000	nan	nan	nan
11.000000000000000	nan	nan	nan
11.000000000000000	nan	nan	nan
11.000000000000000	nan	nan	nan
11.000000000000000	nan	nan	nan
11.000000000000000	nan	nan	nan
11.000000000000000	nan	nan	nan
11.000000000000000	nan	nan	nan
11.000000000000000	nan	nan	nan
11.000000000000000	nan	nan	nan
11.000000000000000	nan	nan	nan
11.000000000000000	nan	nan	nan
11.000000000000000	nan	nan	nan
11.000000000000000	nan	nan	nan
11.000000000000000	nan	nan	nan
11.000000000000000	nan	nan	nan
11.000000000000000	nan	nan	nan
11.000000000000000	nan	nan	nan
11.000000000000000	nan	nan	nan
11.000000000000000	nan	nan	nan
11.000000000000000	nan	nan	nan
11.000000000000000	nan	nan	nan
11.000000000000000	nan	nan	nan
11.000000000000000	nan	nan	nan
11.000000000000000	nan	nan	nan
11.000000000000000	nan	nan	nan
11.000000000000000	nan	nan	nan
11.000000000000000	nan	nan	nan
11.000000000000000	nan	nan	nan
11.000000000000000	nan	nan	nan
11.000000000000000	nan	nan	nan
11.000000000000000	nan	nan	nan
11.000000000000000	nan	nan	nan
11.000000000000000	nan	nan	nan
11.000000000000000	nan	nan	nan
11.000000000000000	nan	nan	nan
11.000000000000000	nan	nan	nan
11.000000000000000	nan	nan	nan
11.000000000000000	nan	nan	nan
11.000000000000000	nan	nan	nan
11.000000000000000	nan	nan	nan
11.000000000000000	nan	nan	nan
11.000000000000000	nan	nan	nan
11.000000000000000	nan	nan	nan
11.000000000000000	nan	nan	nan
11.000000000000000	nan	nan	nan
11.000000000000000	nan	nan	nan
11.000000000000000	nan	nan	nan
11.000000000000000	nan	nan	nan


12.000000000000000	nan	nan	nan
12.000000000000000	nan	nan	nan
12.000000000000000	nan	nan	nan
12.000000000000000	nan	nan	nan
12.000000000000000	nan	nan	nan
12.000000000000000	nan	nan	nan
12.000000000000000	nan	nan	nan
12.000000000000000	nan	nan	nan
12.000000000000000	nan	nan	nan
12.000000000000000	nan	nan	nan
12.000000000000000	nan	nan	nan
12.000000000000000	nan	nan	nan
12.000000000000000	nan	nan	nan
12.000000000000000	nan	nan	nan
12.000000000000000	nan	nan	nan
12.000000000000000	nan	nan	nan
12.000000000000000	nan	nan	nan
12.000000000000000	nan	nan	nan
12.000000000000000	nan	nan	nan
12.000000000000000	nan	nan	nan
12.000000000000000	nan	nan	nan
12.000000000000000	nan	nan	nan
12.000000000000000	nan	nan	nan
12.000000000000000	nan	nan	nan
12.000000000000000	nan	nan	nan
12.000000000000000	nan	nan	nan
12.000000000000000	nan	nan	nan
12.000000000000000	nan	nan	nan
12.000000000000000	nan	nan	nan
12.000000000000000	nan	nan	nan
12.000000000000000	nan	nan	nan
12.000000000000000	nan	nan	nan
12.000000000000000	nan	nan	nan
12.000000000000000	nan	nan	nan
12.000000000000000	nan	nan	nan
12.000000000000000	nan	nan	nan
12.000000000000000	nan	nan	nan
12.000000000000000	nan	nan	nan
12.000000000000000	nan	nan	nan
12.000000000000000	nan	nan	nan
12.000000000000000	nan	nan	nan
12.000000000000000	nan	nan	nan
12.000000000000000	nan	nan	nan
12.000000000000000	nan	nan	nan
12.000000000000000	nan	nan	nan
12.000000000000000	nan	nan	nan
12.000000000000000	nan	nan	nan
12.000000000000000	nan	nan	nan
12.000000000000000	nan	nan	nan
12.000000000000000	nan	nan	nan
12.000000000000000	nan	nan	nan
12.000000000000000	nan	nan	nan
12.000000000000000	nan	nan	nan
12.000000000000000	nan	nan	nan
12.000000000000000	nan	nan	nan
12.000000000000000	nan	nan	nan
12.000000000000000	nan	nan	nan
12.000000000000000	nan	nan	nan
12.000000000000000	nan	nan	nan
12.000000000000000	nan	nan	nan
12.000000000000000	nan	nan	nan
12.000000000000000	nan	nan	nan
12.000000000000000	nan	nan	nan
12.000000000000000	nan	nan	nan
12.000000000000000	nan	nan	nan
12.000000000000000	nan	nan	nan
12.000000000000000	nan	nan	nan
12.000000000000000	nan	nan	nan
12.000000000000000	nan	nan	nan
12.000000000000000	nan	nan	nan
12.000000000000000	nan	nan	nan
12.000000000000000	nan	nan	nan
12.000000000000000	nan	nan	nan
12.000000000000000	nan	nan	nan
12.000000000000000	nan	nan	nan
12.000000000000000	nan	nan	nan
12.000000000000000	nan	nan	nan
12.000000000000000	nan	nan	nan
12.000000000000000	nan	nan	nan
12.000000000000000	nan	nan	nan
12.000000000000000	nan	nan	nan
12.000000000000000	nan	nan	nan
12.000000000000000	nan	nan	nan
12.000000000000000	nan	nan	nan
12.000000000000000	nan	nan	nan
12.000000000000000	nan	nan	nan
12.000000000000000	nan	nan	nan
12.000000000000000	nan	nan	nan
12.000000000000000	nan	nan	nan
12.000000000000000	nan	nan	nan
12.000000000000000	nan	nan	nan
12.000000000000000	nan	nan	nan
12.000000000000000	nan	nan	nan
12.000000000000000	nan	nan	nan
12.000000000000000	nan	nan	nan
12.000000000000000	nan	nan	nan
12.000000000000000	nan	nan	nan
12.000000000000000	nan	nan	nan
12.000000000000000	nan	nan	nan
12.000000000000000	nan	nan	nan


13.000000000000000	nan	nan	nan
13.000000000000000	nan	nan	nan
13.000000000000000	nan	nan	nan
13.000000000000000	nan	nan	nan
13.000000000000000	nan	nan	nan
13.000000000000000	nan	nan	nan
13.000000000000000	nan	nan	nan
13.000000000000000	nan	nan	nan
13.000000000000000	nan	nan	nan
13.000000000000000	nan	nan	nan
13.000000000000000	nan	nan	nan
13.000000000000000	nan	nan	nan
13.000000000000000	nan	nan	nan
13.000000000000000	nan	nan	nan
13.000000000000000	nan	nan	nan
13.000000000000000	nan	nan	nan
13.000000000000000	nan	nan	nan
13.000000000000000	nan	nan	nan
13.000000000000000	nan	nan	nan
13.000000000000000	nan	nan	nan
13.000000000000000	nan	nan	nan
13.000000000000000	nan	nan	nan
13.000000000000000	nan	nan	nan
13.000000000000000	nan	nan	nan
13.000000000000000	nan	nan	nan
13.000000000000000	nan	nan	nan
13.000000000000000	nan	nan	nan
13.000000000000000	nan	nan	nan
13.000000000000000	nan	nan	nan
13.000000000000000	nan	nan	nan
13.000000000000000	nan	nan	nan
13.000000000000000	nan	nan	nan
13.000000000000000	nan	nan	nan
13.000000000000000	nan	nan	nan
13.000000000000000	nan	nan	nan
13.000000000000000	nan	nan	nan
13.000000000000000	nan	nan	nan
13.000000000000000	nan	nan	nan
13.000000000000000	nan	nan	nan
13.000000000000000	nan	nan	nan
13.000000000000000	nan	nan	nan
13.000000000000000	nan	nan	nan
13.000000000000000	nan	nan	nan
13.000000000000000	nan	nan	nan
13.000000000000000	nan	nan	nan
13.000000000000000	nan	nan	nan
13.000000000000000	nan	nan	nan
13.000000000000000	nan	nan	nan
13.000000000000000	nan	nan	nan
13.000000000000000	nan	nan	nan
13.000000000000000	nan	nan	nan
13.000000000000000	nan	nan	nan
13.000000000000000	nan	nan	nan
13.000000000000000	nan	nan	nan
13.000000000000000	nan	nan	nan
13.000000000000000	nan	nan	nan
13.000000000000000	nan	nan	nan
13.000000000000000	nan	nan	nan
13.000000000000000	nan	nan	nan
13.000000000000000	nan	nan	nan
13.000000000000000	nan	nan	nan
13.000000000000000	nan	nan	nan
13.000000000000000	nan	nan	nan
13.000000000000000	nan	nan	nan
13.000000000000000	nan	nan	nan
13.000000000000000	nan	nan	nan
13.000000000000000	nan	nan	nan
13.000000000000000	nan	nan	nan
13.000000000000000	nan	nan	nan
13.000000000000000	nan	nan	nan
13.000000000000000	nan	nan	nan
13.000000000000000	nan	nan	nan
13.000000000000000	nan	nan	nan
13.000000000000000	nan	nan	nan
13.000000000000000	nan	nan	nan
13.000000000000000	nan	nan	nan
13.000000000000000	nan	nan	nan
13.000000000000000	nan	nan	nan
13.000000000000000	nan	nan	nan
13.000000000000000	nan	nan	nan
13.000000000000000	nan	nan	nan
13.000000000000000	nan	nan	nan
13.000000000000000	nan	nan	nan
13.000000000000000	nan	nan	nan
13.000000000000000	nan	nan	nan
13.000000000000000	nan	nan	nan
13.000000000000000	nan	nan	nan
13.000000000000000	nan	nan	nan
13.000000000000000	nan	nan	nan
13.000000000000000	nan	nan	nan
13.000000000000000	nan	nan	nan
13.000000000000000	nan	nan	nan
13.000000000000000	nan	nan	nan
13.000000000000000	nan	nan	nan
13.000000000000000	nan	nan	nan
13.000000000000000	nan	nan	nan
13.000000000000000	nan	nan	nan
13.000000000000000	nan	nan	nan
13.000000000000000	nan	nan	nan
13.000000000000000	nan	nan	nan


14.000000000000000	-0.693843711129631	0.844418143340198	-0.012071141865379
14.000000000000000	-0.748332464255649	0.796691777144243	-0.010358595607700
14.000000000000000	-0.799680314952533	0.745602084648847	-0.008602118469506
14.000000000000000	-0.847680503548431	0.691354786013901	-0.006808783164294
14.000000000000000	-0.892139750225235	0.634168315964762	-0.004985810820392
14.000000000000000	-0.932879033288192	0.574272944232710	-0.003140541904022
14.000000000000000	-0.969734310023083	0.511909848340011	-0.001280406661834
14.000000000000000	-1.002557177238337	0.447330142463159	0.000587104798075
14.000000000000000	-1.031215468832305	0.380793866284715	0.002454472666183
14.000000000000000	-1.055593787979503	0.312568937905287	0.004314177711159
14.000000000000000	-1.075593971792901	0.242930075031893	0.006158731557160
14.000000000000000	-1.091135486591223	0.172157688786724	0.007980706836872
14.000000000000000	-1.102155752179657	0.100536754590515	0.009772767098898
14.000000000000000	-1.108610393838212	0.028355664667113	0.011527696349058
14.000000000000000	-1.110473421003055	-0.044094933210228	0.013238428106655
14.000000000000000	-1.107737331921337	-0.116523306054842	0.014898073858692
14.000000000000000	-1.100413143858105	-0.188637810372427	0.016499950797488
14.000000000000000	-1.088530348733662	-0.260148066506460	0.018037608729983
14.000000000000000	-1.072136794370016	-0.330766127894590	0.019504856050388
14.000000000000000	-1.051298491824587	-0.400207640527811	0.020895784671601
14.000000000000000	-1.026099349586976	-0.468192987943698	0.022204793814984
14.000000000000000	-0.996640835709094	-0.534448417143213	0.023426612562723
14.000000000000000	-0.963041569229128	-0.598707140897409	0.024556321081954
14.000000000000000	-0.925436842534541	-0.660710412005445	0.025589370435193
14.000000000000000	-0.883978076587377	-0.720208565178237	0.026521600897304
14.000000000000000	-0.838832211205495	-0.776962022352460	0.027349258705241
14.000000000000000	-0.790181032854834	-0.830742257386853	0.028069011173127
14.000000000000000	-0.738220442659482	-0.881332716256331	0.028677960111807
14.000000000000000	-0.683159667576989	-0.928529689038615	0.029173653498829
14.000000000000000	-0.625220417915256	-0.972143130182186	0.029554095351876
14.000000000000000	-0.564635994583372	-1.011997423752653	0.029817753765879
14.000000000000000	-0.501650349671201	-1.047932090576132	0.029963567081463
14.000000000000000	-0.436517104140413	-1.079802434432240	0.029990948159870
14.000000000000000	-0.369498526582387	-1.107480124694710	0.029899786747160
14.000000000000000	-0.300864477155160	-1.130853713073522	0.029690449918168
14.000000000000000	-0.230891320951816	-1.149829082377837	0.029363780598420
14.000000000000000	-0.159860815175796	-1.164329825492706	0.028921094169971
14.000000000000000	-0.088058974604085	-1.174297553043551	0.028364173174825
14.000000000000000	-0.015774919906654	-1.179692128509572	0.027695260137267
14.000000000000000	0.056700286540438	-1.180491829839350	0.026917048534010
14.000000000000000	0.129074812660500	-1.176693436917879	0.026032671948518
14.000000000000000	0.201057231780985	-1.168312244532835	0.025045691453162
14.000000000000000	0.272357696105842	-1.155382000787863	0.023960081270052
14.000000000000000	0.342689103830288	-1.137954771210875	0.022780212768233
14.000000000000000	0.411768255198450	-1.116100729104545	0.021510836861735
14.000000000000000	0.479316992848824	-1.089907872983188	0.020157064879317
14.000000000000000	0.545063321855797	-1.059481672233799	0.018724347982945
14.000000000000000	0.608742504957216	-1.024944642428057	0.017218455217893
14.000000000000000	0.670098128557903	-0.986435851995361	0.015645450282831
14.000000000000000	0.728883135216701	-0.944110362243346	0.014011667113449
14.000000000000000	0.784860818459600	-0.898138602980725	0.012323684377936
14.000000000000000	0.837805775913152	-0.848705686256604	0.010588298987007
14.000000000000000	0.887504816920287	-0.796010660979589	0.008812498725136
14.000000000000000	0.933757820983834	-0.740265711418091	0.007003434113221
14.000000000000000	0.976378543581141	-0.681695302809161	0.005168389615955
14.000000000000000	1.015195366105025	-0.620535277516207	0.003314754309863
14.000000000000000	1.050051986911339	-0.557031905375033	0.001449992130091
14.000000000000000	1.080808050690522	-0.491440892052134	-0.000418388184217
14.000000000000000	1.107339713628898	-0.424026349408219	-0.002282863324970
14.000000000000000	1.129540142083998	-0.355059732012975	-0.004135925708831
14.000000000000000	1.147319942765937	-0.284818744093313	-0.005970113707606
14.000000000000000	1.160607522692638	-0.213586221316467	-0.007778041693590
14.000000000000000	1.169349377469505	-0.141648991910584	-0.009552429778880
14.000000000000000	1.173510306732735	-0.069296721708686	-0.011286133128915
14.000000000000000	1.173073555888759	0.003179252233409	-0.012972170732206
14.000000000000000	1.168040883579077	0.075487094748578	-0.014603753510400
14.000000000000000	1.158432554598829	0.147335647675616	-0.016174311655505
14.000000000000000	1.144287258297620	0.218435602250383	-0.017677521084192
14.000000000000000	1.125661952791159	0.288500664050094	-0.019107328902638
14.000000000000000	1.102631635611037	0.357248705799908	-0.020457977779401
14.000000000000000	1.075289041716131	0.424402903399892	-0.021724029128156
14.000000000000000	1.043744270081656	0.489692850597966	-0.022900385006969
14.000000000000000	1.008124340369456	0.552855647820443	-0.023982308645900
14.000000000000000	0.968572681464648	0.613636960775824	-0.024965443520317
14.000000000000000	0.925248553938129	0.671792044569224	-0.025845830893069
14.000000000000000	0.878326408760471	0.727086729203680	-0.026619925754935
14.000000000000000	0.827995184849423	0.779298362500085	-0.027284611099117
14.000000000000000	0.774457548279583	0.828216706638925	-0.027837210472331
14.000000000000000	0.717929076217643	0.873644784713776	-0.028275498751939
14.000000000000000	0.658637388869226	0.915399673887789	-0.028597711105728
14.000000000000000	0.596821232932650	0.953313241959388	-0.028802550098272
14.000000000000000	0.532729520250245	0.987232824371307	-0.028889190915247
14.000000000000000	0.466620325528214	1.017021838936876	-0.028857284684661
14.000000000000000	0.398759847160873	1.042560335808289	-0.028706959881643
14.000000000000000	0.329421335343675	1.063745480472297	-0.028438821811119
14.000000000000000	0.258883991791111	1.080491967828503	-0.028053950170461
14.000000000000000	0.187431845489952	1.092732365682893	-0.027553894701929
14.000000000000000	0.115352609014764	1.100417386273477	-0.026940668952402
14.000000000000000	0.042936520010914	1.103516084734720	-0.026216742165540
14.000000000000000	-0.029524827489988	1.102015983701582	-0.025385029339008
14.000000000000000	-0.101739657216334	1.095923123551474	-0.024448879486811
14.000000000000000	-0.173417185536592	1.085262038081783	-0.023412062153994
14.000000000000000	-0.244268792342353	1.070075655720931	-0.022278752238020
14.000000000000000	-0.314009183219645	1.050425126670747	-0.021053513177925
14.000000000000000	-0.382357538228838	1.026389576676185	-0.019741278578963
14.000000000000000	-0.449038642667439	0.998065788413874	-0.018347332346720
14.000000000000000	-0.513783995262553	0.965567811782442	-0.016877287410688
14.000000000000000	-0.576332889330748	0.929026504663826	-0.015337063122981
14.000000000000000	-0.636433462551853	0.888589006004766	-0.013732861423194
14.000000000000000	-0.693843711129631	0.844418143340198	-0.012071141865379


15.000000000000000	nan	nan	nan
15.000000000000000	nan	nan	nan
15.000000000000000	nan	nan	nan
15.000000000000000	nan	nan	nan
15.000000000000000	nan	nan	nan
15.000000000000000	nan	nan	nan
15.000000000000000	nan	nan	nan
15.000000000000000	nan	nan	nan
15.000000000000000	nan	nan	nan
15.000000000000000	nan	nan	nan
15.000000000000000	nan	nan	nan
15.000000000000000	nan	nan	nan
15.000000000000000	nan	nan	nan
15.000000000000000	nan	nan	nan
15.000000000000000	nan	nan	nan
15.000000000000000	nan	nan	nan
15.000000000000000	nan	nan	nan
15.000000000000000	nan	nan	nan
15.000000000000000	nan	nan	nan
15.000000000000000	nan	nan	nan
15.000000000000000	nan	nan	nan
15.000000000000000	nan	nan	nan
15.000000000000000	nan	nan	nan
15.000000000000000	nan	nan	nan
15.000000000000000	nan	nan	nan
15.000000000000000	nan	nan	nan
15.000000000000000	nan	nan	nan
15.000000000000000	nan	nan	nan
15.000000000000000	nan	nan	nan
15.000000000000000	nan	nan	nan
15.000000000000000	nan	nan	nan
15.000000000000000	nan	nan	nan
15.000000000000000	nan	nan	nan
15.000000000000000	nan	nan	nan
15.000000000000000	nan	nan	nan
15.000000000000000	nan	nan	nan
15.000000000000000	nan	nan	nan
15.000000000000000	nan	nan	nan
15.000000000000000	nan	nan	nan
15.000000000000000	nan	nan	nan
15.000000000000000	nan	nan	nan
15.000000000000000	nan	nan	nan
15.000000000000000	nan	nan	nan
15.000000000000000	nan	nan	nan
15.000000000000000	nan	nan	nan
15.000000000000000	nan	nan	nan
15.000000000000000	nan	nan	nan
15.000000000000000	nan	nan	nan
15.000000000000000	nan	nan	nan
15.000000000000000	nan	nan	nan
15.000000000000000	nan	nan	nan
15.000000000000000	nan	nan	nan
15.000000000000000	nan	nan	nan
15.000000000000000	nan	nan	nan
15.000000000000000	nan	nan	nan
15.000000000000000	nan	nan	nan
15.000000000000000	nan	nan	nan
15.000000000000000	nan	nan	nan
15.000000000000000	nan	nan	nan
15.000000000000000	nan	nan	nan
15.000000000000000	nan	nan	nan
15.000000000000000	nan	nan	nan
15.000000000000000	nan	nan	nan
15.000000000000000	nan	nan	nan
15.000000000000000	nan	nan	nan
15.000000000000000	nan	nan	nan
15.000000000000000	nan	nan	nan
15.000000000000000	nan	nan	nan
15.000000000000000	nan	nan	nan
15.000000000000000	nan	nan	nan
15.000000000000000	nan	nan	nan
15.000000000000000	nan	nan	nan
15.000000000000000	nan	nan	nan
15.000000000000000	nan	nan	nan
15.000000000000000	nan	nan	nan
15.000000000000000	nan	nan	nan
15.000000000000000	nan	nan	nan
15.000000000000000	nan	nan	nan
15.000000000000000	nan	nan	nan
15.000000000000000	nan	nan	nan
15.000000000000000	nan	nan	nan
15.000000000000000	nan	nan	nan
15.000000000000000	nan	nan	nan
15.000000000000000	nan	nan	nan
15.000000000000000	nan	nan	nan
15.000000000000000	nan	nan	nan
15.000000000000000	nan	nan	nan
15.000000000000000	nan	nan	nan
15.000000000000000	nan	nan	nan
15.000000000000000	nan	nan	nan
15.000000000000000	nan	nan	nan
15.000000000000000	nan	nan	nan
15.000000000000000	nan	nan	nan
15.000000000000000	nan	nan	nan
15.000000000000000	nan	nan	nan
15.000000000000000	nan	nan	nan
15.000000000000000	nan	nan	nan
15.000000000000000	nan	nan	nan
15.000000000000000	nan	nan	nan
15.000000000000000	nan	nan	nan


16.000000000000000	0.766050171729665	0.016805906713292	0.003709811428687
16.000000000000000	0.763117869409603	0.070921332090157	0.006348768278496
16.000000000000000	0.756734487952917	0.124742883597764	0.008960328987691
16.000000000000000	0.746925730983758	0.178053840844175	0.011533977723030
16.000000000000000	0.733731094904502	0.230639539420328	0.014059351309409
16.000000000000000	0.717203709857673	0.282288235277852	0.016526280958711
16.000000000000000	0.697410125789620	0.332791957347613	0.018924833215926
16.000000000000000	0.674430044477361	0.381947344965811	0.021245349957668
16.000000000000000	0.648355998597664	0.429556466735595	0.023478487282029
16.000000000000000	0.619292979130616	0.475427617526941	0.025615253133177
16.000000000000000	0.587358012597997	0.519376090405549	0.027647043509188
16.000000000000000	0.552679689838789	0.561224920382476	0.029565677107323
16.000000000000000	0.515397648219243	0.600805596989690	0.031363428267255
16.000000000000000	0.475662009362498	0.637958742812246	0.033033058079566
16.000000000000000	0.433632774661783	0.672534755244887	0.034567843534289
16.000000000000000	0.389479181011283	0.704394408888937	0.035961604592089
16.000000000000000	0.343379019348891	0.733409416163836	0.037208729069107
16.000000000000000	0.295517918754857	0.759462943875955	0.038304195235238
16.000000000000000	0.246088598988997	0.782450083664627	0.039243592034869
16.000000000000000	0.195290094476237	0.802278274431090	0.040023136848642
16.000000000000000	0.143326952865234	0.818867675049366	0.040639690724728
16.000000000000000	0.090408411387189	0.832151485858289	0.041090771018277
16.000000000000000	0.036747554331364	0.842076217640170	0.041374561388152
16.000000000000000	-0.017439544970141	0.848601907002995	0.041489919110696
16.000000000000000	-0.071934694193440	0.851702277298903	0.041436379681075
16.000000000000000	-0.126518460606332	0.851364844430968	0.041214158683676
16.000000000000000	-0.180971054646474	0.847590967122254	0.040824150924023
16.000000000000000	-0.235073214936370	0.840395841444717	0.040267926825715
16.000000000000000	-0.288607091171552	0.829808439629986	0.039547726106879
16.000000000000000	-0.341357121326869	0.815871393408410	0.038666448761620
16.000000000000000	-0.393110899648681	0.798640822346131	0.037627643382765
16.000000000000000	-0.443660031937859	0.778186107871394	0.036435492872935
16.000000000000000	-0.492800974679676	0.754589613900024	0.035094797601472
16.000000000000000	-0.540335854641700	0.727946355185010	0.033610956075043
16.000000000000000	-0.586073265639463	0.698363614725623	0.031989943199763
16.000000000000000	-0.629829039261613	0.665960511776650	0.030238286222354
16.000000000000000	-0.671426986451099	0.630867522197193	0.028363038447227
16.000000000000000	-0.710699606956327	0.593225953070437	0.026371750835317
16.000000000000000	-0.747488763795548	0.553187373709898	0.024272441599024
16.000000000000000	-0.781646320018675	0.510913005343293	0.022073563915704
16.000000000000000	-0.813034735202494	0.466573071931561	0.019783971889707
16.000000000000000	-0.841527619277405	0.420346114737047	0.017412884900026
16.000000000000000	-0.867010241455624	0.372418273400856	0.014969850477107
16.000000000000000	-0.889379992211572	0.322982536424217	0.012464705858317
16.000000000000000	-0.908546796454219	0.272237964071899	0.009907538376862
16.000000000000000	-0.924433476227685	0.220388886826785	0.007308644843653
16.000000000000000	-0.936976061479625	0.167644082623131	0.004678490085684
16.000000000000000	-0.946124047646059	0.114215936171516	0.002027664807870
16.000000000000000	-0.951840599015418	0.060319583760569	-0.000633157051989
16.000000000000000	-0.954102697052958	0.006172046979068	-0.003293261303382
16.000000000000000	-0.952901233088277	-0.048008641153404	-0.005941936645358
16.000000000000000	-0.948241044992711	-0.102004314128475	-0.008568517797146
16.000000000000000	-0.940140897698936	-0.155597550428510	-0.011162428443485
16.000000000000000	-0.928633407641209	-0.208572549006326	-0.013713223821707
16.000000000000000	-0.913764911420493	-0.260715998239848	-0.016210632779109
16.000000000000000	-0.895595279223328	-0.311817934862717	-0.018644599131267
16.000000000000000	-0.874197673745712	-0.361672589412264	-0.021005322154733
16.000000000000000	-0.849658255592753	-0.410079214790505	-0.023283296051093
16.000000000000000	-0.822075836340318	-0.456842894601862	-0.025469348223465
16.000000000000000	-0.791561480655693	-0.501775328012681	-0.027554676211303
16.000000000000000	-0.758238059079368	-0.544695587972241	-0.029530883134804
16.000000000000000	-0.722239753268738	-0.585430849742123	-0.031390011506177
16.000000000000000	-0.683711515695924	-0.623817086800435	-0.033124575271638
16.000000000000000	-0.642808485975331	-0.659699731318728	-0.034727589955107
16.000000000000000	-0.599695366171173	-0.692934296552082	-0.036192600782228
16.000000000000000	-0.554545757600396	-0.723386958636235	-0.037513708671467
16.000000000000000	-0.507541461801440	-0.750935095449052	-0.038685593987630
16.000000000000000	-0.458871748483615	-0.775467780366530	-0.039703537962158
16.000000000000000	-0.408732593404780	-0.796886228925164	-0.040563441693944
16.000000000000000	-0.357325889246135	-0.815104196592118	-0.041261842654156
16.000000000000000	-0.304858632661649	-0.830048326041516	-0.041795928628626
16.000000000000000	-0.251542090775600	-0.841658442538500	-0.042163549041634
16.000000000000000	-0.197590950484419	-0.849887796241657	-0.042363223615529
16.000000000000000	-0.143222453988342	-0.854703250448122	-0.042394148331274
16.000000000000000	-0.088655524033734	-0.856085415023392	-0.042256198665955
16.000000000000000	-0.034109882388467	-0.854028724478547	-0.041949930094184
16.000000000000000	0.020194834900100	-0.848541460380516	-0.041476575851404
16.000000000000000	0.074039961901956	-0.839645718005126	-0.040838041968085
16.000000000000000	0.127208683294967	-0.827377317367225	-0.040036899594807
16.000000000000000	0.179486907403653	-0.811785658986127	-0.039076374649150
16.000000000000000	0.230664128270801	-0.792933524967154	-0.037960334826058
16.000000000000000	0.280534273290660	-0.770896826200257	-0.036693274024000
16.000000000000000	0.328896532990593	-0.745764296693654	-0.035280294249624
16.000000000000000	0.375556169619945	-0.717637136273301	-0.033727085073779
16.000000000000000	0.420325301290239	-0.686628603086902	-0.032039900721622
16.000000000000000	0.463023658509225	-0.652863557553331	-0.030225534889056
16.000000000000000	0.503479310062500	-0.616477959593789	-0.028291293386921
16.000000000000000	0.541529355319829	-0.577618321169191	-0.026244964723067
16.000000000000000	0.577020580178489	-0.536441116328203	-0.024094788740784
16.000000000000000	0.609810074002379	-0.493112151141482	-0.021849423439862
16.000000000000000	0.639765805072718	-0.447805896059148	-0.019517910113881
16.000000000000000	0.666767152233175	-0.400704783379857	-0.017109636944110
16.000000000000000	0.690705390588692	-0.351998472660323	-0.014634301196620
16.000000000000000	0.711484129302263	-0.301883087023226	-0.012101870174810
16.000000000000000	0.729019699726815	-0.250560423438613	-0.009522541084601
16.000000000000000	0.743241492309318	-0.198237140158725	-0.006906699973881
16.000000000000000	0.754092240910537	-0.145123924578153	-0.004264879911557
16.000000000000000	0.761528253395557	-0.091434644870062	-0.001607718574606
16.000000000000000	0.765519587566596	-0.037385488814540	0.001054084586096
16.000000000000000	0.766050171729665	0.016805906713292	0.003709811428687


17.000000000000000	-1.190735280328028	0.921092875243142	-0.005748734080028
17.000000000000000	-1.248811658061767	0.840889552778305	-0.003506607240526
17.000000000000000	-1.301679590444723	0.757161086605848	-0.001249491890518
17.000000000000000	-1.349126196972595	0.670244621707605	0.001013523363117
17.000000000000000	-1.390960426906881	0.580490140011097	0.003273326156669
17.000000000000000	-1.427013828568766	0.488259051135831	0.005520817061872
17.000000000000000	-1.457141227634580	0.393922737124321	0.007746946226088
17.000000000000000	-1.481221311701564	0.297861057017675	0.009942749812872
17.000000000000000	-1.499157118770096	0.200460817297312	0.012099386096174
17.000000000000000	-1.510876427675441	0.102114214351778	0.014208171062854
17.000000000000000	-1.516332048896895	0.003217255240314	0.016260613380133
17.000000000000000	-1.515502014573327	-0.095831836887804	0.018248448587196
17.000000000000000	-1.508389666960002	-0.194634226297335	0.020163672373258
17.000000000000000	-1.495023644970500	-0.292792070637815	0.021998572808100
17.000000000000000	-1.475457768857920	-0.389910122914284	0.023745761395286
17.000000000000000	-1.449770823499712	-0.485597323007436	0.025398202823035
17.000000000000000	-1.418066241158786	-0.579468372334698	0.026949243292937
17.000000000000000	-1.380471684998294	-0.671145285311630	0.028392637312450
17.000000000000000	-1.337138535027131	-0.760258911366470	0.029722572843293
17.000000000000000	-1.288241278546066	-0.846450421379193	0.030933694704477
17.000000000000000	-1.233976807548964	-0.929372752559735	0.032021126135725
17.000000000000000	-1.174563625908226	-1.008692005947352	0.032980488434465
17.000000000000000	-1.110240969536805	-1.084088790903888	0.033807918587320
17.000000000000000	-1.041267843069630	-1.155259511187149	0.034500084825103
17.000000000000000	-0.967921976943346	-1.221917587425815	0.035054200038668
17.000000000000000	-0.890498709073881	-1.283794611073428	0.035468033001623
17.000000000000000	-0.809309795634882	-1.340641425194867	0.035739917354685
17.000000000000000	-0.724682155725649	-1.392229127733394	0.035868758315525
17.000000000000000	-0.636956554983297	-1.438349993218445	0.035854037087066
17.000000000000000	-0.546486233439812	-1.478818309202784	0.035695812946501
17.000000000000000	-0.453635483149113	-1.513471124060982	0.035394723006598
17.000000000000000	-0.358778181311527	-1.542168903138100	0.034951979650279
17.000000000000000	-0.262296284802261	-1.564796090606496	0.034369365648775
17.000000000000000	-0.164578292165872	-1.581261574768361	0.033649226983040
17.000000000000000	-0.066017679269752	-1.591499054930364	0.032794463397313
17.000000000000000	0.032988685084322	-1.595467308373147	0.031808516722871
17.000000000000000	0.132042137210774	-1.593150356340668	0.030695357018987
17.000000000000000	0.230743823818191	-1.584557528381007	0.029459466586906
17.000000000000000	0.328696308050749	-1.569723424779573	0.028105821921199
17.000000000000000	0.425505169826163	-1.548707777235963	0.026639873671173
17.000000000000000	0.520780594026148	-1.521595208345495	0.025067524693035
17.000000000000000	0.614138940144318	-1.488494890853878	0.023395106281168
17.000000000000000	0.705204287071101	-1.449540108057100	0.021629352674247
17.000000000000000	0.793609946795370	-1.404887717116636	0.019777373938836
17.000000000000000	0.878999940927643	-1.354717517451020	0.017846627339658
17.000000000000000	0.961030434099414	-1.299231526747045	0.015844887311823
17.000000000000000	1.039371118466833	-1.238653167505843	0.013780214155921
17.000000000000000	1.113706543743808	-1.173226367399323	0.011660921582038
17.000000000000000	1.183737387408975	-1.103214577059532	0.009495543233377
17.000000000000000	1.249181659971842	-1.028899709255945	0.007292798324291
17.000000000000000	1.309775840444949	-0.950581003732235	0.005061556531086
17.000000000000000	1.365275937449868	-0.868573822273450	0.002810802276958
17.000000000000000	1.415458471684373	-0.783208378855398	0.000549598554899
17.000000000000000	1.460121375794716	-0.694828409989523	-0.001712949565779
17.000000000000000	1.499084808029537	-0.603789790617289	-0.003967731602347
17.000000000000000	1.532191876399127	-0.510459101127395	-0.006205668343354
17.000000000000000	1.559309270424097	-0.415212151265930	-0.008417748407412
17.000000000000000	1.580327797929621	-0.318432466883170	-0.010595064528840
17.000000000000000	1.595162824723794	-0.220509745610338	-0.012728849424090
17.000000000000000	1.603754615389647	-0.121838287684784	-0.014810511094493
17.000000000000000	1.606068573818586	-0.022815408242099	-0.016831667423212
17.000000000000000	1.602095382516715	0.076160162531710	-0.018784179927067
17.000000000000000	1.591851040123095	0.174689884945947	-0.020660186527331
17.000000000000000	1.575376796988867	0.272377014583903	-0.022452133207550
17.000000000000000	1.552738989076651	0.368828199852588	-0.024152804430898
17.000000000000000	1.524028770849037	0.463655065870771	-0.025755352194602
17.000000000000000	1.489361748221734	0.556475778317548	-0.027253323604426
17.000000000000000	1.448877513059353	0.646916580944387	-0.028640686858201
17.000000000000000	1.402739081088235	0.734613300559628	-0.029911855533767
17.000000000000000	1.351132235489656	0.819212813425392	-0.031061711083517
17.000000000000000	1.294264778816524	0.900374467162239	-0.032085623444988
17.000000000000000	1.232365696245851	0.977771452436070	-0.032979469684484
17.000000000000000	1.165684233536252	1.051092118903971	-0.033739650598674
17.000000000000000	1.094488893403251	1.120041230120149	-0.034363105207319
17.000000000000000	1.019066354353612	1.184341152348896	-0.034847323078755
17.000000000000000	0.939720316332174	1.243732972497651	-0.035190354438515
17.000000000000000	0.856770277829359	1.297977540668651	-0.035390818020383
17.000000000000000	0.770550249373518	1.346856433131152	-0.035447906628268
17.000000000000000	0.681407408588421	1.390172831836709	-0.035361390386495
17.000000000000000	0.589700702231501	1.427752316935986	-0.035131617665434
17.000000000000000	0.495799400841946	1.459443569105935	-0.034759513678737
17.000000000000000	0.400081611818570	1.485118978859298	-0.034246576757825
17.000000000000000	0.302932756914777	1.504675160382972	-0.033594872318642
17.000000000000000	0.204744020281179	1.518033367836195	-0.032807024544949
17.000000000000000	0.105910773305098	1.525139812432248	-0.031886205821664
17.000000000000000	0.006830982589526	1.525965879026920	-0.030836123960790
17.000000000000000	-0.092096392517918	1.520508241341587	-0.029661007271360
17.000000000000000	-0.190473006393477	1.508788875356970	-0.028365587533531
17.000000000000000	-0.287902731134487	1.490854970823612	-0.026955080945380
17.000000000000000	-0.383993251626634	1.466778741245407	-0.025435167119105
17.000000000000000	-0.478357645258441	1.436657133101314	-0.023811966211241
17.000000000000000	-0.570615939922079	1.400611435476094	-0.022092014278947
17.000000000000000	-0.660396644026930	1.358786791671979	-0.020282236961606
17.000000000000000	-0.747338242365103	1.311351614767821	-0.018389921593726
17.000000000000000	-0.831090651805585	1.258496909479064	-0.016422687861413
17.000000000000000	-0.911316630955449	1.200435503049166	-0.014388457120584
17.000000000000000	-0.987693138111920	1.137401188269408	-0.012295420500462
17.000000000000000	-1.059912632037290	1.069647782077840	-0.010152005920794
17.000000000000000	-1.127684310318942	0.997448103528054	-0.007966844155586
17.000000000000000	-1.190735280328027	0.921092875243142	-0.005748734080028


18.000000000000000	-0.802369517190058	-0.327614639091009	-0.012762985106288
18.000000000000000	-0.776261789004706	-0.385943838435132	-0.017182991498679
18.000000000000000	-0.746452595355386	-0.442483901144749	-0.021524650080806
18.000000000000000	-0.713061967343954	-0.497007160342789	-0.025770478525919
18.000000000000000	-0.676224357244399	-0.549294070108108	-0.029903380381409
18.000000000000000	-0.636088097110986	-0.599134089509418	-0.033906713910186
18.000000000000000	-0.592814801497430	-0.646326530379317	-0.037764359101081
18.000000000000000	-0.546578716692126	-0.690681365414697	-0.041460782578442
18.000000000000000	-0.497566019089848	-0.732019993349635	-0.044981100149555
18.000000000000000	-0.445974065525113	-0.770175958119648	-0.048311136738036
18.000000000000000	-0.392010598585868	-0.804995619121516	-0.051437483461858
18.000000000000000	-0.335892910107409	-0.836338769869768	-0.054347551626190
18.000000000000000	-0.277846966214849	-0.864079202558710	-0.057029623413623
18.000000000000000	-0.218106497437290	-0.888105216256717	-0.059472899067691
18.000000000000000	-0.156912057557472	-0.908320066686458	-0.061667540379674
18.000000000000000	-0.094510054986596	-0.924642355779959	-0.063604710303592
18.000000000000000	-0.031151760564616	-0.937006359439890	-0.065276608539875
18.000000000000000	0.032907704218745	-0.945362292187311	-0.066676502944411
18.000000000000000	0.097410394508195	-0.949676507630222	-0.067798756636517
18.000000000000000	0.162096580735759	-0.949931633945710	-0.068638850696667
18.000000000000000	0.226705794460086	-0.946126643830148	-0.069193402362587
18.000000000000000	0.290977877180927	-0.938276858635784	-0.069460178650444
18.000000000000000	0.354654027905597	-0.926413886677062	-0.069438105346284
18.000000000000000	0.417477845249228	-0.910585495955099	-0.069127271331512
18.000000000000000	0.479196359872652	-0.890855421812800	-0.068528928224999
18.000000000000000	0.539561053100645	-0.867303110295129	-0.067645485343252
18.000000000000000	0.598328857618922	-0.840023398247926	-0.066480499998952
18.000000000000000	0.655263136220416	-0.809126131443401	-0.065038663176905
18.000000000000000	0.710134634659800	-0.774735722269978	-0.063325780645106
18.000000000000000	0.762722404779410	-0.736990648767517	-0.061348749576961
18.000000000000000	0.812814694189502	-0.696042897025126	-0.059115530778798
18.000000000000000	0.860209798920381	-0.652057349186815	-0.056635116634518
18.000000000000000	0.904716875613104	-0.605211119529307	-0.053917494896434
18.000000000000000	0.946156709978324	-0.555692841285345	-0.050973608468116
18.000000000000000	0.984362438428984	-0.503701907084251	-0.047815311341186
18.000000000000000	1.019180219981088	-0.449447666068176	-0.044455320863471
18.000000000000000	1.050469855717043	-0.393148580916997	-0.040907166530739
18.000000000000000	1.078105353317222	-0.335031348176205	-0.037185135508188
18.000000000000000	1.101975434386568	-0.275329985429932	-0.033304215101078
18.000000000000000	1.121983982533409	-0.214284888994734	-0.029280032406142
18.000000000000000	1.138050430396252	-0.152141865928469	-0.025128791386783
18.000000000000000	1.150110084060104	-0.089151144252032	-0.020867207625430
18.000000000000000	1.158114383556041	-0.025566365369431	-0.016512441015792
18.000000000000000	1.162031098395061	0.038356437256626	-0.012082026666017
18.000000000000000	1.161844457348887	0.102359869061116	-0.007593804291004
18.000000000000000	1.157555211955138	0.166186210813778	-0.003065846378169
18.000000000000000	1.149180633491153	0.229578456363482	0.001483614584089
18.000000000000000	1.136754443428649	0.292281347511297	0.006036259522179
18.000000000000000	1.120326677649264	0.354042401845167	0.010573756541762
18.000000000000000	1.099963484967713	0.414612929397467	0.015077834743822
18.000000000000000	1.075746860773862	0.473749034031735	0.019530357795125
18.000000000000000	1.047774316866234	0.531212595526328	0.023913396956835
18.000000000000000	1.016158488806409	0.586772228400515	0.028209303277213
18.000000000000000	0.981026682375376	0.640204213622136	0.032400778657721
18.000000000000000	0.942520360958078	0.691293399445190	0.036470945506356
18.000000000000000	0.900794575920299	0.739834067749977	0.040403414697759
18.000000000000000	0.856017342271529	0.785630762397362	0.044182351566437
18.000000000000000	0.808368962127825	0.828499076261656	0.047792539667372
18.000000000000000	0.758041298698829	0.868266393773033	0.051219442047274
18.000000000000000	0.705237003722333	0.904772585979500	0.054449259779764
18.000000000000000	0.650168701457260	0.937870655329677	0.057468987528777
18.000000000000000	0.593058132520819	0.967427327580046	0.060266465916462
18.000000000000000	0.534135261017296	0.993323588443299	0.062830430484704
18.000000000000000	0.473637348553777	1.015455162816863	0.065150557053122
18.000000000000000	0.411807998871390	1.033732934661938	0.067217503290899
18.000000000000000	0.348896176939022	1.048083305842329	0.069022946335052
18.000000000000000	0.285155206459260	1.058448492478167	0.070559616303662
18.000000000000000	0.220841749823248	1.064786757621196	0.071821325569122
18.000000000000000	0.156214774621824	1.067072579314738	0.072802993673535
18.000000000000000	0.091534510874438	1.065296753361599	0.073500667785916
18.000000000000000	0.027061403174702	1.059466430386125	0.073911538618855
18.000000000000000	-0.036944938028056	1.049605087041164	0.074033951740522
18.000000000000000	-0.100226781788454	1.035752431475864	0.073867414236481
18.000000000000000	-0.162529314456600	1.017964243444979	0.073412596694483
18.000000000000000	-0.223601665722731	0.996312149703479	0.072671330504243
18.000000000000000	-0.283197918783403	0.970883335590891	0.071646600483085
18.000000000000000	-0.341078100561667	0.941780193966703	0.070342532857133
18.000000000000000	-0.397009147993952	0.909119912910464	0.068764378646452
18.000000000000000	-0.450765846492763	0.873034003846744	0.066918492521050
18.000000000000000	-0.502131736806337	0.833667771995048	0.064812307212860
18.000000000000000	-0.550899986623651	0.791179731276974	0.062454303586753
18.000000000000000	-0.596874223415143	0.745740966036605	0.059853976491088
18.000000000000000	-0.639869325155571	0.697534442144236	0.057021796525311
18.000000000000000	-0.679712165745082	0.646754270257389	0.053969167878543
18.000000000000000	-0.716242312126903	0.593604924205706	0.050708382408940
18.000000000000000	-0.749312670294642	0.538300417647008	0.047252570148712
18.000000000000000	-0.778790077587936	0.481063442309825	0.043615646434124
18.000000000000000	-0.804555838891480	0.422124471292407	0.039812255873346
18.000000000000000	-0.826506204578370	0.361720831028898	0.035857713377783
18.000000000000000	-0.844552788273231	0.300095745659549	0.031767942494333
18.000000000000000	-0.858622922752951	0.237497357652956	0.027559411286885
18.000000000000000	-0.868659952551948	0.174177728623909	0.023249066025236
18.000000000000000	-0.874623462093729	0.110391824370238	0.018854262948446
18.000000000000000	-0.876489438430151	0.046396488215536	0.014392698377386
18.000000000000000	-0.874250367933093	-0.017550593208256	0.009882337457903
18.000000000000000	-0.867915266549181	-0.081191927573969	0.005341341821515
18.000000000000000	-0.857509643495752	-0.144271253689925	0.000787996454934
18.000000000000000	-0.843075398544245	-0.206534573373310	-0.003759363927123
18.000000000000000	-0.824670653304600	-0.267731174211210	-0.008282428709360
18.000000000000000	-0.802369517190059	-0.327614639091009	-0.012762985106288


