# n	x	y	z
1.000000000000000	-0.261482016602830	0.315143975070022	-0.025474904268299
1.000000000000000	-0.283251481221940	0.295894876582008	-0.025213118746395
1.000000000000000	-0.303750954171272	0.275298312375759	-0.024837198394793
1.000000000000000	-0.322897891308422	0.253437217545904	-0.024348656912070
1.000000000000000	-0.340615194675330	0.230399619005586	-0.023749461482350
1.000000000000000	-0.356831522944550	0.206278281033151	-0.023042024854145
1.000000000000000	-0.371481578685593	0.181170331743136	-0.022229195625071
1.000000000000000	-0.384506371294636	0.155176871985639	-0.021314246771553
1.000000000000000	-0.395853454528862	0.128402568248873	-0.020300862469696
1.000000000000000	-0.405477137688969	0.100955231204163	-0.019193123260418
1.000000000000000	-0.413338669599490	0.072945381590421	-0.017995489618543
1.000000000000000	-0.419406394646100	0.044485805186140	-0.016712783992051
1.000000000000000	-0.423655880241603	0.015691098660869	-0.015350171383777
1.000000000000000	-0.426070015207335	-0.013322791865125	-0.013913138553768
1.000000000000000	-0.426639078673841	-0.042439037694968	-0.012407471926039
1.000000000000000	-0.425360779223392	-0.071540397983099	-0.010839234288684
1.000000000000000	-0.422240264116705	-0.100509691822783	-0.009214740381169
1.000000000000000	-0.417290098566748	-0.129230270092258	-0.007540531467106
1.000000000000000	-0.410530215143062	-0.157586485159582	-0.005823348994888
1.000000000000000	-0.401987833510335	-0.185464156554830	-0.004070107452263
1.000000000000000	-0.391697350824421	-0.212751030734541	-0.002287866524128
1.000000000000000	-0.379700203227134	-0.239337233087128	-0.000483802665668
1.000000000000000	-0.366044698997532	-0.265115710359151	0.001334819794690
1.000000000000000	-0.350785824031521	-0.289982661720988	0.003160677906171
1.000000000000000	-0.333985020433064	-0.313837956736140	0.004986419582585
1.000000000000000	-0.315709939108513	-0.336585538551159	0.006804693206585
1.000000000000000	-0.296034167360287	-0.358133810682694	0.008608177232036
1.000000000000000	-0.275036932576774	-0.378396005844199	0.010389609665295
1.000000000000000	-0.252802783211605	-0.397290535327174	0.012141817306700
1.000000000000000	-0.229421248336868	-0.414741317530098	0.013857744634508
1.000000000000000	-0.204986477141137	-0.430678084312184	0.015530482214998
1.000000000000000	-0.179596859823917	-0.445036663938384	0.017153294524314
1.000000000000000	-0.153354631413038	-0.457759239476314	0.018719647070049
1.000000000000000	-0.126365460100278	-0.468794581604636	0.020223232703335
1.000000000000000	-0.098738021752854	-0.478098254895456	0.021657997015508
1.000000000000000	-0.070583562314060	-0.485632796740103	0.023018162717074
1.000000000000000	-0.042015449855115	-0.491367868197841	0.024298252900815
1.000000000000000	-0.013148718081952	-0.495280376160065	0.025493113095361
1.000000000000000	0.015900396864909	-0.497354566338108	0.026597932020427
1.000000000000000	0.045014924452284	-0.497582086700194	0.027608260960140
1.000000000000000	0.074077630753367	-0.495962021102129	0.028520031676450
1.000000000000000	0.102971490507386	-0.492500892976282	0.029329572790486
1.000000000000000	0.131580158339019	-0.487212639064034	0.030033624565904
1.000000000000000	0.159788437240160	-0.480118553297432	0.030629352034695
1.000000000000000	0.187482742427609	-0.471247201056046	0.031114356412601
1.000000000000000	0.214551558708909	-0.460634304144262	0.031486684758171
1.000000000000000	0.240885889514666	-0.448322596952190	0.031744837836569
1.000000000000000	0.266379695789262	-0.434361654379350	0.031887776156461
1.000000000000000	0.290930322972710	-0.418807692214056	0.031914924155682
1.000000000000000	0.314438914354333	-0.401723340772275	0.031826172518821
1.000000000000000	0.336810809133848	-0.383177392707445	0.031621878617396
1.000000000000000	0.357955923586999	-0.363244526006749	0.031302865070843
1.000000000000000	0.377789113800919	-0.342005003289207	0.030870416434121
1.000000000000000	0.396230518518618	-0.319544348616447	0.030326274025259
1.000000000000000	0.413205880712076	-0.295953003117488	0.029672628913686
1.000000000000000	0.428646846589089	-0.271325960814235	0.028912113097566
1.000000000000000	0.442491240829863	-0.245762386114084	0.028047788905673
1.000000000000000	0.454683316945083	-0.219365214509846	0.027083136666468
1.000000000000000	0.465173981747349	-0.192240738094854	0.026022040694051
1.000000000000000	0.473920993032119	-0.164498177562218	0.024868773647395
1.000000000000000	0.480889129672151	-0.136249242411638	0.023627979325860
1.000000000000000	0.486050333440557	-0.107607681134680	0.022304653970247
1.000000000000000	0.489383821991375	-0.078688823189746	0.020904126144704
1.000000000000000	0.490876172542747	-0.049609114611048	0.019432035280477
1.000000000000000	0.490521375925716	-0.020485649121533	0.017894308967910
1.000000000000000	0.488320860781037	0.008564303362221	0.016297139088134
1.000000000000000	0.484283487806539	0.037423768934560	0.014646956880543
1.000000000000000	0.478425514078225	0.065976540713393	0.012950407046466
1.000000000000000	0.470770527588764	0.094107646764289	0.011214320993298
1.000000000000000	0.461349352266968	0.121703813051881	0.009445689326834
1.000000000000000	0.450199923860714	0.148653919554424	0.007651633702568
1.000000000000000	0.437367137183071	0.174849447704902	0.005839378149297
1.000000000000000	0.422902665336740	0.200184917357003	0.004016219980510
1.000000000000000	0.406864751644700	0.224558311516435	0.002189500410682
1.000000000000000	0.389317975124907	0.247871487127354	0.000366574994789
1.000000000000000	0.370332990453380	0.270030570259816	-0.001445215989907
1.000000000000000	0.349986243462761	0.290946334106956	-0.003238577100573
1.000000000000000	0.328359663321923	0.310534558269851	-0.005006287104971
1.000000000000000	0.305540332636125	0.328716367883338	-0.006741228058816
1.000000000000000	0.281620136796100	0.345418551217260	-0.008436413967222
1.000000000000000	0.256695393988011	0.360573854474263	-0.010085018914843
1.000000000000000	0.230866467354113	0.374121252597101	-0.011680404551419
1.000000000000000	0.204237360865803	0.386006194995003	-0.013216146822073
1.000000000000000	0.176915300536331	0.396180825199648	-0.014686061834712
1.000000000000000	0.149010302659494	0.404604173566276	-0.016084230760377
1.000000000000000	0.120634730812847	0.411242322243982	-0.017405023666279
1.000000000000000	0.091902843409234	0.416068541750934	-0.018643122185552
1.000000000000000	0.062930333618489	0.419063398604561	-0.019793540932439
1.000000000000000	0.033833863511874	0.420214833573331	-0.020851647576678
1.000000000000000	0.004730594305089	0.419518210235016	-0.021813181496265
1.000000000000000	-0.024262285408588	0.416976333645930	-0.022674270933474
1.000000000000000	-0.053028031535405	0.412599439045958	-0.023431448585057
1.000000000000000	-0.081450814568401	0.406405150644857	-0.024081665563852
1.000000000000000	-0.109416185991946	0.398418410655782	-0.024622303675576
1.000000000000000	-0.136811539125521	0.388671378861799	-0.025051185961367
1.000000000000000	-0.163526562551076	0.377203303119789	-0.025366585463633
1.000000000000000	-0.189453684298179	0.364060361323178	-0.025567232179895
1.000000000000000	-0.214488504998368	0.349295475459862	-0.025652318176645
1.000000000000000	-0.238530218264568	0.332968098514038	-0.025621500842604
1.000000000000000	-0.261482016602830	0.315143975070022	-0.025474904268299


2.000000000000000	-0.010001244318213	0.587842837230783	-0.034036312882250
2.000000000000000	-0.054681113104365	0.585872462856800	-0.029861504654511
2.000000000000000	-0.099131846113010	0.581016684088617	-0.025535981566442
2.000000000000000	-0.143174455930931	0.573295053433519	-0.021077160972852
2.000000000000000	-0.186631598512957	0.562738663172852	-0.016502996970559
2.000000000000000	-0.229328287283837	0.549390020164383	-0.011831908103576
2.000000000000000	-0.271092597747422	0.533302874682187	-0.007082703198140
2.000000000000000	-0.311756359765927	0.514542003983263	-0.002274505626203
2.000000000000000	-0.351155834721726	0.493182951472383	0.002573323697637
2.000000000000000	-0.389132374834970	0.469311722515464	0.007441264275704
2.000000000000000	-0.425533061982207	0.443024438126314	0.012309714629399
2.000000000000000	-0.460211323443691	0.414426947921235	0.017159071227437
2.000000000000000	-0.493027522099992	0.383634403899977	0.021969807422348
2.000000000000000	-0.523849518701395	0.350770796769276	0.026722552077394
2.000000000000000	-0.552553203946017	0.315968456676044	0.031398167567302
2.000000000000000	-0.579022998224164	0.279367520360565	0.035977826838722
2.000000000000000	-0.603152317016629	0.241115366875311	0.040443089220131
2.000000000000000	-0.624844000072926	0.201366024141507	0.044775974675905
2.000000000000000	-0.644010702641332	0.160279548733059	0.048959036205579
2.000000000000000	-0.660575247175372	0.118021381385222	0.052975430096759
2.000000000000000	-0.674470934100561	0.074761680823149	0.056808983748805
2.000000000000000	-0.685641810390046	0.030674638592760	0.060444260794191
2.000000000000000	-0.694042894867701	-0.014062222347128	0.063866623255302
2.000000000000000	-0.699640359331446	-0.059268762447107	0.067062290486409
2.000000000000000	-0.702411664767474	-0.104762950925562	0.070018394663463
2.000000000000000	-0.702345652106911	-0.150361598742379	0.072723032598282
2.000000000000000	-0.699442587159440	-0.195881096236559	0.075165313668488
2.000000000000000	-0.693714159542988	-0.241138152457517	0.077335403670199
2.000000000000000	-0.685183435613752	-0.285950533213045	0.079224564416897
2.000000000000000	-0.673884765586130	-0.330137794862093	0.080825188925022
2.000000000000000	-0.659863645216528	-0.373522010897618	0.082130832044613
2.000000000000000	-0.643176532608007	-0.415928488393834	0.083136236411643
2.000000000000000	-0.623890620873429	-0.457186471432965	0.083837353617579
2.000000000000000	-0.602083567572507	-0.497129828679062	0.084231360510887
2.000000000000000	-0.577843182012221	-0.535597722330252	0.084316670564870
2.000000000000000	-0.551267071669728	-0.572435255755807	0.084092940266051
2.000000000000000	-0.522462249161506	-0.607494097210198	0.083561070497377
2.000000000000000	-0.491544701341311	-0.640633077112690	0.082723202910689
2.000000000000000	-0.458638922262061	-0.671718756487411	0.081582711303037
2.000000000000000	-0.423877411882218	-0.700625964275016	0.080144188031595
2.000000000000000	-0.387400142535222	-0.727238301352363	0.078413425521861
2.000000000000000	-0.349353995310310	-0.751448609230701	0.076397392943599
2.000000000000000	-0.309892168614206	-0.773159401545079	0.074104208148455
2.000000000000000	-0.269173561295208	-0.792283256597538	0.071543104982234
2.000000000000000	-0.227362132813612	-0.808743169373427	0.068724396103461
2.000000000000000	-0.184626243034829	-0.822472861613420	0.065659431457946
2.000000000000000	-0.141137974303634	-0.833417048692677	0.062360552576555
2.000000000000000	-0.097072438529293	-0.841531662232512	0.058841042880226
2.000000000000000	-0.052607072071713	-0.846784027548202	0.055115074192316
2.000000000000000	-0.007920921267845	-0.849152995218411	0.051197649673674
2.000000000000000	0.036806078524723	-0.848629026246444	0.047104543410206
2.000000000000000	0.081393827463941	-0.845214230470417	0.042852236896199
2.000000000000000	0.125662786421800	-0.838922358067692	0.038457852669159
2.000000000000000	0.169434699925029	-0.829778744187757	0.033939085363398
2.000000000000000	0.212533313926975	-0.817820206936523	0.029314130459987
2.000000000000000	0.254785085520440	-0.803094899122812	0.024601611019971
2.000000000000000	0.296019881733717	-0.785662114363983	0.019820502695882
2.000000000000000	0.336071664596018	-0.765592048331467	0.014990057323478
2.000000000000000	0.374779159713784	-0.742965516097572	0.010129725401398
2.000000000000000	0.411986505665746	-0.717873626721711	0.005259077770869
2.000000000000000	0.447543881601855	-0.690417416386374	0.000397726810833
2.000000000000000	0.481308110518972	-0.660707441560084	-0.004434752534176
2.000000000000000	0.513143235784121	-0.628863333825515	-0.009218901575429
2.000000000000000	0.542921068583868	-0.595013318165335	-0.013935456233273
2.000000000000000	0.570521704095430	-0.559293696645456	-0.018565424606780
2.000000000000000	0.595834004301074	-0.521848299574719	-0.023090163447428
2.000000000000000	0.618756045501691	-0.482827906351010	-0.027491453228884
2.000000000000000	0.639195528727556	-0.442389638325836	-0.031751571510606
2.000000000000000	0.657070151393708	-0.400696326132100	-0.035853364299855
2.000000000000000	0.672307938703406	-0.357915854022610	-0.039780315124772
2.000000000000000	0.684847533465238	-0.314220483859451	-0.043516611540377
2.000000000000000	0.694638443156868	-0.269786161476261	-0.047047208799707
2.000000000000000	0.701641243240610	-0.224791808206460	-0.050357890433702
2.000000000000000	0.705827735912119	-0.179418600430189	-0.053435325495905
2.000000000000000	0.707181063643006	-0.133849240040971	-0.056267122241482
2.000000000000000	0.705695777060145	-0.088267218769674	-0.058841878024405
2.000000000000000	0.701377856888384	-0.042856079328065	-0.061149225211880
2.000000000000000	0.694244689868272	0.002201323652902	-0.063179872931145
2.000000000000000	0.684324998745791	0.046723559914154	-0.064925644480541
2.000000000000000	0.671658726615999	0.090531354124112	-0.066379510254196
2.000000000000000	0.656296876086280	0.133448307757179	-0.067535616047774
2.000000000000000	0.638301303906847	0.175301609388348	-0.068389306631284
2.000000000000000	0.617744471895444	0.215922730543811	-0.068937144494051
2.000000000000000	0.594709155159174	0.255148104305647	-0.069176923686357
2.000000000000000	0.569288108788361	0.292819783938069	-0.069107678702024
2.000000000000000	0.541583694364542	0.328786078883181	-0.068729688366164
2.000000000000000	0.511707467786502	0.362902165565319	-0.068044474712450
2.000000000000000	0.479779730074040	0.395030670544474	-0.067054796854424
2.000000000000000	0.445929042958231	0.425042223670650	-0.065764639875519
2.000000000000000	0.410291711208699	0.452815979011801	-0.064179198782537
2.000000000000000	0.373011233782426	0.478240101457739	-0.062304857587188
2.000000000000000	0.334237726004097	0.501212217040661	-0.060149163599927
2.000000000000000	0.294127315104665	0.521639825158981	-0.057720797039603
2.000000000000000	0.252841511552102	0.539440671044601	-0.055029536081279
2.000000000000000	0.210546558705750	0.554543076973840	-0.052086217482968
2.000000000000000	0.167412763412979	0.566886230888319	-0.048902692949840
2.000000000000000	0.123613810243629	0.576420431263664	-0.045491781411586
2.000000000000000	0.079326062123546	0.583107287240000	-0.041867217405109
2.000000000000000	0.034727850183325	0.586919873208395	-0.038043595770397
2.000000000000000	-0.010001244318213	0.587842837230783	-0.034036312882250


3.000000000000000	nan	nan	nan
3.000000000000000	nan	nan	nan
3.000000000000000	nan	nan	nan
3.000000000000000	nan	nan	nan
3.000000000000000	nan	nan	nan
3.000000000000000	nan	nan	nan
3.000000000000000	nan	nan	nan
3.000000000000000	nan	nan	nan
3.000000000000000	nan	nan	nan
3.000000000000000	nan	nan	nan
3.000000000000000	nan	nan	nan
3.000000000000000	nan	nan	nan
3.000000000000000	nan	nan	nan
3.000000000000000	nan	nan	nan
3.000000000000000	nan	nan	nan
3.000000000000000	nan	nan	nan
3.000000000000000	nan	nan	nan
3.000000000000000	nan	nan	nan
3.000000000000000	nan	nan	nan
3.000000000000000	nan	nan	nan
3.000000000000000	nan	nan	nan
3.000000000000000	nan	nan	nan
3.000000000000000	nan	nan	nan
3.000000000000000	nan	nan	nan
3.000000000000000	nan	nan	nan
3.000000000000000	nan	nan	nan
3.000000000000000	nan	nan	nan
3.000000000000000	nan	nan	nan
3.000000000000000	nan	nan	nan
3.000000000000000	nan	nan	nan
3.000000000000000	nan	nan	nan
3.000000000000000	nan	nan	nan
3.000000000000000	nan	nan	nan
3.000000000000000	nan	nan	nan
3.000000000000000	nan	nan	nan
3.000000000000000	nan	nan	nan
3.000000000000000	nan	nan	nan
3.000000000000000	nan	nan	nan
3.000000000000000	nan	nan	nan
3.000000000000000	nan	nan	nan
3.000000000000000	nan	nan	nan
3.000000000000000	nan	nan	nan
3.000000000000000	nan	nan	nan
3.000000000000000	nan	nan	nan
3.000000000000000	nan	nan	nan
3.000000000000000	nan	nan	nan
3.000000000000000	nan	nan	nan
3.000000000000000	nan	nan	nan
3.000000000000000	nan	nan	nan
3.000000000000000	nan	nan	nan
3.000000000000000	nan	nan	nan
3.000000000000000	nan	nan	nan
3.000000000000000	nan	nan	nan
3.000000000000000	nan	nan	nan
3.000000000000000	nan	nan	nan
3.000000000000000	nan	nan	nan
3.000000000000000	nan	nan	nan
3.000000000000000	nan	nan	nan
3.000000000000000	nan	nan	nan
3.000000000000000	nan	nan	nan
3.000000000000000	nan	nan	nan
3.000000000000000	nan	nan	nan
3.000000000000000	nan	nan	nan
3.000000000000000	nan	nan	nan
3.000000000000000	nan	nan	nan
3.000000000000000	nan	nan	nan
3.000000000000000	nan	nan	nan
3.000000000000000	nan	nan	nan
3.000000000000000	nan	nan	nan
3.000000000000000	nan	nan	nan
3.000000000000000	nan	nan	nan
3.000000000000000	nan	nan	nan
3.000000000000000	nan	nan	nan
3.000000000000000	nan	nan	nan
3.000000000000000	nan	nan	nan
3.000000000000000	nan	nan	nan
3.000000000000000	nan	nan	nan
3.000000000000000	nan	nan	nan
3.000000000000000	nan	nan	nan
3.000000000000000	nan	nan	nan
3.000000000000000	nan	nan	nan
3.000000000000000	nan	nan	nan
3.000000000000000	nan	nan	nan
3.000000000000000	nan	nan	nan
3.000000000000000	nan	nan	nan
3.000000000000000	nan	nan	nan
3.000000000000000	nan	nan	nan
3.000000000000000	nan	nan	nan
3.000000000000000	nan	nan	nan
3.000000000000000	nan	nan	nan
3.000000000000000	nan	nan	nan
3.000000000000000	nan	nan	nan
3.000000000000000	nan	nan	nan
3.000000000000000	nan	nan	nan
3.000000000000000	nan	nan	nan
3.000000000000000	nan	nan	nan
3.000000000000000	nan	nan	nan
3.000000000000000	nan	nan	nan
3.000000000000000	nan	nan	nan
3.000000000000000	nan	nan	nan


4.000000000000000	nan	nan	nan
4.000000000000000	nan	nan	nan
4.000000000000000	nan	nan	nan
4.000000000000000	nan	nan	nan
4.000000000000000	nan	nan	nan
4.000000000000000	nan	nan	nan
4.000000000000000	nan	nan	nan
4.000000000000000	nan	nan	nan
4.000000000000000	nan	nan	nan
4.000000000000000	nan	nan	nan
4.000000000000000	nan	nan	nan
4.000000000000000	nan	nan	nan
4.000000000000000	nan	nan	nan
4.000000000000000	nan	nan	nan
4.000000000000000	nan	nan	nan
4.000000000000000	nan	nan	nan
4.000000000000000	nan	nan	nan
4.000000000000000	nan	nan	nan
4.000000000000000	nan	nan	nan
4.000000000000000	nan	nan	nan
4.000000000000000	nan	nan	nan
4.000000000000000	nan	nan	nan
4.000000000000000	nan	nan	nan
4.000000000000000	nan	nan	nan
4.000000000000000	nan	nan	nan
4.000000000000000	nan	nan	nan
4.000000000000000	nan	nan	nan
4.000000000000000	nan	nan	nan
4.000000000000000	nan	nan	nan
4.000000000000000	nan	nan	nan
4.000000000000000	nan	nan	nan
4.000000000000000	nan	nan	nan
4.000000000000000	nan	nan	nan
4.000000000000000	nan	nan	nan
4.000000000000000	nan	nan	nan
4.000000000000000	nan	nan	nan
4.000000000000000	nan	nan	nan
4.000000000000000	nan	nan	nan
4.000000000000000	nan	nan	nan
4.000000000000000	nan	nan	nan
4.000000000000000	nan	nan	nan
4.000000000000000	nan	nan	nan
4.000000000000000	nan	nan	nan
4.000000000000000	nan	nan	nan
4.000000000000000	nan	nan	nan
4.000000000000000	nan	nan	nan
4.000000000000000	nan	nan	nan
4.000000000000000	nan	nan	nan
4.000000000000000	nan	nan	nan
4.000000000000000	nan	nan	nan
4.000000000000000	nan	nan	nan
4.000000000000000	nan	nan	nan
4.000000000000000	nan	nan	nan
4.000000000000000	nan	nan	nan
4.000000000000000	nan	nan	nan
4.000000000000000	nan	nan	nan
4.000000000000000	nan	nan	nan
4.000000000000000	nan	nan	nan
4.000000000000000	nan	nan	nan
4.000000000000000	nan	nan	nan
4.000000000000000	nan	nan	nan
4.000000000000000	nan	nan	nan
4.000000000000000	nan	nan	nan
4.000000000000000	nan	nan	nan
4.000000000000000	nan	nan	nan
4.000000000000000	nan	nan	nan
4.000000000000000	nan	nan	nan
4.000000000000000	nan	nan	nan
4.000000000000000	nan	nan	nan
4.000000000000000	nan	nan	nan
4.000000000000000	nan	nan	nan
4.000000000000000	nan	nan	nan
4.000000000000000	nan	nan	nan
4.000000000000000	nan	nan	nan
4.000000000000000	nan	nan	nan
4.000000000000000	nan	nan	nan
4.000000000000000	nan	nan	nan
4.000000000000000	nan	nan	nan
4.000000000000000	nan	nan	nan
4.000000000000000	nan	nan	nan
4.000000000000000	nan	nan	nan
4.000000000000000	nan	nan	nan
4.000000000000000	nan	nan	nan
4.000000000000000	nan	nan	nan
4.000000000000000	nan	nan	nan
4.000000000000000	nan	nan	nan
4.000000000000000	nan	nan	nan
4.000000000000000	nan	nan	nan
4.000000000000000	nan	nan	nan
4.000000000000000	nan	nan	nan
4.000000000000000	nan	nan	nan
4.000000000000000	nan	nan	nan
4.000000000000000	nan	nan	nan
4.000000000000000	nan	nan	nan
4.000000000000000	nan	nan	nan
4.000000000000000	nan	nan	nan
4.000000000000000	nan	nan	nan
4.000000000000000	nan	nan	nan
4.000000000000000	nan	nan	nan
4.000000000000000	nan	nan	nan


5.000000000000000	nan	nan	nan
5.000000000000000	nan	nan	nan
5.000000000000000	nan	nan	nan
5.000000000000000	nan	nan	nan
5.000000000000000	nan	nan	nan
5.000000000000000	nan	nan	nan
5.000000000000000	nan	nan	nan
5.000000000000000	nan	nan	nan
5.000000000000000	nan	nan	nan
5.000000000000000	nan	nan	nan
5.000000000000000	nan	nan	nan
5.000000000000000	nan	nan	nan
5.000000000000000	nan	nan	nan
5.000000000000000	nan	nan	nan
5.000000000000000	nan	nan	nan
5.000000000000000	nan	nan	nan
5.000000000000000	nan	nan	nan
5.000000000000000	nan	nan	nan
5.000000000000000	nan	nan	nan
5.000000000000000	nan	nan	nan
5.000000000000000	nan	nan	nan
5.000000000000000	nan	nan	nan
5.000000000000000	nan	nan	nan
5.000000000000000	nan	nan	nan
5.000000000000000	nan	nan	nan
5.000000000000000	nan	nan	nan
5.000000000000000	nan	nan	nan
5.000000000000000	nan	nan	nan
5.000000000000000	nan	nan	nan
5.000000000000000	nan	nan	nan
5.000000000000000	nan	nan	nan
5.000000000000000	nan	nan	nan
5.000000000000000	nan	nan	nan
5.000000000000000	nan	nan	nan
5.000000000000000	nan	nan	nan
5.000000000000000	nan	nan	nan
5.000000000000000	nan	nan	nan
5.000000000000000	nan	nan	nan
5.000000000000000	nan	nan	nan
5.000000000000000	nan	nan	nan
5.000000000000000	nan	nan	nan
5.000000000000000	nan	nan	nan
5.000000000000000	nan	nan	nan
5.000000000000000	nan	nan	nan
5.000000000000000	nan	nan	nan
5.000000000000000	nan	nan	nan
5.000000000000000	nan	nan	nan
5.000000000000000	nan	nan	nan
5.000000000000000	nan	nan	nan
5.000000000000000	nan	nan	nan
5.000000000000000	nan	nan	nan
5.000000000000000	nan	nan	nan
5.000000000000000	nan	nan	nan
5.000000000000000	nan	nan	nan
5.000000000000000	nan	nan	nan
5.000000000000000	nan	nan	nan
5.000000000000000	nan	nan	nan
5.000000000000000	nan	nan	nan
5.000000000000000	nan	nan	nan
5.000000000000000	nan	nan	nan
5.000000000000000	nan	nan	nan
5.000000000000000	nan	nan	nan
5.000000000000000	nan	nan	nan
5.000000000000000	nan	nan	nan
5.000000000000000	nan	nan	nan
5.000000000000000	nan	nan	nan
5.000000000000000	nan	nan	nan
5.000000000000000	nan	nan	nan
5.000000000000000	nan	nan	nan
5.000000000000000	nan	nan	nan
5.000000000000000	nan	nan	nan
5.000000000000000	nan	nan	nan
5.000000000000000	nan	nan	nan
5.000000000000000	nan	nan	nan
5.000000000000000	nan	nan	nan
5.000000000000000	nan	nan	nan
5.000000000000000	nan	nan	nan
5.000000000000000	nan	nan	nan
5.000000000000000	nan	nan	nan
5.000000000000000	nan	nan	nan
5.000000000000000	nan	nan	nan
5.000000000000000	nan	nan	nan
5.000000000000000	nan	nan	nan
5.000000000000000	nan	nan	nan
5.000000000000000	nan	nan	nan
5.000000000000000	nan	nan	nan
5.000000000000000	nan	nan	nan
5.000000000000000	nan	nan	nan
5.000000000000000	nan	nan	nan
5.000000000000000	nan	nan	nan
5.000000000000000	nan	nan	nan
5.000000000000000	nan	nan	nan
5.000000000000000	nan	nan	nan
5.000000000000000	nan	nan	nan
5.000000000000000	nan	nan	nan
5.000000000000000	nan	nan	nan
5.000000000000000	nan	nan	nan
5.000000000000000	nan	nan	nan
5.000000000000000	nan	nan	nan
5.000000000000000	nan	nan	nan


6.000000000000000	nan	nan	nan
6.000000000000000	nan	nan	nan
6.000000000000000	nan	nan	nan
6.000000000000000	nan	nan	nan
6.000000000000000	nan	nan	nan
6.000000000000000	nan	nan	nan
6.000000000000000	nan	nan	nan
6.000000000000000	nan	nan	nan
6.000000000000000	nan	nan	nan
6.000000000000000	nan	nan	nan
6.000000000000000	nan	nan	nan
6.000000000000000	nan	nan	nan
6.000000000000000	nan	nan	nan
6.000000000000000	nan	nan	nan
6.000000000000000	nan	nan	nan
6.000000000000000	nan	nan	nan
6.000000000000000	nan	nan	nan
6.000000000000000	nan	nan	nan
6.000000000000000	nan	nan	nan
6.000000000000000	nan	nan	nan
6.000000000000000	nan	nan	nan
6.000000000000000	nan	nan	nan
6.000000000000000	nan	nan	nan
6.000000000000000	nan	nan	nan
6.000000000000000	nan	nan	nan
6.000000000000000	nan	nan	nan
6.000000000000000	nan	nan	nan
6.000000000000000	nan	nan	nan
6.000000000000000	nan	nan	nan
6.000000000000000	nan	nan	nan
6.000000000000000	nan	nan	nan
6.000000000000000	nan	nan	nan
6.000000000000000	nan	nan	nan
6.000000000000000	nan	nan	nan
6.000000000000000	nan	nan	nan
6.000000000000000	nan	nan	nan
6.000000000000000	nan	nan	nan
6.000000000000000	nan	nan	nan
6.000000000000000	nan	nan	nan
6.000000000000000	nan	nan	nan
6.000000000000000	nan	nan	nan
6.000000000000000	nan	nan	nan
6.000000000000000	nan	nan	nan
6.000000000000000	nan	nan	nan
6.000000000000000	nan	nan	nan
6.000000000000000	nan	nan	nan
6.000000000000000	nan	nan	nan
6.000000000000000	nan	nan	nan
6.000000000000000	nan	nan	nan
6.000000000000000	nan	nan	nan
6.000000000000000	nan	nan	nan
6.000000000000000	nan	nan	nan
6.000000000000000	nan	nan	nan
6.000000000000000	nan	nan	nan
6.000000000000000	nan	nan	nan
6.000000000000000	nan	nan	nan
6.000000000000000	nan	nan	nan
6.000000000000000	nan	nan	nan
6.000000000000000	nan	nan	nan
6.000000000000000	nan	nan	nan
6.000000000000000	nan	nan	nan
6.000000000000000	nan	nan	nan
6.000000000000000	nan	nan	nan
6.000000000000000	nan	nan	nan
6.000000000000000	nan	nan	nan
6.000000000000000	nan	nan	nan
6.000000000000000	nan	nan	nan
6.000000000000000	nan	nan	nan
6.000000000000000	nan	nan	nan
6.000000000000000	nan	nan	nan
6.000000000000000	nan	nan	nan
6.000000000000000	nan	nan	nan
6.000000000000000	nan	nan	nan
6.000000000000000	nan	nan	nan
6.000000000000000	nan	nan	nan
6.000000000000000	nan	nan	nan
6.000000000000000	nan	nan	nan
6.000000000000000	nan	nan	nan
6.000000000000000	nan	nan	nan
6.000000000000000	nan	nan	nan
6.000000000000000	nan	nan	nan
6.000000000000000	nan	nan	nan
6.000000000000000	nan	nan	nan
6.000000000000000	nan	nan	nan
6.000000000000000	nan	nan	nan
6.000000000000000	nan	nan	nan
6.000000000000000	nan	nan	nan
6.000000000000000	nan	nan	nan
6.000000000000000	nan	nan	nan
6.000000000000000	nan	nan	nan
6.000000000000000	nan	nan	nan
6.000000000000000	nan	nan	nan
6.000000000000000	nan	nan	nan
6.000000000000000	nan	nan	nan
6.000000000000000	nan	nan	nan
6.000000000000000	nan	nan	nan
6.000000000000000	nan	nan	nan
6.000000000000000	nan	nan	nan
6.000000000000000	nan	nan	nan
6.000000000000000	nan	nan	nan


7.000000000000000	nan	nan	nan
7.000000000000000	nan	nan	nan
7.000000000000000	nan	nan	nan
7.000000000000000	nan	nan	nan
7.000000000000000	nan	nan	nan
7.000000000000000	nan	nan	nan
7.000000000000000	nan	nan	nan
7.000000000000000	nan	nan	nan
7.000000000000000	nan	nan	nan
7.000000000000000	nan	nan	nan
7.000000000000000	nan	nan	nan
7.000000000000000	nan	nan	nan
7.000000000000000	nan	nan	nan
7.000000000000000	nan	nan	nan
7.000000000000000	nan	nan	nan
7.000000000000000	nan	nan	nan
7.000000000000000	nan	nan	nan
7.000000000000000	nan	nan	nan
7.000000000000000	nan	nan	nan
7.000000000000000	nan	nan	nan
7.000000000000000	nan	nan	nan
7.000000000000000	nan	nan	nan
7.000000000000000	nan	nan	nan
7.000000000000000	nan	nan	nan
7.000000000000000	nan	nan	nan
7.000000000000000	nan	nan	nan
7.000000000000000	nan	nan	nan
7.000000000000000	nan	nan	nan
7.000000000000000	nan	nan	nan
7.000000000000000	nan	nan	nan
7.000000000000000	nan	nan	nan
7.000000000000000	nan	nan	nan
7.000000000000000	nan	nan	nan
7.000000000000000	nan	nan	nan
7.000000000000000	nan	nan	nan
7.000000000000000	nan	nan	nan
7.000000000000000	nan	nan	nan
7.000000000000000	nan	nan	nan
7.000000000000000	nan	nan	nan
7.000000000000000	nan	nan	nan
7.000000000000000	nan	nan	nan
7.000000000000000	nan	nan	nan
7.000000000000000	nan	nan	nan
7.000000000000000	nan	nan	nan
7.000000000000000	nan	nan	nan
7.000000000000000	nan	nan	nan
7.000000000000000	nan	nan	nan
7.000000000000000	nan	nan	nan
7.000000000000000	nan	nan	nan
7.000000000000000	nan	nan	nan
7.000000000000000	nan	nan	nan
7.000000000000000	nan	nan	nan
7.000000000000000	nan	nan	nan
7.000000000000000	nan	nan	nan
7.000000000000000	nan	nan	nan
7.000000000000000	nan	nan	nan
7.000000000000000	nan	nan	nan
7.000000000000000	nan	nan	nan
7.000000000000000	nan	nan	nan
7.000000000000000	nan	nan	nan
7.000000000000000	nan	nan	nan
7.000000000000000	nan	nan	nan
7.000000000000000	nan	nan	nan
7.000000000000000	nan	nan	nan
7.000000000000000	nan	nan	nan
7.000000000000000	nan	nan	nan
7.000000000000000	nan	nan	nan
7.000000000000000	nan	nan	nan
7.000000000000000	nan	nan	nan
7.000000000000000	nan	nan	nan
7.000000000000000	nan	nan	nan
7.000000000000000	nan	nan	nan
7.000000000000000	nan	nan	nan
7.000000000000000	nan	nan	nan
7.000000000000000	nan	nan	nan
7.000000000000000	nan	nan	nan
7.000000000000000	nan	nan	nan
7.000000000000000	nan	nan	nan
7.000000000000000	nan	nan	nan
7.000000000000000	nan	nan	nan
7.000000000000000	nan	nan	nan
7.000000000000000	nan	nan	nan
7.000000000000000	nan	nan	nan
7.000000000000000	nan	nan	nan
7.000000000000000	nan	nan	nan
7.000000000000000	nan	nan	nan
7.000000000000000	nan	nan	nan
7.000000000000000	nan	nan	nan
7.000000000000000	nan	nan	nan
7.000000000000000	nan	nan	nan
7.000000000000000	nan	nan	nan
7.000000000000000	nan	nan	nan
7.000000000000000	nan	nan	nan
7.000000000000000	nan	nan	nan
7.000000000000000	nan	nan	nan
7.000000000000000	nan	nan	nan
7.000000000000000	nan	nan	nan
7.000000000000000	nan	nan	nan
7.000000000000000	nan	nan	nan
7.000000000000000	nan	nan	nan


8.000000000000000	1.292273812495748	0.926738879125032	0.187879768268574
8.000000000000000	1.220281364952546	1.019810860853111	0.191787932017537
8.000000000000000	1.142484359930095	1.108137514945012	0.194794306009731
8.000000000000000	1.059196058509654	1.191363181139048	0.196886784638170
8.000000000000000	0.970751833284955	1.269152739051437	0.198056942229944
8.000000000000000	0.877507817935141	1.341192957587804	0.198300066973431
8.000000000000000	0.779839473200129	1.407193756214252	0.197615179891098
8.000000000000000	0.678140075032736	1.466889373009281	0.196005038781500
8.000000000000000	0.572819131015212	1.520039434793253	0.193476127114595
8.000000000000000	0.464300731416745	1.566429925026349	0.190038627925103
8.000000000000000	0.353021841531624	1.605874045577633	0.185706382809016
8.000000000000000	0.239430542174227	1.638212968895202	0.180496836188376
8.000000000000000	0.123984225415724	1.663316477548678	0.174430965068750
8.000000000000000	0.007147752827644	1.681083488568840	0.167533194572223
8.000000000000000	-0.110608416351606	1.691442460473066	0.159831299586060
8.000000000000000	-0.228810119590047	1.694351681337632	0.151356292923035
8.000000000000000	-0.346981400347294	1.689799436756908	0.142142300443778
8.000000000000000	-0.464646424583553	1.677804057013134	0.132226423643984
8.000000000000000	-0.581331396775362	1.658413843266844	0.121648590259777
8.000000000000000	-0.696566467722939	1.631706873065139	0.110451393492815
8.000000000000000	-0.809887626467077	1.597790685950962	0.098679920502498
8.000000000000000	-0.920838568697512	1.556801850439315	0.086381570855890
8.000000000000000	-1.028972534129325	1.508905414104050	0.073605865666392
8.000000000000000	-1.133854105448932	1.454294238989541	0.060404248189696
8.000000000000000	-1.235060961585924	1.393188225023298	0.046829876679953
8.000000000000000	-1.332185578250969	1.325833424556578	0.032937410340243
8.000000000000000	-1.424836868892283	1.252501051598402	0.018782789229256
8.000000000000000	-1.512641759463151	1.173486389732470	0.004423009010420
8.000000000000000	-1.595246690659432	1.089107603114382	-0.010084108549518
8.000000000000000	-1.672319041578095	0.999704455336884	-0.024680148408340
8.000000000000000	-1.743548469064195	0.905636941321790	-0.039306337465118
8.000000000000000	-1.808648157353230	0.807283837747497	-0.053903781218740
8.000000000000000	-1.867355972976988	0.705041177848984	-0.068413700915289
8.000000000000000	-1.919435520282511	0.599320656731752	-0.082777670229333
8.000000000000000	-1.964677093313951	0.490547973620941	-0.096937850526116
8.000000000000000	-2.002898520224441	0.379161117720796	-0.110837223757331
8.000000000000000	-2.033945896817827	0.265608604586734	-0.124419822052673
8.000000000000000	-2.057694206266547	0.150347670111490	-0.137630953082701
8.000000000000000	-2.074047822510266	0.033842429397569	-0.150417420285543
8.000000000000000	-2.082940895308281	-0.083437992070473	-0.162727737070676
8.000000000000000	-2.084337615395186	-0.201021347428777	-0.174512334137257
8.000000000000000	-2.078232358672157	-0.318434170005630	-0.185723759072199
8.000000000000000	-2.064649708853203	-0.435203679804638	-0.196316867424291
8.000000000000000	-2.043644358475236	-0.550859687222911	-0.206249004484971
8.000000000000000	-2.015300888670518	-0.664936486338642	-0.215480177043781
8.000000000000000	-1.979733428588303	-0.776974730144490	-0.223973214426913
8.000000000000000	-1.937085195837029	-0.886523280175846	-0.231693918170388
8.000000000000000	-1.887527919797555	-0.993141023086214	-0.238611199725207
8.000000000000000	-1.831261150129563	-1.096398646854961	-0.244697205639958
8.000000000000000	-1.768511453255500	-1.195880369475304	-0.249927429716842
8.000000000000000	-1.699531500057561	-1.291185613161707	-0.254280811689476
8.000000000000000	-1.624599048461232	-1.381930617335235	-0.257739822025155
8.000000000000000	-1.544015825002148	-1.467749983891967	-0.260290532510093
8.000000000000000	-1.458106309879833	-1.548298148532188	-0.261922672333425
8.000000000000000	-1.367216430390456	-1.623250772225865	-0.262629669444136
8.000000000000000	-1.271712167999704	-1.692306047211445	-0.262408677014391
8.000000000000000	-1.171978084664591	-1.755185912269191	-0.261260584902707
8.000000000000000	-1.068415774338184	-1.811637172375571	-0.259190016070806
8.000000000000000	-0.961442245892494	-1.861432518230258	-0.256205307968580
8.000000000000000	-0.851488243970934	-1.904371441550451	-0.252318478962121
8.000000000000000	-0.738996514531660	-1.940281042446965	-0.247545179940008
8.000000000000000	-0.624420022065870	-1.969016725631061	-0.241904631292695
8.000000000000000	-0.508220125669665	-1.990462782648637	-0.235419545518790
8.000000000000000	-0.390864721313803	-2.004532857797333	-0.228116035769832
8.000000000000000	-0.272826357791765	-2.011170295850474	-0.220023510701854
8.000000000000000	-0.154580333932551	-2.010348370187659	-0.211174556057096
8.000000000000000	-0.036602784740044	-2.002070390413441	-0.201604803452731
8.000000000000000	0.080631235834598	-1.986369689030708	-0.191352786904911
8.000000000000000	0.196649667767538	-1.963309487222465	-0.180459787665890
8.000000000000000	0.310985345781365	-1.932982640282438	-0.168969667998986
8.000000000000000	0.423177880454784	-1.895511263719583	-0.156928694560732
8.000000000000000	0.532775512048319	-1.851046241542030	-0.144385352101378
8.000000000000000	0.639336929581343	-1.799766618700436	-0.131390148233912
8.000000000000000	0.742433047835642	-1.741878880137160	-0.117995410057733
8.000000000000000	0.841648735130137	-1.677616119344279	-0.104255073455886
8.000000000000000	0.936584484909651	-1.607237099778367	-0.090224465914302
8.000000000000000	1.026858024416803	-1.531025212911379	-0.075960083737534
8.000000000000000	1.112105853969483	-1.449287337113216	-0.061519364558085
8.000000000000000	1.191984710645771	-1.362352601960844	-0.046960456055326
8.000000000000000	1.266172950482577	-1.270571062949650	-0.032341981815324
8.000000000000000	1.334371843622354	-1.174312291943509	-0.017722805274343
8.000000000000000	1.396306777192804	-1.073963889039328	-0.003161792696566
8.000000000000000	1.451728361075986	-0.969929921838260	0.011282423859574
8.000000000000000	1.500413432114307	-0.862629298408084	0.025551682632002
8.000000000000000	1.542165952709786	-0.752494080488266	0.039588526351888
8.000000000000000	1.576817800198279	-0.639967743729828	0.053336433603789
8.000000000000000	1.604229443820103	-0.525503391975430	0.066740046417437
8.000000000000000	1.624290506561161	-0.409561932770107	0.079745393174756
8.000000000000000	1.636920209602222	-0.292610221449262	0.092300105934510
8.000000000000000	1.642067697586715	-0.175119181277005	0.104353631299521
8.000000000000000	1.639712243397300	-0.057561907204383	0.115857433977363
8.000000000000000	1.629863331616656	0.059588239117023	0.126765192214847
8.000000000000000	1.612560620336410	0.175859535395391	0.137032984319376
8.000000000000000	1.587873781468004	0.290783798157839	0.146619465516098
8.000000000000000	1.555902220198495	0.403898267960023	0.155486034428724
8.000000000000000	1.516774674720952	0.514747472755096	0.163596988513641
8.000000000000000	1.470648697851190	0.622885061918887	0.170919667821460
8.000000000000000	1.417710022618188	0.727875603546320	0.177424586507104
8.000000000000000	1.358171814382732	0.829296337782018	0.183085551558896
8.000000000000000	1.292273812495748	0.926738879125032	0.187879768268574


9.000000000000000	nan	nan	nan
9.000000000000000	nan	nan	nan
9.000000000000000	nan	nan	nan
9.000000000000000	nan	nan	nan
9.000000000000000	nan	nan	nan
9.000000000000000	nan	nan	nan
9.000000000000000	nan	nan	nan
9.000000000000000	nan	nan	nan
9.000000000000000	nan	nan	nan
9.000000000000000	nan	nan	nan
9.000000000000000	nan	nan	nan
9.000000000000000	nan	nan	nan
9.000000000000000	nan	nan	nan
9.000000000000000	nan	nan	nan
9.000000000000000	nan	nan	nan
9.000000000000000	nan	nan	nan
9.000000000000000	nan	nan	nan
9.000000000000000	nan	nan	nan
9.000000000000000	nan	nan	nan
9.000000000000000	nan	nan	nan
9.000000000000000	nan	nan	nan
9.000000000000000	nan	nan	nan
9.000000000000000	nan	nan	nan
9.000000000000000	nan	nan	nan
9.000000000000000	nan	nan	nan
9.000000000000000	nan	nan	nan
9.000000000000000	nan	nan	nan
9.000000000000000	nan	nan	nan
9.000000000000000	nan	nan	nan
9.000000000000000	nan	nan	nan
9.000000000000000	nan	nan	nan
9.000000000000000	nan	nan	nan
9.000000000000000	nan	nan	nan
9.000000000000000	nan	nan	nan
9.000000000000000	nan	nan	nan
9.000000000000000	nan	nan	nan
9.000000000000000	nan	nan	nan
9.000000000000000	nan	nan	nan
9.000000000000000	nan	nan	nan
9.000000000000000	nan	nan	nan
9.000000000000000	nan	nan	nan
9.000000000000000	nan	nan	nan
9.000000000000000	nan	nan	nan
9.000000000000000	nan	nan	nan
9.000000000000000	nan	nan	nan
9.000000000000000	nan	nan	nan
9.000000000000000	nan	nan	nan
9.000000000000000	nan	nan	nan
9.000000000000000	nan	nan	nan
9.000000000000000	nan	nan	nan
9.000000000000000	nan	nan	nan
9.000000000000000	nan	nan	nan
9.000000000000000	nan	nan	nan
9.000000000000000	nan	nan	nan
9.000000000000000	nan	nan	nan
9.000000000000000	nan	nan	nan
9.000000000000000	nan	nan	nan
9.000000000000000	nan	nan	nan
9.000000000000000	nan	nan	nan
9.000000000000000	nan	nan	nan
9.000000000000000	nan	nan	nan
9.000000000000000	nan	nan	nan
9.000000000000000	nan	nan	nan
9.000000000000000	nan	nan	nan
9.000000000000000	nan	nan	nan
9.000000000000000	nan	nan	nan
9.000000000000000	nan	nan	nan
9.000000000000000	nan	nan	nan
9.000000000000000	nan	nan	nan
9.000000000000000	nan	nan	nan
9.000000000000000	nan	nan	nan
9.000000000000000	nan	nan	nan
9.000000000000000	nan	nan	nan
9.000000000000000	nan	nan	nan
9.000000000000000	nan	nan	nan
9.000000000000000	nan	nan	nan
9.000000000000000	nan	nan	nan
9.000000000000000	nan	nan	nan
9.000000000000000	nan	nan	nan
9.000000000000000	nan	nan	nan
9.000000000000000	nan	nan	nan
9.000000000000000	nan	nan	nan
9.000000000000000	nan	nan	nan
9.000000000000000	nan	nan	nan
9.000000000000000	nan	nan	nan
9.000000000000000	nan	nan	nan
9.000000000000000	nan	nan	nan
9.000000000000000	nan	nan	nan
9.000000000000000	nan	nan	nan
9.000000000000000	nan	nan	nan
9.000000000000000	nan	nan	nan
9.000000000000000	nan	nan	nan
9.000000000000000	nan	nan	nan
9.000000000000000	nan	nan	nan
9.000000000000000	nan	nan	nan
9.000000000000000	nan	nan	nan
9.000000000000000	nan	nan	nan
9.000000000000000	nan	nan	nan
9.000000000000000	nan	nan	nan
9.000000000000000	nan	nan	nan


10.000000000000000	nan	nan	nan
10.000000000000000	nan	nan	nan
10.000000000000000	nan	nan	nan
10.000000000000000	nan	nan	nan
10.000000000000000	nan	nan	nan
10.000000000000000	nan	nan	nan
10.000000000000000	nan	nan	nan
10.000000000000000	nan	nan	nan
10.000000000000000	nan	nan	nan
10.000000000000000	nan	nan	nan
10.000000000000000	nan	nan	nan
10.000000000000000	nan	nan	nan
10.000000000000000	nan	nan	nan
10.000000000000000	nan	nan	nan
10.000000000000000	nan	nan	nan
10.000000000000000	nan	nan	nan
10.000000000000000	nan	nan	nan
10.000000000000000	nan	nan	nan
10.000000000000000	nan	nan	nan
10.000000000000000	nan	nan	nan
10.000000000000000	nan	nan	nan
10.000000000000000	nan	nan	nan
10.000000000000000	nan	nan	nan
10.000000000000000	nan	nan	nan
10.000000000000000	nan	nan	nan
10.000000000000000	nan	nan	nan
10.000000000000000	nan	nan	nan
10.000000000000000	nan	nan	nan
10.000000000000000	nan	nan	nan
10.000000000000000	nan	nan	nan
10.000000000000000	nan	nan	nan
10.000000000000000	nan	nan	nan
10.000000000000000	nan	nan	nan
10.000000000000000	nan	nan	nan
10.000000000000000	nan	nan	nan
10.000000000000000	nan	nan	nan
10.000000000000000	nan	nan	nan
10.000000000000000	nan	nan	nan
10.000000000000000	nan	nan	nan
10.000000000000000	nan	nan	nan
10.000000000000000	nan	nan	nan
10.000000000000000	nan	nan	nan
10.000000000000000	nan	nan	nan
10.000000000000000	nan	nan	nan
10.000000000000000	nan	nan	nan
10.000000000000000	nan	nan	nan
10.000000000000000	nan	nan	nan
10.000000000000000	nan	nan	nan
10.000000000000000	nan	nan	nan
10.000000000000000	nan	nan	nan
10.000000000000000	nan	nan	nan
10.000000000000000	nan	nan	nan
10.000000000000000	nan	nan	nan
10.000000000000000	nan	nan	nan
10.000000000000000	nan	nan	nan
10.000000000000000	nan	nan	nan
10.000000000000000	nan	nan	nan
10.000000000000000	nan	nan	nan
10.000000000000000	nan	nan	nan
10.000000000000000	nan	nan	nan
10.000000000000000	nan	nan	nan
10.000000000000000	nan	nan	nan
10.000000000000000	nan	nan	nan
10.000000000000000	nan	nan	nan
10.000000000000000	nan	nan	nan
10.000000000000000	nan	nan	nan
10.000000000000000	nan	nan	nan
10.000000000000000	nan	nan	nan
10.000000000000000	nan	nan	nan
10.000000000000000	nan	nan	nan
10.000000000000000	nan	nan	nan
10.000000000000000	nan	nan	nan
10.000000000000000	nan	nan	nan
10.000000000000000	nan	nan	nan
10.000000000000000	nan	nan	nan
10.000000000000000	nan	nan	nan
10.000000000000000	nan	nan	nan
10.000000000000000	nan	nan	nan
10.000000000000000	nan	nan	nan
10.000000000000000	nan	nan	nan
10.000000000000000	nan	nan	nan
10.000000000000000	nan	nan	nan
10.000000000000000	nan	nan	nan
10.000000000000000	nan	nan	nan
10.000000000000000	nan	nan	nan
10.000000000000000	nan	nan	nan
10.000000000000000	nan	nan	nan
10.000000000000000	nan	nan	nan
10.000000000000000	nan	nan	nan
10.000000000000000	nan	nan	nan
10.000000000000000	nan	nan	nan
10.000000000000000	nan	nan	nan
10.000000000000000	nan	nan	nan
10.000000000000000	nan	nan	nan
10.000000000000000	nan	nan	nan
10.000000000000000	nan	nan	nan
10.000000000000000	nan	nan	nan
10.000000000000000	nan	nan	nan
10.000000000000000	nan	nan	nan
10.000000000000000	nan	nan	nan


11.000000000000000	nan	nan	nan
11.000000000000000	nan	nan	nan
11.000000000000000	nan	nan	nan
11.000000000000000	nan	nan	nan
11.000000000000000	nan	nan	nan
11.000000000000000	nan	nan	nan
11.000000000000000	nan	nan	nan
11.000000000000000	nan	nan	nan
11.000000000000000	nan	nan	nan
11.000000000000000	nan	nan	nan
11.000000000000000	nan	nan	nan
11.000000000000000	nan	nan	nan
11.000000000000000	nan	nan	nan
11.000000000000000	nan	nan	nan
11.000000000000000	nan	nan	nan
11.000000000000000	nan	nan	nan
11.000000000000000	nan	nan	nan
11.000000000000000	nan	nan	nan
11.000000000000000	nan	nan	nan
11.000000000000000	nan	nan	nan
11.000000000000000	nan	nan	nan
11.000000000000000	nan	nan	nan
11.000000000000000	nan	nan	nan
11.000000000000000	nan	nan	nan
11.000000000000000	nan	nan	nan
11.000000000000000	nan	nan	nan
11.000000000000000	nan	nan	nan
11.000000000000000	nan	nan	nan
11.000000000000000	nan	nan	nan
11.000000000000000	nan	nan	nan
11.000000000000000	nan	nan	nan
11.000000000000000	nan	nan	nan
11.000000000000000	nan	nan	nan
11.000000000000000	nan	nan	nan
11.000000000000000	nan	nan	nan
11.000000000000000	nan	nan	nan
11.000000000000000	nan	nan	nan
11.000000000000000	nan	nan	nan
11.000000000000000	nan	nan	nan
11.000000000000000	nan	nan	nan
11.000000000000000	nan	nan	nan
11.000000000000000	nan	nan	nan
11.000000000000000	nan	nan	nan
11.000000000000000	nan	nan	nan
11.000000000000000	nan	nan	nan
11.000000000000000	nan	nan	nan
11.000000000000000	nan	nan	nan
11.000000000000000	nan	nan	nan
11.000000000000000	nan	nan	nan
11.000000000000000	nan	nan	nan
11.000000000000000	nan	nan	nan
11.000000000000000	nan	nan	nan
11.000000000000000	nan	nan	nan
11.000000000000000	nan	nan	nan
11.000000000000000	nan	nan	nan
11.000000000000000	nan	nan	nan
11.000000000000000	nan	nan	nan
11.000000000000000	nan	nan	nan
11.000000000000000	nan	nan	nan
11.000000000000000	nan	nan	nan
11.000000000000000	nan	nan	nan
11.000000000000000	nan	nan	nan
11.000000000000000	nan	nan	nan
11.000000000000000	nan	nan	nan
11.000000000000000	nan	nan	nan
11.000000000000000	nan	nan	nan
11.000000000000000	nan	nan	nan
11.000000000000000	nan	nan	nan
11.000000000000000	nan	nan	nan
11.000000000000000	nan	nan	nan
11.000000000000000	nan	nan	nan
11.000000000000000	nan	nan	nan
11.000000000000000	nan	nan	nan
11.000000000000000	nan	nan	nan
11.000000000000000	nan	nan	nan
11.000000000000000	nan	nan	nan
11.000000000000000	nan	nan	nan
11.000000000000000	nan	nan	nan
11.000000000000000	nan	nan	nan
11.000000000000000	nan	nan	nan
11.000000000000000	nan	nan	nan
11.000000000000000	nan	nan	nan
11.000000000000000	nan	nan	nan
11.000000000000000	nan	nan	nan
11.000000000000000	nan	nan	nan
11.000000000000000	nan	nan	nan
11.000000000000000	nan	nan	nan
11.000000000000000	nan	nan	nan
11.000000000000000	nan	nan	nan
11.000000000000000	nan	nan	nan
11.000000000000000	nan	nan	nan
11.000000000000000	nan	nan	nan
11.000000000000000	nan	nan	nan
11.000000000000000	nan	nan	nan
11.000000000000000	nan	nan	nan
11.000000000000000	nan	nan	nan
11.000000000000000	nan	nan	nan
11.000000000000000	nan	nan	nan
11.000000000000000	nan	nan	nan
11.000000000000000	nan	nan	nan


12.000000000000000	nan	nan	nan
12.000000000000000	nan	nan	nan
12.000000000000000	nan	nan	nan
12.000000000000000	nan	nan	nan
12.000000000000000	nan	nan	nan
12.000000000000000	nan	nan	nan
12.000000000000000	nan	nan	nan
12.000000000000000	nan	nan	nan
12.000000000000000	nan	nan	nan
12.000000000000000	nan	nan	nan
12.000000000000000	nan	nan	nan
12.000000000000000	nan	nan	nan
12.000000000000000	nan	nan	nan
12.000000000000000	nan	nan	nan
12.000000000000000	nan	nan	nan
12.000000000000000	nan	nan	nan
12.000000000000000	nan	nan	nan
12.000000000000000	nan	nan	nan
12.000000000000000	nan	nan	nan
12.000000000000000	nan	nan	nan
12.000000000000000	nan	nan	nan
12.000000000000000	nan	nan	nan
12.000000000000000	nan	nan	nan
12.000000000000000	nan	nan	nan
12.000000000000000	nan	nan	nan
12.000000000000000	nan	nan	nan
12.000000000000000	nan	nan	nan
12.000000000000000	nan	nan	nan
12.000000000000000	nan	nan	nan
12.000000000000000	nan	nan	nan
12.000000000000000	nan	nan	nan
12.000000000000000	nan	nan	nan
12.000000000000000	nan	nan	nan
12.000000000000000	nan	nan	nan
12.000000000000000	nan	nan	nan
12.000000000000000	nan	nan	nan
12.000000000000000	nan	nan	nan
12.000000000000000	nan	nan	nan
12.000000000000000	nan	nan	nan
12.000000000000000	nan	nan	nan
12.000000000000000	nan	nan	nan
12.000000000000000	nan	nan	nan
12.000000000000000	nan	nan	nan
12.000000000000000	nan	nan	nan
12.000000000000000	nan	nan	nan
12.000000000000000	nan	nan	nan
12.000000000000000	nan	nan	nan
12.000000000000000	nan	nan	nan
12.000000000000000	nan	nan	nan
12.000000000000000	nan	nan	nan
12.000000000000000	nan	nan	nan
12.000000000000000	nan	nan	nan
12.000000000000000	nan	nan	nan
12.000000000000000	nan	nan	nan
12.000000000000000	nan	nan	nan
12.000000000000000	nan	nan	nan
12.000000000000000	nan	nan	nan
12.000000000000000	nan	nan	nan
12.000000000000000	nan	nan	nan
12.000000000000000	nan	nan	nan
12.000000000000000	nan	nan	nan
12.000000000000000	nan	nan	nan
12.000000000000000	nan	nan	nan
12.000000000000000	nan	nan	nan
12.000000000000000	nan	nan	nan
12.000000000000000	nan	nan	nan
12.000000000000000	nan	nan	nan
12.000000000000000	nan	nan	nan
12.000000000000000	nan	nan	nan
12.000000000000000	nan	nan	nan
12.000000000000000	nan	nan	nan
12.000000000000000	nan	nan	nan
12.000000000000000	nan	nan	nan
12.000000000000000	nan	nan	nan
12.000000000000000	nan	nan	nan
12.000000000000000	nan	nan	nan
12.000000000000000	nan	nan	nan
12.000000000000000	nan	nan	nan
12.000000000000000	nan	nan	nan
12.000000000000000	nan	nan	nan
12.000000000000000	nan	nan	nan
12.000000000000000	nan	nan	nan
12.000000000000000	nan	nan	nan
12.000000000000000	nan	nan	nan
12.000000000000000	nan	nan	nan
12.000000000000000	nan	nan	nan
12.000000000000000	nan	nan	nan
12.000000000000000	nan	nan	nan
12.000000000000000	nan	nan	nan
12.000000000000000	nan	nan	nan
12.000000000000000	nan	nan	nan
12.000000000000000	nan	nan	nan
12.000000000000000	nan	nan	nan
12.000000000000000	nan	nan	nan
12.000000000000000	nan	nan	nan
12.000000000000000	nan	nan	nan
12.000000000000000	nan	nan	nan
12.000000000000000	nan	nan	nan
12.000000000000000	nan	nan	nan
12.000000000000000	nan	nan	nan


13.000000000000000	nan	nan	nan
13.000000000000000	nan	nan	nan
13.000000000000000	nan	nan	nan
13.000000000000000	nan	nan	nan
13.000000000000000	nan	nan	nan
13.000000000000000	nan	nan	nan
13.000000000000000	nan	nan	nan
13.000000000000000	nan	nan	nan
13.000000000000000	nan	nan	nan
13.000000000000000	nan	nan	nan
13.000000000000000	nan	nan	nan
13.000000000000000	nan	nan	nan
13.000000000000000	nan	nan	nan
13.000000000000000	nan	nan	nan
13.000000000000000	nan	nan	nan
13.000000000000000	nan	nan	nan
13.000000000000000	nan	nan	nan
13.000000000000000	nan	nan	nan
13.000000000000000	nan	nan	nan
13.000000000000000	nan	nan	nan
13.000000000000000	nan	nan	nan
13.000000000000000	nan	nan	nan
13.000000000000000	nan	nan	nan
13.000000000000000	nan	nan	nan
13.000000000000000	nan	nan	nan
13.000000000000000	nan	nan	nan
13.000000000000000	nan	nan	nan
13.000000000000000	nan	nan	nan
13.000000000000000	nan	nan	nan
13.000000000000000	nan	nan	nan
13.000000000000000	nan	nan	nan
13.000000000000000	nan	nan	nan
13.000000000000000	nan	nan	nan
13.000000000000000	nan	nan	nan
13.000000000000000	nan	nan	nan
13.000000000000000	nan	nan	nan
13.000000000000000	nan	nan	nan
13.000000000000000	nan	nan	nan
13.000000000000000	nan	nan	nan
13.000000000000000	nan	nan	nan
13.000000000000000	nan	nan	nan
13.000000000000000	nan	nan	nan
13.000000000000000	nan	nan	nan
13.000000000000000	nan	nan	nan
13.000000000000000	nan	nan	nan
13.000000000000000	nan	nan	nan
13.000000000000000	nan	nan	nan
13.000000000000000	nan	nan	nan
13.000000000000000	nan	nan	nan
13.000000000000000	nan	nan	nan
13.000000000000000	nan	nan	nan
13.000000000000000	nan	nan	nan
13.000000000000000	nan	nan	nan
13.000000000000000	nan	nan	nan
13.000000000000000	nan	nan	nan
13.000000000000000	nan	nan	nan
13.000000000000000	nan	nan	nan
13.000000000000000	nan	nan	nan
13.000000000000000	nan	nan	nan
13.000000000000000	nan	nan	nan
13.000000000000000	nan	nan	nan
13.000000000000000	nan	nan	nan
13.000000000000000	nan	nan	nan
13.000000000000000	nan	nan	nan
13.000000000000000	nan	nan	nan
13.000000000000000	nan	nan	nan
13.000000000000000	nan	nan	nan
13.000000000000000	nan	nan	nan
13.000000000000000	nan	nan	nan
13.000000000000000	nan	nan	nan
13.000000000000000	nan	nan	nan
13.000000000000000	nan	nan	nan
13.000000000000000	nan	nan	nan
13.000000000000000	nan	nan	nan
13.000000000000000	nan	nan	nan
13.000000000000000	nan	nan	nan
13.000000000000000	nan	nan	nan
13.000000000000000	nan	nan	nan
13.000000000000000	nan	nan	nan
13.000000000000000	nan	nan	nan
13.000000000000000	nan	nan	nan
13.000000000000000	nan	nan	nan
13.000000000000000	nan	nan	nan
13.000000000000000	nan	nan	nan
13.000000000000000	nan	nan	nan
13.000000000000000	nan	nan	nan
13.000000000000000	nan	nan	nan
13.000000000000000	nan	nan	nan
13.000000000000000	nan	nan	nan
13.000000000000000	nan	nan	nan
13.000000000000000	nan	nan	nan
13.000000000000000	nan	nan	nan
13.000000000000000	nan	nan	nan
13.000000000000000	nan	nan	nan
13.000000000000000	nan	nan	nan
13.000000000000000	nan	nan	nan
13.000000000000000	nan	nan	nan
13.000000000000000	nan	nan	nan
13.000000000000000	nan	nan	nan
13.000000000000000	nan	nan	nan


14.000000000000000	-0.858936706119494	0.354654339386160	0.018012845061582
14.000000000000000	-0.881368925846317	0.295089491002148	0.016577229329756
14.000000000000000	-0.899966483405358	0.234218455828007	0.015068871491707
14.000000000000000	-0.914654492996220	0.172286340038330	0.013493845172083
14.000000000000000	-0.925373811188320	0.109542522404847	0.011858492445979
14.000000000000000	-0.932081275070617	0.046239650136130	0.010169398301634
14.000000000000000	-0.934749876053413	-0.017367378443551	0.008433364125013
14.000000000000000	-0.933368868622417	-0.081022440279808	0.006657380313022
14.000000000000000	-0.927943813607136	-0.144469218905285	0.004848598125650
14.000000000000000	-0.918496555789377	-0.207452236535602	0.003014300890367
14.000000000000000	-0.905065135942021	-0.269717882788226	0.001161874674735
14.000000000000000	-0.887703637652258	-0.331015435881968	-0.000701221454676
14.000000000000000	-0.866481969546067	-0.391098072205111	-0.002567485467323
14.000000000000000	-0.841485583790857	-0.449723860186972	-0.004429402576713
14.000000000000000	-0.812815132009746	-0.506656734470955	-0.006279475499797
14.000000000000000	-0.780586059992999	-0.561667446466423	-0.008110254645887
14.000000000000000	-0.744928142838577	-0.614534487451856	-0.009914368113524
14.000000000000000	-0.705984962393621	-0.665044980512300	-0.011684551374523
14.000000000000000	-0.663913329101030	-0.712995537719564	-0.013413676525668
14.000000000000000	-0.618882650579153	-0.758193079103625	-0.015094780990260
14.000000000000000	-0.571074249477100	-0.800455610117519	-0.016721095553954
14.000000000000000	-0.520680633352431	-0.839612954465151	-0.018286071622000
14.000000000000000	-0.467904719511168	-0.875507439341174	-0.019783407588121
14.000000000000000	-0.412959017931420	-0.907994530323726	-0.021207074208857
14.000000000000000	-0.356064775560705	-0.936943413363537	-0.022551338881199
14.000000000000000	-0.297451085432582	-0.962237521525933	-0.023810788725763
14.000000000000000	-0.237353964189860	-0.983775004364743	-0.024980352382540
14.000000000000000	-0.176015401728879	-1.001469138038095	-0.026055320431473
14.000000000000000	-0.113682386791607	-1.015248674514721	-0.027031364355633
14.000000000000000	-0.050605912429145	-1.025058128464630	-0.027904553970627
14.000000000000000	0.012960034658696	-1.030858000678953	-0.028671373250060
14.000000000000000	0.076759496838199	-1.032624937119310	-0.029328734483340
14.000000000000000	0.140535576192790	-1.030351822956286	-0.029873990708790
14.000000000000000	0.204031468960277	-1.024047811218334	-0.030304946372037
14.000000000000000	0.266991499590966	-1.013738285935760	-0.030619866166727
14.000000000000000	0.329162150262858	-0.999464759928196	-0.030817482021996
14.000000000000000	0.390293081708439	-0.981284707647121	-0.030896998208543
14.000000000000000	0.450138141242561	-0.959271333746535	-0.030858094542748
14.000000000000000	0.508456353932420	-0.933513278313652	-0.030700927675943
14.000000000000000	0.565012892918564	-0.904114259946557	-0.030426130463629
14.000000000000000	0.619580024979773	-0.871192658116012	-0.030034809417194
14.000000000000000	0.671938027534368	-0.834881036493115	-0.029528540248375
14.000000000000000	0.721876073385490	-0.795325609162181	-0.028909361524432
14.000000000000000	0.769193079647820	-0.752685651868230	-0.028179766459551
14.000000000000000	0.813698517437381	-0.707132860669777	-0.027342692875552
14.000000000000000	0.855213179064113	-0.658850660579405	-0.026401511372317
14.000000000000000	0.893569899637985	-0.608033466975977	-0.025360011755577
14.000000000000000	0.928614230183012	-0.554885902762520	-0.024222387776696
14.000000000000000	0.960205059548767	-0.499621974422022	-0.022993220245921
14.000000000000000	0.988215182615180	-0.442464210288850	-0.021677458587071
14.000000000000000	1.012531812502662	-0.383642764505691	-0.020280400907957
14.000000000000000	1.033057034725059	-0.323394490274053	-0.018807672666768
14.000000000000000	1.049708201456730	-0.261961986130012	-0.017265204020343
14.000000000000000	1.062418264326173	-0.199592619085538	-0.015659205945516
14.000000000000000	1.071136044396150	-0.136537528568838	-0.013996145229707
14.000000000000000	1.075826438243204	-0.073050615174523	-0.012282718431451
14.000000000000000	1.076470559306760	-0.009387518295521	-0.010525824915723
14.000000000000000	1.073065813938633	0.054195413246531	-0.008732539072624
14.000000000000000	1.065625911846737	0.117442153427511	-0.006910081831317
14.000000000000000	1.054180810890927	0.180098029947253	-0.005065791583888
14.000000000000000	1.038776596453278	0.241910749705014	-0.003207094636231
14.000000000000000	1.019475295868507	0.302631414694744	-0.001341475304939
14.000000000000000	0.996354628661796	0.362015524229509	0.000523554219399
14.000000000000000	0.969507693599691	0.419823959459463	0.002380484121139
14.000000000000000	0.939042593814227	0.475823946219065	0.004221837198958
14.000000000000000	0.905082001509775	0.529789992326477	0.006040198973907
14.000000000000000	0.867762664005365	0.581504795561007	0.007828247544898
14.000000000000000	0.827234853101499	0.630760118662445	0.009578783071414
14.000000000000000	0.783661759988650	0.677357627829022	0.011284756764733
14.000000000000000	0.737218838133930	0.721109691337624	0.012939299270902
14.000000000000000	0.688093096791908	0.761840135070521	0.014535748331212
14.000000000000000	0.636482347984346	0.799384951906356	0.016067675608752
14.000000000000000	0.582594409980998	0.833592962118941	0.017528912573060
14.000000000000000	0.526646270488793	0.864326422124653	0.018913575338615
14.000000000000000	0.468863212918917	0.891461579127233	0.020216088357168
14.000000000000000	0.409477909250036	0.914889169426616	0.021431206868509
14.000000000000000	0.348729483140350	0.934514858385289	0.022554038019259
14.000000000000000	0.286862547061025	0.950259620280579	0.023580060564671
14.000000000000000	0.224126217328103	0.962060056513349	0.024505143074083
14.000000000000000	0.160773110999021	0.969868650891781	0.025325560566732
14.000000000000000	0.097058328672884	0.973653960962308	0.026038009510936
14.000000000000000	0.033238427290381	0.973400744617278	0.026639621126251
14.000000000000000	-0.030429612930455	0.969110021469539	0.027127972935038
14.000000000000000	-0.093689423262893	0.960799068746825	0.027501098516923
14.000000000000000	-0.156286278777880	0.948501351722451	0.027757495426879
14.000000000000000	-0.217968124031430	0.932266388962470	0.027896131245046
14.000000000000000	-0.278486588002925	0.912159552931890	0.027916447733913
14.000000000000000	-0.337597984197570	0.888261806762823	0.027818363086150
14.000000000000000	-0.395064291885888	0.860669378244530	0.027602272254015
14.000000000000000	-0.450654114529192	0.829493372348079	0.027269045359022
14.000000000000000	-0.504143611531780	0.794859323845839	0.026820024188267
14.000000000000000	-0.555317399568006	0.756906691827256	0.026257016791524
14.000000000000000	-0.603969419854918	0.715788298146323	0.025582290200870
14.000000000000000	-0.649903767878250	0.671669712061914	0.024798561302147
14.000000000000000	-0.692935482230752	0.624728583548810	0.023908985895015
14.000000000000000	-0.732891289386502	0.575153927963954	0.022917145985671
14.000000000000000	-0.769610301412238	0.523145364948322	0.021827035363364
14.000000000000000	-0.802944663806278	0.468912314629078	0.020643043518824
14.000000000000000	-0.832760150856417	0.412673154358642	0.019369937969326
14.000000000000000	-0.858936706119494	0.354654339386160	0.018012845061582


15.000000000000000	nan	nan	nan
15.000000000000000	nan	nan	nan
15.000000000000000	nan	nan	nan
15.000000000000000	nan	nan	nan
15.000000000000000	nan	nan	nan
15.000000000000000	nan	nan	nan
15.000000000000000	nan	nan	nan
15.000000000000000	nan	nan	nan
15.000000000000000	nan	nan	nan
15.000000000000000	nan	nan	nan
15.000000000000000	nan	nan	nan
15.000000000000000	nan	nan	nan
15.000000000000000	nan	nan	nan
15.000000000000000	nan	nan	nan
15.000000000000000	nan	nan	nan
15.000000000000000	nan	nan	nan
15.000000000000000	nan	nan	nan
15.000000000000000	nan	nan	nan
15.000000000000000	nan	nan	nan
15.000000000000000	nan	nan	nan
15.000000000000000	nan	nan	nan
15.000000000000000	nan	nan	nan
15.000000000000000	nan	nan	nan
15.000000000000000	nan	nan	nan
15.000000000000000	nan	nan	nan
15.000000000000000	nan	nan	nan
15.000000000000000	nan	nan	nan
15.000000000000000	nan	nan	nan
15.000000000000000	nan	nan	nan
15.000000000000000	nan	nan	nan
15.000000000000000	nan	nan	nan
15.000000000000000	nan	nan	nan
15.000000000000000	nan	nan	nan
15.000000000000000	nan	nan	nan
15.000000000000000	nan	nan	nan
15.000000000000000	nan	nan	nan
15.000000000000000	nan	nan	nan
15.000000000000000	nan	nan	nan
15.000000000000000	nan	nan	nan
15.000000000000000	nan	nan	nan
15.000000000000000	nan	nan	nan
15.000000000000000	nan	nan	nan
15.000000000000000	nan	nan	nan
15.000000000000000	nan	nan	nan
15.000000000000000	nan	nan	nan
15.000000000000000	nan	nan	nan
15.000000000000000	nan	nan	nan
15.000000000000000	nan	nan	nan
15.000000000000000	nan	nan	nan
15.000000000000000	nan	nan	nan
15.000000000000000	nan	nan	nan
15.000000000000000	nan	nan	nan
15.000000000000000	nan	nan	nan
15.000000000000000	nan	nan	nan
15.000000000000000	nan	nan	nan
15.000000000000000	nan	nan	nan
15.000000000000000	nan	nan	nan
15.000000000000000	nan	nan	nan
15.000000000000000	nan	nan	nan
15.000000000000000	nan	nan	nan
15.000000000000000	nan	nan	nan
15.000000000000000	nan	nan	nan
15.000000000000000	nan	nan	nan
15.000000000000000	nan	nan	nan
15.000000000000000	nan	nan	nan
15.000000000000000	nan	nan	nan
15.000000000000000	nan	nan	nan
15.000000000000000	nan	nan	nan
15.000000000000000	nan	nan	nan
15.000000000000000	nan	nan	nan
15.000000000000000	nan	nan	nan
15.000000000000000	nan	nan	nan
15.000000000000000	nan	nan	nan
15.000000000000000	nan	nan	nan
15.000000000000000	nan	nan	nan
15.000000000000000	nan	nan	nan
15.000000000000000	nan	nan	nan
15.000000000000000	nan	nan	nan
15.000000000000000	nan	nan	nan
15.000000000000000	nan	nan	nan
15.000000000000000	nan	nan	nan
15.000000000000000	nan	nan	nan
15.000000000000000	nan	nan	nan
15.000000000000000	nan	nan	nan
15.000000000000000	nan	nan	nan
15.000000000000000	nan	nan	nan
15.000000000000000	nan	nan	nan
15.000000000000000	nan	nan	nan
15.000000000000000	nan	nan	nan
15.000000000000000	nan	nan	nan
15.000000000000000	nan	nan	nan
15.000000000000000	nan	nan	nan
15.000000000000000	nan	nan	nan
15.000000000000000	nan	nan	nan
15.000000000000000	nan	nan	nan
15.000000000000000	nan	nan	nan
15.000000000000000	nan	nan	nan
15.000000000000000	nan	nan	nan
15.000000000000000	nan	nan	nan
15.000000000000000	nan	nan	nan


16.000000000000000	nan	nan	nan
16.000000000000000	nan	nan	nan
16.000000000000000	nan	nan	nan
16.000000000000000	nan	nan	nan
16.000000000000000	nan	nan	nan
16.000000000000000	nan	nan	nan
16.000000000000000	nan	nan	nan
16.000000000000000	nan	nan	nan
16.000000000000000	nan	nan	nan
16.000000000000000	nan	nan	nan
16.000000000000000	nan	nan	nan
16.000000000000000	nan	nan	nan
16.000000000000000	nan	nan	nan
16.000000000000000	nan	nan	nan
16.000000000000000	nan	nan	nan
16.000000000000000	nan	nan	nan
16.000000000000000	nan	nan	nan
16.000000000000000	nan	nan	nan
16.000000000000000	nan	nan	nan
16.000000000000000	nan	nan	nan
16.000000000000000	nan	nan	nan
16.000000000000000	nan	nan	nan
16.000000000000000	nan	nan	nan
16.000000000000000	nan	nan	nan
16.000000000000000	nan	nan	nan
16.000000000000000	nan	nan	nan
16.000000000000000	nan	nan	nan
16.000000000000000	nan	nan	nan
16.000000000000000	nan	nan	nan
16.000000000000000	nan	nan	nan
16.000000000000000	nan	nan	nan
16.000000000000000	nan	nan	nan
16.000000000000000	nan	nan	nan
16.000000000000000	nan	nan	nan
16.000000000000000	nan	nan	nan
16.000000000000000	nan	nan	nan
16.000000000000000	nan	nan	nan
16.000000000000000	nan	nan	nan
16.000000000000000	nan	nan	nan
16.000000000000000	nan	nan	nan
16.000000000000000	nan	nan	nan
16.000000000000000	nan	nan	nan
16.000000000000000	nan	nan	nan
16.000000000000000	nan	nan	nan
16.000000000000000	nan	nan	nan
16.000000000000000	nan	nan	nan
16.000000000000000	nan	nan	nan
16.000000000000000	nan	nan	nan
16.000000000000000	nan	nan	nan
16.000000000000000	nan	nan	nan
16.000000000000000	nan	nan	nan
16.000000000000000	nan	nan	nan
16.000000000000000	nan	nan	nan
16.000000000000000	nan	nan	nan
16.000000000000000	nan	nan	nan
16.000000000000000	nan	nan	nan
16.000000000000000	nan	nan	nan
16.000000000000000	nan	nan	nan
16.000000000000000	nan	nan	nan
16.000000000000000	nan	nan	nan
16.000000000000000	nan	nan	nan
16.000000000000000	nan	nan	nan
16.000000000000000	nan	nan	nan
16.000000000000000	nan	nan	nan
16.000000000000000	nan	nan	nan
16.000000000000000	nan	nan	nan
16.000000000000000	nan	nan	nan
16.000000000000000	nan	nan	nan
16.000000000000000	nan	nan	nan
16.000000000000000	nan	nan	nan
16.000000000000000	nan	nan	nan
16.000000000000000	nan	nan	nan
16.000000000000000	nan	nan	nan
16.000000000000000	nan	nan	nan
16.000000000000000	nan	nan	nan
16.000000000000000	nan	nan	nan
16.000000000000000	nan	nan	nan
16.000000000000000	nan	nan	nan
16.000000000000000	nan	nan	nan
16.000000000000000	nan	nan	nan
16.000000000000000	nan	nan	nan
16.000000000000000	nan	nan	nan
16.000000000000000	nan	nan	nan
16.000000000000000	nan	nan	nan
16.000000000000000	nan	nan	nan
16.000000000000000	nan	nan	nan
16.000000000000000	nan	nan	nan
16.000000000000000	nan	nan	nan
16.000000000000000	nan	nan	nan
16.000000000000000	nan	nan	nan
16.000000000000000	nan	nan	nan
16.000000000000000	nan	nan	nan
16.000000000000000	nan	nan	nan
16.000000000000000	nan	nan	nan
16.000000000000000	nan	nan	nan
16.000000000000000	nan	nan	nan
16.000000000000000	nan	nan	nan
16.000000000000000	nan	nan	nan
16.000000000000000	nan	nan	nan
16.000000000000000	nan	nan	nan


17.000000000000000	-0.262842898845557	1.246234374888804	0.019596880357520
17.000000000000000	-0.355863138812142	1.223520664351857	0.015925137664959
17.000000000000000	-0.447235936564611	1.194863211963441	0.012173276985218
17.000000000000000	-0.536593366095875	1.160377411169851	0.008356405737060
17.000000000000000	-0.623575616575358	1.120202124119338	0.004489893113858
17.000000000000000	-0.707832441180223	1.074499122513235	0.000589308197286
17.000000000000000	-0.789024567415708	1.023452436208421	-0.003329642733886
17.000000000000000	-0.866825063245717	0.967267612194036	-0.007251179447425
17.000000000000000	-0.940920653532743	0.906170886926301	-0.011159511299070
17.000000000000000	-1.011012981486278	0.840408275354162	-0.015038900815874
17.000000000000000	-1.076819810040302	0.770244580303915	-0.018873727065459
17.000000000000000	-1.138076158322339	0.695962326211690	-0.022648548555998
17.000000000000000	-1.194535368637903	0.617860621497255	-0.026348165413647
17.000000000000000	-1.245970099673981	0.536253954159988	-0.029957680587077
17.000000000000000	-1.292173241922256	0.451470925446690	-0.033462559832640
17.000000000000000	-1.332958751636008	0.363852926690347	-0.036848690238640
17.000000000000000	-1.368162399962610	0.273752764647725	-0.040102437053046
17.000000000000000	-1.397642434235160	0.181533240871080	-0.043210698585826
17.000000000000000	-1.421280148760435	0.087565690834352	-0.046160958964828
17.000000000000000	-1.438980362804827	-0.007771511303721	-0.048941338532783
17.000000000000000	-1.450671803853560	-0.104094476278801	-0.051540641682488
17.000000000000000	-1.456307394599951	-0.201015345507523	-0.053948401937567
17.000000000000000	-1.455864442509111	-0.298143852857120	-0.056154924097276
17.000000000000000	-1.449344731192773	-0.395088896109396	-0.058151323275658
17.000000000000000	-1.436774513227316	-0.491460111791325	-0.059929560677836
17.000000000000000	-1.418204404443908	-0.586869447030974	-0.061482475969411
17.000000000000000	-1.393709180116414	-0.680932722109465	-0.062803816108595
17.000000000000000	-1.363387473867765	-0.773271177417101	-0.063888260525006
17.000000000000000	-1.327361380507167	-0.863512998584643	-0.064731442543728
17.000000000000000	-1.285775964397398	-0.951294813648537	-0.065329966968366
17.000000000000000	-1.238798675331818	-1.036263156221566	-0.065681423752308
17.000000000000000	-1.186618674273152	-1.118075888777234	-0.065784397703130
17.000000000000000	-1.129446071669059	-1.196403580316834	-0.065638474181076
17.000000000000000	-1.067511081411511	-1.270930832871808	-0.065244240768666
17.000000000000000	-1.001063093846706	-1.341357551500045	-0.064603284904710
17.000000000000000	-0.930369671568164	-1.407400152662301	-0.063718187492251
17.000000000000000	-0.855715472036598	-1.468792706113020	-0.062592512506178
17.000000000000000	-0.777401101364787	-1.525288005707577	-0.061230792642362
17.000000000000000	-0.695741903882859	-1.576658564814165	-0.059638511066082
17.000000000000000	-0.611066692357966	-1.622697532322184	-0.057822079333261
17.000000000000000	-0.523716423981332	-1.663219525558643	-0.055788811573389
17.000000000000000	-0.434042827453977	-1.698061376758767	-0.053546895038105
17.000000000000000	-0.342406986699379	-1.727082790084985	-0.051105357134027
17.000000000000000	-0.249177886905957	-1.750166906548760	-0.048474029072568
17.000000000000000	-0.154730928753951	-1.767220774560487	-0.045663506283122
17.000000000000000	-0.059446416809373	-1.778175724212740	-0.042685105749004
17.000000000000000	0.036291971828251	-1.782987643789750	-0.039550820437959
17.000000000000000	0.132098732458146	-1.781637157389717	-0.036273271010706
17.000000000000000	0.227588085069653	-1.774129702944730	-0.032865655001999
17.000000000000000	0.322375527742178	-1.760495510324128	-0.029341693678809
17.000000000000000	0.416079384898716	-1.740789479609491	-0.025715576789622
17.000000000000000	0.508322344178690	-1.715090960031387	-0.022001905427338
17.000000000000000	0.598732975741658	-1.683503430458024	-0.018215633235814
17.000000000000000	0.686947227884183	-1.646154082722373	-0.014372006196825
17.000000000000000	0.772609892947560	-1.603193309465544	-0.010486501239872
17.000000000000000	0.855376037613682	-1.554794098558707	-0.006574763922053
17.000000000000000	0.934912391829773	-1.501151336541983	-0.002652545428922
17.000000000000000	1.010898690769265	-1.442481023885134	0.001264360849970
17.000000000000000	1.083028964425221	-1.379019405229910	0.005160182915487
17.000000000000000	1.151012769643557	-1.311022018116252	0.009019233667177
17.000000000000000	1.214576359635121	-1.238762664022811	0.012825974069690
17.000000000000000	1.273463786257389	-1.162532305865034	0.016565075722991
17.000000000000000	1.327437930627304	-1.082637896390192	0.020221482584415
17.000000000000000	1.376281457915326	-0.999401142187007	0.023780471594036
17.000000000000000	1.419797692476085	-0.913157208286760	0.027227711959237
17.000000000000000	1.457811409791788	-0.824253368572010	0.030549322859748
17.000000000000000	1.490169542039509	-0.733047607427229	0.033731929340815
17.000000000000000	1.516741794441289	-0.639907178262046	0.036762716169420
17.000000000000000	1.537421169915216	-0.545207124711373	0.039629479436701
17.000000000000000	1.552124399914913	-0.449328770467065	0.042320675698787
17.000000000000000	1.560792279722586	-0.352658183821995	0.044825468458172
17.000000000000000	1.563389906845522	-0.255584623109304	0.047133771798465
17.000000000000000	1.559906821556115	-0.158498969296472	0.049236290996816
17.000000000000000	1.550357049009490	-0.061792152045627	0.051124559950483
17.000000000000000	1.534779042769161	0.034146424422232	0.052790975266843
17.000000000000000	1.513235529968097	0.128930449320589	0.054228826879569
17.000000000000000	1.485813258728700	0.222178260834610	0.055432325067696
17.000000000000000	1.452622648858731	0.313514382938563	0.056396623768788
17.000000000000000	1.413797347229717	0.402571037305251	0.057117840092320
17.000000000000000	1.369493689628170	0.488989624219528	0.057593069954704
17.000000000000000	1.319890071246552	0.572422166532794	0.057820399773015
17.000000000000000	1.265186228348796	0.652532710844150	0.057798914170308
17.000000000000000	1.205602434002873	0.728998680266169	0.057528699661524
17.000000000000000	1.141378611118885	0.801512173328178	0.057010844305117
17.000000000000000	1.072773366364186	0.869781203786801	0.056247433321835
17.000000000000000	1.000062948845610	0.933530876351512	0.055241540698266
17.000000000000000	0.923540137751817	0.992504493590940	0.053997216808982
17.000000000000000	0.843513063434831	1.046464589562833	0.052519472107108
17.000000000000000	0.760303966677870	1.095193886005593	0.050814256948998
17.000000000000000	0.674247901145441	1.138496167241146	0.048888437634249
17.000000000000000	0.585691384240492	1.176197070266226	0.046749768757535
17.000000000000000	0.494991001801128	1.208144786850651	0.044406861983593
17.000000000000000	0.402511972255298	1.234210674815482	0.041869151371087
17.000000000000000	0.308626676015085	1.254289776029678	0.039146855384985
17.000000000000000	0.213713156032219	1.268301239039443	0.036250935750406
17.000000000000000	0.118153595552535	1.276188644628495	0.033193053313620
17.000000000000000	0.022332779198932	1.277920232998338	0.029985521087941
17.000000000000000	-0.073363456420491	1.273489031653760	0.026641254673562
17.000000000000000	-0.168549776340287	1.262912883478610	0.023173720250997
17.000000000000000	-0.262842898845557	1.246234374888804	0.019596880357520


18.000000000000000	nan	nan	nan
18.000000000000000	nan	nan	nan
18.000000000000000	nan	nan	nan
18.000000000000000	nan	nan	nan
18.000000000000000	nan	nan	nan
18.000000000000000	nan	nan	nan
18.000000000000000	nan	nan	nan
18.000000000000000	nan	nan	nan
18.000000000000000	nan	nan	nan
18.000000000000000	nan	nan	nan
18.000000000000000	nan	nan	nan
18.000000000000000	nan	nan	nan
18.000000000000000	nan	nan	nan
18.000000000000000	nan	nan	nan
18.000000000000000	nan	nan	nan
18.000000000000000	nan	nan	nan
18.000000000000000	nan	nan	nan
18.000000000000000	nan	nan	nan
18.000000000000000	nan	nan	nan
18.000000000000000	nan	nan	nan
18.000000000000000	nan	nan	nan
18.000000000000000	nan	nan	nan
18.000000000000000	nan	nan	nan
18.000000000000000	nan	nan	nan
18.000000000000000	nan	nan	nan
18.000000000000000	nan	nan	nan
18.000000000000000	nan	nan	nan
18.000000000000000	nan	nan	nan
18.000000000000000	nan	nan	nan
18.000000000000000	nan	nan	nan
18.000000000000000	nan	nan	nan
18.000000000000000	nan	nan	nan
18.000000000000000	nan	nan	nan
18.000000000000000	nan	nan	nan
18.000000000000000	nan	nan	nan
18.000000000000000	nan	nan	nan
18.000000000000000	nan	nan	nan
18.000000000000000	nan	nan	nan
18.000000000000000	nan	nan	nan
18.000000000000000	nan	nan	nan
18.000000000000000	nan	nan	nan
18.000000000000000	nan	nan	nan
18.000000000000000	nan	nan	nan
18.000000000000000	nan	nan	nan
18.000000000000000	nan	nan	nan
18.000000000000000	nan	nan	nan
18.000000000000000	nan	nan	nan
18.000000000000000	nan	nan	nan
18.000000000000000	nan	nan	nan
18.000000000000000	nan	nan	nan
18.000000000000000	nan	nan	nan
18.000000000000000	nan	nan	nan
18.000000000000000	nan	nan	nan
18.000000000000000	nan	nan	nan
18.000000000000000	nan	nan	nan
18.000000000000000	nan	nan	nan
18.000000000000000	nan	nan	nan
18.000000000000000	nan	nan	nan
18.000000000000000	nan	nan	nan
18.000000000000000	nan	nan	nan
18.000000000000000	nan	nan	nan
18.000000000000000	nan	nan	nan
18.000000000000000	nan	nan	nan
18.000000000000000	nan	nan	nan
18.000000000000000	nan	nan	nan
18.000000000000000	nan	nan	nan
18.000000000000000	nan	nan	nan
18.000000000000000	nan	nan	nan
18.000000000000000	nan	nan	nan
18.000000000000000	nan	nan	nan
18.000000000000000	nan	nan	nan
18.000000000000000	nan	nan	nan
18.000000000000000	nan	nan	nan
18.000000000000000	nan	nan	nan
18.000000000000000	nan	nan	nan
18.000000000000000	nan	nan	nan
18.000000000000000	nan	nan	nan
18.000000000000000	nan	nan	nan
18.000000000000000	nan	nan	nan
18.000000000000000	nan	nan	nan
18.000000000000000	nan	nan	nan
18.000000000000000	nan	nan	nan
18.000000000000000	nan	nan	nan
18.000000000000000	nan	nan	nan
18.000000000000000	nan	nan	nan
18.000000000000000	nan	nan	nan
18.000000000000000	nan	nan	nan
18.000000000000000	nan	nan	nan
18.000000000000000	nan	nan	nan
18.000000000000000	nan	nan	nan
18.000000000000000	nan	nan	nan
18.000000000000000	nan	nan	nan
18.000000000000000	nan	nan	nan
18.000000000000000	nan	nan	nan
18.000000000000000	nan	nan	nan
18.000000000000000	nan	nan	nan
18.000000000000000	nan	nan	nan
18.000000000000000	nan	nan	nan
18.000000000000000	nan	nan	nan
18.000000000000000	nan	nan	nan


