# n	x	y	z
1.000000000000000	-0.283039049595902	0.338513211412355	0.014747617049251
1.000000000000000	-0.305889001801958	0.318034954938027	0.016915470351648
1.000000000000000	-0.327390138663578	0.296136023044127	0.019009109152273
1.000000000000000	-0.347455882691314	0.272904595000302	0.021020103106611
1.000000000000000	-0.366005436216046	0.248434215567895	0.022940354651777
1.000000000000000	-0.382964106732678	0.222823418328213	0.024762131612539
1.000000000000000	-0.398263607660496	0.196175328922569	0.026478098336061
1.000000000000000	-0.411842333309129	0.168597249801722	0.028081345229988
1.000000000000000	-0.423645606942916	0.140200228156781	0.029565416584932
1.000000000000000	-0.433625900944825	0.111098608771358	0.030924336569342
1.000000000000000	-0.441743028193394	0.081409573595483	0.032152633292063
1.000000000000000	-0.447964303882081	0.051252669895250	0.033245360835712
1.000000000000000	-0.452264677129450	0.020749328878167	0.034198119172143
1.000000000000000	-0.454626831850221	-0.009977623267454	0.035007071879803
1.000000000000000	-0.455041256481044	-0.040804459950207	0.035668961591656
1.000000000000000	-0.453506282280199	-0.071607052378913	0.036181123111440
1.000000000000000	-0.450028090047031	-0.102261369385443	0.036541494145479
1.000000000000000	-0.444620685234059	-0.132643976854462	0.036748623606812
1.000000000000000	-0.437305841551954	-0.162632534749045	0.036801677458201
1.000000000000000	-0.428113013294495	-0.192106289730825	0.036700442070512
1.000000000000000	-0.417079216736525	-0.220946561391068	0.036445325082921
1.000000000000000	-0.404248881082471	-0.249037220134793	0.036037353761495
1.000000000000000	-0.389673669565626	-0.276265154793661	0.035478170862755
1.000000000000000	-0.373412271418539	-0.302520728084732	0.034770028018873
1.000000000000000	-0.355530165552187	-0.327698218081103	0.033915776671148
1.000000000000000	-0.336099356895518	-0.351696243916797	0.032918856588254
1.000000000000000	-0.315198086457009	-0.374418174011727	0.031783282015508
1.000000000000000	-0.292910516275742	-0.395772515172965	0.030513625510920
1.000000000000000	-0.269326390530579	-0.415673281005536	0.029114999533118
1.000000000000000	-0.244540674172025	-0.434040338149283	0.027593035855276
1.000000000000000	-0.218653170531892	-0.450799728947628	0.025953862887960
1.000000000000000	-0.191768119450505	-0.465883969248947	0.024204081002171
1.000000000000000	-0.163993777539658	-0.479232320141436	0.022350735951990
1.000000000000000	-0.135441982271445	-0.490791032527268	0.020401290503807
1.000000000000000	-0.106227701648234	-0.500513563551241	0.018363594386396
1.000000000000000	-0.076468571267094	-0.508360764012427	0.016245852682832
1.000000000000000	-0.046284420642773	-0.514301036004192	0.014056592791510
1.000000000000000	-0.015796790696524	-0.518310460147804	0.011804630089327
1.000000000000000	0.014871555646275	-0.520372891907341	0.009499032435269
1.000000000000000	0.045597127779106	-0.520480026598027	0.007149083657342
1.000000000000000	0.076256204667388	-0.518631432826277	0.004764246169874
1.000000000000000	0.106725333029422	-0.514834554226759	0.002354122871716
1.000000000000000	0.136881824439184	-0.509104679489510	-0.000071581521251
1.000000000000000	0.166604249349312	-0.501464880797772	-0.002503099553572
1.000000000000000	0.195772926045037	-0.491945920924457	-0.004930640360320
1.000000000000000	0.224270402560209	-0.480586129361319	-0.007344429091453
1.000000000000000	0.251981929614908	-0.467431247979614	-0.009734746271681
1.000000000000000	0.278795922670295	-0.452534246843733	-0.012091966937368
1.000000000000000	0.304604411240168	-0.435955110919446	-0.014406599392859
1.000000000000000	0.329303473650001	-0.417760598535618	-0.016669323430190
1.000000000000000	0.352793655492850	-0.398023972571978	-0.018871027858278
1.000000000000000	0.374980370097148	-0.376824705455364	-0.021002847190469
1.000000000000000	0.395774279393845	-0.354248159152303	-0.023056197342725
1.000000000000000	0.415091653649285	-0.330385241446509	-0.025022810198699
1.000000000000000	0.432854708615287	-0.305332039885312	-0.026894766902524
1.000000000000000	0.448991918738863	-0.279189434869031	-0.028664529745249
1.000000000000000	0.463438305170373	-0.252062693441194	-0.030324972516534
1.000000000000000	0.476135697410420	-0.224061045415318	-0.031869409199381
1.000000000000000	0.487032967541918	-0.195297243544996	-0.033291620892368
1.000000000000000	0.496086236104172	-0.165887109508355	-0.034585880850968
1.000000000000000	0.503259048779976	-0.135949067535037	-0.035746977547128
1.000000000000000	0.508522523184283	-0.105603667553622	-0.036770235654256
1.000000000000000	0.511855465163379	-0.074973099779618	-0.037651534873106
1.000000000000000	0.513244454136255	-0.044180702698580	-0.038387326522773
1.000000000000000	0.512683897134551	-0.013350466425571	-0.038974647829976
1.000000000000000	0.510176051323469	0.017393466559279	-0.039411133859104
1.000000000000000	0.505731014912961	0.047927301288719	-0.039695027034972
1.000000000000000	0.499366686495805	0.078128088787020	-0.039825184219959
1.000000000000000	0.491108692976286	0.107874221142106	-0.039801081317019
1.000000000000000	0.480990286379701	0.137045921177696	-0.039622815380035
1.000000000000000	0.469052209958184	0.165525724753716	-0.039291104223018
1.000000000000000	0.455342534132016	0.193198953752934	-0.038807283529722
1.000000000000000	0.439916462927004	0.219954177849264	-0.038173301475317
1.000000000000000	0.422836111687355	0.245683663198361	-0.037391710881776
1.000000000000000	0.404170256959107	0.270283806243785	-0.036465658938562
1.000000000000000	0.383994059551255	0.293655550891958	-0.035398874530006
1.000000000000000	0.362388761889696	0.315704787376095	-0.034195653220406
1.000000000000000	0.339441360882658	0.336342731203014	-0.032860839957306
1.000000000000000	0.315244257614854	0.355486280656959	-0.031399809562604
1.000000000000000	0.289894885280927	0.373058351420874	-0.029818445090036
1.000000000000000	0.263495316856364	0.388988186967746	-0.028123114136202
1.000000000000000	0.236151854085645	0.403211643472165	-0.026320643200495
1.000000000000000	0.207974599442644	0.415671448094867	-0.024418290197204
1.000000000000000	0.179077012786822	0.426317429600246	-0.022423715230448
1.000000000000000	0.149575454500420	0.435106720378215	-0.020344949749646
1.000000000000000	0.119588716946264	0.442003929056935	-0.018190364209701
1.000000000000000	0.089237546132854	0.446981283011383	-0.015968634366137
1.000000000000000	0.058644155512798	0.450018740193912	-0.013688706340886
1.000000000000000	0.027931733872377	0.451104069836498	-0.011359760599420
1.000000000000000	-0.002776050706221	0.450232901699733	-0.008991174984254
1.000000000000000	-0.033355548812619	0.447408743670227	-0.006592486953682
1.000000000000000	-0.063683627600786	0.442642967635599	-0.004173355177800
1.000000000000000	-0.093638166601549	0.435954763693888	-0.001743520646454
1.000000000000000	-0.123098549458620	0.427371062881808	0.000687232554294
1.000000000000000	-0.151946149608090	0.416926428732964	0.003109116639224
1.000000000000000	-0.180064807945740	0.404662918102707	0.005512379535915
1.000000000000000	-0.207341300558749	0.390629911820014	0.007887344152899
1.000000000000000	-0.233665794638432	0.374883915848324	0.010224447345891
1.000000000000000	-0.258932290738197	0.357488333755963	0.012514278425200
1.000000000000000	-0.283039049595902	0.338513211412355	0.014747617049251


2.000000000000000	0.515256825281256	-0.229719052990123	0.022451116964425
2.000000000000000	0.529511133757023	-0.194730580281846	0.023121247406256
2.000000000000000	0.541516686285331	-0.158906011333400	0.023693196106318
2.000000000000000	0.551225140743432	-0.122389599039881	0.024164660029062
2.000000000000000	0.558597404611762	-0.085328382105356	0.024533740755672
2.000000000000000	0.563603792385719	-0.047871592969894	0.024798952128325
2.000000000000000	0.566224145108710	-0.010170056903204	0.024959226234429
2.000000000000000	0.566447911545156	0.027624415315496	0.025013917706727
2.000000000000000	0.564274190666595	0.065359638685906	0.024962806321962
2.000000000000000	0.559711735279804	0.102883666781924	0.024806097887641
2.000000000000000	0.552778916782335	0.140045403586279	0.024544423413321
2.000000000000000	0.543503651187383	0.176695211900865	0.024178836569753
2.000000000000000	0.531923286715850	0.212685515882919	0.023710809446124
2.000000000000000	0.518084453408247	0.247871395280859	0.023142226622474
2.000000000000000	0.502042875361973	0.282111168976987	0.022475377581156
2.000000000000000	0.483863146350045	0.315266965487343	0.021712947487899
2.000000000000000	0.463618469724773	0.347205278121511	0.020858006379594
2.000000000000000	0.441390363653693	0.377797502566943	0.019913996802338
2.000000000000000	0.417268332874684	0.406920454733132	0.018884719949516
2.000000000000000	0.391349508291970	0.434456866770468	0.017774320355738
2.000000000000000	0.363738255864260	0.460295859266483	0.016587269208259
2.000000000000000	0.334545756359860	0.484333387718107	0.015328346343088
2.000000000000000	0.303889557670963	0.506472661482160	0.014002620998273
2.000000000000000	0.271893101489776	0.526624533517113	0.012615431401873
2.000000000000000	0.238685226252390	0.544707859346760	0.011172363276790
2.000000000000000	0.204399648351874	0.560649823800382	0.009679227349045
2.000000000000000	0.169174423709551	0.574386234213741	0.008142035950024
2.000000000000000	0.133151391872533	0.585861778910282	0.006566978806949
2.000000000000000	0.096475604875923	0.595030249921735	0.004960398119028
2.000000000000000	0.059294743169467	0.601854729051292	0.003328763019661
2.000000000000000	0.021758520960501	0.606307736530154	0.001678643527515
2.000000000000000	-0.015981916632314	0.608371341668867	0.000016684091387
2.000000000000000	-0.053774602187043	0.608037235057872	-0.001650423164653
2.000000000000000	-0.091467357897652	0.605306762026572	-0.003315965388079
2.000000000000000	-0.128908408340316	0.600190917226160	-0.004973236028201
2.000000000000000	-0.165946991619488	0.592710300358042	-0.006615561841073
2.000000000000000	-0.202433966432841	0.582895033226108	-0.008236329760297
2.000000000000000	-0.238222412610651	0.570784638446862	-0.009829013525501
2.000000000000000	-0.273168222711470	0.556427880305792	-0.011387199961291
2.000000000000000	-0.307130682291927	0.539882568400802	-0.012904614800842
2.000000000000000	-0.339973036514130	0.521215324863370	-0.014375147950158
2.000000000000000	-0.371563040809131	0.500501316094733	-0.015792878091261
2.000000000000000	-0.401773493379129	0.477823950097323	-0.017152096525252
2.000000000000000	-0.430482747394216	0.453274540620176	-0.018447330159226
2.000000000000000	-0.457575200821225	0.426951939470696	-0.019673363544482
2.000000000000000	-0.482941761912318	0.398962138473313	-0.020825259877300
2.000000000000000	-0.506480288478951	0.369417842677818	-0.021898380877702
2.000000000000000	-0.528095999182417	0.338438016535904	-0.022888405466170
2.000000000000000	-0.547701855184842	0.306147404873309	-0.023791347163110
2.000000000000000	-0.565218910623871	0.272676030586427	-0.024603570140996
2.000000000000000	-0.580576630499785	0.238158671085998	-0.025321803864564
2.000000000000000	-0.593713174695056	0.202734315596045	-0.025943156260107
2.000000000000000	-0.604575646982671	0.166545605493318	-0.026465125360830
2.000000000000000	-0.613120308020569	0.129738259940824	-0.026885609381389
2.000000000000000	-0.619312751474537	0.092460489128177	-0.027202915181042
2.000000000000000	-0.623128042560368	0.054862397481483	-0.027415765081324
2.000000000000000	-0.624550818447444	0.017095379245793	-0.027523302010811
2.000000000000000	-0.623575350119427	-0.020688491126094	-0.027525092956243
2.000000000000000	-0.620205565442989	-0.058337071323770	-0.027421130706113
2.000000000000000	-0.614455033351677	-0.095698763802612	-0.027211833879712
2.000000000000000	-0.606346909208608	-0.132623126213585	-0.026898045241487
2.000000000000000	-0.595913841567995	-0.168961477181482	-0.026481028307537
2.000000000000000	-0.583197840710940	-0.204567494992350	-0.025962462257870
2.000000000000000	-0.568250109484861	-0.239297806779387	-0.025344435174944
2.000000000000000	-0.551130837127698	-0.273012565834875	-0.024629435635692
2.000000000000000	-0.531908956907092	-0.305576014723510	-0.023820342690906
2.000000000000000	-0.510661868550447	-0.336857031929685	-0.022920414272309
2.000000000000000	-0.487475126583550	-0.366729659837549	-0.021933274074018
2.000000000000000	-0.462442095832685	-0.395073611917877	-0.020862896961208
2.000000000000000	-0.435663575477434	-0.421774757079462	-0.019713592964728
2.000000000000000	-0.407247393167954	-0.446725579234741	-0.018489989926133
2.000000000000000	-0.377307970841092	-0.469825610229132	-0.017197014862996
2.000000000000000	-0.345965863983626	-0.490981834390833	-0.015839874129549
2.000000000000000	-0.313347276197869	-0.510109063072101	-0.014424032452531
2.000000000000000	-0.279583551024307	-0.527130277673874	-0.012955190926663
2.000000000000000	-0.244810643067518	-0.541976939772482	-0.011439264058352
2.000000000000000	-0.209168570554962	-0.554589267099691	-0.009882355950058
2.000000000000000	-0.172800851533001	-0.564916474264796	-0.008290735721233
2.000000000000000	-0.135853925970375	-0.572916977249467	-0.006670812264786
2.000000000000000	-0.098476566096138	-0.578558560851912	-0.005029108440734
2.000000000000000	-0.060819277346399	-0.581818508406126	-0.003372234810948
2.000000000000000	-0.023033692332045	-0.582683693253886	-0.001706863020752
2.000000000000000	0.014728039732256	-0.581150631601173	-0.000039698934561
2.000000000000000	0.052313865679249	-0.577225496546177	0.001622544366263
2.000000000000000	0.089572440653530	-0.570924093222412	0.003273173614628
2.000000000000000	0.126353737523858	-0.562271795157022	0.004905542309129
2.000000000000000	0.162509650989467	-0.551303442100542	0.006513077477167
2.000000000000000	0.197894593947834	-0.538063199739518	0.008089306141992
2.000000000000000	0.232366083722562	-0.522604381856878	0.009627881387089
2.000000000000000	0.265785315790825	-0.504989235656141	0.011122607912976
2.000000000000000	0.298017722700194	-0.485288691113902	0.012567466983490
2.000000000000000	0.328933515924272	-0.463582075369847	0.013956640661106
2.000000000000000	0.358408208475283	-0.439956793304363	0.015284535233725
2.000000000000000	0.386323116169232	-0.414507975589932	0.016545803738576
2.000000000000000	0.412565835525229	-0.387338095633488	0.017735367492546
2.000000000000000	0.437030696374630	-0.358556556952177	0.018848436542247
2.000000000000000	0.459619187357518	-0.328279252644001	0.019880528951466
2.000000000000000	0.480240352593169	-0.296628098727227	0.020827488848343
2.000000000000000	0.498811157927292	-0.263730543227597	0.021685503159596
2.000000000000000	0.515256825281256	-0.229719052990123	0.022451116964425


3.000000000000000	nan	nan	nan
3.000000000000000	nan	nan	nan
3.000000000000000	nan	nan	nan
3.000000000000000	nan	nan	nan
3.000000000000000	nan	nan	nan
3.000000000000000	nan	nan	nan
3.000000000000000	nan	nan	nan
3.000000000000000	nan	nan	nan
3.000000000000000	nan	nan	nan
3.000000000000000	nan	nan	nan
3.000000000000000	nan	nan	nan
3.000000000000000	nan	nan	nan
3.000000000000000	nan	nan	nan
3.000000000000000	nan	nan	nan
3.000000000000000	nan	nan	nan
3.000000000000000	nan	nan	nan
3.000000000000000	nan	nan	nan
3.000000000000000	nan	nan	nan
3.000000000000000	nan	nan	nan
3.000000000000000	nan	nan	nan
3.000000000000000	nan	nan	nan
3.000000000000000	nan	nan	nan
3.000000000000000	nan	nan	nan
3.000000000000000	nan	nan	nan
3.000000000000000	nan	nan	nan
3.000000000000000	nan	nan	nan
3.000000000000000	nan	nan	nan
3.000000000000000	nan	nan	nan
3.000000000000000	nan	nan	nan
3.000000000000000	nan	nan	nan
3.000000000000000	nan	nan	nan
3.000000000000000	nan	nan	nan
3.000000000000000	nan	nan	nan
3.000000000000000	nan	nan	nan
3.000000000000000	nan	nan	nan
3.000000000000000	nan	nan	nan
3.000000000000000	nan	nan	nan
3.000000000000000	nan	nan	nan
3.000000000000000	nan	nan	nan
3.000000000000000	nan	nan	nan
3.000000000000000	nan	nan	nan
3.000000000000000	nan	nan	nan
3.000000000000000	nan	nan	nan
3.000000000000000	nan	nan	nan
3.000000000000000	nan	nan	nan
3.000000000000000	nan	nan	nan
3.000000000000000	nan	nan	nan
3.000000000000000	nan	nan	nan
3.000000000000000	nan	nan	nan
3.000000000000000	nan	nan	nan
3.000000000000000	nan	nan	nan
3.000000000000000	nan	nan	nan
3.000000000000000	nan	nan	nan
3.000000000000000	nan	nan	nan
3.000000000000000	nan	nan	nan
3.000000000000000	nan	nan	nan
3.000000000000000	nan	nan	nan
3.000000000000000	nan	nan	nan
3.000000000000000	nan	nan	nan
3.000000000000000	nan	nan	nan
3.000000000000000	nan	nan	nan
3.000000000000000	nan	nan	nan
3.000000000000000	nan	nan	nan
3.000000000000000	nan	nan	nan
3.000000000000000	nan	nan	nan
3.000000000000000	nan	nan	nan
3.000000000000000	nan	nan	nan
3.000000000000000	nan	nan	nan
3.000000000000000	nan	nan	nan
3.000000000000000	nan	nan	nan
3.000000000000000	nan	nan	nan
3.000000000000000	nan	nan	nan
3.000000000000000	nan	nan	nan
3.000000000000000	nan	nan	nan
3.000000000000000	nan	nan	nan
3.000000000000000	nan	nan	nan
3.000000000000000	nan	nan	nan
3.000000000000000	nan	nan	nan
3.000000000000000	nan	nan	nan
3.000000000000000	nan	nan	nan
3.000000000000000	nan	nan	nan
3.000000000000000	nan	nan	nan
3.000000000000000	nan	nan	nan
3.000000000000000	nan	nan	nan
3.000000000000000	nan	nan	nan
3.000000000000000	nan	nan	nan
3.000000000000000	nan	nan	nan
3.000000000000000	nan	nan	nan
3.000000000000000	nan	nan	nan
3.000000000000000	nan	nan	nan
3.000000000000000	nan	nan	nan
3.000000000000000	nan	nan	nan
3.000000000000000	nan	nan	nan
3.000000000000000	nan	nan	nan
3.000000000000000	nan	nan	nan
3.000000000000000	nan	nan	nan
3.000000000000000	nan	nan	nan
3.000000000000000	nan	nan	nan
3.000000000000000	nan	nan	nan
3.000000000000000	nan	nan	nan


4.000000000000000	nan	nan	nan
4.000000000000000	nan	nan	nan
4.000000000000000	nan	nan	nan
4.000000000000000	nan	nan	nan
4.000000000000000	nan	nan	nan
4.000000000000000	nan	nan	nan
4.000000000000000	nan	nan	nan
4.000000000000000	nan	nan	nan
4.000000000000000	nan	nan	nan
4.000000000000000	nan	nan	nan
4.000000000000000	nan	nan	nan
4.000000000000000	nan	nan	nan
4.000000000000000	nan	nan	nan
4.000000000000000	nan	nan	nan
4.000000000000000	nan	nan	nan
4.000000000000000	nan	nan	nan
4.000000000000000	nan	nan	nan
4.000000000000000	nan	nan	nan
4.000000000000000	nan	nan	nan
4.000000000000000	nan	nan	nan
4.000000000000000	nan	nan	nan
4.000000000000000	nan	nan	nan
4.000000000000000	nan	nan	nan
4.000000000000000	nan	nan	nan
4.000000000000000	nan	nan	nan
4.000000000000000	nan	nan	nan
4.000000000000000	nan	nan	nan
4.000000000000000	nan	nan	nan
4.000000000000000	nan	nan	nan
4.000000000000000	nan	nan	nan
4.000000000000000	nan	nan	nan
4.000000000000000	nan	nan	nan
4.000000000000000	nan	nan	nan
4.000000000000000	nan	nan	nan
4.000000000000000	nan	nan	nan
4.000000000000000	nan	nan	nan
4.000000000000000	nan	nan	nan
4.000000000000000	nan	nan	nan
4.000000000000000	nan	nan	nan
4.000000000000000	nan	nan	nan
4.000000000000000	nan	nan	nan
4.000000000000000	nan	nan	nan
4.000000000000000	nan	nan	nan
4.000000000000000	nan	nan	nan
4.000000000000000	nan	nan	nan
4.000000000000000	nan	nan	nan
4.000000000000000	nan	nan	nan
4.000000000000000	nan	nan	nan
4.000000000000000	nan	nan	nan
4.000000000000000	nan	nan	nan
4.000000000000000	nan	nan	nan
4.000000000000000	nan	nan	nan
4.000000000000000	nan	nan	nan
4.000000000000000	nan	nan	nan
4.000000000000000	nan	nan	nan
4.000000000000000	nan	nan	nan
4.000000000000000	nan	nan	nan
4.000000000000000	nan	nan	nan
4.000000000000000	nan	nan	nan
4.000000000000000	nan	nan	nan
4.000000000000000	nan	nan	nan
4.000000000000000	nan	nan	nan
4.000000000000000	nan	nan	nan
4.000000000000000	nan	nan	nan
4.000000000000000	nan	nan	nan
4.000000000000000	nan	nan	nan
4.000000000000000	nan	nan	nan
4.000000000000000	nan	nan	nan
4.000000000000000	nan	nan	nan
4.000000000000000	nan	nan	nan
4.000000000000000	nan	nan	nan
4.000000000000000	nan	nan	nan
4.000000000000000	nan	nan	nan
4.000000000000000	nan	nan	nan
4.000000000000000	nan	nan	nan
4.000000000000000	nan	nan	nan
4.000000000000000	nan	nan	nan
4.000000000000000	nan	nan	nan
4.000000000000000	nan	nan	nan
4.000000000000000	nan	nan	nan
4.000000000000000	nan	nan	nan
4.000000000000000	nan	nan	nan
4.000000000000000	nan	nan	nan
4.000000000000000	nan	nan	nan
4.000000000000000	nan	nan	nan
4.000000000000000	nan	nan	nan
4.000000000000000	nan	nan	nan
4.000000000000000	nan	nan	nan
4.000000000000000	nan	nan	nan
4.000000000000000	nan	nan	nan
4.000000000000000	nan	nan	nan
4.000000000000000	nan	nan	nan
4.000000000000000	nan	nan	nan
4.000000000000000	nan	nan	nan
4.000000000000000	nan	nan	nan
4.000000000000000	nan	nan	nan
4.000000000000000	nan	nan	nan
4.000000000000000	nan	nan	nan
4.000000000000000	nan	nan	nan
4.000000000000000	nan	nan	nan


5.000000000000000	nan	nan	nan
5.000000000000000	nan	nan	nan
5.000000000000000	nan	nan	nan
5.000000000000000	nan	nan	nan
5.000000000000000	nan	nan	nan
5.000000000000000	nan	nan	nan
5.000000000000000	nan	nan	nan
5.000000000000000	nan	nan	nan
5.000000000000000	nan	nan	nan
5.000000000000000	nan	nan	nan
5.000000000000000	nan	nan	nan
5.000000000000000	nan	nan	nan
5.000000000000000	nan	nan	nan
5.000000000000000	nan	nan	nan
5.000000000000000	nan	nan	nan
5.000000000000000	nan	nan	nan
5.000000000000000	nan	nan	nan
5.000000000000000	nan	nan	nan
5.000000000000000	nan	nan	nan
5.000000000000000	nan	nan	nan
5.000000000000000	nan	nan	nan
5.000000000000000	nan	nan	nan
5.000000000000000	nan	nan	nan
5.000000000000000	nan	nan	nan
5.000000000000000	nan	nan	nan
5.000000000000000	nan	nan	nan
5.000000000000000	nan	nan	nan
5.000000000000000	nan	nan	nan
5.000000000000000	nan	nan	nan
5.000000000000000	nan	nan	nan
5.000000000000000	nan	nan	nan
5.000000000000000	nan	nan	nan
5.000000000000000	nan	nan	nan
5.000000000000000	nan	nan	nan
5.000000000000000	nan	nan	nan
5.000000000000000	nan	nan	nan
5.000000000000000	nan	nan	nan
5.000000000000000	nan	nan	nan
5.000000000000000	nan	nan	nan
5.000000000000000	nan	nan	nan
5.000000000000000	nan	nan	nan
5.000000000000000	nan	nan	nan
5.000000000000000	nan	nan	nan
5.000000000000000	nan	nan	nan
5.000000000000000	nan	nan	nan
5.000000000000000	nan	nan	nan
5.000000000000000	nan	nan	nan
5.000000000000000	nan	nan	nan
5.000000000000000	nan	nan	nan
5.000000000000000	nan	nan	nan
5.000000000000000	nan	nan	nan
5.000000000000000	nan	nan	nan
5.000000000000000	nan	nan	nan
5.000000000000000	nan	nan	nan
5.000000000000000	nan	nan	nan
5.000000000000000	nan	nan	nan
5.000000000000000	nan	nan	nan
5.000000000000000	nan	nan	nan
5.000000000000000	nan	nan	nan
5.000000000000000	nan	nan	nan
5.000000000000000	nan	nan	nan
5.000000000000000	nan	nan	nan
5.000000000000000	nan	nan	nan
5.000000000000000	nan	nan	nan
5.000000000000000	nan	nan	nan
5.000000000000000	nan	nan	nan
5.000000000000000	nan	nan	nan
5.000000000000000	nan	nan	nan
5.000000000000000	nan	nan	nan
5.000000000000000	nan	nan	nan
5.000000000000000	nan	nan	nan
5.000000000000000	nan	nan	nan
5.000000000000000	nan	nan	nan
5.000000000000000	nan	nan	nan
5.000000000000000	nan	nan	nan
5.000000000000000	nan	nan	nan
5.000000000000000	nan	nan	nan
5.000000000000000	nan	nan	nan
5.000000000000000	nan	nan	nan
5.000000000000000	nan	nan	nan
5.000000000000000	nan	nan	nan
5.000000000000000	nan	nan	nan
5.000000000000000	nan	nan	nan
5.000000000000000	nan	nan	nan
5.000000000000000	nan	nan	nan
5.000000000000000	nan	nan	nan
5.000000000000000	nan	nan	nan
5.000000000000000	nan	nan	nan
5.000000000000000	nan	nan	nan
5.000000000000000	nan	nan	nan
5.000000000000000	nan	nan	nan
5.000000000000000	nan	nan	nan
5.000000000000000	nan	nan	nan
5.000000000000000	nan	nan	nan
5.000000000000000	nan	nan	nan
5.000000000000000	nan	nan	nan
5.000000000000000	nan	nan	nan
5.000000000000000	nan	nan	nan
5.000000000000000	nan	nan	nan
5.000000000000000	nan	nan	nan


6.000000000000000	0.257141257184027	-0.239503877841180	-0.004940768596284
6.000000000000000	0.273804619344422	-0.220405106914485	-0.005804851907103
6.000000000000000	0.289213646119534	-0.200277435017865	-0.006642644009481
6.000000000000000	0.303306290797059	-0.179201909182111	-0.007450771410315
6.000000000000000	0.316025807270794	-0.157263393111289	-0.008225980065783
6.000000000000000	0.327320978537172	-0.134550225466553	-0.008965148484237
6.000000000000000	0.337146322928063	-0.111153864157537	-0.009665300295340
6.000000000000000	0.345462277249400	-0.087168518073634	-0.010323616234862
6.000000000000000	0.352235356088195	-0.062690767738044	-0.010937445496864
6.000000000000000	0.357438286646480	-0.037819176412099	-0.011504316407555
6.000000000000000	0.361050118559239	-0.012653893215796	-0.012021946377851
6.000000000000000	0.363056308254132	0.012703750137363	-0.012488251094557
6.000000000000000	0.363448777513331	0.038151647367418	-0.012901352913156
6.000000000000000	0.362225946001648	0.063587328773900	-0.013259588418428
6.000000000000000	0.359392737629990	0.088908373845150	-0.013561515122430
6.000000000000000	0.354960560728507	0.114012823669572	-0.013805917272887
6.000000000000000	0.348947262109271	0.138799591488181	-0.013991810748601
6.000000000000000	0.341377055203466	0.163168869735308	-0.014118447022153
6.000000000000000	0.332280422562444	0.187022531928435	-0.014185316173968
6.000000000000000	0.321693993115251	0.210264527788914	-0.014192148945570
6.000000000000000	0.309660394676856	0.232801270002531	-0.014138917823800
6.000000000000000	0.296228082300988	0.254542011062594	-0.014025837151599
6.000000000000000	0.281451143168732	0.275399208678114	-0.013853362264921
6.000000000000000	0.265389078798546	0.295288878275712	-0.013622187659262
6.000000000000000	0.248106565454644	0.314130931175852	-0.013333244193167
6.000000000000000	0.229673193718504	0.331849497081691	-0.012987695339993
6.000000000000000	0.210163188272166	0.348373229581984	-0.012586932503013
6.000000000000000	0.189655109021627	0.363635593437900	-0.012132569412724
6.000000000000000	0.168231534763830	0.377575132496948	-0.011626435628926
6.000000000000000	0.145978730670994	0.390135717155209	-0.011070569173731
6.000000000000000	0.122986300931212	0.401266770371447	-0.010467208325162
6.000000000000000	0.099346827944013	0.410923471322994	-0.009818782604406
6.000000000000000	0.075155499523709	0.419066935883392	-0.009127902992981
6.000000000000000	0.050509725611672	0.425664373195040	-0.008397351419242
6.000000000000000	0.025508746040873	0.430689217706409	-0.007630069556532
6.000000000000000	0.000253230932103	0.434121236142140	-0.006829146978105
6.000000000000000	-0.025155124669071	0.435946608975301	-0.005997808716504
6.000000000000000	-0.050614010282364	0.436157986073746	-0.005139402277491
6.000000000000000	-0.076020911960966	0.434754516296506	-0.004257384160830
6.000000000000000	-0.101273525079026	0.431741850921026	-0.003355305942171
6.000000000000000	-0.126270166276268	0.427132120887472	-0.002436799972119
6.000000000000000	-0.150910182901002	0.420943887951715	-0.001505564750034
6.000000000000000	-0.175094358302818	0.413202069943687	-0.000565350031482
6.000000000000000	-0.198725311343029	0.403937840432081	0.000380058270708
6.000000000000000	-0.221707888514139	0.393188503199389	0.001326853330980
6.000000000000000	-0.243949547089437	0.380997342032734	0.002271222739791
6.000000000000000	-0.265360727759895	0.367413446435340	0.003209363854842
6.000000000000000	-0.285855215257896	0.352491513960427	0.004137499112972
6.000000000000000	-0.305350485515688	0.336291629963468	0.005051891241077
6.000000000000000	-0.323768037960676	0.318879025659671	0.005948858304786
6.000000000000000	-0.341033711609524	0.300323815460897	0.006824788534313
6.000000000000000	-0.357077983688262	0.280700714649670	0.007676154867777
6.000000000000000	-0.371836249575953	0.260088738527106	0.008499529153438
6.000000000000000	-0.385249082944706	0.238570884246183	0.009291595953653
6.000000000000000	-0.397262475048520	0.216233796611497	0.010049165894971
6.000000000000000	-0.407828052197446	0.193167419191217	0.010769188510620
6.000000000000000	-0.416903270541360	0.169464632146080	0.011448764523652
6.000000000000000	-0.424451587379032	0.145220878233765	0.012085157521316
6.000000000000000	-0.430442608302689	0.120533778494597	0.012675804973622
6.000000000000000	-0.434852209585564	0.095502739166067	0.013218328551743
6.000000000000000	-0.437662635319632	0.070228551409001	0.013710543704712
6.000000000000000	-0.438862568912385	0.044812985457129	0.014150468455831
6.000000000000000	-0.438447178654754	0.019358380824275	0.014536331383397
6.000000000000000	-0.436418137176697	-0.006032765780748	0.014866578753587
6.000000000000000	-0.432783614712108	-0.031258213172211	0.015139880776802
6.000000000000000	-0.427558246200170	-0.056216387376632	0.015355136962254
6.000000000000000	-0.420763072355620	-0.080806790635321	0.015511480549256
6.000000000000000	-0.412425454945215	-0.104930406073386	0.015608281997366
6.000000000000000	-0.402578966611557	-0.128490096405736	0.015645151521317
6.000000000000000	-0.391263255687909	-0.151390995074650	0.015621940660549
6.000000000000000	-0.378523886548351	-0.173540888243918	0.015538742877005
6.000000000000000	-0.364412156136126	-0.194850586111414	0.015395893178797
6.000000000000000	-0.348984887408958	-0.215234282044949	0.015193966771241
6.000000000000000	-0.332304200533053	-0.234609898095299	0.014933776740711
6.000000000000000	-0.314437262747114	-0.252899415495132	0.014616370780629
6.000000000000000	-0.295456017903582	-0.270029188813049	0.014243026972768
6.000000000000000	-0.275436896776130	-0.285930242497746	0.013815248640874
6.000000000000000	-0.254460509299914	-0.300538548618213	0.013334758297307
6.000000000000000	-0.232611319983815	-0.313795284681613	0.012803490707096
6.000000000000000	-0.209977307801674	-0.325647070490701	0.012223585097317
6.000000000000000	-0.186649611932015	-0.336046183087038	0.011597376543189
6.000000000000000	-0.162722164772740	-0.344950748914501	0.010927386565541
6.000000000000000	-0.138291313708516	-0.352324912429313	0.010216312977545
6.000000000000000	-0.113455433153862	-0.358138980477665	0.009467019021571
6.000000000000000	-0.088314528434103	-0.362369541859566	0.008682521839921
6.000000000000000	-0.062969833099219	-0.364999561597481	0.007865980325862
6.000000000000000	-0.037523401292071	-0.366018449530175	0.007020682403878
6.000000000000000	-0.012077696812388	-0.365422102955552	0.006150031790358
6.000000000000000	0.013264819468793	-0.363212923150792	0.005257534288032
6.000000000000000	0.038402102182893	-0.359399805703253	0.004346783669341
6.000000000000000	0.063232932364468	-0.353998104691079	0.003421447205581
6.000000000000000	0.087657325024264	-0.347029570857750	0.002485250900102
6.000000000000000	0.111576931753476	-0.338522264029512	0.001541964485000
6.000000000000000	0.134895436738084	-0.328510440128362	0.000595386241743
6.000000000000000	0.157518944588634	-0.317034413235538	-0.000350672293174
6.000000000000000	0.179356358423839	-0.304140393260946	-0.001292401675935
6.000000000000000	0.200319746685564	-0.289880299872159	-0.002226009894694
6.000000000000000	0.220324697208174	-0.274311553432244	-0.003147737638665
6.000000000000000	0.239290657116540	-0.257496843788221	-0.004053873435541
6.000000000000000	0.257141257184027	-0.239503877841180	-0.004940768596284


7.000000000000000	nan	nan	nan
7.000000000000000	nan	nan	nan
7.000000000000000	nan	nan	nan
7.000000000000000	nan	nan	nan
7.000000000000000	nan	nan	nan
7.000000000000000	nan	nan	nan
7.000000000000000	nan	nan	nan
7.000000000000000	nan	nan	nan
7.000000000000000	nan	nan	nan
7.000000000000000	nan	nan	nan
7.000000000000000	nan	nan	nan
7.000000000000000	nan	nan	nan
7.000000000000000	nan	nan	nan
7.000000000000000	nan	nan	nan
7.000000000000000	nan	nan	nan
7.000000000000000	nan	nan	nan
7.000000000000000	nan	nan	nan
7.000000000000000	nan	nan	nan
7.000000000000000	nan	nan	nan
7.000000000000000	nan	nan	nan
7.000000000000000	nan	nan	nan
7.000000000000000	nan	nan	nan
7.000000000000000	nan	nan	nan
7.000000000000000	nan	nan	nan
7.000000000000000	nan	nan	nan
7.000000000000000	nan	nan	nan
7.000000000000000	nan	nan	nan
7.000000000000000	nan	nan	nan
7.000000000000000	nan	nan	nan
7.000000000000000	nan	nan	nan
7.000000000000000	nan	nan	nan
7.000000000000000	nan	nan	nan
7.000000000000000	nan	nan	nan
7.000000000000000	nan	nan	nan
7.000000000000000	nan	nan	nan
7.000000000000000	nan	nan	nan
7.000000000000000	nan	nan	nan
7.000000000000000	nan	nan	nan
7.000000000000000	nan	nan	nan
7.000000000000000	nan	nan	nan
7.000000000000000	nan	nan	nan
7.000000000000000	nan	nan	nan
7.000000000000000	nan	nan	nan
7.000000000000000	nan	nan	nan
7.000000000000000	nan	nan	nan
7.000000000000000	nan	nan	nan
7.000000000000000	nan	nan	nan
7.000000000000000	nan	nan	nan
7.000000000000000	nan	nan	nan
7.000000000000000	nan	nan	nan
7.000000000000000	nan	nan	nan
7.000000000000000	nan	nan	nan
7.000000000000000	nan	nan	nan
7.000000000000000	nan	nan	nan
7.000000000000000	nan	nan	nan
7.000000000000000	nan	nan	nan
7.000000000000000	nan	nan	nan
7.000000000000000	nan	nan	nan
7.000000000000000	nan	nan	nan
7.000000000000000	nan	nan	nan
7.000000000000000	nan	nan	nan
7.000000000000000	nan	nan	nan
7.000000000000000	nan	nan	nan
7.000000000000000	nan	nan	nan
7.000000000000000	nan	nan	nan
7.000000000000000	nan	nan	nan
7.000000000000000	nan	nan	nan
7.000000000000000	nan	nan	nan
7.000000000000000	nan	nan	nan
7.000000000000000	nan	nan	nan
7.000000000000000	nan	nan	nan
7.000000000000000	nan	nan	nan
7.000000000000000	nan	nan	nan
7.000000000000000	nan	nan	nan
7.000000000000000	nan	nan	nan
7.000000000000000	nan	nan	nan
7.000000000000000	nan	nan	nan
7.000000000000000	nan	nan	nan
7.000000000000000	nan	nan	nan
7.000000000000000	nan	nan	nan
7.000000000000000	nan	nan	nan
7.000000000000000	nan	nan	nan
7.000000000000000	nan	nan	nan
7.000000000000000	nan	nan	nan
7.000000000000000	nan	nan	nan
7.000000000000000	nan	nan	nan
7.000000000000000	nan	nan	nan
7.000000000000000	nan	nan	nan
7.000000000000000	nan	nan	nan
7.000000000000000	nan	nan	nan
7.000000000000000	nan	nan	nan
7.000000000000000	nan	nan	nan
7.000000000000000	nan	nan	nan
7.000000000000000	nan	nan	nan
7.000000000000000	nan	nan	nan
7.000000000000000	nan	nan	nan
7.000000000000000	nan	nan	nan
7.000000000000000	nan	nan	nan
7.000000000000000	nan	nan	nan
7.000000000000000	nan	nan	nan


8.000000000000000	-0.397640879874110	0.421840859513357	-0.037362508779344
8.000000000000000	-0.427272219055124	0.392188576215875	-0.035927239274761
8.000000000000000	-0.454947150760526	0.360706796267987	-0.034325135086417
8.000000000000000	-0.480554237808035	0.327522285686247	-0.032562647322428
8.000000000000000	-0.503990369495971	0.292768666782500	-0.030646872898959
8.000000000000000	-0.525161176793664	0.256585880113998	-0.028585525963452
8.000000000000000	-0.543981412332230	0.219119620992167	-0.026386906832478
8.000000000000000	-0.560375293665641	0.180520752819008	-0.024059868569288
8.000000000000000	-0.574276808419884	0.140944699613423	-0.021613781335655
8.000000000000000	-0.585629980101499	0.100550820173550	-0.019058494661536
8.000000000000000	-0.594389093495154	0.059501766395127	-0.016404297784497
8.000000000000000	-0.600518878742687	0.017962828329709	-0.013661878218578
8.000000000000000	-0.603994653362376	-0.023898731380022	-0.010842278719451
8.000000000000000	-0.604802421636581	-0.065914351007891	-0.007956852819141
8.000000000000000	-0.602938930967558	-0.107914848482809	-0.005017219109353
8.000000000000000	-0.598411684974523	-0.149731102625259	-0.002035214457513
8.000000000000000	-0.591238913279229	-0.191194734138593	0.000977153656128
8.000000000000000	-0.581449498101705	-0.232138783613040	0.004007755488371
8.000000000000000	-0.569082857961760	-0.272398383812312	0.007044387875271
8.000000000000000	-0.554188788954509	-0.311811423535783	0.010074823369966
8.000000000000000	-0.536827264239073	-0.350219200383071	0.013086859478292
8.000000000000000	-0.517068192547842	-0.387467059792599	0.016068367793920
8.000000000000000	-0.494991136688673	-0.423405017780925	0.019007342835169
8.000000000000000	-0.470684993173553	-0.457888364875308	0.021891950386839
8.000000000000000	-0.444247634263715	-0.490778248807681	0.024710575152425
8.000000000000000	-0.415785513872588	-0.521942233623728	0.027451867524811
8.000000000000000	-0.385413238913459	-0.551254832955729	0.030104789287136
8.000000000000000	-0.353253107817883	-0.578598015311874	0.032658658059796
8.000000000000000	-0.319434618083065	-0.603861679347420	0.035103190314615
8.000000000000000	-0.284093944831140	-0.626944097203949	0.037428542782985
8.000000000000000	-0.247373392480025	-0.647752324131547	0.039625352091234
8.000000000000000	-0.209420821733746	-0.666202572744513	0.041684772463629
8.000000000000000	-0.170389054199577	-0.682220550403581	0.043598511341190
8.000000000000000	-0.130435257029357	-0.695741758366164	0.045358862772898
8.000000000000000	-0.089720310062848	-0.706711751500023	0.046958738444844
8.000000000000000	-0.048408158021396	-0.715086357514598	0.048391696222363
8.000000000000000	-0.006665150360407	-0.720831854827234	0.049651966090237
8.000000000000000	0.035340628561204	-0.723925108348090	0.050734473386514
8.000000000000000	0.077440036297396	-0.724353662636983	0.051634859236376
8.000000000000000	0.119463553391941	-0.722115792057045	0.052349498103790
8.000000000000000	0.161241965973437	-0.717220507723261	0.052875512390266
8.000000000000000	0.202607047119848	-0.709687521217883	0.053210784021924
8.000000000000000	0.243392234248946	-0.699547165218847	0.053353962978237
8.000000000000000	0.283433299807039	-0.686840271360784	0.053304472728080
8.000000000000000	0.322569012555370	-0.671618005820445	0.053062512551226
8.000000000000000	0.360641786791407	-0.653941663288554	0.052629056735906
8.000000000000000	0.397498316890849	-0.633882420157733	0.052005850655705
8.000000000000000	0.432990194615270	-0.611521047920285	0.051195403741549
8.000000000000000	0.466974506699709	-0.586947587929904	0.050200979377121
8.000000000000000	0.499314410313954	-0.560260988836921	0.049026581758361
8.000000000000000	0.529879684080319	-0.531568708157014	0.047676939769981
8.000000000000000	0.558547252429168	-0.500986279577720	0.046157487943923
8.000000000000000	0.585201681180800	-0.468636847745050	0.044474344576408
8.000000000000000	0.609735642358148	-0.434650672403465	0.042634287091722
8.000000000000000	0.632050346358658	-0.399164603885854	0.040644724751920
8.000000000000000	0.652055939745157	-0.362321532065553	0.038513668822341
8.000000000000000	0.669671867053926	-0.324269810989249	0.036249700313068
8.000000000000000	0.684827195163125	-0.285162661507599	0.033861935426237
8.000000000000000	0.697460898915437	-0.245157554308939	0.031359988848300
8.000000000000000	0.707522106844838	-0.204415575840407	0.028753935035079
8.000000000000000	0.714970306018037	-0.163100779669667	0.026054267645489
8.000000000000000	0.719775505165760	-0.121379525899099	0.023271857287279
8.000000000000000	0.721918355447002	-0.079419811292381	0.020417907744925
8.000000000000000	0.721390228359989	-0.037390592810814	0.017503910865952
8.000000000000000	0.718193250486099	0.004538892716728	0.014541600287314
8.000000000000000	0.712340294926877	0.046199810050775	0.011542904188182
8.000000000000000	0.703854929468597	0.087424405381186	0.008519897259376
8.000000000000000	0.692771321683101	0.128046681812527	0.005484752082847
8.000000000000000	0.679134101347052	0.167903067774989	0.002449690116985
8.000000000000000	0.662998180733572	0.206833075669366	-0.000573067514879
8.000000000000000	0.644428533499897	0.244679948093969	-0.003571349234625
8.000000000000000	0.623499933061397	0.281291289051363	-0.006533082019993
8.000000000000000	0.600296651505418	0.316519677593256	-0.009446340018382
8.000000000000000	0.574912120257333	0.350223261432632	-0.012299392568047
8.000000000000000	0.547448553865165	0.382266328132839	-0.015080751433339
8.000000000000000	0.518016538417682	0.412519851573674	-0.017779217063770
8.000000000000000	0.486734586253244	0.440862011494036	-0.020383923690654
8.000000000000000	0.453728658752446	0.467178684019113	-0.022884383079718
8.000000000000000	0.419131659136099	0.491363901196954	-0.025270526763524
8.000000000000000	0.383082897310861	0.513320277694002	-0.027532746583633
8.000000000000000	0.345727528917418	0.532959402931473	-0.029661933379266
8.000000000000000	0.307215970839944	0.550202197083541	-0.031649513666678
8.000000000000000	0.267703295530404	0.564979229503893	-0.033487484161558
8.000000000000000	0.227348606586516	0.577230998298433	-0.035168444005422
8.000000000000000	0.186314398097723	0.586908169918411	-0.036685624566264
8.000000000000000	0.144765900338838	0.593971777809212	-0.038032916693444
8.000000000000000	0.102870414446055	0.598393379314914	-0.039204895317084
8.000000000000000	0.060796638754313	0.600155170206832	-0.040196841292910
8.000000000000000	0.018713989508646	0.599250056374857	-0.041004760404579
8.000000000000000	-0.023208081315243	0.595681682392935	-0.041625399446977
8.000000000000000	-0.064800768334280	0.589464416843657	-0.042056259325732
8.000000000000000	-0.105896592477719	0.580623294461045	-0.042295605120180
8.000000000000000	-0.146330075366249	0.569193915324514	-0.042342473069285
8.000000000000000	-0.185938405635024	0.555222301509919	-0.042196674452355
8.000000000000000	-0.224562094517565	0.538764711774897	-0.041858796348963
8.000000000000000	-0.262045618050732	0.519887415024708	-0.041330199274979
8.000000000000000	-0.298238043314835	0.498666423470739	-0.040613011704256
8.000000000000000	-0.332993636187223	0.475187186556163	-0.039710121498013
8.000000000000000	-0.366172448162171	0.449544246881184	-0.038625164276441
8.000000000000000	-0.397640879874110	0.421840859513357	-0.037362508779344


9.000000000000000	0.609041043225266	-0.085309285361119	-0.010233875109115
9.000000000000000	0.613565313856055	-0.043297067192621	-0.010366448550284
9.000000000000000	0.615407944018329	-0.001080947799313	-0.010453733978259
9.000000000000000	0.614561514090770	0.041169083405923	-0.010495379925428
9.000000000000000	0.611029432347955	0.083282900459310	-0.010491218698260
9.000000000000000	0.604825921236435	0.125090925883382	-0.010441267052549
9.000000000000000	0.595975960105966	0.166424813515639	-0.010345726125942
9.000000000000000	0.584515184626482	0.207118126379124	-0.010204980628030
9.000000000000000	0.570489743295829	0.247007006865388	-0.010019597291258
9.000000000000000	0.553956111616053	0.285930836531242	-0.009790322588892
9.000000000000000	0.534980864686488	0.323732882852547	-0.009518079729238
9.000000000000000	0.513640409129323	0.360260930330763	-0.009203964938206
9.000000000000000	0.490020675427105	0.395367893411042	-0.008849243045195
9.000000000000000	0.464216771911017	0.428912408743844	-0.008455342390070
9.000000000000000	0.436332601793189	0.460759404405251	-0.008023849071745
9.000000000000000	0.406480444785144	0.490780643783933	-0.007556500561520
9.000000000000000	0.374780504987019	0.518855241944722	-0.007055178706897
9.000000000000000	0.341360426868085	0.544870152389578	-0.006521902154048
9.000000000000000	0.306354781287518	0.568720622255941	-0.005958818219434
9.000000000000000	0.269904523625048	0.590310614119534	-0.005368194243322
9.000000000000000	0.232156426203390	0.609553192703175	-0.004752408460007
9.000000000000000	0.193262487287904	0.626370874934456	-0.004113940421501
9.000000000000000	0.153379319043231	0.640695941942728	-0.003455361013251
9.000000000000000	0.112667516911375	0.652470711739091	-0.002779322102094
9.000000000000000	0.071291012950545	0.661647771481408	-0.002088545858120
9.000000000000000	0.029416415738612	0.668190168389082	-0.001385813793460
9.000000000000000	-0.012787660500829	0.672071558538863	-0.000673955562111
9.000000000000000	-0.055151274848429	0.673276312942532	0.000044162434073
9.000000000000000	-0.097503843981184	0.671799580479315	0.000765648587377
9.000000000000000	-0.139674829051270	0.667647307429639	0.001487597727707
9.000000000000000	-0.181494422385797	0.660836213531554	0.002207102820681
9.000000000000000	-0.222794231242372	0.651393724656256	0.002921266673236
9.000000000000000	-0.263407955867240	0.639357862373779	0.003627213599595
9.000000000000000	-0.303172059125698	0.624777090853550	0.004322101000648
9.000000000000000	-0.341926425008415	0.607710121716290	0.005003130810084
9.000000000000000	-0.379515003362095	0.588225677623033	0.005667560761229
9.000000000000000	-0.415786438248361	0.566402215553230	0.006312715429173
9.000000000000000	-0.450594677400703	0.542327610886182	0.006935997003774
9.000000000000000	-0.483799560325407	0.516098803557900	0.007534895750113
9.000000000000000	-0.515267382678390	0.487821407718203	0.008107000114316
9.000000000000000	-0.544871434645410	0.457609286459804	0.008650006434030
9.000000000000000	-0.572492511157760	0.425584093331833	0.009161728214455
9.000000000000000	-0.598019391889012	0.391874782483923	0.009640104932592
9.000000000000000	-0.621349289100016	0.356617089413367	0.010083210334235
9.000000000000000	-0.642388261528843	0.319952984406178	0.010489260190325
9.000000000000000	-0.661051592659099	0.282030100872852	0.010856619481402
9.000000000000000	-0.677264131843426	0.243001140880732	0.011183808981260
9.000000000000000	-0.690960596908645	0.203023260276678	0.011469511213262
9.000000000000000	-0.702085837024020	0.162257435875939	0.011712575755356
9.000000000000000	-0.710595054774191	0.120867817265334	0.011912023872420
9.000000000000000	-0.716453986542553	0.079021065830798	0.012067052457279
9.000000000000000	-0.719639040478748	0.036885683670809	0.012177037264540
9.000000000000000	-0.720137391494721	-0.005368664902095	0.012241535424202
9.000000000000000	-0.717947032906819	-0.047571836539621	0.012260287224939
9.000000000000000	-0.713076784516004	-0.089553893964931	0.012233217159870
9.000000000000000	-0.705546257093620	-0.131145790250078	0.012160434230591
9.000000000000000	-0.695385773415745	-0.172180049508323	0.012042231508270
9.000000000000000	-0.682636246164070	-0.212491441260419	0.011879084953552
9.000000000000000	-0.667349013184973	-0.251917645759436	0.011671651500031
9.000000000000000	-0.649585630770126	-0.290299907595087	0.011420766409011
9.000000000000000	-0.629417625791037	-0.327483674945742	0.011127439906206
9.000000000000000	-0.606926207685588	-0.363319221904058	0.010792853113916
9.000000000000000	-0.582201941456282	-0.397662251370368	0.010418353295061
9.000000000000000	-0.555344382996948	-0.430374476086169	0.010005448428236
9.000000000000000	-0.526461678216296	-0.461324175468105	0.009555801135606
9.000000000000000	-0.495670127572506	-0.490386726000270	0.009071221988120
9.000000000000000	-0.463093717772333	-0.517445103049117	0.008553662214974
9.000000000000000	-0.428863622520404	-0.542390352080355	0.008005205846706
9.000000000000000	-0.393117674328999	-0.565122027380405	0.007428061323537
9.000000000000000	-0.355999809515174	-0.585548596515839	0.006824552602761
9.000000000000000	-0.317659488620016	-0.603587808902177	0.006197109800993
9.000000000000000	-0.278251094583793	-0.619167026997968	0.005548259408943
9.000000000000000	-0.237933311100341	-0.632223518790527	0.004880614118133
9.000000000000000	-0.196868483653837	-0.642704710395614	0.004196862300507
9.000000000000000	-0.155221965810833	-0.650568397753906	0.003499757183308
9.000000000000000	-0.113161453399806	-0.655782916571851	0.002792105762806
9.000000000000000	-0.070856309259237	-0.658327269822600	0.002076757501509
9.000000000000000	-0.028476881273244	-0.658191212293627	0.001356592854388
9.000000000000000	0.013806183559229	-0.655375291840579	0.000634511670299
9.000000000000000	0.055822626259644	-0.649890847181261	-0.000086578484684
9.000000000000000	0.097403261442690	-0.641759962238614	-0.000803774035011
9.000000000000000	0.138380658566111	-0.631015377216558	-0.001514187087330
9.000000000000000	0.178589816114407	-0.617700356766741	-0.002214957059016
9.000000000000000	0.217868826001703	-0.601868515777062	-0.002903262196725
9.000000000000000	0.256059525518465	-0.583583603483436	-0.003576330938600
9.000000000000000	0.293008134196908	-0.562919246774125	-0.004231453074374
9.000000000000000	0.328565873030665	-0.539958653720240	-0.004865990658426
9.000000000000000	0.362589563555334	-0.514794278526211	-0.005477388631863
9.000000000000000	0.394942204377624	-0.487527449249336	-0.006063185110833
9.000000000000000	0.425493522831605	-0.458267959787454	-0.006621021299670
9.000000000000000	0.454120499540760	-0.427133627777674	-0.007148650988925
9.000000000000000	0.480707863773596	-0.394249820186332	-0.007643949600065
9.000000000000000	0.505148557598190	-0.359748948500462	-0.008104922740393
9.000000000000000	0.527344166966702	-0.323769935553475	-0.008529714233773
9.000000000000000	0.547205317994006	-0.286457656131942	-0.008916613594787
9.000000000000000	0.564652036834786	-0.247962353615956	-0.009264062916262
9.000000000000000	0.579614071709981	-0.208439035002071	-0.009570663142411
9.000000000000000	0.592031175785904	-0.168046846744837	-0.009835179702336
9.000000000000000	0.601853349766981	-0.126948433930194	-0.010056547481209
9.000000000000000	0.609041043225266	-0.085309285361119	-0.010233875109115


10.000000000000000	-0.603630920114279	0.266702598019383	0.005196884836297
10.000000000000000	-0.621105121454655	0.223480177522307	0.004756457559593
10.000000000000000	-0.635787311757437	0.179229290886527	0.004294372035227
10.000000000000000	-0.647618371024264	0.134128120814450	0.003812488918518
10.000000000000000	-0.656550659755167	0.088358273799781	0.003312748582699
10.000000000000000	-0.662548210776023	0.042104048862264	0.002797163305721
10.000000000000000	-0.665586874065668	-0.004448304559417	0.002267809167523
10.000000000000000	-0.665654413999514	-0.051111336568396	0.001726817690387
10.000000000000000	-0.662750558618082	-0.097697151604199	0.001176367256051
10.000000000000000	-0.656887000722098	-0.144018165031852	0.000618674334137
10.000000000000000	-0.648087350789702	-0.189887858478992	0.000055984557206
10.000000000000000	-0.636387041905390	-0.235121530879532	-0.000509436321606
10.000000000000000	-0.621833187083489	-0.279537042199657	-0.001075311551984
10.000000000000000	-0.604484389560673	-0.322955546851458	-0.001639362554096
10.000000000000000	-0.584410506821417	-0.365202213840994	-0.002199318093635
10.000000000000000	-0.561692369306560	-0.406106930750996	-0.002752923427277
10.000000000000000	-0.536421454937649	-0.445504988723533	-0.003297949381733
10.000000000000000	-0.508699520767637	-0.483237745684446	-0.003832201329850
10.000000000000000	-0.478638193241142	-0.519153265138998	-0.004353528027594
10.000000000000000	-0.446358518714155	-0.553106927966502	-0.004859830276350
10.000000000000000	-0.411990476043086	-0.584962014750487	-0.005349069375660
10.000000000000000	-0.375672453205785	-0.614590256299527	-0.005819275332345
10.000000000000000	-0.337550690061998	-0.641872350142008	-0.006268554792973
10.000000000000000	-0.297778689497066	-0.666698440915072	-0.006695098667727
10.000000000000000	-0.256516599319985	-0.688968562713388	-0.007097189414969
10.000000000000000	-0.213930567404700	-0.708593041616576	-0.007473207957175
10.000000000000000	-0.170192072671258	-0.725492856774431	-0.007821640200390
10.000000000000000	-0.125477234600724	-0.739599958595995	-0.008141083130947
10.000000000000000	-0.079966104064183	-0.750857542761248	-0.008430250464910
10.000000000000000	-0.033841938321435	-0.759220278952051	-0.008687977827485
10.000000000000000	0.012709536891309	-0.764654493381337	-0.008913227441546
10.000000000000000	0.059500875213422	-0.767138304385574	-0.009105092306397
10.000000000000000	0.106343664440191	-0.766661710534491	-0.009262799849946
10.000000000000000	0.153049285192271	-0.763226630903318	-0.009385715039577
10.000000000000000	0.199429670419350	-0.756846897345338	-0.009473342939203
10.000000000000000	0.245298062679789	-0.747548198795902	-0.009525330702199
10.000000000000000	0.290469766146916	-0.735367977832152	-0.009541468992194
10.000000000000000	0.334762890313942	-0.720355279904975	-0.009521692825989
10.000000000000000	0.377999082402827	-0.702570555850285	-0.009466081835226
10.000000000000000	0.420004245527975	-0.682085418474844	-0.009374859945736
10.000000000000000	0.460609239722940	-0.658982354196760	-0.009248394475874
10.000000000000000	0.499650563007380	-0.633354390901800	-0.009087194657450
10.000000000000000	0.536971009751820	-0.605304723352921	-0.008891909585238
10.000000000000000	0.572420303689239	-0.574946297661388	-0.008663325603301
10.000000000000000	0.605855703024559	-0.542401356492644	-0.008402363138656
10.000000000000000	0.637142575205471	-0.507800946838240	-0.008110072995043
10.000000000000000	0.666154939040211	-0.471284392335857	-0.007787632121709
10.000000000000000	0.692775971979348	-0.432998732262184	-0.007436338874246
10.000000000000000	0.716898480518965	-0.393098129457653	-0.007057607786576
10.000000000000000	0.738425331831061	-0.351743249567090	-0.006652963875118
10.000000000000000	0.757269844883171	-0.309100614095866	-0.006224036498087
10.000000000000000	0.773356139472287	-0.265341929886571	-0.005772552794642
10.000000000000000	0.786619441767656	-0.220643397716161	-0.005300330730310
10.000000000000000	0.797006345132136	-0.175185002797618	-0.004809271776675
10.000000000000000	0.804475025171869	-0.129149790043022	-0.004301353254828
10.000000000000000	0.808995408148360	-0.082723127006295	-0.003778620373390
10.000000000000000	0.810549292074803	-0.036091957473482	-0.003243177993178
10.000000000000000	0.809130420009061	0.010555951293887	-0.002697182151676
10.000000000000000	0.804744505248161	0.057032764631295	-0.002142831381434
10.000000000000000	0.797409208322862	0.103151336815133	-0.001582357857347
10.000000000000000	0.787154065884936	0.148725964632482	-0.001018018408481
10.000000000000000	0.774020371773492	0.193573135142400	-0.000452085430618
10.000000000000000	0.758061010739261	0.237512264617774	0.000113162263884
10.000000000000000	0.739340245496371	0.280366425692248	0.000675448622060
10.000000000000000	0.717933457959077	0.321963059784284	0.001232509515200
10.000000000000000	0.693926845705401	0.362134671929668	0.001782101855699
10.000000000000000	0.667417074889902	0.400719505224609	0.002322012629177
10.000000000000000	0.638510891003198	0.437562192163705	0.002850067805508
10.000000000000000	0.607324689045541	0.472514380250049	0.003364141092870
10.000000000000000	0.573984044845241	0.505435329358375	0.003862162499573
10.000000000000000	0.538623209409119	0.536192478445867	0.004342126669188
10.000000000000000	0.501384568341089	0.564661979328694	0.004802100955402
10.000000000000000	0.462418068505587	0.590729195374934	0.005240233204111
10.000000000000000	0.421880614244467	0.614289163105829	0.005654759211384
10.000000000000000	0.379935435578595	0.635247014846673	0.006044009827296
10.000000000000000	0.336751430938171	0.653518360725446	0.006406417676999
10.000000000000000	0.292502487068356	0.669029628481054	0.006740523471992
10.000000000000000	0.247366778848725	0.681718359712849	0.007044981886160
10.000000000000000	0.201526051845911	0.691533461378571	0.007318566972924
10.000000000000000	0.155164890488355	0.698435411527989	0.007560177101702
10.000000000000000	0.108469974809962	0.702396418443852	0.007768839393779
10.000000000000000	0.061629328755488	0.703400532549324	0.007943713639750
10.000000000000000	0.014831563074482	0.701443710631296	0.008084095682749
10.000000000000000	-0.031734884147640	0.696533832120986	0.008189420253835
10.000000000000000	-0.077882506263251	0.688690667366243	0.008259263248133
10.000000000000000	-0.123425483085608	0.677945798023337	0.008293343432557
10.000000000000000	-0.168180429121156	0.664342489888779	0.008291523578233
10.000000000000000	-0.211967131998190	0.647935518683223	0.008253811013070
10.000000000000000	-0.254609278118468	0.628790949488977	0.008180357592260
10.000000000000000	-0.295935162609844	0.606985870729227	0.008071459086802
10.000000000000000	-0.335778380721183	0.582608083760175	0.007927553992542
10.000000000000000	-0.373978497875567	0.555755749325955	0.007749221764506
10.000000000000000	-0.410381695683710	0.526536992299971	0.007537180483634
10.000000000000000	-0.444841391316319	0.495069466304187	0.007292283965326
10.000000000000000	-0.477218827741416	0.461479879959522	0.007015518321425
10.000000000000000	-0.507383632449932	0.425903486674951	0.006707997989498
10.000000000000000	-0.535214342419786	0.388483540029763	0.006370961245383
10.000000000000000	-0.560598893204605	0.349370716941963	0.006005765217095
10.000000000000000	-0.583435070177698	0.308722510945497	0.005613880420145
10.000000000000000	-0.603630920114279	0.266702598019383	0.005196884836297


11.000000000000000	nan	nan	nan
11.000000000000000	nan	nan	nan
11.000000000000000	nan	nan	nan
11.000000000000000	nan	nan	nan
11.000000000000000	nan	nan	nan
11.000000000000000	nan	nan	nan
11.000000000000000	nan	nan	nan
11.000000000000000	nan	nan	nan
11.000000000000000	nan	nan	nan
11.000000000000000	nan	nan	nan
11.000000000000000	nan	nan	nan
11.000000000000000	nan	nan	nan
11.000000000000000	nan	nan	nan
11.000000000000000	nan	nan	nan
11.000000000000000	nan	nan	nan
11.000000000000000	nan	nan	nan
11.000000000000000	nan	nan	nan
11.000000000000000	nan	nan	nan
11.000000000000000	nan	nan	nan
11.000000000000000	nan	nan	nan
11.000000000000000	nan	nan	nan
11.000000000000000	nan	nan	nan
11.000000000000000	nan	nan	nan
11.000000000000000	nan	nan	nan
11.000000000000000	nan	nan	nan
11.000000000000000	nan	nan	nan
11.000000000000000	nan	nan	nan
11.000000000000000	nan	nan	nan
11.000000000000000	nan	nan	nan
11.000000000000000	nan	nan	nan
11.000000000000000	nan	nan	nan
11.000000000000000	nan	nan	nan
11.000000000000000	nan	nan	nan
11.000000000000000	nan	nan	nan
11.000000000000000	nan	nan	nan
11.000000000000000	nan	nan	nan
11.000000000000000	nan	nan	nan
11.000000000000000	nan	nan	nan
11.000000000000000	nan	nan	nan
11.000000000000000	nan	nan	nan
11.000000000000000	nan	nan	nan
11.000000000000000	nan	nan	nan
11.000000000000000	nan	nan	nan
11.000000000000000	nan	nan	nan
11.000000000000000	nan	nan	nan
11.000000000000000	nan	nan	nan
11.000000000000000	nan	nan	nan
11.000000000000000	nan	nan	nan
11.000000000000000	nan	nan	nan
11.000000000000000	nan	nan	nan
11.000000000000000	nan	nan	nan
11.000000000000000	nan	nan	nan
11.000000000000000	nan	nan	nan
11.000000000000000	nan	nan	nan
11.000000000000000	nan	nan	nan
11.000000000000000	nan	nan	nan
11.000000000000000	nan	nan	nan
11.000000000000000	nan	nan	nan
11.000000000000000	nan	nan	nan
11.000000000000000	nan	nan	nan
11.000000000000000	nan	nan	nan
11.000000000000000	nan	nan	nan
11.000000000000000	nan	nan	nan
11.000000000000000	nan	nan	nan
11.000000000000000	nan	nan	nan
11.000000000000000	nan	nan	nan
11.000000000000000	nan	nan	nan
11.000000000000000	nan	nan	nan
11.000000000000000	nan	nan	nan
11.000000000000000	nan	nan	nan
11.000000000000000	nan	nan	nan
11.000000000000000	nan	nan	nan
11.000000000000000	nan	nan	nan
11.000000000000000	nan	nan	nan
11.000000000000000	nan	nan	nan
11.000000000000000	nan	nan	nan
11.000000000000000	nan	nan	nan
11.000000000000000	nan	nan	nan
11.000000000000000	nan	nan	nan
11.000000000000000	nan	nan	nan
11.000000000000000	nan	nan	nan
11.000000000000000	nan	nan	nan
11.000000000000000	nan	nan	nan
11.000000000000000	nan	nan	nan
11.000000000000000	nan	nan	nan
11.000000000000000	nan	nan	nan
11.000000000000000	nan	nan	nan
11.000000000000000	nan	nan	nan
11.000000000000000	nan	nan	nan
11.000000000000000	nan	nan	nan
11.000000000000000	nan	nan	nan
11.000000000000000	nan	nan	nan
11.000000000000000	nan	nan	nan
11.000000000000000	nan	nan	nan
11.000000000000000	nan	nan	nan
11.000000000000000	nan	nan	nan
11.000000000000000	nan	nan	nan
11.000000000000000	nan	nan	nan
11.000000000000000	nan	nan	nan
11.000000000000000	nan	nan	nan


12.000000000000000	nan	nan	nan
12.000000000000000	nan	nan	nan
12.000000000000000	nan	nan	nan
12.000000000000000	nan	nan	nan
12.000000000000000	nan	nan	nan
12.000000000000000	nan	nan	nan
12.000000000000000	nan	nan	nan
12.000000000000000	nan	nan	nan
12.000000000000000	nan	nan	nan
12.000000000000000	nan	nan	nan
12.000000000000000	nan	nan	nan
12.000000000000000	nan	nan	nan
12.000000000000000	nan	nan	nan
12.000000000000000	nan	nan	nan
12.000000000000000	nan	nan	nan
12.000000000000000	nan	nan	nan
12.000000000000000	nan	nan	nan
12.000000000000000	nan	nan	nan
12.000000000000000	nan	nan	nan
12.000000000000000	nan	nan	nan
12.000000000000000	nan	nan	nan
12.000000000000000	nan	nan	nan
12.000000000000000	nan	nan	nan
12.000000000000000	nan	nan	nan
12.000000000000000	nan	nan	nan
12.000000000000000	nan	nan	nan
12.000000000000000	nan	nan	nan
12.000000000000000	nan	nan	nan
12.000000000000000	nan	nan	nan
12.000000000000000	nan	nan	nan
12.000000000000000	nan	nan	nan
12.000000000000000	nan	nan	nan
12.000000000000000	nan	nan	nan
12.000000000000000	nan	nan	nan
12.000000000000000	nan	nan	nan
12.000000000000000	nan	nan	nan
12.000000000000000	nan	nan	nan
12.000000000000000	nan	nan	nan
12.000000000000000	nan	nan	nan
12.000000000000000	nan	nan	nan
12.000000000000000	nan	nan	nan
12.000000000000000	nan	nan	nan
12.000000000000000	nan	nan	nan
12.000000000000000	nan	nan	nan
12.000000000000000	nan	nan	nan
12.000000000000000	nan	nan	nan
12.000000000000000	nan	nan	nan
12.000000000000000	nan	nan	nan
12.000000000000000	nan	nan	nan
12.000000000000000	nan	nan	nan
12.000000000000000	nan	nan	nan
12.000000000000000	nan	nan	nan
12.000000000000000	nan	nan	nan
12.000000000000000	nan	nan	nan
12.000000000000000	nan	nan	nan
12.000000000000000	nan	nan	nan
12.000000000000000	nan	nan	nan
12.000000000000000	nan	nan	nan
12.000000000000000	nan	nan	nan
12.000000000000000	nan	nan	nan
12.000000000000000	nan	nan	nan
12.000000000000000	nan	nan	nan
12.000000000000000	nan	nan	nan
12.000000000000000	nan	nan	nan
12.000000000000000	nan	nan	nan
12.000000000000000	nan	nan	nan
12.000000000000000	nan	nan	nan
12.000000000000000	nan	nan	nan
12.000000000000000	nan	nan	nan
12.000000000000000	nan	nan	nan
12.000000000000000	nan	nan	nan
12.000000000000000	nan	nan	nan
12.000000000000000	nan	nan	nan
12.000000000000000	nan	nan	nan
12.000000000000000	nan	nan	nan
12.000000000000000	nan	nan	nan
12.000000000000000	nan	nan	nan
12.000000000000000	nan	nan	nan
12.000000000000000	nan	nan	nan
12.000000000000000	nan	nan	nan
12.000000000000000	nan	nan	nan
12.000000000000000	nan	nan	nan
12.000000000000000	nan	nan	nan
12.000000000000000	nan	nan	nan
12.000000000000000	nan	nan	nan
12.000000000000000	nan	nan	nan
12.000000000000000	nan	nan	nan
12.000000000000000	nan	nan	nan
12.000000000000000	nan	nan	nan
12.000000000000000	nan	nan	nan
12.000000000000000	nan	nan	nan
12.000000000000000	nan	nan	nan
12.000000000000000	nan	nan	nan
12.000000000000000	nan	nan	nan
12.000000000000000	nan	nan	nan
12.000000000000000	nan	nan	nan
12.000000000000000	nan	nan	nan
12.000000000000000	nan	nan	nan
12.000000000000000	nan	nan	nan
12.000000000000000	nan	nan	nan


13.000000000000000	nan	nan	nan
13.000000000000000	nan	nan	nan
13.000000000000000	nan	nan	nan
13.000000000000000	nan	nan	nan
13.000000000000000	nan	nan	nan
13.000000000000000	nan	nan	nan
13.000000000000000	nan	nan	nan
13.000000000000000	nan	nan	nan
13.000000000000000	nan	nan	nan
13.000000000000000	nan	nan	nan
13.000000000000000	nan	nan	nan
13.000000000000000	nan	nan	nan
13.000000000000000	nan	nan	nan
13.000000000000000	nan	nan	nan
13.000000000000000	nan	nan	nan
13.000000000000000	nan	nan	nan
13.000000000000000	nan	nan	nan
13.000000000000000	nan	nan	nan
13.000000000000000	nan	nan	nan
13.000000000000000	nan	nan	nan
13.000000000000000	nan	nan	nan
13.000000000000000	nan	nan	nan
13.000000000000000	nan	nan	nan
13.000000000000000	nan	nan	nan
13.000000000000000	nan	nan	nan
13.000000000000000	nan	nan	nan
13.000000000000000	nan	nan	nan
13.000000000000000	nan	nan	nan
13.000000000000000	nan	nan	nan
13.000000000000000	nan	nan	nan
13.000000000000000	nan	nan	nan
13.000000000000000	nan	nan	nan
13.000000000000000	nan	nan	nan
13.000000000000000	nan	nan	nan
13.000000000000000	nan	nan	nan
13.000000000000000	nan	nan	nan
13.000000000000000	nan	nan	nan
13.000000000000000	nan	nan	nan
13.000000000000000	nan	nan	nan
13.000000000000000	nan	nan	nan
13.000000000000000	nan	nan	nan
13.000000000000000	nan	nan	nan
13.000000000000000	nan	nan	nan
13.000000000000000	nan	nan	nan
13.000000000000000	nan	nan	nan
13.000000000000000	nan	nan	nan
13.000000000000000	nan	nan	nan
13.000000000000000	nan	nan	nan
13.000000000000000	nan	nan	nan
13.000000000000000	nan	nan	nan
13.000000000000000	nan	nan	nan
13.000000000000000	nan	nan	nan
13.000000000000000	nan	nan	nan
13.000000000000000	nan	nan	nan
13.000000000000000	nan	nan	nan
13.000000000000000	nan	nan	nan
13.000000000000000	nan	nan	nan
13.000000000000000	nan	nan	nan
13.000000000000000	nan	nan	nan
13.000000000000000	nan	nan	nan
13.000000000000000	nan	nan	nan
13.000000000000000	nan	nan	nan
13.000000000000000	nan	nan	nan
13.000000000000000	nan	nan	nan
13.000000000000000	nan	nan	nan
13.000000000000000	nan	nan	nan
13.000000000000000	nan	nan	nan
13.000000000000000	nan	nan	nan
13.000000000000000	nan	nan	nan
13.000000000000000	nan	nan	nan
13.000000000000000	nan	nan	nan
13.000000000000000	nan	nan	nan
13.000000000000000	nan	nan	nan
13.000000000000000	nan	nan	nan
13.000000000000000	nan	nan	nan
13.000000000000000	nan	nan	nan
13.000000000000000	nan	nan	nan
13.000000000000000	nan	nan	nan
13.000000000000000	nan	nan	nan
13.000000000000000	nan	nan	nan
13.000000000000000	nan	nan	nan
13.000000000000000	nan	nan	nan
13.000000000000000	nan	nan	nan
13.000000000000000	nan	nan	nan
13.000000000000000	nan	nan	nan
13.000000000000000	nan	nan	nan
13.000000000000000	nan	nan	nan
13.000000000000000	nan	nan	nan
13.000000000000000	nan	nan	nan
13.000000000000000	nan	nan	nan
13.000000000000000	nan	nan	nan
13.000000000000000	nan	nan	nan
13.000000000000000	nan	nan	nan
13.000000000000000	nan	nan	nan
13.000000000000000	nan	nan	nan
13.000000000000000	nan	nan	nan
13.000000000000000	nan	nan	nan
13.000000000000000	nan	nan	nan
13.000000000000000	nan	nan	nan
13.000000000000000	nan	nan	nan


14.000000000000000	-0.801384382522542	-0.633296511764581	0.023608616714681
14.000000000000000	-0.756693156389630	-0.686267729676132	0.024313354597182
14.000000000000000	-0.708724460437373	-0.736293409797165	0.024913399711719
14.000000000000000	-0.657671447674118	-0.783172116370083	0.025406335888398
14.000000000000000	-0.603739690563420	-0.826715085389065	0.025790178247214
14.000000000000000	-0.547146353256286	-0.866746984686092	0.026063381190464
14.000000000000000	-0.488119317147786	-0.903106619931703	0.026224844626320
14.000000000000000	-0.426896263279104	-0.935647583707671	0.026273918398513
14.000000000000000	-0.363723715279876	-0.964238845038001	0.026210404904283
14.000000000000000	-0.298856046704535	-0.988765277004422	0.026034559890054
14.000000000000000	-0.232554456759795	-1.009128120321859	0.025747091421636
14.000000000000000	-0.165085918547632	-1.025245381007209	0.025349157033091
14.000000000000000	-0.096722104058824	-1.037052160540179	0.024842359065752
14.000000000000000	-0.027738290245737	-1.044500917186721	0.024228738216163
14.000000000000000	0.041587749420811	-1.047561657432809	0.023510765318912
14.000000000000000	0.110976863447278	-1.046222056757744	0.022691331397452
14.000000000000000	0.180149646361934	-1.040487509260638	0.021773736022971
14.000000000000000	0.248827563782084	-1.030381105940291	0.020761674028181
14.000000000000000	0.316734073973721	-1.015943541715880	0.019659220629535
14.000000000000000	0.383595741387482	-0.997232951562891	0.018470815017766
14.000000000000000	0.449143337687101	-0.974324676424082	0.017201242482831
14.000000000000000	0.513112925836895	-0.947310959838105	0.015855615145242
14.000000000000000	0.575246922883052	-0.916300576507328	0.014439351371354
14.000000000000000	0.635295137149276	-0.881418394300503	0.012958153955526
14.000000000000000	0.693015775670358	-0.842804871453927	0.011417987156970
14.000000000000000	0.748176417807114	-0.800615490995703	0.009825052683793
14.000000000000000	0.800554951122263	-0.755020134670455	0.008185764720901
14.000000000000000	0.849940465748824	-0.706202398885509	0.006506724102345
14.000000000000000	0.896134103649705	-0.654358855432956	0.004794691732088
14.000000000000000	0.938949859348834	-0.599698259964422	0.003056561360235
14.000000000000000	0.978215328909567	-0.542440711405744	0.001299331824331
14.000000000000000	1.013772404144485	-0.482816765696272	-0.000469921132487
14.000000000000000	1.045477909261264	-0.421066507421478	-0.002244073353009
14.000000000000000	1.073204177381061	-0.357438583077066	-0.004015980952417
14.000000000000000	1.096839564607970	-0.292189199857291	-0.005778509084193
14.000000000000000	1.116288899579591	-0.225581093999016	-0.007524560669624
14.000000000000000	1.131473866688515	-0.157882472835617	-0.009247104975234
14.000000000000000	1.142333321431634	-0.089365934820711	-0.010939205923064
14.000000000000000	1.148823536617474	-0.020307371870401	-0.012594050019814
14.000000000000000	1.150918378440163	0.049015141556104	-0.014204973792375
14.000000000000000	1.148609411711042	0.118322468164182	-0.015765490619278
14.000000000000000	1.141905933824195	0.187335531811174	-0.017269316850037
14.000000000000000	1.130834937319120	0.255776441247502	-0.018710397107187
14.000000000000000	1.115441001191304	0.323369609086661	-0.020082928669152
14.000000000000000	1.095786111388341	0.389842861498347	-0.021381384835759
14.000000000000000	1.071949411214395	0.454928534156421	-0.022600537182307
14.000000000000000	1.044026882648053	0.518364550028669	-0.023735476612589
14.000000000000000	1.012130959856768	0.579895474668523	-0.024781633126088
14.000000000000000	0.976390076464155	0.639273544759412	-0.025734794219759
14.000000000000000	0.936948148393113	0.696259665770202	-0.026591121850291
14.000000000000000	0.893963994367201	0.750624374704477	-0.027347167888550
14.000000000000000	0.847610696403692	0.802148764067045	-0.027999888003983
14.000000000000000	0.798074902873378	0.850625363327156	-0.028546653923058
14.000000000000000	0.745556076933456	0.895858974329101	-0.028985264012396
14.000000000000000	0.690265693359793	0.937667457286298	-0.029313952143972
14.000000000000000	0.632426387012645	0.975882464193921	-0.029531394806690
14.000000000000000	0.572271056364647	1.010350116706902	-0.029636716435690
14.000000000000000	0.510041925700872	1.040931625753714	-0.029629492937947
14.000000000000000	0.445989569767117	1.067503850390979	-0.029509753399935
14.000000000000000	0.380371904793849	1.089959793648584	-0.029277979970513
14.000000000000000	0.313453149958567	1.108209033368715	-0.028935105919479
14.000000000000000	0.245502763468438	1.122178086303975	-0.028482511879620
14.000000000000000	0.176794357547191	1.131810704008485	-0.027922020287395
14.000000000000000	0.107604596695267	1.137068099330519	-0.027255888044624
14.000000000000000	0.038212083659521	1.137929102594682	-0.026486797430741
14.000000000000000	-0.031103762401706	1.134390246844714	-0.025617845302202
14.000000000000000	-0.100063831040922	1.126465781803703	-0.024652530622539
14.000000000000000	-0.168390444400742	1.114187616495480	-0.023594740373263
14.000000000000000	-0.235808475324620	1.097605190758238	-0.022448733902369
14.000000000000000	-0.302046455196799	1.076785276167756	-0.021219125773439
14.000000000000000	-0.366837667050617	1.051811707171833	-0.019910867184425
14.000000000000000	-0.429921219543591	1.022785043518549	-0.018529226030924
14.000000000000000	-0.491043097474779	0.989822165337656	-0.017079765694220
14.000000000000000	-0.549957184614340	0.953055802505545	-0.015568322639509
14.000000000000000	-0.606426254726722	0.912634000188883	-0.014000982914520
14.000000000000000	-0.660222926796988	0.868719522718976	-0.012384057643142
14.000000000000000	-0.711130580613911	0.821489198197255	-0.010724057612759
14.000000000000000	-0.758944229023111	0.771133206470918	-0.009027667057606
14.000000000000000	-0.803471343337973	0.717854313345815	-0.007301716743720
14.000000000000000	-0.844532628584718	0.661867054120108	-0.005553156463849
14.000000000000000	-0.881962745459982	0.603396869726343	-0.003789027053099
14.000000000000000	-0.915610976093836	0.542679198960388	-0.002016432037968
14.000000000000000	-0.945341830937449	0.479958530452493	-0.000242509032954
14.000000000000000	-0.971035594331687	0.415487418197870	0.001525599000095
14.000000000000000	-0.992588806559815	0.349525464610892	0.003280772514173
14.000000000000000	-1.009914680443262	0.282338275197792	0.005015944045017
14.000000000000000	-1.022943450802959	0.214196389057038	0.006724126669290
14.000000000000000	-1.031622655379091	0.145374189513864	0.008398442138456
14.000000000000000	-1.035917346078099	0.076148799275464	0.010032148575060
14.000000000000000	-1.035810229696325	0.006798964555657	0.011618667619890
14.000000000000000	-1.031301737553632	-0.062396067337730	0.013151610920702
14.000000000000000	-1.022410023756633	-0.131157672433219	0.014624805855867
14.000000000000000	-1.009170892098514	-0.199208972016072	0.016032320389337
14.000000000000000	-0.991637651889794	-0.266275947521149	0.017368486956859
14.000000000000000	-0.969880903300545	-0.332088543908963	0.018627925287257
14.000000000000000	-0.943988253078427	-0.396381757082005	0.019805564066885
14.000000000000000	-0.914063961787236	-0.458896700962719	0.020896661360019
14.000000000000000	-0.880228523986408	-0.519381649936353	0.021896823702954
14.000000000000000	-0.842618183041961	-0.577593052461179	0.022802023794936
14.000000000000000	-0.801384382522542	-0.633296511764580	0.023608616714681


15.000000000000000	nan	nan	nan
15.000000000000000	nan	nan	nan
15.000000000000000	nan	nan	nan
15.000000000000000	nan	nan	nan
15.000000000000000	nan	nan	nan
15.000000000000000	nan	nan	nan
15.000000000000000	nan	nan	nan
15.000000000000000	nan	nan	nan
15.000000000000000	nan	nan	nan
15.000000000000000	nan	nan	nan
15.000000000000000	nan	nan	nan
15.000000000000000	nan	nan	nan
15.000000000000000	nan	nan	nan
15.000000000000000	nan	nan	nan
15.000000000000000	nan	nan	nan
15.000000000000000	nan	nan	nan
15.000000000000000	nan	nan	nan
15.000000000000000	nan	nan	nan
15.000000000000000	nan	nan	nan
15.000000000000000	nan	nan	nan
15.000000000000000	nan	nan	nan
15.000000000000000	nan	nan	nan
15.000000000000000	nan	nan	nan
15.000000000000000	nan	nan	nan
15.000000000000000	nan	nan	nan
15.000000000000000	nan	nan	nan
15.000000000000000	nan	nan	nan
15.000000000000000	nan	nan	nan
15.000000000000000	nan	nan	nan
15.000000000000000	nan	nan	nan
15.000000000000000	nan	nan	nan
15.000000000000000	nan	nan	nan
15.000000000000000	nan	nan	nan
15.000000000000000	nan	nan	nan
15.000000000000000	nan	nan	nan
15.000000000000000	nan	nan	nan
15.000000000000000	nan	nan	nan
15.000000000000000	nan	nan	nan
15.000000000000000	nan	nan	nan
15.000000000000000	nan	nan	nan
15.000000000000000	nan	nan	nan
15.000000000000000	nan	nan	nan
15.000000000000000	nan	nan	nan
15.000000000000000	nan	nan	nan
15.000000000000000	nan	nan	nan
15.000000000000000	nan	nan	nan
15.000000000000000	nan	nan	nan
15.000000000000000	nan	nan	nan
15.000000000000000	nan	nan	nan
15.000000000000000	nan	nan	nan
15.000000000000000	nan	nan	nan
15.000000000000000	nan	nan	nan
15.000000000000000	nan	nan	nan
15.000000000000000	nan	nan	nan
15.000000000000000	nan	nan	nan
15.000000000000000	nan	nan	nan
15.000000000000000	nan	nan	nan
15.000000000000000	nan	nan	nan
15.000000000000000	nan	nan	nan
15.000000000000000	nan	nan	nan
15.000000000000000	nan	nan	nan
15.000000000000000	nan	nan	nan
15.000000000000000	nan	nan	nan
15.000000000000000	nan	nan	nan
15.000000000000000	nan	nan	nan
15.000000000000000	nan	nan	nan
15.000000000000000	nan	nan	nan
15.000000000000000	nan	nan	nan
15.000000000000000	nan	nan	nan
15.000000000000000	nan	nan	nan
15.000000000000000	nan	nan	nan
15.000000000000000	nan	nan	nan
15.000000000000000	nan	nan	nan
15.000000000000000	nan	nan	nan
15.000000000000000	nan	nan	nan
15.000000000000000	nan	nan	nan
15.000000000000000	nan	nan	nan
15.000000000000000	nan	nan	nan
15.000000000000000	nan	nan	nan
15.000000000000000	nan	nan	nan
15.000000000000000	nan	nan	nan
15.000000000000000	nan	nan	nan
15.000000000000000	nan	nan	nan
15.000000000000000	nan	nan	nan
15.000000000000000	nan	nan	nan
15.000000000000000	nan	nan	nan
15.000000000000000	nan	nan	nan
15.000000000000000	nan	nan	nan
15.000000000000000	nan	nan	nan
15.000000000000000	nan	nan	nan
15.000000000000000	nan	nan	nan
15.000000000000000	nan	nan	nan
15.000000000000000	nan	nan	nan
15.000000000000000	nan	nan	nan
15.000000000000000	nan	nan	nan
15.000000000000000	nan	nan	nan
15.000000000000000	nan	nan	nan
15.000000000000000	nan	nan	nan
15.000000000000000	nan	nan	nan
15.000000000000000	nan	nan	nan


16.000000000000000	-0.544123100941727	0.680462016002225	0.101092286909028
16.000000000000000	-0.590432180840354	0.641383118092402	0.098117721993742
16.000000000000000	-0.634157719040749	0.599463880414977	0.094709784225720
16.000000000000000	-0.675123648233235	0.554873096944944	0.090882196167541
16.000000000000000	-0.713165013079623	0.507790319029297	0.086650370165393
16.000000000000000	-0.748128634430141	0.458405132397130	0.082031346288990
16.000000000000000	-0.779873726121801	0.406916393764816	0.077043723717226
16.000000000000000	-0.808272461874593	0.353531430110198	0.071707585845849
16.000000000000000	-0.833210490002799	0.298465203840024	0.066044419418708
16.000000000000000	-0.854587393868867	0.241939447212201	0.060077028008227
16.000000000000000	-0.872317096225773	0.184181769498256	0.053829440193463
16.000000000000000	-0.886328205819715	0.125424740481131	0.047326812805497
16.000000000000000	-0.896564304857492	0.065904953978751	0.040595329629761
16.000000000000000	-0.902984176181044	0.005862075164223	0.033662095973167
16.000000000000000	-0.905561969234407	-0.054462124481227	0.026555029520608
16.000000000000000	-0.904287304154771	-0.114824740696677	0.019302747920295
16.000000000000000	-0.899165313568525	-0.174982714531237	0.011934453550585
16.000000000000000	-0.890216621923987	-0.234693811056657	0.004479815932310
16.000000000000000	-0.877477262444023	-0.293717594761888	-0.003031147739909
16.000000000000000	-0.860998532032982	-0.351816397702026	-0.010568193466311
16.000000000000000	-0.840846784722164	-0.408756276503243	-0.018100972223909
16.000000000000000	-0.817103164485556	-0.464307954370179	-0.025599152171294
16.000000000000000	-0.789863278501689	-0.518247744302685	-0.033032540784254
16.000000000000000	-0.759236812177270	-0.570358449804415	-0.040371206430412
16.000000000000000	-0.725347087482768	-0.620430239456461	-0.047585598893349
16.000000000000000	-0.688330566378361	-0.668261491834422	-0.054646668360889
16.000000000000000	-0.648336301329786	-0.713659607366713	-0.061525982398448
16.000000000000000	-0.605525335126666	-0.756441783865069	-0.068195840436409
16.000000000000000	-0.560070052420038	-0.796435752604432	-0.074629385310536
16.000000000000000	-0.512153485590202	-0.833480471988312	-0.080800711406301
16.000000000000000	-0.461968577739930	-0.867426776006452	-0.086684968971648
16.000000000000000	-0.409717405780682	-0.898137974873709	-0.092258464178173
16.000000000000000	-0.355610366740214	-0.925490405431569	-0.097498754527810
16.000000000000000	-0.299865330567999	-0.949373929096047	-0.102384739220848
16.000000000000000	-0.242706762849840	-0.969692375346885	-0.106896744121407
16.000000000000000	-0.184364820964177	-0.986363928972302	-0.111016600978236
16.000000000000000	-0.125074427319560	-0.999321459509968	-0.114727720581851
16.000000000000000	-0.065074323405019	-1.008512791557688	-0.118015159563423
16.000000000000000	-0.004606108462356	-1.013900914865330	-0.120865680566457
16.000000000000000	0.056086733348735	-1.015464133362037	-0.123267805548945
16.000000000000000	0.116759813375440	-1.013196152518652	-0.125211862001399
16.000000000000000	0.177168822538678	-1.007106104693562	-0.126690021894626
16.000000000000000	0.237070515079531	-0.997218512359913	-0.127696333200445
16.000000000000000	0.296223688024068	-0.983573189362269	-0.128226743858399
16.000000000000000	0.354390152422583	-0.966225080600310	-0.128279118091972
16.000000000000000	0.411335692452436	-0.945244040785114	-0.127853245008611
16.000000000000000	0.466831008522499	-0.920714553158889	-0.126950839448914
16.000000000000000	0.520652640581684	-0.892735389310775	-0.125575535081571
16.000000000000000	0.572583867913700	-0.861419211458519	-0.123732869771865
16.000000000000000	0.622415581794882	-0.826892118797480	-0.121430263282639
16.000000000000000	0.669947127501224	-0.789293139743684	-0.118676987397537
16.000000000000000	0.714987112274130	-0.748773672115453	-0.115484128586795
16.000000000000000	0.757354175991501	-0.705496873507834	-0.111864543365945
16.000000000000000	0.796877721440938	-0.659637004314542	-0.107832806527162
16.000000000000000	0.833398601254506	-0.611378726042865	-0.103405152451717
16.000000000000000	0.866769758739012	-0.560916357746944	-0.098599409739861
16.000000000000000	0.896856820021409	-0.508453093573526	-0.093434929421337
16.000000000000000	0.923538635124952	-0.454200184570859	-0.087932507035617
16.000000000000000	0.946707765797401	-0.398376088055267	-0.082114298895602
16.000000000000000	0.966270918126938	-0.341205587960654	-0.076003732871972
16.000000000000000	0.982149318203823	-0.282918889712927	-0.069625414057417
16.000000000000000	0.994279029315131	-0.223750693274004	-0.063005025690617
16.000000000000000	1.002611209395322	-0.163939248087899	-0.056169225738899
16.000000000000000	1.007112307696003	-0.103725393734297	-0.049145539556016
16.000000000000000	1.007764199882953	-0.043351590152578	-0.041962249047260
16.000000000000000	1.004564261016416	0.016939058658794	-0.034648278788212
16.000000000000000	0.997525376120810	0.076903783536264	-0.027233079555685
16.000000000000000	0.986675888301277	0.136301127696925	-0.019746509739841
16.000000000000000	0.972059484616009	0.194891918999767	-0.012218715114989
16.000000000000000	0.953735020163877	0.252440233007466	-0.004680007453196
16.000000000000000	0.931776281095725	0.308714342970833	0.002839257530525
16.000000000000000	0.906271687503579	0.363487652910642	0.010308802409961
16.000000000000000	0.877323937384149	0.416539610039663	0.017698549964213
16.000000000000000	0.845049593110237	0.467656592850895	0.024978744288045
16.000000000000000	0.809578612075204	0.516632771295980	0.032120070608413
16.000000000000000	0.771053823400418	0.563270935590154	0.039093773324713
16.000000000000000	0.729630352812788	0.607383290306455	0.045871771797431
16.000000000000000	0.685474998008215	0.648792210561621	0.052426773418969
16.000000000000000	0.638765557016138	0.687330957248805	0.058732383511345
16.000000000000000	0.589690112269628	0.722844348437108	0.064763211608242
16.000000000000000	0.538446273263806	0.755189384234444	0.070494973693457
16.000000000000000	0.485240380852154	0.784235822597638	0.075904589984064
16.000000000000000	0.430286676384726	0.809866703771160	0.080970277864549
16.000000000000000	0.373806439033846	0.831978821242782	0.085671639597722
16.000000000000000	0.316027094780976	0.850483137319783	0.089989744459199
16.000000000000000	0.257181300652564	0.865305141652302	0.093907204964751
16.000000000000000	0.197506007892309	0.876385151260227	0.097408246883565
16.000000000000000	0.137241507842133	0.883678550855486	0.100478772755506
16.000000000000000	0.076630464373759	0.887155972492071	0.103106418656610
16.000000000000000	0.015916936766944	0.886803413820383	0.105280603984244
16.000000000000000	-0.044654603031101	0.882622294469761	0.106992574061460
16.000000000000000	-0.104840254807957	0.874629450332131	0.108235435388986
16.000000000000000	-0.164397672186069	0.862857065769808	0.109004183402915
16.000000000000000	-0.223087038466075	0.847352544020437	0.109295722626321
16.000000000000000	-0.280672032284010	0.828178316320878	0.109108879133647
16.000000000000000	-0.336920779194036	0.805411590518652	0.108444405277694
16.000000000000000	-0.391606785344991	0.779144040183191	0.107304976660158
16.000000000000000	-0.444509849491188	0.749481435468728	0.105695181357927
16.000000000000000	-0.495416949665119	0.716543217215217	0.103621501448516
16.000000000000000	-0.544123100941727	0.680462016002225	0.101092286909028


17.000000000000000	1.368584192382446	0.560773803996230	0.031335666141254
17.000000000000000	1.328189397716938	0.651143339977044	0.029855537401394
17.000000000000000	1.282137415048689	0.738764323999682	0.028248115086983
17.000000000000000	1.230613679458144	0.823283937286764	0.026519871720353
17.000000000000000	1.173825658843545	0.904361849186253	0.024677766327569
17.000000000000000	1.112002018520929	0.981671587562875	0.022729216416886
17.000000000000000	1.045391700469606	1.054901853386177	0.020682068111068
17.000000000000000	0.974262920930673	1.123757774221855	0.018544564553813
17.000000000000000	0.898902090394872	1.187962091578972	0.016325312717528
17.000000000000000	0.819612660328637	1.247256277332044	0.014033248746086
17.000000000000000	0.736713901282134	1.301401574722557	0.011677601972131
17.000000000000000	0.650539617299442	1.350179959748165	0.009267857753811
17.000000000000000	0.561436801807483	1.393395019068397	0.006813719280588
17.000000000000000	0.469764240395960	1.430872740891856	0.004325068501922
17.000000000000000	0.375891066114418	1.462462215660287	0.001811926336144
17.000000000000000	0.280195273103736	1.488036243708107	-0.000715587680241
17.000000000000000	0.183062194547135	1.507491847450560	-0.003247296140362
17.000000000000000	0.084882951069448	1.520750686038110	-0.005773004747798
17.000000000000000	-0.013947124167594	1.527759370807388	-0.008282543365421
17.000000000000000	-0.113030077332469	1.528489680258502	-0.010765806966945
17.000000000000000	-0.211966936343494	1.522938673693050	-0.013212796326297
17.000000000000000	-0.310359317388580	1.511128703055276	-0.015613658280978
17.000000000000000	-0.407811029076235	1.493107322928685	-0.017958725407265
17.000000000000000	-0.503929667758468	1.468947099050511	-0.020238554947518
17.000000000000000	-0.598328197601780	1.438745316115113	-0.022443966832830
17.000000000000000	-0.690626509043865	1.402623586042839	-0.024566080647924
17.000000000000000	-0.780452949360659	1.360727358291752	-0.026596351389455
17.000000000000000	-0.867445819180689	1.313225334183991	-0.028526603873717
17.000000000000000	-0.951254828920781	1.260308787605097	-0.030349065655227
17.000000000000000	-1.031542509278580	1.202190794811577	-0.032056398323618
17.000000000000000	-1.107985570102321	1.139105376448026	-0.033641727052826
17.000000000000000	-1.180276202166170	1.071306555228590	-0.035098668283591
17.000000000000000	-1.248123316609332	0.999067333077147	-0.036421355427794
17.000000000000000	-1.311253717048162	0.922678591844919	-0.037604462491141
17.000000000000000	-1.369413199641574	0.842447922031917	-0.038643225519057
17.000000000000000	-1.422367576680191	0.758698384228562	-0.039533461779453
17.000000000000000	-1.469903619577596	0.671767208264713	-0.040271586605114
17.000000000000000	-1.511829917466592	0.582004435304158	-0.040854627827881
17.000000000000000	-1.547977647943205	0.489771508352399	-0.041280237746532
17.000000000000000	-1.578201256854922	0.395439816853232	-0.041546702580142
17.000000000000000	-1.602379044395889	0.299389201234543	-0.041652949368871
17.000000000000000	-1.620413655149080	0.202006423424961	-0.041598550294401
17.000000000000000	-1.632232470102193	0.103683609500081	-0.041383724402605
17.000000000000000	-1.637787899058792	0.004816670729154	-0.041009336721528
17.000000000000000	-1.637057572267220	-0.094196290619858	-0.040476894778223
17.000000000000000	-1.630044430495702	-0.192956584297613	-0.039788542528475
17.000000000000000	-1.616776713190911	-0.291066537458298	-0.038947051723843
17.000000000000000	-1.597307844767671	-0.388131095947834	-0.037955810750799
17.000000000000000	-1.571716219487709	-0.483759415047514	-0.036818810986889
17.000000000000000	-1.540104885793623	-0.577566433267742	-0.035540630728865
17.000000000000000	-1.502601131369174	-0.669174422854749	-0.034126416757501
17.000000000000000	-1.459355970596714	-0.758214510766936	-0.032581863613320
17.000000000000000	-1.410543536475564	-0.844328163996426	-0.030913190666695
17.000000000000000	-1.356360379449884	-0.927168633254940	-0.029127117074634
17.000000000000000	-1.297024675969410	-1.006402349210803	-0.027230834725108
17.000000000000000	-1.232775349969891	-1.081710265654905	-0.025231979277858
17.000000000000000	-1.163871110810727	-1.152789144187187	-0.023138599418286
17.000000000000000	-1.090589411543691	-1.219352775250646	-0.020959124448241
17.000000000000000	-1.013225331707412	-1.281133130596209	-0.018702330344197
17.000000000000000	-0.932090389146220	-1.337881442537889	-0.016377304419487
17.000000000000000	-0.847511285637738	-1.389369205652463	-0.013993408732909
17.000000000000000	-0.759828591380126	-1.435389096890151	-0.011560242391010
17.000000000000000	-0.669395373636098	-1.475755810391375	-0.009087602895878
17.000000000000000	-0.576575775055671	-1.510306803648044	-0.006585446694057
17.000000000000000	-0.481743547402228	-1.538902952004871	-0.004063849085453
17.000000000000000	-0.385280546586085	-1.561429108865256	-0.001532963653652
17.000000000000000	-0.287575195065513	-1.577794569345989	0.000997018618972
17.000000000000000	-0.189020917806593	-1.587933435513802	0.003515910386748
17.000000000000000	-0.090014558099727	-1.591804881733085	0.006013568961555
17.000000000000000	0.009045220388222	-1.589393319056317	0.008479937153845
17.000000000000000	0.107759538891818	-1.580708457995252	0.010905083769397
17.000000000000000	0.205730909691047	-1.565785269420114	0.013279243598731
17.000000000000000	0.302564836654086	-1.544683843744250	0.015592856738159
17.000000000000000	0.397871403733987	-1.517489148961239	0.017836607084143
17.000000000000000	0.491266845022979	-1.484310688508773	0.020001459845958
17.000000000000000	0.582375090042327	-1.445282060336966	0.022078697925604
17.000000000000000	0.670829278045429	-1.400560418956553	0.024059957018481
17.000000000000000	0.756273235236548	-1.350325842633148	0.025937259293497
17.000000000000000	0.838362908956991	-1.294780608275625	0.027703045516971
17.000000000000000	0.916767753063722	-1.234148376938399	0.029350205491006
17.000000000000000	0.991172058922024	-1.168673293217294	0.030872106683740
17.000000000000000	1.061276226652745	-1.098619002165433	0.032262620936216
17.000000000000000	1.126797971515259	-1.024267587687658	0.033516149138312
17.000000000000000	1.187473460568497	-0.945918436688202	0.034627643774384
17.000000000000000	1.243058375033079	-0.863887033545294	0.035592629247827
17.000000000000000	1.293328894076804	-0.778503689766917	0.036407219902725
17.000000000000000	1.338082596062150	-0.690112213942950	0.037068135670016
17.000000000000000	1.377139273626761	-0.599068527349315	0.037572715275171
17.000000000000000	1.410341659314897	-0.505739230778621	0.037918926954208
17.000000000000000	1.437556058837966	-0.410500128368165	0.038105376634889
17.000000000000000	1.458672889414242	-0.313734714369308	0.038131313550156
17.000000000000000	1.473607121020047	-0.215832628951472	0.037996633261206
17.000000000000000	1.482298618775650	-0.117188089258703	0.037701878078027
17.000000000000000	1.484712385087197	-0.018198302036369	0.037248234875711
17.000000000000000	1.480838700569678	0.080738135780214	0.036637530315322
17.000000000000000	1.470693163183450	0.179222842074957	0.035872223488581
17.000000000000000	1.454316625426763	0.276859253695178	0.034955396015969
17.000000000000000	1.431775029837168	0.373254223271441	0.033890739638129
17.000000000000000	1.403159143464187	0.468019602283268	0.032682541350531
17.000000000000000	1.368584192382447	0.560773803996229	0.031335666141254


18.000000000000000	-0.553674404006207	-0.733213059689650	-0.022564721317552
18.000000000000000	-0.500884203749781	-0.770526397921160	-0.021438377156085
18.000000000000000	-0.445821757453629	-0.804398930505522	-0.020215301061220
18.000000000000000	-0.388708782155036	-0.834694264709116	-0.018900417928712
18.000000000000000	-0.329775251647864	-0.861290411913655	-0.017499022328858
18.000000000000000	-0.269258470459240	-0.884080278821290	-0.016016757187124
18.000000000000000	-0.207402118307992	-0.902972098681526	-0.014459591062079
18.000000000000000	-0.144455268892417	-0.917889800803536	-0.012833794112117
18.000000000000000	-0.080671386958416	-0.928773316865984	-0.011145912847741
18.000000000000000	-0.016307307686411	-0.935578822790956	-0.009402743771074
18.000000000000000	0.048377797493270	-0.938278915208053	-0.007611306008748
18.000000000000000	0.113123464492272	-0.936862721798092	-0.005778813048356
18.000000000000000	0.177668985361171	-0.931335945072098	-0.003912643692281
18.000000000000000	0.241754458068366	-0.921720839409307	-0.002020312345868
18.000000000000000	0.305121833033834	-0.908056121446629	-0.000109438759562
18.000000000000000	0.367515952203710	-0.890396814180425	0.001812282653136
18.000000000000000	0.428685576481711	-0.868814025408311	0.003737113798356
18.000000000000000	0.488384397380309	-0.843394661403163	0.005657304060434
18.000000000000000	0.546372028818071	-0.814241076972224	0.007565121510904
18.000000000000000	0.602414975069570	-0.781470663310420	0.009452884042244
18.000000000000000	0.656287570970261	-0.745215375307456	0.011312990301016
18.000000000000000	0.707772890590448	-0.705621200212039	0.013137950295827
18.000000000000000	0.756663620719443	-0.662847569792763	0.014920415556888
18.000000000000000	0.802762895642697	-0.617066718362640	0.016653208725701
18.000000000000000	0.845885089850544	-0.568462989252311	0.018329352455755
18.000000000000000	0.885856565486619	-0.517232092524523	0.019942097507833
18.000000000000000	0.922516371526220	-0.463580316918770	0.021484949926818
18.000000000000000	0.955716891869274	-0.407723699199358	0.022951697190561
18.000000000000000	0.985324439738277	-0.349887154251599	0.024336433225508
18.000000000000000	1.011219795987760	-0.290303569428947	0.025633582188381
18.000000000000000	1.033298689157711	-0.229212866797829	0.026837920918127
18.000000000000000	1.051472215337943	-0.166861037056158	0.027944599967746
18.000000000000000	1.065667196152760	-0.103499149015614	0.028949163131300
18.000000000000000	1.075826473424452	-0.039382338636152	0.029847565387483
18.000000000000000	1.081909139329098	0.025231218316457	0.030636189187496
18.000000000000000	1.083890701117940	0.090081345853320	0.031311859021636
18.000000000000000	1.081763179741033	0.154906915399292	0.031871854205954
18.000000000000000	1.075535141976068	0.219446897265593	0.032313919837490
18.000000000000000	1.065231665932977	0.283441411724232	0.032636275873969
18.000000000000000	1.050894240073238	0.346632775451950	0.032837624301407
18.000000000000000	1.032580596150482	0.408766539130011	0.032917154360750
18.000000000000000	1.010364476745100	0.469592512021811	0.032874545812520
18.000000000000000	0.984335338328897	0.528865769402661	0.032709970226302
18.000000000000000	0.954597991055452	0.586347638785216	0.032424090289895
18.000000000000000	0.921272176726625	0.641806660969340	0.032018057140905
18.000000000000000	0.884492086634578	0.695019522046613	0.031493505731514
18.000000000000000	0.844405821220810	0.745771952606626	0.030852548245112
18.000000000000000	0.801174793727943	0.793859590524267	0.030097765591274
18.000000000000000	0.754973080245569	0.839088803853874	0.029232197013352
18.000000000000000	0.705986718767276	0.881277470516737	0.028259327850511
18.000000000000000	0.654412960081305	0.920255711642433	0.027183075503503
18.000000000000000	0.600459473511249	0.955866575611076	0.026007773660672
18.000000000000000	0.544343510704976	0.987966670042096	0.024738154847724
18.000000000000000	0.486291030838930	1.016426739184747	0.023379331371514
18.000000000000000	0.426535790760270	1.041132184385397	0.021936774734593
18.000000000000000	0.365318403730552	1.061983525535856	0.020416293603397
18.000000000000000	0.302885370561051	1.078896801644661	0.018824010418796
18.000000000000000	0.239488087040990	1.091803908918358	0.017166336743189
18.000000000000000	0.175381831655426	1.100652874991438	0.015449947443401
18.000000000000000	0.110824737668897	1.105408068200713	0.013681753813354
18.000000000000000	0.046076753713860	1.106050341061445	0.011868875744722
18.000000000000000	-0.018601402930694	1.102577107367510	0.010018613057646
18.000000000000000	-0.082949296155711	1.095002352605136	0.008138416106926
18.000000000000000	-0.146707819706362	1.083356577638291	0.006235855782079
18.000000000000000	-0.209620240511480	1.067686675892461	0.004318593022037
18.000000000000000	-0.271433232457032	1.048055744531383	0.002394347967249
18.000000000000000	-0.331897896440963	1.024542830387033	0.000470868873399
18.000000000000000	-0.390770762602035	0.997242611665934	-0.001444099088081
18.000000000000000	-0.447814770687029	0.966265016713433	-0.003342845017086
18.000000000000000	-0.502800224608715	0.931734781371055	-0.005217723333911
18.000000000000000	-0.555505717350923	0.893790946709293	-0.007061184565301
18.000000000000000	-0.605719022496456	0.852586299158289	-0.008865805743514
18.000000000000000	-0.653237948787964	0.808286755290808	-0.010624320295997
18.000000000000000	-0.697871154280782	0.761070693734756	-0.012329647305303
18.000000000000000	-0.739438916809403	0.711128236905403	-0.013974920021449
18.000000000000000	-0.777773857665205	0.658660485449525	-0.015553513511898
18.000000000000000	-0.812721615571440	0.603878708484068	-0.017059071337817
18.000000000000000	-0.844141468241615	0.547003492889983	-0.018485531149219
18.000000000000000	-0.871906899018467	0.488263855086716	-0.019827149095903
18.000000000000000	-0.895906106311894	0.427896318863912	-0.021078522955914
18.000000000000000	-0.916042453784495	0.366143962983594	-0.022234613888382
18.000000000000000	-0.932234859471998	0.303255442387781	-0.023290766723158
18.000000000000000	-0.944418122271706	0.239483986952804	-0.024242728705537
18.000000000000000	-0.952543184484333	0.175086381821961	-0.025086666620607
18.000000000000000	-0.956577329352038	0.110321933422380	-0.025819182228245
18.000000000000000	-0.956504312797265	0.045451425329556	-0.026437325946637
18.000000000000000	-0.952324428831909	-0.019263931816061	-0.026938608729199
18.000000000000000	-0.944054508373436	-0.083563552112127	-0.027321012087090
18.000000000000000	-0.931727851472714	-0.147188523681862	-0.027582996216954
18.000000000000000	-0.915394093226466	-0.209882651220791	-0.027723506201167
18.000000000000000	-0.895119003914252	-0.271393487604815	-0.027741976255613
18.000000000000000	-0.870984224164764	-0.331473350405684	-0.027638332007903
18.000000000000000	-0.843086936217835	-0.389880319220712	-0.027412990796841
18.000000000000000	-0.811539472605852	-0.446379209800856	-0.027066859991953
18.000000000000000	-0.776468863830301	-0.500742521054680	-0.026601333339823
18.000000000000000	-0.738016326854767	-0.552751351114959	-0.026018285351976
18.000000000000000	-0.696336696474068	-0.602196278779231	-0.025320063756876
18.000000000000000	-0.651597801849181	-0.648878206775072	-0.024509480046453
18.000000000000000	-0.603979790718447	-0.692609163454538	-0.023589798155218
18.000000000000000	-0.553674404006208	-0.733213059689650	-0.022564721317552


