# n	x	y	z
1.000000000000000	-0.081927060343823	-0.398970920026335	0.033468181008169
1.000000000000000	-0.053390974178688	-0.403655096099589	0.036158380672676
1.000000000000000	-0.024597962695929	-0.406509661154375	0.038685850837562
1.000000000000000	0.004336034809528	-0.407523120864718	0.041040414272529
1.000000000000000	0.033294511341801	-0.406691394386058	0.043212589981651
1.000000000000000	0.062160861336610	-0.404017830787373	0.045193631380005
1.000000000000000	0.090818850190723	-0.399513195565657	0.046975561513075
1.000000000000000	0.119153082297684	-0.393195627297065	0.048551205177137
1.000000000000000	0.147049465705188	-0.385090564599268	0.049914217811268
1.000000000000000	0.174395671523109	-0.375230643699118	0.051059111044659
1.000000000000000	0.201081586232290	-0.363655567018084	0.051981274796341
1.000000000000000	0.226999755072825	-0.350411943304608	0.052676995838358
1.000000000000000	0.252045814726449	-0.335553099957130	0.053143472747624
1.000000000000000	0.276118913550788	-0.319138868293474	0.053378827186267
1.000000000000000	0.299122117673326	-0.301235342631249	0.053382111465027
1.000000000000000	0.320962801309900	-0.281914614149358	0.053153312359275
1.000000000000000	0.341553019736038	-0.261254480602269	0.052693351162255
1.000000000000000	0.360809863409328	-0.239338133055909	0.052004079975367
1.000000000000000	0.378655791816879	-0.216253820906609	0.051088274250408
1.000000000000000	0.395018945703605	-0.192094496531931	0.049949621613803
1.000000000000000	0.409833436424076	-0.166957441004248	0.048592707017840
1.000000000000000	0.423039611252844	-0.140943872374204	0.047022994278683
1.000000000000000	0.434584293584909	-0.114158538101343	0.045246804075511
1.000000000000000	0.444420997059145	-0.086709293273067	0.043271288499377
1.000000000000000	0.452510112742463	-0.058706666310259	0.041104402254261
1.000000000000000	0.458819068621011	-0.030263413908345	0.038754870626283
1.000000000000000	0.463322460756172	-0.001494067005880	0.036232154350056
1.000000000000000	0.466002155577261	0.027485530391123	0.033546411513647
1.000000000000000	0.466847362899017	0.056558687672113	0.030708456655543
1.000000000000000	0.465854679369864	0.085608337493911	0.027729717218318
1.000000000000000	0.463028102176013	0.114517507169576	0.024622187534359
1.000000000000000	0.458379012946202	0.143169789676136	0.021398380528919
1.000000000000000	0.451926131921890	0.171449812384581	0.018071277334988
1.000000000000000	0.443695442577461	0.199243701624724	0.014654275022846
1.000000000000000	0.433720086993931	0.226439541214272	0.011161132654796
1.000000000000000	0.422040232407498	0.252927823105802	0.007605915882269
1.000000000000000	0.408702909470248	0.278601888337009	0.004002940308419
1.000000000000000	0.393761822874326	0.303358356508711	0.000366713844232
1.000000000000000	0.377277135102088	0.327097542061220	-0.003288121709703
1.000000000000000	0.359315224173027	0.349723855672914	-0.006946849620562
1.000000000000000	0.339948416362909	0.371146189164695	-0.010594737482374
1.000000000000000	0.319254694971391	0.391278282360470	-0.014217096538218
1.000000000000000	0.297317386310797	0.410039070426438	-0.017799340826664
1.000000000000000	0.274224824180467	0.427353010290560	-0.021327045914296
1.000000000000000	0.250069994177723	0.443150384827849	-0.024786006977805
1.000000000000000	0.224950159277690	0.457367583586630	-0.028162296001809
1.000000000000000	0.198966468189622	0.469947358925373	-0.031442317862047
1.000000000000000	0.172223548066747	0.480839056528742	-0.034612865068152
1.000000000000000	0.144829083209654	0.489998819374644	-0.037661170945550
1.000000000000000	0.116893381459617	0.497389764330981	-0.040574961042353
1.000000000000000	0.088528930027851	0.502982130671001	-0.043342502554244
1.000000000000000	0.059849942549215	0.506753399909244	-0.045952651568343
1.000000000000000	0.030971899184217	0.508688386475533	-0.048394897935806
1.000000000000000	0.002011081621161	0.508779298861908	-0.050659407592485
1.000000000000000	-0.026915895149167	0.507025770996275	-0.052737062157239
1.000000000000000	-0.055692552400907	0.503434863716454	-0.054619495648430
1.000000000000000	-0.084203016691851	0.498021036338670	-0.056299128170783
1.000000000000000	-0.112332486444887	0.490806088434998	-0.057769196436946
1.000000000000000	-0.139967694213443	0.481819072054176	-0.059023781000861
1.000000000000000	-0.166997362769509	0.471096174739256	-0.060057830093289
1.000000000000000	-0.193312653177762	0.458680573813147	-0.060867179963496
1.000000000000000	-0.218807603051545	0.444622262518770	-0.061448571645208
1.000000000000000	-0.243379553226002	0.428977848713912	-0.061799664079322
1.000000000000000	-0.266929561130296	0.411810326931368	-0.061919043540523
1.000000000000000	-0.289362799194426	0.393188824722187	-0.061806229329853
1.000000000000000	-0.310588936686378	0.373188324303421	-0.061461675710323
1.000000000000000	-0.330522503442105	0.351889360631205	-0.060886770077749
1.000000000000000	-0.349083234023710	0.329377697114911	-0.060083827374206
1.000000000000000	-0.366196390920036	0.305743980278167	-0.059056080766566
1.000000000000000	-0.381793065488243	0.281083374757302	-0.057807668627682
1.000000000000000	-0.395810455424594	0.255495180106941	-0.056343617872618
1.000000000000000	-0.408192117647165	0.229082430955747	-0.054669823717037
1.000000000000000	-0.418888195572217	0.201951482122337	-0.052793025939247
1.000000000000000	-0.427855619869059	0.174211580361964	-0.050720781741497
1.000000000000000	-0.435058281885046	0.145974424468391	-0.048461435319785
1.000000000000000	-0.440467179042373	0.117353715502274	-0.046024084264729
1.000000000000000	-0.444060531621223	0.088464698957118	-0.043418542928779
1.000000000000000	-0.445823870459015	0.059423700706352	-0.040655302907287
1.000000000000000	-0.445750095212606	0.030347658600093	-0.037745490792550
1.000000000000000	-0.443839502948877	0.001353651597694	-0.034700823370954
1.000000000000000	-0.440099786948541	-0.027441571667899	-0.031533560443609
1.000000000000000	-0.434546005728022	-0.055922062995692	-0.028256455460459
1.000000000000000	-0.427200522404122	-0.083973141499118	-0.024882704166636
1.000000000000000	-0.418092914645646	-0.111481855385498	-0.021425891467857
1.000000000000000	-0.407259855574562	-0.138337436773040	-0.017899936728799
1.000000000000000	-0.394744966096289	-0.164431747714008	-0.014319037724732
1.000000000000000	-0.380598639253704	-0.189659715628066	-0.010697613472089
1.000000000000000	-0.364877837312144	-0.213919756392478	-0.007050246168178
1.000000000000000	-0.347645862392469	-0.237114183385517	-0.003391622473815
1.000000000000000	-0.328972101575761	-0.259149600836009	0.000263525624671
1.000000000000000	-0.308931747506043	-0.279937279895145	0.003900480135950
1.000000000000000	-0.287605495616035	-0.299393515916236	0.007504596327844
1.000000000000000	-0.265079219195130	-0.317439965503782	0.011061361696499
1.000000000000000	-0.241443623607967	-0.334003961974676	0.014556454403114
1.000000000000000	-0.216793881055938	-0.349018807961289	0.017975800942931
1.000000000000000	-0.191229247352329	-0.362424043978229	0.021305632814270
1.000000000000000	-0.164852662254183	-0.374165691871350	0.024532541959430
1.000000000000000	-0.137770334960243	-0.384196472168729	0.027643534754199
1.000000000000000	-0.110091316443980	-0.392475994458409	0.030626084328600
1.000000000000000	-0.081927060343823	-0.398970920026335	0.033468181008169


2.000000000000000	-0.630451225215304	-0.038051576154898	0.022605831014075
2.000000000000000	-0.626334655532181	-0.083160210066050	0.020976313169017
2.000000000000000	-0.619344073260380	-0.127912742781720	0.019249710168653
2.000000000000000	-0.609507627007427	-0.172128971647788	0.017432974433873
2.000000000000000	-0.596864924670671	-0.215630853516453	0.015533421318275
2.000000000000000	-0.581466873950259	-0.258243221663149	0.013558699651820
2.000000000000000	-0.563375477361795	-0.299794491121118	0.011516760941692
2.000000000000000	-0.542663582574096	-0.340117349593514	0.009415827354389
2.000000000000000	-0.519414589077338	-0.379049431160972	0.007264358607955
2.000000000000000	-0.493722112362745	-0.416433970071855	0.005071017907684
2.000000000000000	-0.465689606966046	-0.452120431982608	0.002844637062451
2.000000000000000	-0.435429949892576	-0.485965120106431	0.000594180922131
2.000000000000000	-0.403064986101414	-0.517831753829522	-0.001671288720683
2.000000000000000	-0.368725037878732	-0.547592017465006	-0.003942649619321
2.000000000000000	-0.332548380075954	-0.575126076934925	-0.006210755805109
2.000000000000000	-0.294680683325725	-0.600323062299767	-0.008466474414950
2.000000000000000	-0.255274427477691	-0.623081514192586	-0.010700722466144
2.000000000000000	-0.214488287615960	-0.643309792360066	-0.012904503430353
2.000000000000000	-0.172486495130540	-0.660926444665468	-0.015068943459445
2.000000000000000	-0.129438176415499	-0.675860535067648	-0.017185327117347
2.000000000000000	-0.085516671856668	-0.688051929255450	-0.019245132474035
2.000000000000000	-0.040898837851082	-0.697451536787357	-0.021240065420332
2.000000000000000	0.004235665331303	-0.704021508761369	-0.023162093065363
2.000000000000000	0.049705096976114	-0.707735390219179	-0.025003476082169
2.000000000000000	0.095326367730270	-0.708578226670948	-0.026756799871245
2.000000000000000	0.140915776838187	-0.706546624311757	-0.028415004416518
2.000000000000000	0.186289751839886	-0.701648763687266	-0.029971412713538
2.000000000000000	0.231265587752496	-0.693904366753541	-0.031419757655416
2.000000000000000	0.275662182758738	-0.683344617463696	-0.032754207268256
2.000000000000000	0.319300767440024	-0.670012036201125	-0.033969388194452
2.000000000000000	0.362005624617809	-0.653960308564920	-0.035060407329306
2.000000000000000	0.403604796904651	-0.635254069196915	-0.036022871523830
2.000000000000000	0.443930779115919	-0.613968641520795	-0.036852905274408
2.000000000000000	0.482821192754054	-0.590189734441251	-0.037547166328082
2.000000000000000	0.520119439849463	-0.564013097224477	-0.038102859140624
2.000000000000000	0.555675333525276	-0.535544133949662	-0.038517746133206
2.000000000000000	0.589345702746894	-0.504897479083973	-0.038790156702340
2.000000000000000	0.620994968821206	-0.472196535890006	-0.038918993946811
2.000000000000000	0.650495691324144	-0.437572979524410	-0.038903739084507
2.000000000000000	0.677729081258284	-0.401166226828501	-0.038744453541375
2.000000000000000	0.702585479374216	-0.363122874945849	-0.038441778704078
2.000000000000000	0.724964797729639	-0.323596111027321	-0.037996933337358
2.000000000000000	0.744776922708176	-0.282745095400492	-0.037411708676502
2.000000000000000	0.761942077875104	-0.240734320687179	-0.036688461214668
2.000000000000000	0.776391145208902	-0.197732949449712	-0.035830103214119
2.000000000000000	0.788065943415124	-0.153914133032999	-0.034840090979571
2.000000000000000	0.796919462201941	-0.109454314345172	-0.033722410940874
2.000000000000000	0.802916051573992	-0.064532517384269	-0.032481563601065
2.000000000000000	0.806031565382335	-0.019329626371785	-0.031122545414433
2.000000000000000	0.806253458552466	0.025972342604252	-0.029650828667559
2.000000000000000	0.803580837598904	0.071190974503824	-0.028072339444347
2.000000000000000	0.798024464222944	0.116144189855904	-0.026393433763784
2.000000000000000	0.789606711979083	0.160650977928228	-0.024620871986484
2.000000000000000	0.778361476184615	0.204532125593621	-0.022761791593110
2.000000000000000	0.764334037435148	0.247610938958013	-0.020823678444257
2.000000000000000	0.747580879275629	0.289713954844385	-0.018814336637528
2.000000000000000	0.728169460761044	0.330671639267758	-0.016741857083196
2.000000000000000	0.706177944822611	0.370319070088719	-0.014614584924956
2.000000000000000	0.681694883533246	0.408496601096666	-0.012441085936983
2.000000000000000	0.654818861539617	0.445050504848752	-0.010230112032578
2.000000000000000	0.625658099096569	0.479833591676040	-0.007990566023304
2.000000000000000	0.594330016302350	0.512705802364349	-0.005731465770508
2.000000000000000	0.560960760289321	0.543534772123281	-0.003461907873572
2.000000000000000	0.525684697273975	0.572196363572507	-0.001191031041121
2.000000000000000	0.488643871511608	0.598575166599194	0.001072020707334
2.000000000000000	0.449987433334238	0.622564963073786	0.003318134861130
2.000000000000000	0.409871038574854	0.644069154552929	0.005538267111323
2.000000000000000	0.368456221796322	0.663001151247307	0.007723477768923
2.000000000000000	0.325909745848707	0.679284720688162	0.009864967761869
2.000000000000000	0.282402930374137	0.692854294688540	0.011954114065783
2.000000000000000	0.238110961963068	0.703655233363239	0.013982504425852
2.000000000000000	0.193212188739718	0.711644045144339	0.015941971230004
2.000000000000000	0.147887402217115	0.716788561906399	0.017824624396999
2.000000000000000	0.102319109313484	0.719068068496144	0.019622883147004
2.000000000000000	0.056690797461303	0.718473386145073	0.021329506526719
2.000000000000000	0.011186195768172	0.715006909429126	0.022937622566134
2.000000000000000	-0.034011464795455	0.708682596626567	0.024440755949534
2.000000000000000	-0.078720189202722	0.699525913512924	0.025832854089304
2.000000000000000	-0.122759951200107	0.687573730819301	0.027108311497570
2.000000000000000	-0.165953418209605	0.672874175766958	0.028261992357511
2.000000000000000	-0.208126665384434	0.655486438275974	0.029289251203491
2.000000000000000	-0.249109875943007	0.635480532628332	0.030185951626700
2.000000000000000	-0.288738024961171	0.612937015545114	0.030948482931019
2.000000000000000	-0.326851543869341	0.587946661813022	0.031573774672017
2.000000000000000	-0.363296962978801	0.560610098766344	0.032059309020545
2.000000000000000	-0.397927529449981	0.531037401096200	0.032403130901147
2.000000000000000	-0.430603798214344	0.499347647618609	0.032603855864462
2.000000000000000	-0.461194193470462	0.465668441786123	0.032660675661905
2.000000000000000	-0.489575538493328	0.430135397873765	0.032573361500207
2.000000000000000	-0.515633551623554	0.392891594908202	0.032342264962680
2.000000000000000	-0.539263306439277	0.354087000539009	0.031968316593517
2.000000000000000	-0.560369654257829	0.313877867171871	0.031453022150817
2.000000000000000	-0.578867607265899	0.272426102795294	0.030798456543432
2.000000000000000	-0.594682680735461	0.229898619034281	0.030007255476036
2.000000000000000	-0.607751192947485	0.186466659056127	0.029082604836080
2.000000000000000	-0.618020521615742	0.142305108034625	0.028028227865341
2.000000000000000	-0.625449315778180	0.097591788949193	0.026848370167743
2.000000000000000	-0.630007662302655	0.052506746554501	0.025547782613813
2.000000000000000	-0.631677206336553	0.007231522403789	0.024131702210594
2.000000000000000	-0.630451225215304	-0.038051576154897	0.022605831014075


3.000000000000000	nan	nan	nan
3.000000000000000	nan	nan	nan
3.000000000000000	nan	nan	nan
3.000000000000000	nan	nan	nan
3.000000000000000	nan	nan	nan
3.000000000000000	nan	nan	nan
3.000000000000000	nan	nan	nan
3.000000000000000	nan	nan	nan
3.000000000000000	nan	nan	nan
3.000000000000000	nan	nan	nan
3.000000000000000	nan	nan	nan
3.000000000000000	nan	nan	nan
3.000000000000000	nan	nan	nan
3.000000000000000	nan	nan	nan
3.000000000000000	nan	nan	nan
3.000000000000000	nan	nan	nan
3.000000000000000	nan	nan	nan
3.000000000000000	nan	nan	nan
3.000000000000000	nan	nan	nan
3.000000000000000	nan	nan	nan
3.000000000000000	nan	nan	nan
3.000000000000000	nan	nan	nan
3.000000000000000	nan	nan	nan
3.000000000000000	nan	nan	nan
3.000000000000000	nan	nan	nan
3.000000000000000	nan	nan	nan
3.000000000000000	nan	nan	nan
3.000000000000000	nan	nan	nan
3.000000000000000	nan	nan	nan
3.000000000000000	nan	nan	nan
3.000000000000000	nan	nan	nan
3.000000000000000	nan	nan	nan
3.000000000000000	nan	nan	nan
3.000000000000000	nan	nan	nan
3.000000000000000	nan	nan	nan
3.000000000000000	nan	nan	nan
3.000000000000000	nan	nan	nan
3.000000000000000	nan	nan	nan
3.000000000000000	nan	nan	nan
3.000000000000000	nan	nan	nan
3.000000000000000	nan	nan	nan
3.000000000000000	nan	nan	nan
3.000000000000000	nan	nan	nan
3.000000000000000	nan	nan	nan
3.000000000000000	nan	nan	nan
3.000000000000000	nan	nan	nan
3.000000000000000	nan	nan	nan
3.000000000000000	nan	nan	nan
3.000000000000000	nan	nan	nan
3.000000000000000	nan	nan	nan
3.000000000000000	nan	nan	nan
3.000000000000000	nan	nan	nan
3.000000000000000	nan	nan	nan
3.000000000000000	nan	nan	nan
3.000000000000000	nan	nan	nan
3.000000000000000	nan	nan	nan
3.000000000000000	nan	nan	nan
3.000000000000000	nan	nan	nan
3.000000000000000	nan	nan	nan
3.000000000000000	nan	nan	nan
3.000000000000000	nan	nan	nan
3.000000000000000	nan	nan	nan
3.000000000000000	nan	nan	nan
3.000000000000000	nan	nan	nan
3.000000000000000	nan	nan	nan
3.000000000000000	nan	nan	nan
3.000000000000000	nan	nan	nan
3.000000000000000	nan	nan	nan
3.000000000000000	nan	nan	nan
3.000000000000000	nan	nan	nan
3.000000000000000	nan	nan	nan
3.000000000000000	nan	nan	nan
3.000000000000000	nan	nan	nan
3.000000000000000	nan	nan	nan
3.000000000000000	nan	nan	nan
3.000000000000000	nan	nan	nan
3.000000000000000	nan	nan	nan
3.000000000000000	nan	nan	nan
3.000000000000000	nan	nan	nan
3.000000000000000	nan	nan	nan
3.000000000000000	nan	nan	nan
3.000000000000000	nan	nan	nan
3.000000000000000	nan	nan	nan
3.000000000000000	nan	nan	nan
3.000000000000000	nan	nan	nan
3.000000000000000	nan	nan	nan
3.000000000000000	nan	nan	nan
3.000000000000000	nan	nan	nan
3.000000000000000	nan	nan	nan
3.000000000000000	nan	nan	nan
3.000000000000000	nan	nan	nan
3.000000000000000	nan	nan	nan
3.000000000000000	nan	nan	nan
3.000000000000000	nan	nan	nan
3.000000000000000	nan	nan	nan
3.000000000000000	nan	nan	nan
3.000000000000000	nan	nan	nan
3.000000000000000	nan	nan	nan
3.000000000000000	nan	nan	nan
3.000000000000000	nan	nan	nan


4.000000000000000	nan	nan	nan
4.000000000000000	nan	nan	nan
4.000000000000000	nan	nan	nan
4.000000000000000	nan	nan	nan
4.000000000000000	nan	nan	nan
4.000000000000000	nan	nan	nan
4.000000000000000	nan	nan	nan
4.000000000000000	nan	nan	nan
4.000000000000000	nan	nan	nan
4.000000000000000	nan	nan	nan
4.000000000000000	nan	nan	nan
4.000000000000000	nan	nan	nan
4.000000000000000	nan	nan	nan
4.000000000000000	nan	nan	nan
4.000000000000000	nan	nan	nan
4.000000000000000	nan	nan	nan
4.000000000000000	nan	nan	nan
4.000000000000000	nan	nan	nan
4.000000000000000	nan	nan	nan
4.000000000000000	nan	nan	nan
4.000000000000000	nan	nan	nan
4.000000000000000	nan	nan	nan
4.000000000000000	nan	nan	nan
4.000000000000000	nan	nan	nan
4.000000000000000	nan	nan	nan
4.000000000000000	nan	nan	nan
4.000000000000000	nan	nan	nan
4.000000000000000	nan	nan	nan
4.000000000000000	nan	nan	nan
4.000000000000000	nan	nan	nan
4.000000000000000	nan	nan	nan
4.000000000000000	nan	nan	nan
4.000000000000000	nan	nan	nan
4.000000000000000	nan	nan	nan
4.000000000000000	nan	nan	nan
4.000000000000000	nan	nan	nan
4.000000000000000	nan	nan	nan
4.000000000000000	nan	nan	nan
4.000000000000000	nan	nan	nan
4.000000000000000	nan	nan	nan
4.000000000000000	nan	nan	nan
4.000000000000000	nan	nan	nan
4.000000000000000	nan	nan	nan
4.000000000000000	nan	nan	nan
4.000000000000000	nan	nan	nan
4.000000000000000	nan	nan	nan
4.000000000000000	nan	nan	nan
4.000000000000000	nan	nan	nan
4.000000000000000	nan	nan	nan
4.000000000000000	nan	nan	nan
4.000000000000000	nan	nan	nan
4.000000000000000	nan	nan	nan
4.000000000000000	nan	nan	nan
4.000000000000000	nan	nan	nan
4.000000000000000	nan	nan	nan
4.000000000000000	nan	nan	nan
4.000000000000000	nan	nan	nan
4.000000000000000	nan	nan	nan
4.000000000000000	nan	nan	nan
4.000000000000000	nan	nan	nan
4.000000000000000	nan	nan	nan
4.000000000000000	nan	nan	nan
4.000000000000000	nan	nan	nan
4.000000000000000	nan	nan	nan
4.000000000000000	nan	nan	nan
4.000000000000000	nan	nan	nan
4.000000000000000	nan	nan	nan
4.000000000000000	nan	nan	nan
4.000000000000000	nan	nan	nan
4.000000000000000	nan	nan	nan
4.000000000000000	nan	nan	nan
4.000000000000000	nan	nan	nan
4.000000000000000	nan	nan	nan
4.000000000000000	nan	nan	nan
4.000000000000000	nan	nan	nan
4.000000000000000	nan	nan	nan
4.000000000000000	nan	nan	nan
4.000000000000000	nan	nan	nan
4.000000000000000	nan	nan	nan
4.000000000000000	nan	nan	nan
4.000000000000000	nan	nan	nan
4.000000000000000	nan	nan	nan
4.000000000000000	nan	nan	nan
4.000000000000000	nan	nan	nan
4.000000000000000	nan	nan	nan
4.000000000000000	nan	nan	nan
4.000000000000000	nan	nan	nan
4.000000000000000	nan	nan	nan
4.000000000000000	nan	nan	nan
4.000000000000000	nan	nan	nan
4.000000000000000	nan	nan	nan
4.000000000000000	nan	nan	nan
4.000000000000000	nan	nan	nan
4.000000000000000	nan	nan	nan
4.000000000000000	nan	nan	nan
4.000000000000000	nan	nan	nan
4.000000000000000	nan	nan	nan
4.000000000000000	nan	nan	nan
4.000000000000000	nan	nan	nan
4.000000000000000	nan	nan	nan


5.000000000000000	nan	nan	nan
5.000000000000000	nan	nan	nan
5.000000000000000	nan	nan	nan
5.000000000000000	nan	nan	nan
5.000000000000000	nan	nan	nan
5.000000000000000	nan	nan	nan
5.000000000000000	nan	nan	nan
5.000000000000000	nan	nan	nan
5.000000000000000	nan	nan	nan
5.000000000000000	nan	nan	nan
5.000000000000000	nan	nan	nan
5.000000000000000	nan	nan	nan
5.000000000000000	nan	nan	nan
5.000000000000000	nan	nan	nan
5.000000000000000	nan	nan	nan
5.000000000000000	nan	nan	nan
5.000000000000000	nan	nan	nan
5.000000000000000	nan	nan	nan
5.000000000000000	nan	nan	nan
5.000000000000000	nan	nan	nan
5.000000000000000	nan	nan	nan
5.000000000000000	nan	nan	nan
5.000000000000000	nan	nan	nan
5.000000000000000	nan	nan	nan
5.000000000000000	nan	nan	nan
5.000000000000000	nan	nan	nan
5.000000000000000	nan	nan	nan
5.000000000000000	nan	nan	nan
5.000000000000000	nan	nan	nan
5.000000000000000	nan	nan	nan
5.000000000000000	nan	nan	nan
5.000000000000000	nan	nan	nan
5.000000000000000	nan	nan	nan
5.000000000000000	nan	nan	nan
5.000000000000000	nan	nan	nan
5.000000000000000	nan	nan	nan
5.000000000000000	nan	nan	nan
5.000000000000000	nan	nan	nan
5.000000000000000	nan	nan	nan
5.000000000000000	nan	nan	nan
5.000000000000000	nan	nan	nan
5.000000000000000	nan	nan	nan
5.000000000000000	nan	nan	nan
5.000000000000000	nan	nan	nan
5.000000000000000	nan	nan	nan
5.000000000000000	nan	nan	nan
5.000000000000000	nan	nan	nan
5.000000000000000	nan	nan	nan
5.000000000000000	nan	nan	nan
5.000000000000000	nan	nan	nan
5.000000000000000	nan	nan	nan
5.000000000000000	nan	nan	nan
5.000000000000000	nan	nan	nan
5.000000000000000	nan	nan	nan
5.000000000000000	nan	nan	nan
5.000000000000000	nan	nan	nan
5.000000000000000	nan	nan	nan
5.000000000000000	nan	nan	nan
5.000000000000000	nan	nan	nan
5.000000000000000	nan	nan	nan
5.000000000000000	nan	nan	nan
5.000000000000000	nan	nan	nan
5.000000000000000	nan	nan	nan
5.000000000000000	nan	nan	nan
5.000000000000000	nan	nan	nan
5.000000000000000	nan	nan	nan
5.000000000000000	nan	nan	nan
5.000000000000000	nan	nan	nan
5.000000000000000	nan	nan	nan
5.000000000000000	nan	nan	nan
5.000000000000000	nan	nan	nan
5.000000000000000	nan	nan	nan
5.000000000000000	nan	nan	nan
5.000000000000000	nan	nan	nan
5.000000000000000	nan	nan	nan
5.000000000000000	nan	nan	nan
5.000000000000000	nan	nan	nan
5.000000000000000	nan	nan	nan
5.000000000000000	nan	nan	nan
5.000000000000000	nan	nan	nan
5.000000000000000	nan	nan	nan
5.000000000000000	nan	nan	nan
5.000000000000000	nan	nan	nan
5.000000000000000	nan	nan	nan
5.000000000000000	nan	nan	nan
5.000000000000000	nan	nan	nan
5.000000000000000	nan	nan	nan
5.000000000000000	nan	nan	nan
5.000000000000000	nan	nan	nan
5.000000000000000	nan	nan	nan
5.000000000000000	nan	nan	nan
5.000000000000000	nan	nan	nan
5.000000000000000	nan	nan	nan
5.000000000000000	nan	nan	nan
5.000000000000000	nan	nan	nan
5.000000000000000	nan	nan	nan
5.000000000000000	nan	nan	nan
5.000000000000000	nan	nan	nan
5.000000000000000	nan	nan	nan
5.000000000000000	nan	nan	nan


6.000000000000000	nan	nan	nan
6.000000000000000	nan	nan	nan
6.000000000000000	nan	nan	nan
6.000000000000000	nan	nan	nan
6.000000000000000	nan	nan	nan
6.000000000000000	nan	nan	nan
6.000000000000000	nan	nan	nan
6.000000000000000	nan	nan	nan
6.000000000000000	nan	nan	nan
6.000000000000000	nan	nan	nan
6.000000000000000	nan	nan	nan
6.000000000000000	nan	nan	nan
6.000000000000000	nan	nan	nan
6.000000000000000	nan	nan	nan
6.000000000000000	nan	nan	nan
6.000000000000000	nan	nan	nan
6.000000000000000	nan	nan	nan
6.000000000000000	nan	nan	nan
6.000000000000000	nan	nan	nan
6.000000000000000	nan	nan	nan
6.000000000000000	nan	nan	nan
6.000000000000000	nan	nan	nan
6.000000000000000	nan	nan	nan
6.000000000000000	nan	nan	nan
6.000000000000000	nan	nan	nan
6.000000000000000	nan	nan	nan
6.000000000000000	nan	nan	nan
6.000000000000000	nan	nan	nan
6.000000000000000	nan	nan	nan
6.000000000000000	nan	nan	nan
6.000000000000000	nan	nan	nan
6.000000000000000	nan	nan	nan
6.000000000000000	nan	nan	nan
6.000000000000000	nan	nan	nan
6.000000000000000	nan	nan	nan
6.000000000000000	nan	nan	nan
6.000000000000000	nan	nan	nan
6.000000000000000	nan	nan	nan
6.000000000000000	nan	nan	nan
6.000000000000000	nan	nan	nan
6.000000000000000	nan	nan	nan
6.000000000000000	nan	nan	nan
6.000000000000000	nan	nan	nan
6.000000000000000	nan	nan	nan
6.000000000000000	nan	nan	nan
6.000000000000000	nan	nan	nan
6.000000000000000	nan	nan	nan
6.000000000000000	nan	nan	nan
6.000000000000000	nan	nan	nan
6.000000000000000	nan	nan	nan
6.000000000000000	nan	nan	nan
6.000000000000000	nan	nan	nan
6.000000000000000	nan	nan	nan
6.000000000000000	nan	nan	nan
6.000000000000000	nan	nan	nan
6.000000000000000	nan	nan	nan
6.000000000000000	nan	nan	nan
6.000000000000000	nan	nan	nan
6.000000000000000	nan	nan	nan
6.000000000000000	nan	nan	nan
6.000000000000000	nan	nan	nan
6.000000000000000	nan	nan	nan
6.000000000000000	nan	nan	nan
6.000000000000000	nan	nan	nan
6.000000000000000	nan	nan	nan
6.000000000000000	nan	nan	nan
6.000000000000000	nan	nan	nan
6.000000000000000	nan	nan	nan
6.000000000000000	nan	nan	nan
6.000000000000000	nan	nan	nan
6.000000000000000	nan	nan	nan
6.000000000000000	nan	nan	nan
6.000000000000000	nan	nan	nan
6.000000000000000	nan	nan	nan
6.000000000000000	nan	nan	nan
6.000000000000000	nan	nan	nan
6.000000000000000	nan	nan	nan
6.000000000000000	nan	nan	nan
6.000000000000000	nan	nan	nan
6.000000000000000	nan	nan	nan
6.000000000000000	nan	nan	nan
6.000000000000000	nan	nan	nan
6.000000000000000	nan	nan	nan
6.000000000000000	nan	nan	nan
6.000000000000000	nan	nan	nan
6.000000000000000	nan	nan	nan
6.000000000000000	nan	nan	nan
6.000000000000000	nan	nan	nan
6.000000000000000	nan	nan	nan
6.000000000000000	nan	nan	nan
6.000000000000000	nan	nan	nan
6.000000000000000	nan	nan	nan
6.000000000000000	nan	nan	nan
6.000000000000000	nan	nan	nan
6.000000000000000	nan	nan	nan
6.000000000000000	nan	nan	nan
6.000000000000000	nan	nan	nan
6.000000000000000	nan	nan	nan
6.000000000000000	nan	nan	nan
6.000000000000000	nan	nan	nan


7.000000000000000	nan	nan	nan
7.000000000000000	nan	nan	nan
7.000000000000000	nan	nan	nan
7.000000000000000	nan	nan	nan
7.000000000000000	nan	nan	nan
7.000000000000000	nan	nan	nan
7.000000000000000	nan	nan	nan
7.000000000000000	nan	nan	nan
7.000000000000000	nan	nan	nan
7.000000000000000	nan	nan	nan
7.000000000000000	nan	nan	nan
7.000000000000000	nan	nan	nan
7.000000000000000	nan	nan	nan
7.000000000000000	nan	nan	nan
7.000000000000000	nan	nan	nan
7.000000000000000	nan	nan	nan
7.000000000000000	nan	nan	nan
7.000000000000000	nan	nan	nan
7.000000000000000	nan	nan	nan
7.000000000000000	nan	nan	nan
7.000000000000000	nan	nan	nan
7.000000000000000	nan	nan	nan
7.000000000000000	nan	nan	nan
7.000000000000000	nan	nan	nan
7.000000000000000	nan	nan	nan
7.000000000000000	nan	nan	nan
7.000000000000000	nan	nan	nan
7.000000000000000	nan	nan	nan
7.000000000000000	nan	nan	nan
7.000000000000000	nan	nan	nan
7.000000000000000	nan	nan	nan
7.000000000000000	nan	nan	nan
7.000000000000000	nan	nan	nan
7.000000000000000	nan	nan	nan
7.000000000000000	nan	nan	nan
7.000000000000000	nan	nan	nan
7.000000000000000	nan	nan	nan
7.000000000000000	nan	nan	nan
7.000000000000000	nan	nan	nan
7.000000000000000	nan	nan	nan
7.000000000000000	nan	nan	nan
7.000000000000000	nan	nan	nan
7.000000000000000	nan	nan	nan
7.000000000000000	nan	nan	nan
7.000000000000000	nan	nan	nan
7.000000000000000	nan	nan	nan
7.000000000000000	nan	nan	nan
7.000000000000000	nan	nan	nan
7.000000000000000	nan	nan	nan
7.000000000000000	nan	nan	nan
7.000000000000000	nan	nan	nan
7.000000000000000	nan	nan	nan
7.000000000000000	nan	nan	nan
7.000000000000000	nan	nan	nan
7.000000000000000	nan	nan	nan
7.000000000000000	nan	nan	nan
7.000000000000000	nan	nan	nan
7.000000000000000	nan	nan	nan
7.000000000000000	nan	nan	nan
7.000000000000000	nan	nan	nan
7.000000000000000	nan	nan	nan
7.000000000000000	nan	nan	nan
7.000000000000000	nan	nan	nan
7.000000000000000	nan	nan	nan
7.000000000000000	nan	nan	nan
7.000000000000000	nan	nan	nan
7.000000000000000	nan	nan	nan
7.000000000000000	nan	nan	nan
7.000000000000000	nan	nan	nan
7.000000000000000	nan	nan	nan
7.000000000000000	nan	nan	nan
7.000000000000000	nan	nan	nan
7.000000000000000	nan	nan	nan
7.000000000000000	nan	nan	nan
7.000000000000000	nan	nan	nan
7.000000000000000	nan	nan	nan
7.000000000000000	nan	nan	nan
7.000000000000000	nan	nan	nan
7.000000000000000	nan	nan	nan
7.000000000000000	nan	nan	nan
7.000000000000000	nan	nan	nan
7.000000000000000	nan	nan	nan
7.000000000000000	nan	nan	nan
7.000000000000000	nan	nan	nan
7.000000000000000	nan	nan	nan
7.000000000000000	nan	nan	nan
7.000000000000000	nan	nan	nan
7.000000000000000	nan	nan	nan
7.000000000000000	nan	nan	nan
7.000000000000000	nan	nan	nan
7.000000000000000	nan	nan	nan
7.000000000000000	nan	nan	nan
7.000000000000000	nan	nan	nan
7.000000000000000	nan	nan	nan
7.000000000000000	nan	nan	nan
7.000000000000000	nan	nan	nan
7.000000000000000	nan	nan	nan
7.000000000000000	nan	nan	nan
7.000000000000000	nan	nan	nan
7.000000000000000	nan	nan	nan


8.000000000000000	nan	nan	nan
8.000000000000000	nan	nan	nan
8.000000000000000	nan	nan	nan
8.000000000000000	nan	nan	nan
8.000000000000000	nan	nan	nan
8.000000000000000	nan	nan	nan
8.000000000000000	nan	nan	nan
8.000000000000000	nan	nan	nan
8.000000000000000	nan	nan	nan
8.000000000000000	nan	nan	nan
8.000000000000000	nan	nan	nan
8.000000000000000	nan	nan	nan
8.000000000000000	nan	nan	nan
8.000000000000000	nan	nan	nan
8.000000000000000	nan	nan	nan
8.000000000000000	nan	nan	nan
8.000000000000000	nan	nan	nan
8.000000000000000	nan	nan	nan
8.000000000000000	nan	nan	nan
8.000000000000000	nan	nan	nan
8.000000000000000	nan	nan	nan
8.000000000000000	nan	nan	nan
8.000000000000000	nan	nan	nan
8.000000000000000	nan	nan	nan
8.000000000000000	nan	nan	nan
8.000000000000000	nan	nan	nan
8.000000000000000	nan	nan	nan
8.000000000000000	nan	nan	nan
8.000000000000000	nan	nan	nan
8.000000000000000	nan	nan	nan
8.000000000000000	nan	nan	nan
8.000000000000000	nan	nan	nan
8.000000000000000	nan	nan	nan
8.000000000000000	nan	nan	nan
8.000000000000000	nan	nan	nan
8.000000000000000	nan	nan	nan
8.000000000000000	nan	nan	nan
8.000000000000000	nan	nan	nan
8.000000000000000	nan	nan	nan
8.000000000000000	nan	nan	nan
8.000000000000000	nan	nan	nan
8.000000000000000	nan	nan	nan
8.000000000000000	nan	nan	nan
8.000000000000000	nan	nan	nan
8.000000000000000	nan	nan	nan
8.000000000000000	nan	nan	nan
8.000000000000000	nan	nan	nan
8.000000000000000	nan	nan	nan
8.000000000000000	nan	nan	nan
8.000000000000000	nan	nan	nan
8.000000000000000	nan	nan	nan
8.000000000000000	nan	nan	nan
8.000000000000000	nan	nan	nan
8.000000000000000	nan	nan	nan
8.000000000000000	nan	nan	nan
8.000000000000000	nan	nan	nan
8.000000000000000	nan	nan	nan
8.000000000000000	nan	nan	nan
8.000000000000000	nan	nan	nan
8.000000000000000	nan	nan	nan
8.000000000000000	nan	nan	nan
8.000000000000000	nan	nan	nan
8.000000000000000	nan	nan	nan
8.000000000000000	nan	nan	nan
8.000000000000000	nan	nan	nan
8.000000000000000	nan	nan	nan
8.000000000000000	nan	nan	nan
8.000000000000000	nan	nan	nan
8.000000000000000	nan	nan	nan
8.000000000000000	nan	nan	nan
8.000000000000000	nan	nan	nan
8.000000000000000	nan	nan	nan
8.000000000000000	nan	nan	nan
8.000000000000000	nan	nan	nan
8.000000000000000	nan	nan	nan
8.000000000000000	nan	nan	nan
8.000000000000000	nan	nan	nan
8.000000000000000	nan	nan	nan
8.000000000000000	nan	nan	nan
8.000000000000000	nan	nan	nan
8.000000000000000	nan	nan	nan
8.000000000000000	nan	nan	nan
8.000000000000000	nan	nan	nan
8.000000000000000	nan	nan	nan
8.000000000000000	nan	nan	nan
8.000000000000000	nan	nan	nan
8.000000000000000	nan	nan	nan
8.000000000000000	nan	nan	nan
8.000000000000000	nan	nan	nan
8.000000000000000	nan	nan	nan
8.000000000000000	nan	nan	nan
8.000000000000000	nan	nan	nan
8.000000000000000	nan	nan	nan
8.000000000000000	nan	nan	nan
8.000000000000000	nan	nan	nan
8.000000000000000	nan	nan	nan
8.000000000000000	nan	nan	nan
8.000000000000000	nan	nan	nan
8.000000000000000	nan	nan	nan
8.000000000000000	nan	nan	nan


9.000000000000000	nan	nan	nan
9.000000000000000	nan	nan	nan
9.000000000000000	nan	nan	nan
9.000000000000000	nan	nan	nan
9.000000000000000	nan	nan	nan
9.000000000000000	nan	nan	nan
9.000000000000000	nan	nan	nan
9.000000000000000	nan	nan	nan
9.000000000000000	nan	nan	nan
9.000000000000000	nan	nan	nan
9.000000000000000	nan	nan	nan
9.000000000000000	nan	nan	nan
9.000000000000000	nan	nan	nan
9.000000000000000	nan	nan	nan
9.000000000000000	nan	nan	nan
9.000000000000000	nan	nan	nan
9.000000000000000	nan	nan	nan
9.000000000000000	nan	nan	nan
9.000000000000000	nan	nan	nan
9.000000000000000	nan	nan	nan
9.000000000000000	nan	nan	nan
9.000000000000000	nan	nan	nan
9.000000000000000	nan	nan	nan
9.000000000000000	nan	nan	nan
9.000000000000000	nan	nan	nan
9.000000000000000	nan	nan	nan
9.000000000000000	nan	nan	nan
9.000000000000000	nan	nan	nan
9.000000000000000	nan	nan	nan
9.000000000000000	nan	nan	nan
9.000000000000000	nan	nan	nan
9.000000000000000	nan	nan	nan
9.000000000000000	nan	nan	nan
9.000000000000000	nan	nan	nan
9.000000000000000	nan	nan	nan
9.000000000000000	nan	nan	nan
9.000000000000000	nan	nan	nan
9.000000000000000	nan	nan	nan
9.000000000000000	nan	nan	nan
9.000000000000000	nan	nan	nan
9.000000000000000	nan	nan	nan
9.000000000000000	nan	nan	nan
9.000000000000000	nan	nan	nan
9.000000000000000	nan	nan	nan
9.000000000000000	nan	nan	nan
9.000000000000000	nan	nan	nan
9.000000000000000	nan	nan	nan
9.000000000000000	nan	nan	nan
9.000000000000000	nan	nan	nan
9.000000000000000	nan	nan	nan
9.000000000000000	nan	nan	nan
9.000000000000000	nan	nan	nan
9.000000000000000	nan	nan	nan
9.000000000000000	nan	nan	nan
9.000000000000000	nan	nan	nan
9.000000000000000	nan	nan	nan
9.000000000000000	nan	nan	nan
9.000000000000000	nan	nan	nan
9.000000000000000	nan	nan	nan
9.000000000000000	nan	nan	nan
9.000000000000000	nan	nan	nan
9.000000000000000	nan	nan	nan
9.000000000000000	nan	nan	nan
9.000000000000000	nan	nan	nan
9.000000000000000	nan	nan	nan
9.000000000000000	nan	nan	nan
9.000000000000000	nan	nan	nan
9.000000000000000	nan	nan	nan
9.000000000000000	nan	nan	nan
9.000000000000000	nan	nan	nan
9.000000000000000	nan	nan	nan
9.000000000000000	nan	nan	nan
9.000000000000000	nan	nan	nan
9.000000000000000	nan	nan	nan
9.000000000000000	nan	nan	nan
9.000000000000000	nan	nan	nan
9.000000000000000	nan	nan	nan
9.000000000000000	nan	nan	nan
9.000000000000000	nan	nan	nan
9.000000000000000	nan	nan	nan
9.000000000000000	nan	nan	nan
9.000000000000000	nan	nan	nan
9.000000000000000	nan	nan	nan
9.000000000000000	nan	nan	nan
9.000000000000000	nan	nan	nan
9.000000000000000	nan	nan	nan
9.000000000000000	nan	nan	nan
9.000000000000000	nan	nan	nan
9.000000000000000	nan	nan	nan
9.000000000000000	nan	nan	nan
9.000000000000000	nan	nan	nan
9.000000000000000	nan	nan	nan
9.000000000000000	nan	nan	nan
9.000000000000000	nan	nan	nan
9.000000000000000	nan	nan	nan
9.000000000000000	nan	nan	nan
9.000000000000000	nan	nan	nan
9.000000000000000	nan	nan	nan
9.000000000000000	nan	nan	nan
9.000000000000000	nan	nan	nan


10.000000000000000	nan	nan	nan
10.000000000000000	nan	nan	nan
10.000000000000000	nan	nan	nan
10.000000000000000	nan	nan	nan
10.000000000000000	nan	nan	nan
10.000000000000000	nan	nan	nan
10.000000000000000	nan	nan	nan
10.000000000000000	nan	nan	nan
10.000000000000000	nan	nan	nan
10.000000000000000	nan	nan	nan
10.000000000000000	nan	nan	nan
10.000000000000000	nan	nan	nan
10.000000000000000	nan	nan	nan
10.000000000000000	nan	nan	nan
10.000000000000000	nan	nan	nan
10.000000000000000	nan	nan	nan
10.000000000000000	nan	nan	nan
10.000000000000000	nan	nan	nan
10.000000000000000	nan	nan	nan
10.000000000000000	nan	nan	nan
10.000000000000000	nan	nan	nan
10.000000000000000	nan	nan	nan
10.000000000000000	nan	nan	nan
10.000000000000000	nan	nan	nan
10.000000000000000	nan	nan	nan
10.000000000000000	nan	nan	nan
10.000000000000000	nan	nan	nan
10.000000000000000	nan	nan	nan
10.000000000000000	nan	nan	nan
10.000000000000000	nan	nan	nan
10.000000000000000	nan	nan	nan
10.000000000000000	nan	nan	nan
10.000000000000000	nan	nan	nan
10.000000000000000	nan	nan	nan
10.000000000000000	nan	nan	nan
10.000000000000000	nan	nan	nan
10.000000000000000	nan	nan	nan
10.000000000000000	nan	nan	nan
10.000000000000000	nan	nan	nan
10.000000000000000	nan	nan	nan
10.000000000000000	nan	nan	nan
10.000000000000000	nan	nan	nan
10.000000000000000	nan	nan	nan
10.000000000000000	nan	nan	nan
10.000000000000000	nan	nan	nan
10.000000000000000	nan	nan	nan
10.000000000000000	nan	nan	nan
10.000000000000000	nan	nan	nan
10.000000000000000	nan	nan	nan
10.000000000000000	nan	nan	nan
10.000000000000000	nan	nan	nan
10.000000000000000	nan	nan	nan
10.000000000000000	nan	nan	nan
10.000000000000000	nan	nan	nan
10.000000000000000	nan	nan	nan
10.000000000000000	nan	nan	nan
10.000000000000000	nan	nan	nan
10.000000000000000	nan	nan	nan
10.000000000000000	nan	nan	nan
10.000000000000000	nan	nan	nan
10.000000000000000	nan	nan	nan
10.000000000000000	nan	nan	nan
10.000000000000000	nan	nan	nan
10.000000000000000	nan	nan	nan
10.000000000000000	nan	nan	nan
10.000000000000000	nan	nan	nan
10.000000000000000	nan	nan	nan
10.000000000000000	nan	nan	nan
10.000000000000000	nan	nan	nan
10.000000000000000	nan	nan	nan
10.000000000000000	nan	nan	nan
10.000000000000000	nan	nan	nan
10.000000000000000	nan	nan	nan
10.000000000000000	nan	nan	nan
10.000000000000000	nan	nan	nan
10.000000000000000	nan	nan	nan
10.000000000000000	nan	nan	nan
10.000000000000000	nan	nan	nan
10.000000000000000	nan	nan	nan
10.000000000000000	nan	nan	nan
10.000000000000000	nan	nan	nan
10.000000000000000	nan	nan	nan
10.000000000000000	nan	nan	nan
10.000000000000000	nan	nan	nan
10.000000000000000	nan	nan	nan
10.000000000000000	nan	nan	nan
10.000000000000000	nan	nan	nan
10.000000000000000	nan	nan	nan
10.000000000000000	nan	nan	nan
10.000000000000000	nan	nan	nan
10.000000000000000	nan	nan	nan
10.000000000000000	nan	nan	nan
10.000000000000000	nan	nan	nan
10.000000000000000	nan	nan	nan
10.000000000000000	nan	nan	nan
10.000000000000000	nan	nan	nan
10.000000000000000	nan	nan	nan
10.000000000000000	nan	nan	nan
10.000000000000000	nan	nan	nan
10.000000000000000	nan	nan	nan


11.000000000000000	nan	nan	nan
11.000000000000000	nan	nan	nan
11.000000000000000	nan	nan	nan
11.000000000000000	nan	nan	nan
11.000000000000000	nan	nan	nan
11.000000000000000	nan	nan	nan
11.000000000000000	nan	nan	nan
11.000000000000000	nan	nan	nan
11.000000000000000	nan	nan	nan
11.000000000000000	nan	nan	nan
11.000000000000000	nan	nan	nan
11.000000000000000	nan	nan	nan
11.000000000000000	nan	nan	nan
11.000000000000000	nan	nan	nan
11.000000000000000	nan	nan	nan
11.000000000000000	nan	nan	nan
11.000000000000000	nan	nan	nan
11.000000000000000	nan	nan	nan
11.000000000000000	nan	nan	nan
11.000000000000000	nan	nan	nan
11.000000000000000	nan	nan	nan
11.000000000000000	nan	nan	nan
11.000000000000000	nan	nan	nan
11.000000000000000	nan	nan	nan
11.000000000000000	nan	nan	nan
11.000000000000000	nan	nan	nan
11.000000000000000	nan	nan	nan
11.000000000000000	nan	nan	nan
11.000000000000000	nan	nan	nan
11.000000000000000	nan	nan	nan
11.000000000000000	nan	nan	nan
11.000000000000000	nan	nan	nan
11.000000000000000	nan	nan	nan
11.000000000000000	nan	nan	nan
11.000000000000000	nan	nan	nan
11.000000000000000	nan	nan	nan
11.000000000000000	nan	nan	nan
11.000000000000000	nan	nan	nan
11.000000000000000	nan	nan	nan
11.000000000000000	nan	nan	nan
11.000000000000000	nan	nan	nan
11.000000000000000	nan	nan	nan
11.000000000000000	nan	nan	nan
11.000000000000000	nan	nan	nan
11.000000000000000	nan	nan	nan
11.000000000000000	nan	nan	nan
11.000000000000000	nan	nan	nan
11.000000000000000	nan	nan	nan
11.000000000000000	nan	nan	nan
11.000000000000000	nan	nan	nan
11.000000000000000	nan	nan	nan
11.000000000000000	nan	nan	nan
11.000000000000000	nan	nan	nan
11.000000000000000	nan	nan	nan
11.000000000000000	nan	nan	nan
11.000000000000000	nan	nan	nan
11.000000000000000	nan	nan	nan
11.000000000000000	nan	nan	nan
11.000000000000000	nan	nan	nan
11.000000000000000	nan	nan	nan
11.000000000000000	nan	nan	nan
11.000000000000000	nan	nan	nan
11.000000000000000	nan	nan	nan
11.000000000000000	nan	nan	nan
11.000000000000000	nan	nan	nan
11.000000000000000	nan	nan	nan
11.000000000000000	nan	nan	nan
11.000000000000000	nan	nan	nan
11.000000000000000	nan	nan	nan
11.000000000000000	nan	nan	nan
11.000000000000000	nan	nan	nan
11.000000000000000	nan	nan	nan
11.000000000000000	nan	nan	nan
11.000000000000000	nan	nan	nan
11.000000000000000	nan	nan	nan
11.000000000000000	nan	nan	nan
11.000000000000000	nan	nan	nan
11.000000000000000	nan	nan	nan
11.000000000000000	nan	nan	nan
11.000000000000000	nan	nan	nan
11.000000000000000	nan	nan	nan
11.000000000000000	nan	nan	nan
11.000000000000000	nan	nan	nan
11.000000000000000	nan	nan	nan
11.000000000000000	nan	nan	nan
11.000000000000000	nan	nan	nan
11.000000000000000	nan	nan	nan
11.000000000000000	nan	nan	nan
11.000000000000000	nan	nan	nan
11.000000000000000	nan	nan	nan
11.000000000000000	nan	nan	nan
11.000000000000000	nan	nan	nan
11.000000000000000	nan	nan	nan
11.000000000000000	nan	nan	nan
11.000000000000000	nan	nan	nan
11.000000000000000	nan	nan	nan
11.000000000000000	nan	nan	nan
11.000000000000000	nan	nan	nan
11.000000000000000	nan	nan	nan
11.000000000000000	nan	nan	nan


12.000000000000000	nan	nan	nan
12.000000000000000	nan	nan	nan
12.000000000000000	nan	nan	nan
12.000000000000000	nan	nan	nan
12.000000000000000	nan	nan	nan
12.000000000000000	nan	nan	nan
12.000000000000000	nan	nan	nan
12.000000000000000	nan	nan	nan
12.000000000000000	nan	nan	nan
12.000000000000000	nan	nan	nan
12.000000000000000	nan	nan	nan
12.000000000000000	nan	nan	nan
12.000000000000000	nan	nan	nan
12.000000000000000	nan	nan	nan
12.000000000000000	nan	nan	nan
12.000000000000000	nan	nan	nan
12.000000000000000	nan	nan	nan
12.000000000000000	nan	nan	nan
12.000000000000000	nan	nan	nan
12.000000000000000	nan	nan	nan
12.000000000000000	nan	nan	nan
12.000000000000000	nan	nan	nan
12.000000000000000	nan	nan	nan
12.000000000000000	nan	nan	nan
12.000000000000000	nan	nan	nan
12.000000000000000	nan	nan	nan
12.000000000000000	nan	nan	nan
12.000000000000000	nan	nan	nan
12.000000000000000	nan	nan	nan
12.000000000000000	nan	nan	nan
12.000000000000000	nan	nan	nan
12.000000000000000	nan	nan	nan
12.000000000000000	nan	nan	nan
12.000000000000000	nan	nan	nan
12.000000000000000	nan	nan	nan
12.000000000000000	nan	nan	nan
12.000000000000000	nan	nan	nan
12.000000000000000	nan	nan	nan
12.000000000000000	nan	nan	nan
12.000000000000000	nan	nan	nan
12.000000000000000	nan	nan	nan
12.000000000000000	nan	nan	nan
12.000000000000000	nan	nan	nan
12.000000000000000	nan	nan	nan
12.000000000000000	nan	nan	nan
12.000000000000000	nan	nan	nan
12.000000000000000	nan	nan	nan
12.000000000000000	nan	nan	nan
12.000000000000000	nan	nan	nan
12.000000000000000	nan	nan	nan
12.000000000000000	nan	nan	nan
12.000000000000000	nan	nan	nan
12.000000000000000	nan	nan	nan
12.000000000000000	nan	nan	nan
12.000000000000000	nan	nan	nan
12.000000000000000	nan	nan	nan
12.000000000000000	nan	nan	nan
12.000000000000000	nan	nan	nan
12.000000000000000	nan	nan	nan
12.000000000000000	nan	nan	nan
12.000000000000000	nan	nan	nan
12.000000000000000	nan	nan	nan
12.000000000000000	nan	nan	nan
12.000000000000000	nan	nan	nan
12.000000000000000	nan	nan	nan
12.000000000000000	nan	nan	nan
12.000000000000000	nan	nan	nan
12.000000000000000	nan	nan	nan
12.000000000000000	nan	nan	nan
12.000000000000000	nan	nan	nan
12.000000000000000	nan	nan	nan
12.000000000000000	nan	nan	nan
12.000000000000000	nan	nan	nan
12.000000000000000	nan	nan	nan
12.000000000000000	nan	nan	nan
12.000000000000000	nan	nan	nan
12.000000000000000	nan	nan	nan
12.000000000000000	nan	nan	nan
12.000000000000000	nan	nan	nan
12.000000000000000	nan	nan	nan
12.000000000000000	nan	nan	nan
12.000000000000000	nan	nan	nan
12.000000000000000	nan	nan	nan
12.000000000000000	nan	nan	nan
12.000000000000000	nan	nan	nan
12.000000000000000	nan	nan	nan
12.000000000000000	nan	nan	nan
12.000000000000000	nan	nan	nan
12.000000000000000	nan	nan	nan
12.000000000000000	nan	nan	nan
12.000000000000000	nan	nan	nan
12.000000000000000	nan	nan	nan
12.000000000000000	nan	nan	nan
12.000000000000000	nan	nan	nan
12.000000000000000	nan	nan	nan
12.000000000000000	nan	nan	nan
12.000000000000000	nan	nan	nan
12.000000000000000	nan	nan	nan
12.000000000000000	nan	nan	nan
12.000000000000000	nan	nan	nan


13.000000000000000	nan	nan	nan
13.000000000000000	nan	nan	nan
13.000000000000000	nan	nan	nan
13.000000000000000	nan	nan	nan
13.000000000000000	nan	nan	nan
13.000000000000000	nan	nan	nan
13.000000000000000	nan	nan	nan
13.000000000000000	nan	nan	nan
13.000000000000000	nan	nan	nan
13.000000000000000	nan	nan	nan
13.000000000000000	nan	nan	nan
13.000000000000000	nan	nan	nan
13.000000000000000	nan	nan	nan
13.000000000000000	nan	nan	nan
13.000000000000000	nan	nan	nan
13.000000000000000	nan	nan	nan
13.000000000000000	nan	nan	nan
13.000000000000000	nan	nan	nan
13.000000000000000	nan	nan	nan
13.000000000000000	nan	nan	nan
13.000000000000000	nan	nan	nan
13.000000000000000	nan	nan	nan
13.000000000000000	nan	nan	nan
13.000000000000000	nan	nan	nan
13.000000000000000	nan	nan	nan
13.000000000000000	nan	nan	nan
13.000000000000000	nan	nan	nan
13.000000000000000	nan	nan	nan
13.000000000000000	nan	nan	nan
13.000000000000000	nan	nan	nan
13.000000000000000	nan	nan	nan
13.000000000000000	nan	nan	nan
13.000000000000000	nan	nan	nan
13.000000000000000	nan	nan	nan
13.000000000000000	nan	nan	nan
13.000000000000000	nan	nan	nan
13.000000000000000	nan	nan	nan
13.000000000000000	nan	nan	nan
13.000000000000000	nan	nan	nan
13.000000000000000	nan	nan	nan
13.000000000000000	nan	nan	nan
13.000000000000000	nan	nan	nan
13.000000000000000	nan	nan	nan
13.000000000000000	nan	nan	nan
13.000000000000000	nan	nan	nan
13.000000000000000	nan	nan	nan
13.000000000000000	nan	nan	nan
13.000000000000000	nan	nan	nan
13.000000000000000	nan	nan	nan
13.000000000000000	nan	nan	nan
13.000000000000000	nan	nan	nan
13.000000000000000	nan	nan	nan
13.000000000000000	nan	nan	nan
13.000000000000000	nan	nan	nan
13.000000000000000	nan	nan	nan
13.000000000000000	nan	nan	nan
13.000000000000000	nan	nan	nan
13.000000000000000	nan	nan	nan
13.000000000000000	nan	nan	nan
13.000000000000000	nan	nan	nan
13.000000000000000	nan	nan	nan
13.000000000000000	nan	nan	nan
13.000000000000000	nan	nan	nan
13.000000000000000	nan	nan	nan
13.000000000000000	nan	nan	nan
13.000000000000000	nan	nan	nan
13.000000000000000	nan	nan	nan
13.000000000000000	nan	nan	nan
13.000000000000000	nan	nan	nan
13.000000000000000	nan	nan	nan
13.000000000000000	nan	nan	nan
13.000000000000000	nan	nan	nan
13.000000000000000	nan	nan	nan
13.000000000000000	nan	nan	nan
13.000000000000000	nan	nan	nan
13.000000000000000	nan	nan	nan
13.000000000000000	nan	nan	nan
13.000000000000000	nan	nan	nan
13.000000000000000	nan	nan	nan
13.000000000000000	nan	nan	nan
13.000000000000000	nan	nan	nan
13.000000000000000	nan	nan	nan
13.000000000000000	nan	nan	nan
13.000000000000000	nan	nan	nan
13.000000000000000	nan	nan	nan
13.000000000000000	nan	nan	nan
13.000000000000000	nan	nan	nan
13.000000000000000	nan	nan	nan
13.000000000000000	nan	nan	nan
13.000000000000000	nan	nan	nan
13.000000000000000	nan	nan	nan
13.000000000000000	nan	nan	nan
13.000000000000000	nan	nan	nan
13.000000000000000	nan	nan	nan
13.000000000000000	nan	nan	nan
13.000000000000000	nan	nan	nan
13.000000000000000	nan	nan	nan
13.000000000000000	nan	nan	nan
13.000000000000000	nan	nan	nan
13.000000000000000	nan	nan	nan


14.000000000000000	-0.207829487823217	-0.889679431853486	0.004399437156476
14.000000000000000	-0.145519161011225	-0.902160378902763	0.003437543686413
14.000000000000000	-0.082538473733487	-0.910647317407064	0.002460021689843
14.000000000000000	-0.019141026989029	-0.915106073460445	0.001470807302837
14.000000000000000	0.044417900079843	-0.915518693225969	0.000473883742593
14.000000000000000	0.107882378106549	-0.911883515229472	-0.000526734731569
14.000000000000000	0.170996858037469	-0.904215177049733	-0.001527018982215
14.000000000000000	0.233507200137782	-0.892544556378109	-0.002522941217712
14.000000000000000	0.295161697322486	-0.876918646684972	-0.003510491210723
14.000000000000000	0.355712088691990	-0.857400367993589	-0.004485692445976
14.000000000000000	0.414914559191131	-0.834068313523394	-0.005444618132287
14.000000000000000	0.472530721366353	-0.807016433222837	-0.006383407014363
14.000000000000000	0.528328575267841	-0.776353655466095	-0.007298278920718
14.000000000000000	0.582083442631440	-0.742203448436959	-0.008185549985082
14.000000000000000	0.633578871578720	-0.704703322966031	-0.009041647480036
14.000000000000000	0.682607508192303	-0.664004278823147	-0.009863124203122
14.000000000000000	0.728971931456897	-0.620270196694598	-0.010646672357511
14.000000000000000	0.772485448204050	-0.573677178293442	-0.011389136871333
14.000000000000000	0.812972844859646	-0.524412837260066	-0.012087528102041
14.000000000000000	0.850271092967127	-0.472675543708269	-0.012739033874641
14.000000000000000	0.884230005645548	-0.418673625458828	-0.013341030805331
14.000000000000000	0.914712842339140	-0.362624529176894	-0.013891094864942
14.000000000000000	0.941596859423266	-0.304753944791015	-0.014387011139649
14.000000000000000	0.964773804449673	-0.245294896719450	-0.014826782749643
14.000000000000000	0.984150352040899	-0.184486805563083	-0.015208638889866
14.000000000000000	0.999648479678626	-0.122574524043165	-0.015531041960414
14.000000000000000	1.011205781872824	-0.059807351065821	-0.015792693757914
14.000000000000000	1.018775721446635	0.003561972116651	-0.015992540702924
14.000000000000000	1.022327816925158	0.067278279605604	-0.016129778082331
14.000000000000000	1.021847765273591	0.131085008319052	-0.016203853289647
14.000000000000000	1.017337499490503	0.194725231080654	-0.016214468050156
14.000000000000000	1.008815180824334	0.257942691174769	-0.016161579621963
14.000000000000000	0.996315125644452	0.320482834201806	-0.016045400968102
14.000000000000000	0.979887667261250	0.382093833078951	-0.015866399899007
14.000000000000000	0.959598953251669	0.442527602058942	-0.015625297188807
14.000000000000000	0.935530679106249	0.501540795683819	-0.015323063673021
14.000000000000000	0.907779759270227	0.558895788651194	-0.014960916339343
14.000000000000000	0.876457936903268	0.614361632647475	-0.014540313427270
14.000000000000000	0.841691333929203	0.667714986295212	-0.014062948556280
14.000000000000000	0.803619943187551	0.718741014470000	-0.013530743906224
14.000000000000000	0.762397064731769	0.767234253365698	-0.012945842477391
14.000000000000000	0.718188688544041	0.812999437824659	-0.012310599461397
14.000000000000000	0.671172826152203	0.855852287601604	-0.011627572757661
14.000000000000000	0.621538793840153	0.895620249395127	-0.010899512673651
14.000000000000000	0.569486450337987	0.932143191658940	-0.010129350850361
14.000000000000000	0.515225392061440	0.965274049395091	-0.009320188457628
14.000000000000000	0.458974109141087	0.994879416332808	-0.008475283706819
14.000000000000000	0.400959105639711	1.020840082108460	-0.007598038731163
14.000000000000000	0.341413987500376	1.043051512283626	-0.006691985886557
14.000000000000000	0.280578521897752	1.061424269268376	-0.005760773528022
14.000000000000000	0.218697671780321	1.075884372454881	-0.004808151319060
14.000000000000000	0.156020609491047	1.086373596111214	-0.003837955133084
14.000000000000000	0.092799713438289	1.092849703835816	-0.002854091607710
14.000000000000000	0.029289551857032	1.095286618628583	-0.001860522414107
14.000000000000000	-0.034254142247555	1.093674527893737	-0.000861248304743
14.000000000000000	-0.097575500846661	1.088019922951691	0.000139706996232
14.000000000000000	-0.160419551178089	1.078345572900789	0.001138312995100
14.000000000000000	-0.222533242431567	1.064690432934183	0.002130548657956
14.000000000000000	-0.283666464695061	1.047109487481024	0.003112418601990
14.000000000000000	-0.343573056059102	1.025673528803565	0.004079969183482
14.000000000000000	-0.402011793823929	1.000468871941713	0.005029304417730
14.000000000000000	-0.458747365818149	0.971597007152824	0.005956601666809
14.000000000000000	-0.513551317917808	0.939174191246258	0.006858127031980
14.000000000000000	-0.566202973950515	0.903330979458240	0.007730250388786
14.000000000000000	-0.616490324280500	0.864211699752002	0.008569460004279
14.000000000000000	-0.664210879496591	0.821973871660015	0.009372376677531
14.000000000000000	-0.709172485765605	0.776787572008426	0.010135767346484
14.000000000000000	-0.751194098568015	0.728834750077712	0.010856558106347
14.000000000000000	-0.790106511700333	0.678308494957136	0.011531846587130
14.000000000000000	-0.825753038608769	0.625412258043142	0.012158913640459
14.000000000000000	-0.857990143310683	0.570359033812385	0.012735234288630
14.000000000000000	-0.886688018363323	0.513370502168151	0.013258487891801
14.000000000000000	-0.911731107552590	0.454676135813624	0.013726567492391
14.000000000000000	-0.933018571197122	0.394512276246302	0.014137588299055
14.000000000000000	-0.950464692194098	0.333121182094204	0.014489895276072
14.000000000000000	-0.963999221171764	0.270750053625876	0.014782069807589
14.000000000000000	-0.973567659358855	0.207650037362159	0.015012935409890
14.000000000000000	-0.979131478031911	0.144075214797789	0.015181562468676
14.000000000000000	-0.980668273656852	0.080281579304895	0.015287271982298
14.000000000000000	-0.978171858100098	0.016526005338042	0.015329638295853
14.000000000000000	-0.971652283546002	-0.046934785908538	0.015308490815151
14.000000000000000	-0.961135802020250	-0.109845260226588	0.015223914693631
14.000000000000000	-0.946664759682220	-0.171952099339887	0.015076250489485
14.000000000000000	-0.928297426311943	-0.233005220927548	0.014866092794346
14.000000000000000	-0.906107760678264	-0.292758785617257	0.014594287839077
14.000000000000000	-0.880185112732987	-0.350972186893657	0.014261930086303
14.000000000000000	-0.850633863830150	-0.407411019935864	0.013870357823390
14.000000000000000	-0.817573006419156	-0.461848025482952	0.013421147773637
14.000000000000000	-0.781135664904175	-0.514064004926785	0.012916108747369
14.000000000000000	-0.741468559599155	-0.563848702947447	0.012357274358495
14.000000000000000	-0.698731415936903	-0.611001654137208	0.011746894835861
14.000000000000000	-0.653096321311137	-0.655332990203968	0.011087427962376
14.000000000000000	-0.604747032141293	-0.696664204503853	0.010381529178384
14.000000000000000	-0.553878233950277	-0.734828870824473	0.009632040889146
14.000000000000000	-0.500694757434580	-0.769673313524536	0.008841981019475
14.000000000000000	-0.445410753683353	-0.801057226331418	0.008014530861619
14.000000000000000	-0.388248831867559	-0.828854237305003	0.007153022265322
14.000000000000000	-0.329439162871405	-0.852952417692879	0.006260924221636
14.000000000000000	-0.269218552475432	-0.873254732627930	0.005341828894523
14.000000000000000	-0.207829487823217	-0.889679431853486	0.004399437156476


15.000000000000000	nan	nan	nan
15.000000000000000	nan	nan	nan
15.000000000000000	nan	nan	nan
15.000000000000000	nan	nan	nan
15.000000000000000	nan	nan	nan
15.000000000000000	nan	nan	nan
15.000000000000000	nan	nan	nan
15.000000000000000	nan	nan	nan
15.000000000000000	nan	nan	nan
15.000000000000000	nan	nan	nan
15.000000000000000	nan	nan	nan
15.000000000000000	nan	nan	nan
15.000000000000000	nan	nan	nan
15.000000000000000	nan	nan	nan
15.000000000000000	nan	nan	nan
15.000000000000000	nan	nan	nan
15.000000000000000	nan	nan	nan
15.000000000000000	nan	nan	nan
15.000000000000000	nan	nan	nan
15.000000000000000	nan	nan	nan
15.000000000000000	nan	nan	nan
15.000000000000000	nan	nan	nan
15.000000000000000	nan	nan	nan
15.000000000000000	nan	nan	nan
15.000000000000000	nan	nan	nan
15.000000000000000	nan	nan	nan
15.000000000000000	nan	nan	nan
15.000000000000000	nan	nan	nan
15.000000000000000	nan	nan	nan
15.000000000000000	nan	nan	nan
15.000000000000000	nan	nan	nan
15.000000000000000	nan	nan	nan
15.000000000000000	nan	nan	nan
15.000000000000000	nan	nan	nan
15.000000000000000	nan	nan	nan
15.000000000000000	nan	nan	nan
15.000000000000000	nan	nan	nan
15.000000000000000	nan	nan	nan
15.000000000000000	nan	nan	nan
15.000000000000000	nan	nan	nan
15.000000000000000	nan	nan	nan
15.000000000000000	nan	nan	nan
15.000000000000000	nan	nan	nan
15.000000000000000	nan	nan	nan
15.000000000000000	nan	nan	nan
15.000000000000000	nan	nan	nan
15.000000000000000	nan	nan	nan
15.000000000000000	nan	nan	nan
15.000000000000000	nan	nan	nan
15.000000000000000	nan	nan	nan
15.000000000000000	nan	nan	nan
15.000000000000000	nan	nan	nan
15.000000000000000	nan	nan	nan
15.000000000000000	nan	nan	nan
15.000000000000000	nan	nan	nan
15.000000000000000	nan	nan	nan
15.000000000000000	nan	nan	nan
15.000000000000000	nan	nan	nan
15.000000000000000	nan	nan	nan
15.000000000000000	nan	nan	nan
15.000000000000000	nan	nan	nan
15.000000000000000	nan	nan	nan
15.000000000000000	nan	nan	nan
15.000000000000000	nan	nan	nan
15.000000000000000	nan	nan	nan
15.000000000000000	nan	nan	nan
15.000000000000000	nan	nan	nan
15.000000000000000	nan	nan	nan
15.000000000000000	nan	nan	nan
15.000000000000000	nan	nan	nan
15.000000000000000	nan	nan	nan
15.000000000000000	nan	nan	nan
15.000000000000000	nan	nan	nan
15.000000000000000	nan	nan	nan
15.000000000000000	nan	nan	nan
15.000000000000000	nan	nan	nan
15.000000000000000	nan	nan	nan
15.000000000000000	nan	nan	nan
15.000000000000000	nan	nan	nan
15.000000000000000	nan	nan	nan
15.000000000000000	nan	nan	nan
15.000000000000000	nan	nan	nan
15.000000000000000	nan	nan	nan
15.000000000000000	nan	nan	nan
15.000000000000000	nan	nan	nan
15.000000000000000	nan	nan	nan
15.000000000000000	nan	nan	nan
15.000000000000000	nan	nan	nan
15.000000000000000	nan	nan	nan
15.000000000000000	nan	nan	nan
15.000000000000000	nan	nan	nan
15.000000000000000	nan	nan	nan
15.000000000000000	nan	nan	nan
15.000000000000000	nan	nan	nan
15.000000000000000	nan	nan	nan
15.000000000000000	nan	nan	nan
15.000000000000000	nan	nan	nan
15.000000000000000	nan	nan	nan
15.000000000000000	nan	nan	nan
15.000000000000000	nan	nan	nan


16.000000000000000	nan	nan	nan
16.000000000000000	nan	nan	nan
16.000000000000000	nan	nan	nan
16.000000000000000	nan	nan	nan
16.000000000000000	nan	nan	nan
16.000000000000000	nan	nan	nan
16.000000000000000	nan	nan	nan
16.000000000000000	nan	nan	nan
16.000000000000000	nan	nan	nan
16.000000000000000	nan	nan	nan
16.000000000000000	nan	nan	nan
16.000000000000000	nan	nan	nan
16.000000000000000	nan	nan	nan
16.000000000000000	nan	nan	nan
16.000000000000000	nan	nan	nan
16.000000000000000	nan	nan	nan
16.000000000000000	nan	nan	nan
16.000000000000000	nan	nan	nan
16.000000000000000	nan	nan	nan
16.000000000000000	nan	nan	nan
16.000000000000000	nan	nan	nan
16.000000000000000	nan	nan	nan
16.000000000000000	nan	nan	nan
16.000000000000000	nan	nan	nan
16.000000000000000	nan	nan	nan
16.000000000000000	nan	nan	nan
16.000000000000000	nan	nan	nan
16.000000000000000	nan	nan	nan
16.000000000000000	nan	nan	nan
16.000000000000000	nan	nan	nan
16.000000000000000	nan	nan	nan
16.000000000000000	nan	nan	nan
16.000000000000000	nan	nan	nan
16.000000000000000	nan	nan	nan
16.000000000000000	nan	nan	nan
16.000000000000000	nan	nan	nan
16.000000000000000	nan	nan	nan
16.000000000000000	nan	nan	nan
16.000000000000000	nan	nan	nan
16.000000000000000	nan	nan	nan
16.000000000000000	nan	nan	nan
16.000000000000000	nan	nan	nan
16.000000000000000	nan	nan	nan
16.000000000000000	nan	nan	nan
16.000000000000000	nan	nan	nan
16.000000000000000	nan	nan	nan
16.000000000000000	nan	nan	nan
16.000000000000000	nan	nan	nan
16.000000000000000	nan	nan	nan
16.000000000000000	nan	nan	nan
16.000000000000000	nan	nan	nan
16.000000000000000	nan	nan	nan
16.000000000000000	nan	nan	nan
16.000000000000000	nan	nan	nan
16.000000000000000	nan	nan	nan
16.000000000000000	nan	nan	nan
16.000000000000000	nan	nan	nan
16.000000000000000	nan	nan	nan
16.000000000000000	nan	nan	nan
16.000000000000000	nan	nan	nan
16.000000000000000	nan	nan	nan
16.000000000000000	nan	nan	nan
16.000000000000000	nan	nan	nan
16.000000000000000	nan	nan	nan
16.000000000000000	nan	nan	nan
16.000000000000000	nan	nan	nan
16.000000000000000	nan	nan	nan
16.000000000000000	nan	nan	nan
16.000000000000000	nan	nan	nan
16.000000000000000	nan	nan	nan
16.000000000000000	nan	nan	nan
16.000000000000000	nan	nan	nan
16.000000000000000	nan	nan	nan
16.000000000000000	nan	nan	nan
16.000000000000000	nan	nan	nan
16.000000000000000	nan	nan	nan
16.000000000000000	nan	nan	nan
16.000000000000000	nan	nan	nan
16.000000000000000	nan	nan	nan
16.000000000000000	nan	nan	nan
16.000000000000000	nan	nan	nan
16.000000000000000	nan	nan	nan
16.000000000000000	nan	nan	nan
16.000000000000000	nan	nan	nan
16.000000000000000	nan	nan	nan
16.000000000000000	nan	nan	nan
16.000000000000000	nan	nan	nan
16.000000000000000	nan	nan	nan
16.000000000000000	nan	nan	nan
16.000000000000000	nan	nan	nan
16.000000000000000	nan	nan	nan
16.000000000000000	nan	nan	nan
16.000000000000000	nan	nan	nan
16.000000000000000	nan	nan	nan
16.000000000000000	nan	nan	nan
16.000000000000000	nan	nan	nan
16.000000000000000	nan	nan	nan
16.000000000000000	nan	nan	nan
16.000000000000000	nan	nan	nan
16.000000000000000	nan	nan	nan


17.000000000000000	0.130761635917246	-1.356657994273452	-0.073919166263958
17.000000000000000	0.229596317710848	-1.343901619874134	-0.074244195093841
17.000000000000000	0.327421257610481	-1.324849474017706	-0.074222083649715
17.000000000000000	0.423842549109871	-1.299578272971195	-0.073852920966561
17.000000000000000	0.518471937699444	-1.268189774941902	-0.073138193532210
17.000000000000000	0.610928384230203	-1.230810370333017	-0.072080779301783
17.000000000000000	0.700839599223896	-1.187590572814072	-0.070684936109177
17.000000000000000	0.787843541951345	-1.138704413255517	-0.068956284522275
17.000000000000000	0.871589878242688	-1.084348738967830	-0.066901785210900
17.000000000000000	0.951741391159426	-1.024742421066869	-0.064529710918657
17.000000000000000	1.027975338848020	-0.960125473157145	-0.061849613151512
17.000000000000000	1.099984754107425	-0.890758084881740	-0.058872283717249
17.000000000000000	1.167479680437667	-0.816919574230451	-0.055609711270669
17.000000000000000	1.230188339592327	-0.738907262824830	-0.052075033039512
17.000000000000000	1.287858225933620	-0.657035278708948	-0.048282481925470
17.000000000000000	1.340257123183476	-0.571633291466632	-0.044247329193324
17.000000000000000	1.387174039476534	-0.483045184758409	-0.039985822978943
17.000000000000000	1.428420056949915	-0.391627671623371	-0.035515122863780
17.000000000000000	1.463829092448780	-0.297748858121672	-0.030853230779294
17.000000000000000	1.493258566284573	-0.201786761101342	-0.026018918519523
17.000000000000000	1.516589976353105	-0.104127786057856	-0.021031652153697
17.000000000000000	1.533729375300708	-0.005165171215589	-0.015911513643246
17.000000000000000	1.544607748817062	0.094702595903728	-0.010679119978831
17.000000000000000	1.549181293531473	0.195073383049612	-0.005355540162998
17.000000000000000	1.547431593393579	0.295543032487471	0.000037789627259
17.000000000000000	1.539365693828289	0.395706988399153	0.005479152356417
17.000000000000000	1.525016073366345	0.495161925886449	0.010946637577261
17.000000000000000	1.504440512864736	0.593507375018095	0.016418229656521
17.000000000000000	1.477721862843588	0.690347333380854	0.021871896424059
17.000000000000000	1.444967709876354	0.785291860641457	0.027285677888638
17.000000000000000	1.406309943376660	0.877958648698706	0.032637774663062
17.000000000000000	1.361904224526182	0.967974561103260	0.037906635742610
17.000000000000000	1.311929359482008	1.054977135546420	0.043071045283325
17.000000000000000	1.256586579387355	1.138616043367922	0.048110208030734
17.000000000000000	1.196098730084774	1.218554500205797	0.053003833054993
17.000000000000000	1.130709374794597	1.294470622108143	0.057732215455305
17.000000000000000	1.060681813371813	1.366058721646178	0.062276315704596
17.000000000000000	0.986298022090479	1.433030538809638	0.066617836314975
17.000000000000000	0.907857518224790	1.495116401728090	0.070739295515256
17.000000000000000	0.825676153998726	1.552066312544381	0.074624097643883
17.000000000000000	0.740084844760624	1.603650954067770	0.078256599973800
17.000000000000000	0.651428236503868	1.649662613153319	0.081622175700195
17.000000000000000	0.560063318099110	1.689916017089419	0.084707272837475
17.000000000000000	0.466357983826087	1.724249079625609	0.087499468788335
17.000000000000000	0.370689551993203	1.752523553636694	0.089987520365170
17.000000000000000	0.273443245609871	1.774625587795133	0.092161409062420
17.000000000000000	0.175010641229421	1.790466185010143	0.094012381397564
17.000000000000000	0.075788092208517	1.799981560787581	0.095532984158296
17.000000000000000	-0.023824867267914	1.803133400067583	0.096717094413986
17.000000000000000	-0.123427130969833	1.799909011505791	0.097559944170560
17.000000000000000	-0.222617635735311	1.790321378576915	0.098058139569525
17.000000000000000	-0.320996976410329	1.774409107294864	0.098209674553845
17.000000000000000	-0.418169014112363	1.752236270759954	0.098013938945622
17.000000000000000	-0.513742471341852	1.723892151159147	0.097471720903067
17.000000000000000	-0.607332507518589	1.689490880258195	0.096585203746863
17.000000000000000	-0.698562268598911	1.649170979833302	0.095357957168709
17.000000000000000	-0.787064404533923	1.603094803892821	0.093794922857426
17.000000000000000	-0.872482548458492	1.551447884934966	0.091902394600521
17.000000000000000	-0.954472751654836	1.494438186873921	0.089687992941330
17.000000000000000	-1.032704868512613	1.432295267642560	0.087160634493775
17.000000000000000	-1.106863885908777	1.365269354843673	0.084330496038309
17.000000000000000	-1.176651191654235	1.293630338171722	0.081208973543611
17.000000000000000	-1.241785776899746	1.217666682662299	0.077808636279048
17.000000000000000	-1.302005367659371	1.137684267145245	0.074143176202653
17.000000000000000	-1.357067480895252	1.054005152578549	0.070227352828456
17.000000000000000	-1.406750400911217	0.966966285222550	0.066076933795117
17.000000000000000	-1.450854072123638	0.876918139876264	0.061708631375219
17.000000000000000	-1.489200904614660	0.784223308639070	0.057140035180842
17.000000000000000	-1.521636489224116	0.689255040880297	0.052389541336404
17.000000000000000	-1.548030219300721	0.592395740295751	0.047476278403959
17.000000000000000	-1.568275816608961	0.494035425102997	0.042420030359230
17.000000000000000	-1.582291759274031	0.394570157575660	0.037241156928522
17.000000000000000	-1.590021610041660	0.294400449240425	0.031960511607289
17.000000000000000	-1.591434243531008	0.193929648158481	0.026599357690470
17.000000000000000	-1.586523971565594	0.093562314785244	0.021179282652700
17.000000000000000	-1.575310566077574	-0.006297407051817	0.015722111223177
17.000000000000000	-1.557839179493145	-0.105247417497730	0.010249817505171
17.000000000000000	-1.534180162919667	-0.202889279784221	0.004784436494074
17.000000000000000	-1.504428782866577	-0.298829824593948	-0.000652024649756
17.000000000000000	-1.468704837640787	-0.392682733214580	-0.006037675216057
17.000000000000000	-1.427152174961175	-0.484070093107899	-0.011350829090831
17.000000000000000	-1.379938112734600	-0.572623919630218	-0.016570092078668
17.000000000000000	-1.327252765325739	-0.657987637776649	-0.021674448049622
17.000000000000000	-1.269308278033642	-0.739817517982810	-0.026643343563750
17.000000000000000	-1.206337972857490	-0.817784060202458	-0.031456770632556
17.000000000000000	-1.138595408991248	-0.891573320687879	-0.036095347284104
17.000000000000000	-1.066353361830291	-0.960888176130558	-0.040540395607375
17.000000000000000	-0.989902724601157	-1.025449520071873	-0.044774016961622
17.000000000000000	-0.909551337037190	-1.084997386766297	-0.048779164047883
17.000000000000000	-0.825622745816588	-1.139291997971700	-0.052539709552433
17.000000000000000	-0.738454901754125	-1.188114728451703	-0.056040511085786
17.000000000000000	-0.648398798992492	-1.231268986302340	-0.059267472155753
17.000000000000000	-0.555817061672770	-1.268581004558275	-0.062207598929042
17.000000000000000	-0.461082483774997	-1.299900540891034	-0.064849052552835
17.000000000000000	-0.364576528008391	-1.325101482581842	-0.067181196825675
17.000000000000000	-0.266687789795647	-1.344082354333023	-0.069194641025691
17.000000000000000	-0.167810432536326	-1.356766726873217	-0.070881277723721
17.000000000000000	-0.068342600449967	-1.363103524711075	-0.072234315429071
17.000000000000000	0.031315184610171	-1.363067231798236	-0.073248305936447
17.000000000000000	0.130761635917245	-1.356657994273452	-0.073919166263958


18.000000000000000	nan	nan	nan
18.000000000000000	nan	nan	nan
18.000000000000000	nan	nan	nan
18.000000000000000	nan	nan	nan
18.000000000000000	nan	nan	nan
18.000000000000000	nan	nan	nan
18.000000000000000	nan	nan	nan
18.000000000000000	nan	nan	nan
18.000000000000000	nan	nan	nan
18.000000000000000	nan	nan	nan
18.000000000000000	nan	nan	nan
18.000000000000000	nan	nan	nan
18.000000000000000	nan	nan	nan
18.000000000000000	nan	nan	nan
18.000000000000000	nan	nan	nan
18.000000000000000	nan	nan	nan
18.000000000000000	nan	nan	nan
18.000000000000000	nan	nan	nan
18.000000000000000	nan	nan	nan
18.000000000000000	nan	nan	nan
18.000000000000000	nan	nan	nan
18.000000000000000	nan	nan	nan
18.000000000000000	nan	nan	nan
18.000000000000000	nan	nan	nan
18.000000000000000	nan	nan	nan
18.000000000000000	nan	nan	nan
18.000000000000000	nan	nan	nan
18.000000000000000	nan	nan	nan
18.000000000000000	nan	nan	nan
18.000000000000000	nan	nan	nan
18.000000000000000	nan	nan	nan
18.000000000000000	nan	nan	nan
18.000000000000000	nan	nan	nan
18.000000000000000	nan	nan	nan
18.000000000000000	nan	nan	nan
18.000000000000000	nan	nan	nan
18.000000000000000	nan	nan	nan
18.000000000000000	nan	nan	nan
18.000000000000000	nan	nan	nan
18.000000000000000	nan	nan	nan
18.000000000000000	nan	nan	nan
18.000000000000000	nan	nan	nan
18.000000000000000	nan	nan	nan
18.000000000000000	nan	nan	nan
18.000000000000000	nan	nan	nan
18.000000000000000	nan	nan	nan
18.000000000000000	nan	nan	nan
18.000000000000000	nan	nan	nan
18.000000000000000	nan	nan	nan
18.000000000000000	nan	nan	nan
18.000000000000000	nan	nan	nan
18.000000000000000	nan	nan	nan
18.000000000000000	nan	nan	nan
18.000000000000000	nan	nan	nan
18.000000000000000	nan	nan	nan
18.000000000000000	nan	nan	nan
18.000000000000000	nan	nan	nan
18.000000000000000	nan	nan	nan
18.000000000000000	nan	nan	nan
18.000000000000000	nan	nan	nan
18.000000000000000	nan	nan	nan
18.000000000000000	nan	nan	nan
18.000000000000000	nan	nan	nan
18.000000000000000	nan	nan	nan
18.000000000000000	nan	nan	nan
18.000000000000000	nan	nan	nan
18.000000000000000	nan	nan	nan
18.000000000000000	nan	nan	nan
18.000000000000000	nan	nan	nan
18.000000000000000	nan	nan	nan
18.000000000000000	nan	nan	nan
18.000000000000000	nan	nan	nan
18.000000000000000	nan	nan	nan
18.000000000000000	nan	nan	nan
18.000000000000000	nan	nan	nan
18.000000000000000	nan	nan	nan
18.000000000000000	nan	nan	nan
18.000000000000000	nan	nan	nan
18.000000000000000	nan	nan	nan
18.000000000000000	nan	nan	nan
18.000000000000000	nan	nan	nan
18.000000000000000	nan	nan	nan
18.000000000000000	nan	nan	nan
18.000000000000000	nan	nan	nan
18.000000000000000	nan	nan	nan
18.000000000000000	nan	nan	nan
18.000000000000000	nan	nan	nan
18.000000000000000	nan	nan	nan
18.000000000000000	nan	nan	nan
18.000000000000000	nan	nan	nan
18.000000000000000	nan	nan	nan
18.000000000000000	nan	nan	nan
18.000000000000000	nan	nan	nan
18.000000000000000	nan	nan	nan
18.000000000000000	nan	nan	nan
18.000000000000000	nan	nan	nan
18.000000000000000	nan	nan	nan
18.000000000000000	nan	nan	nan
18.000000000000000	nan	nan	nan
18.000000000000000	nan	nan	nan


