# n	x	y	z
1.000000000000000	-0.308574181095892	-0.209221931004799	0.003184489067137
1.000000000000000	-0.293278224432607	-0.230292526401636	0.003811837390453
1.000000000000000	-0.276669685358537	-0.250346549631340	0.004422478113899
1.000000000000000	-0.258815440598654	-0.269303250220309	0.005013952402805
1.000000000000000	-0.239787382895062	-0.287086296225921	0.005583878598966
1.000000000000000	-0.219662131520299	-0.303624081598325	0.006129961810742
1.000000000000000	-0.198520723758568	-0.318850014512736	0.006650003153776
1.000000000000000	-0.176448288597198	-0.332702785511205	0.007141908605125
1.000000000000000	-0.153533703942256	-0.345126614374171	0.007603697435151
1.000000000000000	-0.129869238738586	-0.356071474727716	0.008033510183222
1.000000000000000	-0.105550181435339	-0.365493295482115	0.008429616145100
1.000000000000000	-0.080674456293016	-0.373354138290565	0.008790420341881
1.000000000000000	-0.055342229077031	-0.379622350313510	0.009114469942407
1.000000000000000	-0.029655503725532	-0.384272691673462	0.009400460113308
1.000000000000000	-0.003717711615541	-0.387286437087071	0.009647239273104
1.000000000000000	0.022366704918699	-0.388651451265242	0.009853813729219
1.000000000000000	0.048492713138137	-0.388362237777650	0.010019351679227
1.000000000000000	0.074555112828683	-0.386419961184935	0.010143186560228
1.000000000000000	0.100448959905347	-0.382832442349421	0.010224819732863
1.000000000000000	0.126069988985022	-0.377614126943266	0.010263922489159
1.000000000000000	0.151315033226386	-0.370786027280839	0.010260337376116
1.000000000000000	0.176082439746362	-0.362375637709545	0.010214078829720
1.000000000000000	0.200272478940395	-0.352416823899794	0.010125333116811
1.000000000000000	0.223787746058374	-0.340949686479895	0.009994457585051
1.000000000000000	0.246533553419182	-0.328020399564985	0.009821979224015
1.000000000000000	0.268418311684569	-0.313681024830158	0.009608592543189
1.000000000000000	0.289353898657087	-0.297989301876478	0.009355156775422
1.000000000000000	0.309256014117085	-0.281008415733984	0.009062692417103
1.000000000000000	0.328044519269932	-0.262806742437874	0.008732377118980
1.000000000000000	0.345643759436664	-0.243457573702345	0.008365540944174
1.000000000000000	0.361982868688671	-0.223038821800725	0.007963661012489
1.000000000000000	0.376996055199782	-0.201632705840251	0.007528355552570
1.000000000000000	0.390622866166728	-0.179325420694740	0.007061377385865
1.000000000000000	0.402808431231242	-0.156206789928258	0.006564606868634
1.000000000000000	0.413503683423630	-0.132369904107322	0.006040044320418
1.000000000000000	0.422665556738135	-0.107910745958055	0.005489801969458
1.000000000000000	0.430257159544546	-0.082927803877615	0.004916095447497
1.000000000000000	0.436247923137770	-0.057521675356187	0.004321234868211
1.000000000000000	0.440613724827220	-0.031794661906392	0.003707615525203
1.000000000000000	0.443336985070375	-0.005850357131203	0.003077708246992
1.000000000000000	0.444406738259393	0.020206770410931	0.002434049447866
1.000000000000000	0.443818676875746	0.046271797864098	0.001779230914635
1.000000000000000	0.441575168835072	0.072239770562234	0.001115889370416
1.000000000000000	0.437685247952420	0.098006124644518	0.000446695857488
1.000000000000000	0.432164577566259	0.123467108097133	-0.000225655018063
1.000000000000000	0.425035387467750	0.148520198526013	-0.000898455936561
1.000000000000000	0.416326384389215	0.173064515978332	-0.001568997766169
1.000000000000000	0.406072636412263	0.197001229150473	-0.002234580471602
1.000000000000000	0.394315431761002	0.220233953346806	-0.002892523986220
1.000000000000000	0.381102112548929	0.242669138586838	-0.003540179003705
1.000000000000000	0.366485884148954	0.264216446297965	-0.004174937645888
1.000000000000000	0.350525600954135	0.284789113077024	-0.004794243963752
1.000000000000000	0.333285529391816	0.304304300055889	-0.005395604229334
1.000000000000000	0.314835089145403	0.322683426464360	-0.005976596977092
1.000000000000000	0.295248573625800	0.339852486047188	-0.006534882754287
1.000000000000000	0.274604850818066	0.355742345061147	-0.007068213541139
1.000000000000000	0.252987045707874	0.370289020652212	-0.007574441802805
1.000000000000000	0.230482205566534	0.383433938491939	-0.008051529136745
1.000000000000000	0.207180949442351	0.395124168635602	-0.008497554480650
1.000000000000000	0.183177103269704	0.405312638652408	-0.008910721847883
1.000000000000000	0.158567322065124	0.413958323169555	-0.009289367559280
1.000000000000000	0.133450700731650	0.421026409066934	-0.009631966942201
1.000000000000000	0.107928375038640	0.426488435657273	-0.009937140469852
1.000000000000000	0.082103114383712	0.430322409287280	-0.010203659316144
1.000000000000000	0.056078907976659	0.432512891898325	-0.010430450303750
1.000000000000000	0.029960546111600	0.433051063190050	-0.010616600225407
1.000000000000000	0.003853198213454	0.431934756136608	-0.010761359521081
1.000000000000000	-0.022138010642219	0.429168465712509	-0.010864145296181
1.000000000000000	-0.047908423030794	0.424763330792946	-0.010924543668667
1.000000000000000	-0.073354270597087	0.418737089301475	-0.010942311435611
1.000000000000000	-0.098373091893904	0.411114006785659	-0.010917377052487
1.000000000000000	-0.122864144958117	0.401924778708268	-0.010849840921254
1.000000000000000	-0.146728812963003	0.391206406847490	-0.010739974986077
1.000000000000000	-0.169871001313391	0.379002050303826	-0.010588221638301
1.000000000000000	-0.192197524584686	0.365360851713624	-0.010395191935096
1.000000000000000	-0.213618481747682	0.350337739369032	-0.010161663138948
1.000000000000000	-0.234047618168276	0.333993206041148	-0.009888575587898
1.000000000000000	-0.253402672924439	0.316393065396982	-0.009577028909128
1.000000000000000	-0.271605710041914	0.297608186991048	-0.009228277591156
1.000000000000000	-0.288583432314878	0.277714210898681	-0.008843725932449
1.000000000000000	-0.304267476447918	0.256791243140149	-0.008424922386812
1.000000000000000	-0.318594688330897	0.234923533121986	-0.007973553328310
1.000000000000000	-0.331507377338262	0.212199134394363	-0.007491436260832
1.000000000000000	-0.342953548628833	0.188709550090520	-0.006980512499649
1.000000000000000	-0.352887112510678	0.164549364475948	-0.006442839354421
1.000000000000000	-0.361268070028034	0.139815862090928	-0.005880581845135
1.000000000000000	-0.368062674022986	0.114608636020030	-0.005296003984334
1.000000000000000	-0.373243565023359	0.089029186865908	-0.004691459660743
1.000000000000000	-0.376789881409657	0.063180514042198	-0.004069383160981
1.000000000000000	-0.378687343417444	0.037166701031234	-0.003432279367555
1.000000000000000	-0.378928310636912	0.011092496276597	-0.002782713672580
1.000000000000000	-0.377511812778115	-0.014937108601893	-0.002123301647849
1.000000000000000	-0.374443553577988	-0.040817301572379	-0.001456698512849
1.000000000000000	-0.369735887833404	-0.066443872232020	-0.000785588443134
1.000000000000000	-0.363407771652778	-0.091713631425509	-0.000112673762088
1.000000000000000	-0.355484686126499	-0.116524826751377	0.000559335940368
1.000000000000000	-0.345998534723578	-0.140777552283005	0.001227734718345
1.000000000000000	-0.334987514827636	-0.164374150854523	0.001889831165870
1.000000000000000	-0.322495963929524	-0.187219607291759	0.002542959254232
1.000000000000000	-0.308574181095892	-0.209221931004799	0.003184489067137


2.000000000000000	0.406759112013130	-0.244928023216584	-0.012677716862986
2.000000000000000	0.421693874173944	-0.218275893867739	-0.012083153675548
2.000000000000000	0.434907806257479	-0.190731104978120	-0.011439224719955
2.000000000000000	0.446347700423011	-0.162404569690824	-0.010748522870840
2.000000000000000	0.455967492254373	-0.133410348965779	-0.010013829340769
2.000000000000000	0.463728446245106	-0.103865192296516	-0.009238102481284
2.000000000000000	0.469599311772671	-0.073888067601163	-0.008424465870659
2.000000000000000	0.473556448933672	-0.043599682180627	-0.007576195736357
2.000000000000000	0.475583923733410	-0.013121996672902	-0.006696707762818
2.000000000000000	0.475673572246450	0.017422266039383	-0.005789543337701
2.000000000000000	0.473825033489872	0.047910114990692	-0.004858355291969
2.000000000000000	0.470045750876817	0.078218786373796	-0.003906893191223
2.000000000000000	0.464350942244495	0.108226237866290	-0.002938988237532
2.000000000000000	0.456763538577321	0.137811640051957	-0.001958537842527
2.000000000000000	0.447314091671935	0.166855862958180	-0.000969489933906
2.000000000000000	0.436040651115902	0.195241955750293	0.000024172941481
2.000000000000000	0.422988611075451	0.222855617651315	0.001018449653943
2.000000000000000	0.408210527509187	0.249585658190842	0.002009336602082
2.000000000000000	0.391765906543801	0.275324444929822	0.002992843833886
2.000000000000000	0.373720964863893	0.299968336858401	0.003965011112855
2.000000000000000	0.354148363080759	0.323418101721692	0.004921923864476
2.000000000000000	0.333126913153751	0.345579315593039	0.005859728938836
2.000000000000000	0.310741261042335	0.366362743085843	0.006774650125892
2.000000000000000	0.287081545866689	0.385684696672972	0.007663003360940
2.000000000000000	0.262243036949274	0.403467373666895	0.008521211559041
2.000000000000000	0.236325750198905	0.419639169503641	0.009345819018680
2.000000000000000	0.209434045381981	0.434134966069111	0.010133505336658
2.000000000000000	0.181676205902539	0.446896393906737	0.010881098778181
2.000000000000000	0.153164002783207	0.457872067250682	0.011585589048318
2.000000000000000	0.124012244602742	0.467017790938187	0.012244139413398
2.000000000000000	0.094338315202405	0.474296738367888	0.012854098123531
2.000000000000000	0.064261701022663	0.479679599787545	0.013413009090272
2.000000000000000	0.033903509973465	0.483144700314067	0.013918621776424
2.000000000000000	0.003385983775430	0.484678087210621	0.014368900258150
2.000000000000000	-0.027167994264411	0.484273586069374	0.014762031422929
2.000000000000000	-0.057635394060330	0.481932825673655	0.015096432270313
2.000000000000000	-0.087893534146627	0.477665231439420	0.015370756286115
2.000000000000000	-0.117820575672595	0.471487987462431	0.015583898864343
2.000000000000000	-0.147296013004574	0.463425967323962	0.015735001755063
2.000000000000000	-0.176201158959599	0.453511633933672	0.015823456520264
2.000000000000000	-0.204419622716799	0.441784908812922	0.015848906983827
2.000000000000000	-0.231837778482157	0.428293011344897	0.015811250665717
2.000000000000000	-0.258345223019472	0.413090268638821	0.015710639194636
2.000000000000000	-0.283835220205230	0.396237896773857	0.015547477697470
2.000000000000000	-0.308205130817298	0.377803754303567	0.015322423167979
2.000000000000000	-0.331356825826852	0.357862069013462	0.015036381821323
2.000000000000000	-0.353197081529333	0.336493139031911	0.014690505445048
2.000000000000000	-0.373637954923410	0.313783009497921	0.014286186761246
2.000000000000000	-0.392597137826404	0.289823126087725	0.013825053818556
2.000000000000000	-0.409998288300290	0.264709966795326	0.013308963436583
2.000000000000000	-0.425771338053737	0.238544653449659	0.012739993729145
2.000000000000000	-0.439852774582388	0.211432544532685	0.012120435736440
2.000000000000000	-0.452185896911297	0.183482810937961	0.011452784199834
2.000000000000000	-0.462721043909744	0.154807996377991	0.010739727516422
2.000000000000000	-0.471415794259082	0.125523564210408	0.009984136913800
2.000000000000000	-0.478235137268410	0.095747432507794	0.009189054888644
2.000000000000000	-0.483151613850276	0.065599499243217	0.008357682955648
2.000000000000000	-0.486145427088724	0.035201159503406	0.007493368756161
2.000000000000000	-0.487204521954490	0.004674816673589	0.006599592578408
2.000000000000000	-0.486324633846351	-0.025856610437739	0.005679953343606
2.000000000000000	-0.483509305763168	-0.056270182549480	0.004738154114371
2.000000000000000	-0.478769874037478	-0.086443434941019	0.003777987183798
2.000000000000000	-0.472125422688088	-0.116254870574438	0.002803318805231
2.000000000000000	-0.463602706575465	-0.145584449320200	0.001818073624228
2.000000000000000	-0.453236043669355	-0.174314071316390	0.000826218875396
2.000000000000000	-0.441067176862431	-0.202328052515169	-0.000168251592261
2.000000000000000	-0.427145105886398	-0.229513590501611	-0.001161333397160
2.000000000000000	-0.411525890007371	-0.255761218709208	-0.002149027749377
2.000000000000000	-0.394272422294988	-0.280965247203108	-0.003127357552354
2.000000000000000	-0.375454176374223	-0.305024188256169	-0.004092383417271
2.000000000000000	-0.355146926679616	-0.327841165004224	-0.005040219525570
2.000000000000000	-0.333432443338371	-0.349324301535019	-0.005967049275775
2.000000000000000	-0.310398162910911	-0.369387092840083	-0.006869140651601
2.000000000000000	-0.286136836314711	-0.387948753139867	-0.007742861249465
2.000000000000000	-0.260746155349091	-0.404934541179568	-0.008584692904894
2.000000000000000	-0.234328359324817	-0.420276061185777	-0.009391245858931
2.000000000000000	-0.206989823382481	-0.433911538272123	-0.010159272407497
2.000000000000000	-0.178840630157358	-0.445786067184935	-0.010885679978752
2.000000000000000	-0.149994126515482	-0.455851833387324	-0.011567543585787
2.000000000000000	-0.120566467145827	-0.464068305591442	-0.012202117604517
2.000000000000000	-0.090676146846364	-0.470402398963674	-0.012786846829336
2.000000000000000	-0.060443523387336	-0.474828608345591	-0.013319376762033
2.000000000000000	-0.029990332872999	-0.477329110954213	-0.013797563092522
2.000000000000000	0.000560800446711	-0.477893838148074	-0.014219480333224
2.000000000000000	0.031086857940748	-0.476520515970080	-0.014583429572322
2.000000000000000	0.061464921949565	-0.473214674303936	-0.014887945314684
2.000000000000000	0.091572670731147	-0.467989624607256	-0.015131801382894
2.000000000000000	0.121288871007492	-0.460866406311019	-0.015314015854632
2.000000000000000	0.150493866128236	-0.451873702101210	-0.015433855016531
2.000000000000000	0.179070057885749	-0.441047722423762	-0.015490836318584
2.000000000000000	0.206902380041611	-0.428432059677874	-0.015484730317197
2.000000000000000	0.233878761657746	-0.414077512684804	-0.015415561599084
2.000000000000000	0.259890578366532	-0.398041882138945	-0.015283608682260
2.000000000000000	0.284833089762790	-0.380389737864830	-0.015089402894548
2.000000000000000	0.308605861156432	-0.361192158817236	-0.014833726234113
2.000000000000000	0.331113167987508	-0.340526446871322	-0.014517608220625
2.000000000000000	0.352264381275222	-0.318475815555260	-0.014142321749755
2.000000000000000	0.371974332548853	-0.295129054978727	-0.013709377967664
2.000000000000000	0.390163656791127	-0.270580174306471	-0.013220520186159
2.000000000000000	0.406759112013130	-0.244928023216584	-0.012677716862986


3.000000000000000	nan	nan	nan
3.000000000000000	nan	nan	nan
3.000000000000000	nan	nan	nan
3.000000000000000	nan	nan	nan
3.000000000000000	nan	nan	nan
3.000000000000000	nan	nan	nan
3.000000000000000	nan	nan	nan
3.000000000000000	nan	nan	nan
3.000000000000000	nan	nan	nan
3.000000000000000	nan	nan	nan
3.000000000000000	nan	nan	nan
3.000000000000000	nan	nan	nan
3.000000000000000	nan	nan	nan
3.000000000000000	nan	nan	nan
3.000000000000000	nan	nan	nan
3.000000000000000	nan	nan	nan
3.000000000000000	nan	nan	nan
3.000000000000000	nan	nan	nan
3.000000000000000	nan	nan	nan
3.000000000000000	nan	nan	nan
3.000000000000000	nan	nan	nan
3.000000000000000	nan	nan	nan
3.000000000000000	nan	nan	nan
3.000000000000000	nan	nan	nan
3.000000000000000	nan	nan	nan
3.000000000000000	nan	nan	nan
3.000000000000000	nan	nan	nan
3.000000000000000	nan	nan	nan
3.000000000000000	nan	nan	nan
3.000000000000000	nan	nan	nan
3.000000000000000	nan	nan	nan
3.000000000000000	nan	nan	nan
3.000000000000000	nan	nan	nan
3.000000000000000	nan	nan	nan
3.000000000000000	nan	nan	nan
3.000000000000000	nan	nan	nan
3.000000000000000	nan	nan	nan
3.000000000000000	nan	nan	nan
3.000000000000000	nan	nan	nan
3.000000000000000	nan	nan	nan
3.000000000000000	nan	nan	nan
3.000000000000000	nan	nan	nan
3.000000000000000	nan	nan	nan
3.000000000000000	nan	nan	nan
3.000000000000000	nan	nan	nan
3.000000000000000	nan	nan	nan
3.000000000000000	nan	nan	nan
3.000000000000000	nan	nan	nan
3.000000000000000	nan	nan	nan
3.000000000000000	nan	nan	nan
3.000000000000000	nan	nan	nan
3.000000000000000	nan	nan	nan
3.000000000000000	nan	nan	nan
3.000000000000000	nan	nan	nan
3.000000000000000	nan	nan	nan
3.000000000000000	nan	nan	nan
3.000000000000000	nan	nan	nan
3.000000000000000	nan	nan	nan
3.000000000000000	nan	nan	nan
3.000000000000000	nan	nan	nan
3.000000000000000	nan	nan	nan
3.000000000000000	nan	nan	nan
3.000000000000000	nan	nan	nan
3.000000000000000	nan	nan	nan
3.000000000000000	nan	nan	nan
3.000000000000000	nan	nan	nan
3.000000000000000	nan	nan	nan
3.000000000000000	nan	nan	nan
3.000000000000000	nan	nan	nan
3.000000000000000	nan	nan	nan
3.000000000000000	nan	nan	nan
3.000000000000000	nan	nan	nan
3.000000000000000	nan	nan	nan
3.000000000000000	nan	nan	nan
3.000000000000000	nan	nan	nan
3.000000000000000	nan	nan	nan
3.000000000000000	nan	nan	nan
3.000000000000000	nan	nan	nan
3.000000000000000	nan	nan	nan
3.000000000000000	nan	nan	nan
3.000000000000000	nan	nan	nan
3.000000000000000	nan	nan	nan
3.000000000000000	nan	nan	nan
3.000000000000000	nan	nan	nan
3.000000000000000	nan	nan	nan
3.000000000000000	nan	nan	nan
3.000000000000000	nan	nan	nan
3.000000000000000	nan	nan	nan
3.000000000000000	nan	nan	nan
3.000000000000000	nan	nan	nan
3.000000000000000	nan	nan	nan
3.000000000000000	nan	nan	nan
3.000000000000000	nan	nan	nan
3.000000000000000	nan	nan	nan
3.000000000000000	nan	nan	nan
3.000000000000000	nan	nan	nan
3.000000000000000	nan	nan	nan
3.000000000000000	nan	nan	nan
3.000000000000000	nan	nan	nan
3.000000000000000	nan	nan	nan


4.000000000000000	nan	nan	nan
4.000000000000000	nan	nan	nan
4.000000000000000	nan	nan	nan
4.000000000000000	nan	nan	nan
4.000000000000000	nan	nan	nan
4.000000000000000	nan	nan	nan
4.000000000000000	nan	nan	nan
4.000000000000000	nan	nan	nan
4.000000000000000	nan	nan	nan
4.000000000000000	nan	nan	nan
4.000000000000000	nan	nan	nan
4.000000000000000	nan	nan	nan
4.000000000000000	nan	nan	nan
4.000000000000000	nan	nan	nan
4.000000000000000	nan	nan	nan
4.000000000000000	nan	nan	nan
4.000000000000000	nan	nan	nan
4.000000000000000	nan	nan	nan
4.000000000000000	nan	nan	nan
4.000000000000000	nan	nan	nan
4.000000000000000	nan	nan	nan
4.000000000000000	nan	nan	nan
4.000000000000000	nan	nan	nan
4.000000000000000	nan	nan	nan
4.000000000000000	nan	nan	nan
4.000000000000000	nan	nan	nan
4.000000000000000	nan	nan	nan
4.000000000000000	nan	nan	nan
4.000000000000000	nan	nan	nan
4.000000000000000	nan	nan	nan
4.000000000000000	nan	nan	nan
4.000000000000000	nan	nan	nan
4.000000000000000	nan	nan	nan
4.000000000000000	nan	nan	nan
4.000000000000000	nan	nan	nan
4.000000000000000	nan	nan	nan
4.000000000000000	nan	nan	nan
4.000000000000000	nan	nan	nan
4.000000000000000	nan	nan	nan
4.000000000000000	nan	nan	nan
4.000000000000000	nan	nan	nan
4.000000000000000	nan	nan	nan
4.000000000000000	nan	nan	nan
4.000000000000000	nan	nan	nan
4.000000000000000	nan	nan	nan
4.000000000000000	nan	nan	nan
4.000000000000000	nan	nan	nan
4.000000000000000	nan	nan	nan
4.000000000000000	nan	nan	nan
4.000000000000000	nan	nan	nan
4.000000000000000	nan	nan	nan
4.000000000000000	nan	nan	nan
4.000000000000000	nan	nan	nan
4.000000000000000	nan	nan	nan
4.000000000000000	nan	nan	nan
4.000000000000000	nan	nan	nan
4.000000000000000	nan	nan	nan
4.000000000000000	nan	nan	nan
4.000000000000000	nan	nan	nan
4.000000000000000	nan	nan	nan
4.000000000000000	nan	nan	nan
4.000000000000000	nan	nan	nan
4.000000000000000	nan	nan	nan
4.000000000000000	nan	nan	nan
4.000000000000000	nan	nan	nan
4.000000000000000	nan	nan	nan
4.000000000000000	nan	nan	nan
4.000000000000000	nan	nan	nan
4.000000000000000	nan	nan	nan
4.000000000000000	nan	nan	nan
4.000000000000000	nan	nan	nan
4.000000000000000	nan	nan	nan
4.000000000000000	nan	nan	nan
4.000000000000000	nan	nan	nan
4.000000000000000	nan	nan	nan
4.000000000000000	nan	nan	nan
4.000000000000000	nan	nan	nan
4.000000000000000	nan	nan	nan
4.000000000000000	nan	nan	nan
4.000000000000000	nan	nan	nan
4.000000000000000	nan	nan	nan
4.000000000000000	nan	nan	nan
4.000000000000000	nan	nan	nan
4.000000000000000	nan	nan	nan
4.000000000000000	nan	nan	nan
4.000000000000000	nan	nan	nan
4.000000000000000	nan	nan	nan
4.000000000000000	nan	nan	nan
4.000000000000000	nan	nan	nan
4.000000000000000	nan	nan	nan
4.000000000000000	nan	nan	nan
4.000000000000000	nan	nan	nan
4.000000000000000	nan	nan	nan
4.000000000000000	nan	nan	nan
4.000000000000000	nan	nan	nan
4.000000000000000	nan	nan	nan
4.000000000000000	nan	nan	nan
4.000000000000000	nan	nan	nan
4.000000000000000	nan	nan	nan
4.000000000000000	nan	nan	nan


5.000000000000000	nan	nan	nan
5.000000000000000	nan	nan	nan
5.000000000000000	nan	nan	nan
5.000000000000000	nan	nan	nan
5.000000000000000	nan	nan	nan
5.000000000000000	nan	nan	nan
5.000000000000000	nan	nan	nan
5.000000000000000	nan	nan	nan
5.000000000000000	nan	nan	nan
5.000000000000000	nan	nan	nan
5.000000000000000	nan	nan	nan
5.000000000000000	nan	nan	nan
5.000000000000000	nan	nan	nan
5.000000000000000	nan	nan	nan
5.000000000000000	nan	nan	nan
5.000000000000000	nan	nan	nan
5.000000000000000	nan	nan	nan
5.000000000000000	nan	nan	nan
5.000000000000000	nan	nan	nan
5.000000000000000	nan	nan	nan
5.000000000000000	nan	nan	nan
5.000000000000000	nan	nan	nan
5.000000000000000	nan	nan	nan
5.000000000000000	nan	nan	nan
5.000000000000000	nan	nan	nan
5.000000000000000	nan	nan	nan
5.000000000000000	nan	nan	nan
5.000000000000000	nan	nan	nan
5.000000000000000	nan	nan	nan
5.000000000000000	nan	nan	nan
5.000000000000000	nan	nan	nan
5.000000000000000	nan	nan	nan
5.000000000000000	nan	nan	nan
5.000000000000000	nan	nan	nan
5.000000000000000	nan	nan	nan
5.000000000000000	nan	nan	nan
5.000000000000000	nan	nan	nan
5.000000000000000	nan	nan	nan
5.000000000000000	nan	nan	nan
5.000000000000000	nan	nan	nan
5.000000000000000	nan	nan	nan
5.000000000000000	nan	nan	nan
5.000000000000000	nan	nan	nan
5.000000000000000	nan	nan	nan
5.000000000000000	nan	nan	nan
5.000000000000000	nan	nan	nan
5.000000000000000	nan	nan	nan
5.000000000000000	nan	nan	nan
5.000000000000000	nan	nan	nan
5.000000000000000	nan	nan	nan
5.000000000000000	nan	nan	nan
5.000000000000000	nan	nan	nan
5.000000000000000	nan	nan	nan
5.000000000000000	nan	nan	nan
5.000000000000000	nan	nan	nan
5.000000000000000	nan	nan	nan
5.000000000000000	nan	nan	nan
5.000000000000000	nan	nan	nan
5.000000000000000	nan	nan	nan
5.000000000000000	nan	nan	nan
5.000000000000000	nan	nan	nan
5.000000000000000	nan	nan	nan
5.000000000000000	nan	nan	nan
5.000000000000000	nan	nan	nan
5.000000000000000	nan	nan	nan
5.000000000000000	nan	nan	nan
5.000000000000000	nan	nan	nan
5.000000000000000	nan	nan	nan
5.000000000000000	nan	nan	nan
5.000000000000000	nan	nan	nan
5.000000000000000	nan	nan	nan
5.000000000000000	nan	nan	nan
5.000000000000000	nan	nan	nan
5.000000000000000	nan	nan	nan
5.000000000000000	nan	nan	nan
5.000000000000000	nan	nan	nan
5.000000000000000	nan	nan	nan
5.000000000000000	nan	nan	nan
5.000000000000000	nan	nan	nan
5.000000000000000	nan	nan	nan
5.000000000000000	nan	nan	nan
5.000000000000000	nan	nan	nan
5.000000000000000	nan	nan	nan
5.000000000000000	nan	nan	nan
5.000000000000000	nan	nan	nan
5.000000000000000	nan	nan	nan
5.000000000000000	nan	nan	nan
5.000000000000000	nan	nan	nan
5.000000000000000	nan	nan	nan
5.000000000000000	nan	nan	nan
5.000000000000000	nan	nan	nan
5.000000000000000	nan	nan	nan
5.000000000000000	nan	nan	nan
5.000000000000000	nan	nan	nan
5.000000000000000	nan	nan	nan
5.000000000000000	nan	nan	nan
5.000000000000000	nan	nan	nan
5.000000000000000	nan	nan	nan
5.000000000000000	nan	nan	nan
5.000000000000000	nan	nan	nan


6.000000000000000	-0.250429128382965	-0.478137440292240	-0.000127981901364
6.000000000000000	-0.217448513086840	-0.494095897875919	-0.000562856223213
6.000000000000000	-0.183519460998354	-0.507925718265800	-0.000995426892516
6.000000000000000	-0.148778592435219	-0.519571213656322	-0.001423952099863
6.000000000000000	-0.113365796613567	-0.528985491747752	-0.001846706325487
6.000000000000000	-0.077423668363446	-0.536130644564927	-0.002261987287332
6.000000000000000	-0.041096933949769	-0.540977901099288	-0.002668122795533
6.000000000000000	-0.004531868310724	-0.543507743159583	-0.003063477485744
6.000000000000000	0.032124293939771	-0.543709983964724	-0.003446459404163
6.000000000000000	0.068723951373898	-0.541583809162370	-0.003815526417778
6.000000000000000	0.105119730088790	-0.537137780108030	-0.004169192423983
6.000000000000000	0.141165077129227	-0.530389799391508	-0.004506033334597
6.000000000000000	0.176714850604656	-0.521367038749490	-0.004824692810158
6.000000000000000	0.211625904124364	-0.510105829654556	-0.005123887721426
6.000000000000000	0.245757663197466	-0.496651517021156	-0.005402413316094
6.000000000000000	0.278972691276764	-0.481058276617651	-0.005659148069895
6.000000000000000	0.311137243167223	-0.463388896919607	-0.005893058202589
6.000000000000000	0.342121803570656	-0.443714526282771	-0.006103201840628
6.000000000000000	0.371801608598127	-0.422114386453752	-0.006288732809751
6.000000000000000	0.400057148150092	-0.398675453572006	-0.006448904042227
6.000000000000000	0.426774647141392	-0.373492107947622	-0.006583070585035
6.000000000000000	0.451846523633365	-0.346665754025125	-0.006690692196860
6.000000000000000	0.475171822028338	-0.318304412063567	-0.006771335523455
6.000000000000000	0.496656619582195	-0.288522283177067	-0.006824675842607
6.000000000000000	0.516214404598112	-0.257439289487235	-0.006850498371676
6.000000000000000	0.533766424778628	-0.225180591239111	-0.006848699132453
6.000000000000000	0.549242004333351	-0.191876082825034	-0.006819285369838
6.000000000000000	0.562578828565426	-0.157659869745768	-0.006762375522672
6.000000000000000	0.573723194790817	-0.122669728614984	-0.006678198746824
6.000000000000000	0.582630228580070	-0.087046552381463	-0.006567093992460
6.000000000000000	0.589264064451798	-0.050933783002921	-0.006429508639212
6.000000000000000	0.593597990290316	-0.014476833855867	-0.006265996694738
6.000000000000000	0.595614554905905	0.022177495792736	-0.006077216563929
6.000000000000000	0.595305638304591	0.058881611894311	-0.005863928397741
6.000000000000000	0.592672484384498	0.095487719927806	-0.005626991032341
6.000000000000000	0.587725695927108	0.131848420016068	-0.005367358530874
6.000000000000000	0.580485191903599	0.167817300453123	-0.005086076341789
6.000000000000000	0.570980127268183	0.203249527252444	-0.004784277089183
6.000000000000000	0.559248775561394	0.238002427342293	-0.004463176012129
6.000000000000000	0.545338374796049	0.271936063059830	-0.004124066071334
6.000000000000000	0.529304937246438	0.304913795630683	-0.003768312742841
6.000000000000000	0.511213023906674	0.336802835365076	-0.003397348519745
6.000000000000000	0.491135484526347	0.367474776355036	-0.003012667144042
6.000000000000000	0.469153164270299	0.396806113519667	-0.002615817591861
6.000000000000000	0.445354578183679	0.424678739916519	-0.002208397836283
6.000000000000000	0.419835554773094	0.450980422316563	-0.001792048412868
6.000000000000000	0.392698850139038	0.475605253127788	-0.001368445813795
6.000000000000000	0.364053734213343	0.498454076847698	-0.000939295737224
6.000000000000000	0.334015550767726	0.519434889327523	-0.000506326219047
6.000000000000000	0.302705252965133	0.538463208240453	-0.000071280674699
6.000000000000000	0.270248916324039	0.555462413262154	0.000364089120958
6.000000000000000	0.236777231056838	0.570364054593765	0.000798030087419
6.000000000000000	0.202424975826477	0.583108128585087	0.001228794897569
6.000000000000000	0.167330475040355	0.593643319348097	0.001654649013553
6.000000000000000	0.131635041866751	0.601927205387923	0.002073877671148
6.000000000000000	0.095482409216577	0.607926430419228	0.002484792784515
6.000000000000000	0.059018150981666	0.611616837680200	0.002885739743522
6.000000000000000	0.022389095860098	0.612983567203307	0.003275104076276
6.000000000000000	-0.014257263871148	0.612021115651136	0.003651317950033
6.000000000000000	-0.050773366255539	0.608733358476397	0.004012866484306
6.000000000000000	-0.087012173836905	0.603133534316840	0.004358293850755
6.000000000000000	-0.122827765727376	0.595244191687932	0.004686209135290
6.000000000000000	-0.158075925179300	0.585097098187944	0.004995291938796
6.000000000000000	-0.192614720295181	0.572733112581050	0.005284297693913
6.000000000000000	-0.226305075537341	0.558202020273494	0.005552062676467
6.000000000000000	-0.259011331736020	0.541562332845342	0.005797508691380
6.000000000000000	-0.290601792340977	0.522881052444993	0.006019647414178
6.000000000000000	-0.320949253717009	0.502233401995177	0.006217584370628
6.000000000000000	-0.349931517348105	0.479702522296797	0.006390522538465
6.000000000000000	-0.377431881887730	0.455379137250264	0.006537765556726
6.000000000000000	-0.403339613073967	0.429361188542372	0.006658720529745
6.000000000000000	-0.427550389617299	0.401753441269697	0.006752900414535
6.000000000000000	-0.449966723265631	0.372667062086523	0.006819925981941
6.000000000000000	-0.470498351355065	0.342219171575964	0.006859527343659
6.000000000000000	-0.489062600265796	0.310532372646712	0.006871545038983
6.000000000000000	-0.505584718319596	0.277734256854399	0.006855930676894
6.000000000000000	-0.519998176778440	0.243956890635428	0.006812747130919
6.000000000000000	-0.532244937732256	0.209336283522053	0.006742168285954
6.000000000000000	-0.542275687797101	0.174011840479992	0.006644478338100
6.000000000000000	-0.550050036682754	0.138125800573832	0.006520070650296
6.000000000000000	-0.555536679830160	0.101822664220523	0.006369446168393
6.000000000000000	-0.558713524463842	0.065248611337192	0.006193211404016
6.000000000000000	-0.559567778551707	0.028550912726218	0.005992075992362
6.000000000000000	-0.558096002314046	-0.008122662932318	0.005766849834744
6.000000000000000	-0.554304122074316	-0.044624444092949	0.005518439837406
6.000000000000000	-0.548207406395920	-0.080807450966017	0.005247846259732
6.000000000000000	-0.539830404601098	-0.116525987353411	0.004956158686556
6.000000000000000	-0.529206847919467	-0.151636227315733	0.004644551640786
6.000000000000000	-0.516379513664266	-0.185996794308597	0.004314279854014
6.000000000000000	-0.501400052983212	-0.219469330456069	0.003966673214160
6.000000000000000	-0.484328782877561	-0.251919053669007	0.003603131410475
6.000000000000000	-0.465234443326831	-0.283215300364960	0.003225118297494
6.000000000000000	-0.444193920497163	-0.313232051604299	0.002834156000606
6.000000000000000	-0.421291937147871	-0.341848440524008	0.002431818786992
6.000000000000000	-0.396620711482791	-0.368949239025884	0.002019726726609
6.000000000000000	-0.370279585820121	-0.394425321759417	0.001599539168738
6.000000000000000	-0.342374626575967	-0.418174105531065	0.001172948060374
6.000000000000000	-0.313018197172326	-0.440099962370563	0.000741671133346
6.000000000000000	-0.282328505589235	-0.460114604591014	0.000307444987623
6.000000000000000	-0.250429128382966	-0.478137440292240	-0.000127981901364


7.000000000000000	nan	nan	nan
7.000000000000000	nan	nan	nan
7.000000000000000	nan	nan	nan
7.000000000000000	nan	nan	nan
7.000000000000000	nan	nan	nan
7.000000000000000	nan	nan	nan
7.000000000000000	nan	nan	nan
7.000000000000000	nan	nan	nan
7.000000000000000	nan	nan	nan
7.000000000000000	nan	nan	nan
7.000000000000000	nan	nan	nan
7.000000000000000	nan	nan	nan
7.000000000000000	nan	nan	nan
7.000000000000000	nan	nan	nan
7.000000000000000	nan	nan	nan
7.000000000000000	nan	nan	nan
7.000000000000000	nan	nan	nan
7.000000000000000	nan	nan	nan
7.000000000000000	nan	nan	nan
7.000000000000000	nan	nan	nan
7.000000000000000	nan	nan	nan
7.000000000000000	nan	nan	nan
7.000000000000000	nan	nan	nan
7.000000000000000	nan	nan	nan
7.000000000000000	nan	nan	nan
7.000000000000000	nan	nan	nan
7.000000000000000	nan	nan	nan
7.000000000000000	nan	nan	nan
7.000000000000000	nan	nan	nan
7.000000000000000	nan	nan	nan
7.000000000000000	nan	nan	nan
7.000000000000000	nan	nan	nan
7.000000000000000	nan	nan	nan
7.000000000000000	nan	nan	nan
7.000000000000000	nan	nan	nan
7.000000000000000	nan	nan	nan
7.000000000000000	nan	nan	nan
7.000000000000000	nan	nan	nan
7.000000000000000	nan	nan	nan
7.000000000000000	nan	nan	nan
7.000000000000000	nan	nan	nan
7.000000000000000	nan	nan	nan
7.000000000000000	nan	nan	nan
7.000000000000000	nan	nan	nan
7.000000000000000	nan	nan	nan
7.000000000000000	nan	nan	nan
7.000000000000000	nan	nan	nan
7.000000000000000	nan	nan	nan
7.000000000000000	nan	nan	nan
7.000000000000000	nan	nan	nan
7.000000000000000	nan	nan	nan
7.000000000000000	nan	nan	nan
7.000000000000000	nan	nan	nan
7.000000000000000	nan	nan	nan
7.000000000000000	nan	nan	nan
7.000000000000000	nan	nan	nan
7.000000000000000	nan	nan	nan
7.000000000000000	nan	nan	nan
7.000000000000000	nan	nan	nan
7.000000000000000	nan	nan	nan
7.000000000000000	nan	nan	nan
7.000000000000000	nan	nan	nan
7.000000000000000	nan	nan	nan
7.000000000000000	nan	nan	nan
7.000000000000000	nan	nan	nan
7.000000000000000	nan	nan	nan
7.000000000000000	nan	nan	nan
7.000000000000000	nan	nan	nan
7.000000000000000	nan	nan	nan
7.000000000000000	nan	nan	nan
7.000000000000000	nan	nan	nan
7.000000000000000	nan	nan	nan
7.000000000000000	nan	nan	nan
7.000000000000000	nan	nan	nan
7.000000000000000	nan	nan	nan
7.000000000000000	nan	nan	nan
7.000000000000000	nan	nan	nan
7.000000000000000	nan	nan	nan
7.000000000000000	nan	nan	nan
7.000000000000000	nan	nan	nan
7.000000000000000	nan	nan	nan
7.000000000000000	nan	nan	nan
7.000000000000000	nan	nan	nan
7.000000000000000	nan	nan	nan
7.000000000000000	nan	nan	nan
7.000000000000000	nan	nan	nan
7.000000000000000	nan	nan	nan
7.000000000000000	nan	nan	nan
7.000000000000000	nan	nan	nan
7.000000000000000	nan	nan	nan
7.000000000000000	nan	nan	nan
7.000000000000000	nan	nan	nan
7.000000000000000	nan	nan	nan
7.000000000000000	nan	nan	nan
7.000000000000000	nan	nan	nan
7.000000000000000	nan	nan	nan
7.000000000000000	nan	nan	nan
7.000000000000000	nan	nan	nan
7.000000000000000	nan	nan	nan
7.000000000000000	nan	nan	nan


8.000000000000000	0.296766362775538	-0.486475404237743	0.013506119997558
8.000000000000000	0.331515998898863	-0.463672617649637	0.015055670325428
8.000000000000000	0.364738211193592	-0.438687186244486	0.016535834745168
8.000000000000000	0.396299225536387	-0.411619717536106	0.017940653157074
8.000000000000000	0.426071956861753	-0.382579202667691	0.019264468853222
8.000000000000000	0.453936520888742	-0.351682577542946	0.020501951295038
8.000000000000000	0.479780716852642	-0.319054251966479	0.021648117577489
8.000000000000000	0.503500479297855	-0.284825608689421	0.022698352493489
8.000000000000000	0.525000297112756	-0.249134474377463	0.023648427117704
8.000000000000000	0.544193598119231	-0.212124564631516	0.024494515834946
8.000000000000000	0.561003097668282	-0.173944905295709	0.025233211744572
8.000000000000000	0.575361109838035	-0.134749232382914	0.025861540378873
8.000000000000000	0.587209819981052	-0.094695373034084	0.026376971680202
8.000000000000000	0.596501517523516	-0.053944610004056	0.026777430188628
8.000000000000000	0.603198788078870	-0.012661032232824	0.027061303399075
8.000000000000000	0.607274664102348	0.028989125882709	0.027227448254318
8.000000000000000	0.608712733479758	0.070838153855976	0.027275195747664
8.000000000000000	0.607507205613274	0.112717540421681	0.027204353616809
8.000000000000000	0.603662934738132	0.154458652071193	0.027015207118012
8.000000000000000	0.597195400376335	0.195893412080165	0.026708517877463
8.000000000000000	0.588130645006081	0.236854977294182	0.026285520824492
8.000000000000000	0.576505169197898	0.277178409947254	0.025747919218937
8.000000000000000	0.562365784639725	0.316701341807994	0.025097877792719
8.000000000000000	0.545769425642771	0.355264627979169	0.024338014033234
8.000000000000000	0.526782919887136	0.392712987718041	0.023471387643653
8.000000000000000	0.505482719330327	0.428895629697106	0.022501488222575
8.000000000000000	0.481954592362215	0.463666859187552	0.021432221212650
8.000000000000000	0.456293278445994	0.496886664720511	0.020267892174735
8.000000000000000	0.428602106635805	0.528421281863824	0.019013189450924
8.000000000000000	0.398992579507099	0.558143731844201	0.017673165286245
8.000000000000000	0.367583924175126	0.585934332845927	0.016253215485057
8.000000000000000	0.334502612209420	0.611681181927284	0.014759057684047
8.000000000000000	0.299881850377422	0.635280605614215	0.013196708329325
8.000000000000000	0.263861044267848	0.656637577356799	0.011572458450322
8.000000000000000	0.226585236953583	0.675666100167641	0.009892848328031
8.000000000000000	0.188204524954417	0.692289552901380	0.008164641159607
8.000000000000000	0.148873453851337	0.706440998781000	0.006394795825358
8.000000000000000	0.108750395986020	0.718063454928609	0.004590438867788
8.000000000000000	0.067996912751305	0.727110121815374	0.002758835795529
8.000000000000000	0.026777104040490	0.733544571706708	0.000907361827700
8.000000000000000	-0.014743052525019	0.737340895343896	-0.000956527803497
8.000000000000000	-0.056396369929016	0.738483806271540	-0.002825327872365
8.000000000000000	-0.098015124963591	0.736968702390718	-0.004691513380607
8.000000000000000	-0.139431733591303	0.732801684490012	-0.006547569857842
8.000000000000000	-0.180479425746940	0.725999531679785	-0.008386023619718
8.000000000000000	-0.220992916861720	0.716589633828625	-0.010199471861808
8.000000000000000	-0.260809073405907	0.704609881274016	-0.011980612468085
8.000000000000000	-0.299767569769961	0.690108512251315	-0.013722273413972
8.000000000000000	-0.337711533839185	0.673143918655408	-0.015417441645546
8.000000000000000	-0.374488178662356	0.653784410917160	-0.017059291318639
8.000000000000000	-0.409949417670859	0.632107942941414	-0.018641211284097
8.000000000000000	-0.443952460971030	0.608201798214135	-0.020156831708549
8.000000000000000	-0.476360390308663	0.582162238342613	-0.021600049723474
8.000000000000000	-0.507042710390490	0.554094115443952	-0.022965053999300
8.000000000000000	-0.535875874342676	0.524110449942596	-0.024246348145580
8.000000000000000	-0.562743781190471	0.492331975476969	-0.025438772843010
8.000000000000000	-0.587538243355860	0.458886652747732	-0.026537526618192
8.000000000000000	-0.610159422290753	0.423909154265196	-0.027538185177473
8.000000000000000	-0.630516230491583	0.387540322070660	-0.028436719222011
8.000000000000000	-0.648526698276535	0.349926600615219	-0.029229510672339
8.000000000000000	-0.664118303848521	0.311219447079646	-0.029913367237099
8.000000000000000	-0.677228265314862	0.271574721509779	-0.030485535267266
8.000000000000000	-0.687803793487813	0.231152059223130	-0.030943710844128
8.000000000000000	-0.695802304447988	0.190114228013800	-0.031286049056345
8.000000000000000	-0.701191591014775	0.148626472744022	-0.031511171428764
8.000000000000000	-0.703949952433285	0.106855849961423	-0.031618171473045
8.000000000000000	-0.704066281755632	0.064970555221268	-0.031606618337777
8.000000000000000	-0.701540110564692	0.023139245822321	-0.031476558543356
8.000000000000000	-0.696381610860255	-0.018469638316568	-0.031228515794672
8.000000000000000	-0.688611554099970	-0.059688552904568	-0.030863488872328
8.000000000000000	-0.678261227560018	-0.100351523920594	-0.030382947610907
8.000000000000000	-0.665372308352293	-0.140294815932103	-0.029788826980463
8.000000000000000	-0.649996695605379	-0.179357591399904	-0.029083519295085
8.000000000000000	-0.632196301485082	-0.217382558314149	-0.028269864579889
8.000000000000000	-0.612042801895986	-0.254216603553752	-0.027351139135236
8.000000000000000	-0.589617347867885	-0.289711409418878	-0.026331042344235
8.000000000000000	-0.565010238789225	-0.323724050853979	-0.025213681776627
8.000000000000000	-0.538320558803341	-0.356117570956545	-0.024003556649051
8.000000000000000	-0.509655777831578	-0.386761532454216	-0.022705539708291
8.000000000000000	-0.479131318829856	-0.415532542929635	-0.021324857610439
8.000000000000000	-0.446870093021155	-0.442314751678166	-0.019867069875001
8.000000000000000	-0.413002004975409	-0.467000316197793	-0.018338046498669
8.000000000000000	-0.377663429529648	-0.489489836432811	-0.016743944318923
8.000000000000000	-0.340996662654661	-0.509692755022770	-0.015091182222609
8.000000000000000	-0.303149348479348	-0.527527721945003	-0.013386415299360
8.000000000000000	-0.264273884779918	-0.542922922082454	-0.011636508043886
8.000000000000000	-0.224526809327837	-0.555816364397809	-0.009848506715089
8.000000000000000	-0.184068169567468	-0.566156131549525	-0.008029610963254
8.000000000000000	-0.143060878161500	-0.573900588944638	-0.006187144839606
8.000000000000000	-0.101670056999157	-0.579018552386576	-0.004328527304939
8.000000000000000	-0.060062372308629	-0.581489413642912	-0.002461242356076
8.000000000000000	-0.018405363550990	-0.581303223427441	-0.000592808890461
8.000000000000000	0.023133231202074	-0.578460731462447	0.001269249569792
8.000000000000000	0.064386150690281	-0.572973383459832	0.003117435172467
8.000000000000000	0.105187283966812	-0.564863275033278	0.004944305926446
8.000000000000000	0.145372339268469	-0.554163062727007	0.006742505667986
8.000000000000000	0.184779505560617	-0.540915832519402	0.008504793681391
8.000000000000000	0.223250104093110	-0.525174926330982	0.010224073854820
8.000000000000000	0.260629227343617	-0.507003727235313	0.011893423253823
8.000000000000000	0.296766362775537	-0.486475404237743	0.013506119997558


9.000000000000000	0.487442116815403	0.394411624083657	-0.006342409990725
9.000000000000000	0.458388437809817	0.428038254156725	-0.007792472876355
9.000000000000000	0.427244981648219	0.459743886695922	-0.009207983276310
9.000000000000000	0.394137152036681	0.489400854309318	-0.010583241429804
9.000000000000000	0.359198262519848	0.516889738855576	-0.011912709657642
9.000000000000000	0.322568999674340	0.542099852298659	-0.013191034660497
9.000000000000000	0.284396856613566	0.564929682409484	-0.014413069074762
9.000000000000000	0.244835539085012	0.585287301519841	-0.015573892199157
9.000000000000000	0.204044346551445	0.603090736682666	-0.016668829808668
9.000000000000000	0.162187530748201	0.618268299748172	-0.017693472975991
9.000000000000000	0.119433634299416	0.630758876026720	-0.018643695824733
9.000000000000000	0.075954812056368	0.640512170376106	-0.019515672142858
9.000000000000000	0.031926137890651	0.647488909722351	-0.020305890789492
9.000000000000000	-0.012475100266515	0.651661001198503	-0.021011169833046
9.000000000000000	-0.057070114300213	0.653011645264703	-0.021628669363737
9.000000000000000	-0.101679335828461	0.651535403353996	-0.022155902928896
9.000000000000000	-0.146123139260711	0.647238219771527	-0.022590747545042
9.000000000000000	-0.190222565086706	0.640137397758918	-0.022931452246380
9.000000000000000	-0.233800040483261	0.630261529820224	-0.023176645135327
9.000000000000000	-0.276680094337354	0.617650382590007	-0.023325338906660
9.000000000000000	-0.318690063806361	0.602354736707137	-0.023376934823041
9.000000000000000	-0.359660789570387	0.584436182339082	-0.023331225125926
9.000000000000000	-0.399427296977144	0.563966871180040	-0.023188393872131
9.000000000000000	-0.437829460336645	0.541029225921533	-0.022949016192706
9.000000000000000	-0.474712647690846	0.515715608365317	-0.022614055977077
9.000000000000000	-0.509928343461963	0.488127947515008	-0.022184861991812
9.000000000000000	-0.543334746472285	0.458377329143957	-0.021663162449607
9.000000000000000	-0.574797340927472	0.426583548492050	-0.021051058050388
9.000000000000000	-0.604189438064180	0.392874627892553	-0.020351013522532
9.000000000000000	-0.631392686280997	0.357386301271369	-0.019565847698278
9.000000000000000	-0.656297547698570	0.320261467594417	-0.018698722163279
9.000000000000000	-0.678803739229986	0.281649615463935	-0.017753128526018
9.000000000000000	-0.698820636385369	0.241706221180640	-0.016732874358332
9.000000000000000	-0.716267638184713	0.200592122695539	-0.015642067863662
9.000000000000000	-0.731074491709583	0.158472871972266	-0.014485101334767
9.000000000000000	-0.743181574986820	0.115518068367758	-0.013266633467516
9.000000000000000	-0.752540137065187	0.071900675715498	-0.011991570601960
9.000000000000000	-0.759112494318240	0.027796325861211	-0.010665046966232
9.000000000000000	-0.762872182182994	-0.016617388544595	-0.009292404002826
9.000000000000000	-0.763804061723376	-0.061161629149552	-0.007879168860489
9.000000000000000	-0.761904380589378	-0.105657032018357	-0.006431032138348
9.000000000000000	-0.757180788126446	-0.149924429868031	-0.004953824971870
9.000000000000000	-0.749652304574264	-0.193785573511336	-0.003453495552945
9.000000000000000	-0.739349244478969	-0.237063849603338	-0.001936085178611
9.000000000000000	-0.726313094627160	-0.279584991801012	-0.000407703924884
9.000000000000000	-0.710596346993265	-0.321177782472300	0.001125493956359
9.000000000000000	-0.692262287372876	-0.361674742129086	0.002657334818384
9.000000000000000	-0.671384740553194	-0.400912803807982	0.004181650478692
9.000000000000000	-0.648047773046659	-0.438733969683435	0.005692303056117
9.000000000000000	-0.622345354584785	-0.474985947269209	0.007183209685905
9.000000000000000	-0.594380979735209	-0.509522762646477	0.008648367013265
9.000000000000000	-0.564267251165598	-0.542205348249269	0.010081875366757
9.000000000000000	-0.532125426232449	-0.572902102840476	0.011477962514189
9.000000000000000	-0.498084928720511	-0.601489421423588	0.012831006905360
9.000000000000000	-0.462282827698883	-0.627852192956387	0.014135560308054
9.000000000000000	-0.424863285592251	-0.651884263862487	0.015386369746153
9.000000000000000	-0.385976977689684	-0.673488865474317	0.016578398651514
9.000000000000000	-0.345780485428426	-0.692579003686397	0.017706847144456
9.000000000000000	-0.304435665895710	-0.709077809249892	0.018767171361176
9.000000000000000	-0.262109000087400	-0.722918847297949	0.019755101750288
9.000000000000000	-0.218970922547771	-0.734046384855455	0.020666660264799
9.000000000000000	-0.175195135089762	-0.742415615256063	0.021498176380300
9.000000000000000	-0.130957907359072	-0.747992838562816	0.022246301874873
9.000000000000000	-0.086437367058521	-0.750755597265905	0.022908024311196
9.000000000000000	-0.041812782690651	-0.750692766711130	0.023480679166570
9.000000000000000	0.002736158293258	-0.747804599894960	0.023961960562007
9.000000000000000	0.047030073031134	-0.742102726445803	0.024349930547193
9.000000000000000	0.090890605561589	-0.733610105795598	0.024643026903929
9.000000000000000	0.134141145000424	-0.722360934730287	0.024840069436633
9.000000000000000	0.176607536690329	-0.708400509691423	0.024940264724570
9.000000000000000	0.218118783460216	-0.691785044383395	0.024943209316681
9.000000000000000	0.258507734170477	-0.672581443420671	0.024848891356130
9.000000000000000	0.297611756771633	-0.650867032926539	0.024657690628058
9.000000000000000	0.335273393166188	-0.626729249168091	0.024370377030311
9.000000000000000	0.371340993236823	-0.600265286481243	0.023988107473344
9.000000000000000	0.405669325487887	-0.571581705903444	0.023512421221742
9.000000000000000	0.438120161841376	-0.540794006089989	0.022945233696150
9.000000000000000	0.468562834232615	-0.508026158241701	0.022288828760549
9.000000000000000	0.496874760764437	-0.473410106916657	0.021545849525939
9.000000000000000	0.522941939301215	-0.437085238736024	0.020719287707469
9.000000000000000	0.546659406515230	-0.399197821123328	0.019812471577851
9.000000000000000	0.567931660536944	-0.359900413337168	0.018829052565586
9.000000000000000	0.586673045507320	-0.319351252168925	0.017772990551943
9.000000000000000	0.602808096483739	-0.277713614779048	0.016648537925921
9.000000000000000	0.616271843310683	-0.235155161237562	0.015460222461377
9.000000000000000	0.627010072231626	-0.191847259416138	0.014212829085277
9.000000000000000	0.634979544188695	-0.147964294950156	0.012911380610487
9.000000000000000	0.640148168931093	-0.103682969049302	0.011561117510678
9.000000000000000	0.642495134231218	-0.059181586984161	0.010167476818785
9.000000000000000	0.642010989688152	-0.014639340113823	0.008736070233998
9.000000000000000	0.638697684781095	0.029764415654473	0.007272661525428
9.000000000000000	0.632568561019496	0.073850882068277	0.005783143323442
9.000000000000000	0.623648298221508	0.117442538487384	0.004273513392125
9.000000000000000	0.611972815137067	0.160363856696799	0.002749850478395
9.000000000000000	0.597589124815765	0.202442007696903	0.001218289835038
9.000000000000000	0.580555145301892	0.243507557624840	-0.000315001483789
9.000000000000000	0.560939466418914	0.283395150004881	-0.001843849455111
9.000000000000000	0.538821073582460	0.321944171580588	-0.003362097947745
9.000000000000000	0.514289029753935	0.358999399047712	-0.004863633510868
9.000000000000000	0.487442116815403	0.394411624083657	-0.006342409990725


10.000000000000000	0.619763336024415	0.351299831531044	0.015008710041135
10.000000000000000	0.594445526447111	0.392772618232943	0.016331989633334
10.000000000000000	0.566539882088490	0.432553762977967	0.017584802855520
10.000000000000000	0.536158769129261	0.470483081136734	0.018762105071018
10.000000000000000	0.503424521588485	0.506407844731936	0.019859155699327
10.000000000000000	0.468468948727662	0.540183397419996	0.020871537304766
10.000000000000000	0.431432804301350	0.571673736971111	0.021795173383923
10.000000000000000	0.392465219791477	0.600752062902227	0.022626344780298
10.000000000000000	0.351723103907498	0.627301287057834	0.023361704660036
10.000000000000000	0.309370510770403	0.651214505082640	0.023998291988440
10.000000000000000	0.265577979324670	0.672395426887680	0.024533543453020
10.000000000000000	0.220521846638131	0.690758764376521	0.024965303785041
10.000000000000000	0.174383537854832	0.706230574870319	0.025291834438033
10.000000000000000	0.127348835660016	0.718748558848896	0.025511820588303
10.000000000000000	0.079607132198816	0.728262310808914	0.025624376429267
10.000000000000000	0.031350666460934	0.734733522229050	0.025629048738280
10.000000000000000	-0.017226249797924	0.738136135824889	0.025525818701602
10.000000000000000	-0.065928014480902	0.738456450472411	0.025315101990155
10.000000000000000	-0.114558522770606	0.735693176377584	0.024997747085768
10.000000000000000	-0.162921956773988	0.729857440269908	0.024575031864629
10.000000000000000	-0.210823574011891	0.720972740599000	0.024048658451742
10.000000000000000	-0.258070491578273	0.709074852914638	0.023420746367058
10.000000000000000	-0.304472462811601	0.694211685811240	0.022693823990926
10.000000000000000	-0.349842643351003	0.676443088016869	0.021870818383191
10.000000000000000	-0.393998343492572	0.655840607403528	0.020955043496961
10.000000000000000	-0.436761763816315	0.632487202889129	0.019950186834485
10.000000000000000	-0.477960711121672	0.606476910391214	0.018860294598887
10.000000000000000	-0.517429291788756	0.577914464177500	0.017689755401527
10.000000000000000	-0.555008579773410	0.546914875137953	0.016443282590619
10.000000000000000	-0.590547256546295	0.513602967676523	0.015125895272238
10.000000000000000	-0.623902220399202	0.478112877087328	0.013742898100151
10.000000000000000	-0.654939162665122	0.440587509439163	0.012299859915850
10.000000000000000	-0.683533108531844	0.401177966143203	0.010802591324792
10.000000000000000	-0.709568920271419	0.360042935520949	0.009257121299141
10.000000000000000	-0.732941760859149	0.317348053822363	0.007669672901227
10.000000000000000	-0.753557516115286	0.273265238267153	0.006046638225468
10.000000000000000	-0.771333173669615	0.227971994794806	0.004394552659663
10.000000000000000	-0.786197157222974	0.181650703310815	0.002720068569293
10.000000000000000	-0.798089614759742	0.134487883307176	0.001029928510790
10.000000000000000	-0.806962659550788	0.086673442814219	-0.000669061918353
10.000000000000000	-0.812780562976424	0.038399913708003	-0.002370061483328
10.000000000000000	-0.815519898392949	-0.010138323547605	-0.004066220859242
10.000000000000000	-0.815169635463471	-0.058745822602444	-0.005750710210939
10.000000000000000	-0.811731184573184	-0.107226858213535	-0.007416746694329
10.000000000000000	-0.805218391150243	-0.155386214361551	-0.009057621768510
10.000000000000000	-0.795657479915113	-0.203029970316828	-0.010666728208696
10.000000000000000	-0.783086949282873	-0.249966281489701	-0.012237586711175
10.000000000000000	-0.767557416343690	-0.296006151920957	-0.013763871983183
10.000000000000000	-0.749131413045657	-0.340964195301853	-0.015239438212623
10.000000000000000	-0.727883134400712	-0.384659381459355	-0.016658343815081
10.000000000000000	-0.703898139727511	-0.426915765300752	-0.018014875358488
10.000000000000000	-0.677273008134250	-0.467563195282442	-0.019303570569100
10.000000000000000	-0.648114949628678	-0.506437998550145	-0.020519240326141
10.000000000000000	-0.616541373421244	-0.543383639991721	-0.021656989556561
10.000000000000000	-0.582679415159638	-0.578251352548820	-0.022712236945771
10.000000000000000	-0.546665424998412	-0.610900736249316	-0.023680733384978
10.000000000000000	-0.508644418565031	-0.641200323548444	-0.024558579080846
10.000000000000000	-0.468769493033126	-0.669028108702200	-0.025342239258588
10.000000000000000	-0.427201210654207	-0.694272039041414	-0.026028558395256
10.000000000000000	-0.384106952230149	-0.716830466168297	-0.026614772925918
10.000000000000000	-0.339660243129774	-0.736612555258667	-0.027098522371562
10.000000000000000	-0.294040054563441	-0.753538650821720	-0.027477858843904
10.000000000000000	-0.247430082929145	-0.767540597444585	-0.027751254888856
10.000000000000000	-0.200018010131958	-0.778562014230112	-0.027917609637039
10.000000000000000	-0.151994747855239	-0.786558521822844	-0.027976253236594
10.000000000000000	-0.103553668826666	-0.791497921109025	-0.027926949550445
10.000000000000000	-0.054889828174508	-0.793360322871058	-0.027769897107134
10.000000000000000	-0.006199178009474	-0.792138227874371	-0.027505728301420
10.000000000000000	0.042322221605284	-0.787836557064185	-0.027135506847846
10.000000000000000	0.090478992118842	-0.780472631750604	-0.026660723497539
10.000000000000000	0.138077223212976	-0.770076103861815	-0.026083290035478
10.000000000000000	0.184925253610568	-0.756688836546237	-0.025405531582415
10.000000000000000	0.230834442827926	-0.740364735604395	-0.024630177232428
10.000000000000000	0.275619930763435	-0.721169532429295	-0.023760349063829
10.000000000000000	0.319101382063939	-0.699180519329293	-0.022799549567651
10.000000000000000	0.361103712271556	-0.674486238299260	-0.021751647544359
10.000000000000000	0.401457792827002	-0.647186124493210	-0.020620862525549
10.000000000000000	0.440001132090600	-0.617390105834035	-0.019411747783389
10.000000000000000	0.476578529638769	-0.585218160372556	-0.018129171996195
10.000000000000000	0.511042701201345	-0.550799833178259	-0.016778299643986
10.000000000000000	0.543254871723362	-0.514273714707022	-0.015364570212942
10.000000000000000	0.573085334163211	-0.475786882746262	-0.013893676292515
10.000000000000000	0.600413971777124	-0.435494310184598	-0.012371540653379
10.000000000000000	0.625130741786901	-0.393558240990723	-0.010804292398525
10.000000000000000	0.647136118483343	-0.350147536914207	-0.009198242283525
10.000000000000000	0.666341493981155	-0.305436997538827	-0.007559857305347
10.000000000000000	0.682669535011623	-0.259606656426344	-0.005895734662039
10.000000000000000	0.696054494316399	-0.212841056184882	-0.004212575188145
10.000000000000000	0.706442475388500	-0.165328505380988	-0.002517156372806
10.000000000000000	0.713791649494522	-0.117260320287490	-0.000816305069203
10.000000000000000	0.718072424104186	-0.068830054520393	0.000883129994769
10.000000000000000	0.719267562049011	-0.020232719666780	0.002574305793912
10.000000000000000	0.717372250930309	0.028335999958019	0.004250412560174
10.000000000000000	0.712394122497018	0.076680535262103	0.005904701203177
10.000000000000000	0.704353221915338	0.124606219864703	0.007530510486427
10.000000000000000	0.693281927053928	0.171920073948998	0.009121293849760
10.000000000000000	0.679224818109648	0.218431581323720	0.010670645770030
10.000000000000000	0.662238498098848	0.263953456564617	0.012172327553886
10.000000000000000	0.642391364936997	0.308302399146757	0.013620292458795
10.000000000000000	0.619763336024415	0.351299831531044	0.015008710041135


11.000000000000000	nan	nan	nan
11.000000000000000	nan	nan	nan
11.000000000000000	nan	nan	nan
11.000000000000000	nan	nan	nan
11.000000000000000	nan	nan	nan
11.000000000000000	nan	nan	nan
11.000000000000000	nan	nan	nan
11.000000000000000	nan	nan	nan
11.000000000000000	nan	nan	nan
11.000000000000000	nan	nan	nan
11.000000000000000	nan	nan	nan
11.000000000000000	nan	nan	nan
11.000000000000000	nan	nan	nan
11.000000000000000	nan	nan	nan
11.000000000000000	nan	nan	nan
11.000000000000000	nan	nan	nan
11.000000000000000	nan	nan	nan
11.000000000000000	nan	nan	nan
11.000000000000000	nan	nan	nan
11.000000000000000	nan	nan	nan
11.000000000000000	nan	nan	nan
11.000000000000000	nan	nan	nan
11.000000000000000	nan	nan	nan
11.000000000000000	nan	nan	nan
11.000000000000000	nan	nan	nan
11.000000000000000	nan	nan	nan
11.000000000000000	nan	nan	nan
11.000000000000000	nan	nan	nan
11.000000000000000	nan	nan	nan
11.000000000000000	nan	nan	nan
11.000000000000000	nan	nan	nan
11.000000000000000	nan	nan	nan
11.000000000000000	nan	nan	nan
11.000000000000000	nan	nan	nan
11.000000000000000	nan	nan	nan
11.000000000000000	nan	nan	nan
11.000000000000000	nan	nan	nan
11.000000000000000	nan	nan	nan
11.000000000000000	nan	nan	nan
11.000000000000000	nan	nan	nan
11.000000000000000	nan	nan	nan
11.000000000000000	nan	nan	nan
11.000000000000000	nan	nan	nan
11.000000000000000	nan	nan	nan
11.000000000000000	nan	nan	nan
11.000000000000000	nan	nan	nan
11.000000000000000	nan	nan	nan
11.000000000000000	nan	nan	nan
11.000000000000000	nan	nan	nan
11.000000000000000	nan	nan	nan
11.000000000000000	nan	nan	nan
11.000000000000000	nan	nan	nan
11.000000000000000	nan	nan	nan
11.000000000000000	nan	nan	nan
11.000000000000000	nan	nan	nan
11.000000000000000	nan	nan	nan
11.000000000000000	nan	nan	nan
11.000000000000000	nan	nan	nan
11.000000000000000	nan	nan	nan
11.000000000000000	nan	nan	nan
11.000000000000000	nan	nan	nan
11.000000000000000	nan	nan	nan
11.000000000000000	nan	nan	nan
11.000000000000000	nan	nan	nan
11.000000000000000	nan	nan	nan
11.000000000000000	nan	nan	nan
11.000000000000000	nan	nan	nan
11.000000000000000	nan	nan	nan
11.000000000000000	nan	nan	nan
11.000000000000000	nan	nan	nan
11.000000000000000	nan	nan	nan
11.000000000000000	nan	nan	nan
11.000000000000000	nan	nan	nan
11.000000000000000	nan	nan	nan
11.000000000000000	nan	nan	nan
11.000000000000000	nan	nan	nan
11.000000000000000	nan	nan	nan
11.000000000000000	nan	nan	nan
11.000000000000000	nan	nan	nan
11.000000000000000	nan	nan	nan
11.000000000000000	nan	nan	nan
11.000000000000000	nan	nan	nan
11.000000000000000	nan	nan	nan
11.000000000000000	nan	nan	nan
11.000000000000000	nan	nan	nan
11.000000000000000	nan	nan	nan
11.000000000000000	nan	nan	nan
11.000000000000000	nan	nan	nan
11.000000000000000	nan	nan	nan
11.000000000000000	nan	nan	nan
11.000000000000000	nan	nan	nan
11.000000000000000	nan	nan	nan
11.000000000000000	nan	nan	nan
11.000000000000000	nan	nan	nan
11.000000000000000	nan	nan	nan
11.000000000000000	nan	nan	nan
11.000000000000000	nan	nan	nan
11.000000000000000	nan	nan	nan
11.000000000000000	nan	nan	nan
11.000000000000000	nan	nan	nan


12.000000000000000	nan	nan	nan
12.000000000000000	nan	nan	nan
12.000000000000000	nan	nan	nan
12.000000000000000	nan	nan	nan
12.000000000000000	nan	nan	nan
12.000000000000000	nan	nan	nan
12.000000000000000	nan	nan	nan
12.000000000000000	nan	nan	nan
12.000000000000000	nan	nan	nan
12.000000000000000	nan	nan	nan
12.000000000000000	nan	nan	nan
12.000000000000000	nan	nan	nan
12.000000000000000	nan	nan	nan
12.000000000000000	nan	nan	nan
12.000000000000000	nan	nan	nan
12.000000000000000	nan	nan	nan
12.000000000000000	nan	nan	nan
12.000000000000000	nan	nan	nan
12.000000000000000	nan	nan	nan
12.000000000000000	nan	nan	nan
12.000000000000000	nan	nan	nan
12.000000000000000	nan	nan	nan
12.000000000000000	nan	nan	nan
12.000000000000000	nan	nan	nan
12.000000000000000	nan	nan	nan
12.000000000000000	nan	nan	nan
12.000000000000000	nan	nan	nan
12.000000000000000	nan	nan	nan
12.000000000000000	nan	nan	nan
12.000000000000000	nan	nan	nan
12.000000000000000	nan	nan	nan
12.000000000000000	nan	nan	nan
12.000000000000000	nan	nan	nan
12.000000000000000	nan	nan	nan
12.000000000000000	nan	nan	nan
12.000000000000000	nan	nan	nan
12.000000000000000	nan	nan	nan
12.000000000000000	nan	nan	nan
12.000000000000000	nan	nan	nan
12.000000000000000	nan	nan	nan
12.000000000000000	nan	nan	nan
12.000000000000000	nan	nan	nan
12.000000000000000	nan	nan	nan
12.000000000000000	nan	nan	nan
12.000000000000000	nan	nan	nan
12.000000000000000	nan	nan	nan
12.000000000000000	nan	nan	nan
12.000000000000000	nan	nan	nan
12.000000000000000	nan	nan	nan
12.000000000000000	nan	nan	nan
12.000000000000000	nan	nan	nan
12.000000000000000	nan	nan	nan
12.000000000000000	nan	nan	nan
12.000000000000000	nan	nan	nan
12.000000000000000	nan	nan	nan
12.000000000000000	nan	nan	nan
12.000000000000000	nan	nan	nan
12.000000000000000	nan	nan	nan
12.000000000000000	nan	nan	nan
12.000000000000000	nan	nan	nan
12.000000000000000	nan	nan	nan
12.000000000000000	nan	nan	nan
12.000000000000000	nan	nan	nan
12.000000000000000	nan	nan	nan
12.000000000000000	nan	nan	nan
12.000000000000000	nan	nan	nan
12.000000000000000	nan	nan	nan
12.000000000000000	nan	nan	nan
12.000000000000000	nan	nan	nan
12.000000000000000	nan	nan	nan
12.000000000000000	nan	nan	nan
12.000000000000000	nan	nan	nan
12.000000000000000	nan	nan	nan
12.000000000000000	nan	nan	nan
12.000000000000000	nan	nan	nan
12.000000000000000	nan	nan	nan
12.000000000000000	nan	nan	nan
12.000000000000000	nan	nan	nan
12.000000000000000	nan	nan	nan
12.000000000000000	nan	nan	nan
12.000000000000000	nan	nan	nan
12.000000000000000	nan	nan	nan
12.000000000000000	nan	nan	nan
12.000000000000000	nan	nan	nan
12.000000000000000	nan	nan	nan
12.000000000000000	nan	nan	nan
12.000000000000000	nan	nan	nan
12.000000000000000	nan	nan	nan
12.000000000000000	nan	nan	nan
12.000000000000000	nan	nan	nan
12.000000000000000	nan	nan	nan
12.000000000000000	nan	nan	nan
12.000000000000000	nan	nan	nan
12.000000000000000	nan	nan	nan
12.000000000000000	nan	nan	nan
12.000000000000000	nan	nan	nan
12.000000000000000	nan	nan	nan
12.000000000000000	nan	nan	nan
12.000000000000000	nan	nan	nan
12.000000000000000	nan	nan	nan


13.000000000000000	nan	nan	nan
13.000000000000000	nan	nan	nan
13.000000000000000	nan	nan	nan
13.000000000000000	nan	nan	nan
13.000000000000000	nan	nan	nan
13.000000000000000	nan	nan	nan
13.000000000000000	nan	nan	nan
13.000000000000000	nan	nan	nan
13.000000000000000	nan	nan	nan
13.000000000000000	nan	nan	nan
13.000000000000000	nan	nan	nan
13.000000000000000	nan	nan	nan
13.000000000000000	nan	nan	nan
13.000000000000000	nan	nan	nan
13.000000000000000	nan	nan	nan
13.000000000000000	nan	nan	nan
13.000000000000000	nan	nan	nan
13.000000000000000	nan	nan	nan
13.000000000000000	nan	nan	nan
13.000000000000000	nan	nan	nan
13.000000000000000	nan	nan	nan
13.000000000000000	nan	nan	nan
13.000000000000000	nan	nan	nan
13.000000000000000	nan	nan	nan
13.000000000000000	nan	nan	nan
13.000000000000000	nan	nan	nan
13.000000000000000	nan	nan	nan
13.000000000000000	nan	nan	nan
13.000000000000000	nan	nan	nan
13.000000000000000	nan	nan	nan
13.000000000000000	nan	nan	nan
13.000000000000000	nan	nan	nan
13.000000000000000	nan	nan	nan
13.000000000000000	nan	nan	nan
13.000000000000000	nan	nan	nan
13.000000000000000	nan	nan	nan
13.000000000000000	nan	nan	nan
13.000000000000000	nan	nan	nan
13.000000000000000	nan	nan	nan
13.000000000000000	nan	nan	nan
13.000000000000000	nan	nan	nan
13.000000000000000	nan	nan	nan
13.000000000000000	nan	nan	nan
13.000000000000000	nan	nan	nan
13.000000000000000	nan	nan	nan
13.000000000000000	nan	nan	nan
13.000000000000000	nan	nan	nan
13.000000000000000	nan	nan	nan
13.000000000000000	nan	nan	nan
13.000000000000000	nan	nan	nan
13.000000000000000	nan	nan	nan
13.000000000000000	nan	nan	nan
13.000000000000000	nan	nan	nan
13.000000000000000	nan	nan	nan
13.000000000000000	nan	nan	nan
13.000000000000000	nan	nan	nan
13.000000000000000	nan	nan	nan
13.000000000000000	nan	nan	nan
13.000000000000000	nan	nan	nan
13.000000000000000	nan	nan	nan
13.000000000000000	nan	nan	nan
13.000000000000000	nan	nan	nan
13.000000000000000	nan	nan	nan
13.000000000000000	nan	nan	nan
13.000000000000000	nan	nan	nan
13.000000000000000	nan	nan	nan
13.000000000000000	nan	nan	nan
13.000000000000000	nan	nan	nan
13.000000000000000	nan	nan	nan
13.000000000000000	nan	nan	nan
13.000000000000000	nan	nan	nan
13.000000000000000	nan	nan	nan
13.000000000000000	nan	nan	nan
13.000000000000000	nan	nan	nan
13.000000000000000	nan	nan	nan
13.000000000000000	nan	nan	nan
13.000000000000000	nan	nan	nan
13.000000000000000	nan	nan	nan
13.000000000000000	nan	nan	nan
13.000000000000000	nan	nan	nan
13.000000000000000	nan	nan	nan
13.000000000000000	nan	nan	nan
13.000000000000000	nan	nan	nan
13.000000000000000	nan	nan	nan
13.000000000000000	nan	nan	nan
13.000000000000000	nan	nan	nan
13.000000000000000	nan	nan	nan
13.000000000000000	nan	nan	nan
13.000000000000000	nan	nan	nan
13.000000000000000	nan	nan	nan
13.000000000000000	nan	nan	nan
13.000000000000000	nan	nan	nan
13.000000000000000	nan	nan	nan
13.000000000000000	nan	nan	nan
13.000000000000000	nan	nan	nan
13.000000000000000	nan	nan	nan
13.000000000000000	nan	nan	nan
13.000000000000000	nan	nan	nan
13.000000000000000	nan	nan	nan
13.000000000000000	nan	nan	nan


14.000000000000000	0.199859914531192	0.881763137884390	-0.010721780566578
14.000000000000000	0.140080651471897	0.893319079081050	-0.011463682921488
14.000000000000000	0.079686535921279	0.901053827398299	-0.012156699983187
14.000000000000000	0.018920753666934	0.904936237734595	-0.012798041216564
14.000000000000000	-0.041972012932903	0.904950676993787	-0.013385124166830
14.000000000000000	-0.102746570198859	0.901097087034074	-0.013915584858151
14.000000000000000	-0.163158200438824	0.893390984902123	-0.014387287312546
14.000000000000000	-0.222963647339730	0.881863400351398	-0.014798332150716
14.000000000000000	-0.281922095474868	0.866560750896298	-0.015147064240173
14.000000000000000	-0.339796139982614	0.847544654905201	-0.015432079359876
14.000000000000000	-0.396352742512018	0.824891683485053	-0.015652229854532
14.000000000000000	-0.451364169585995	0.798693052156536	-0.015806629255799
14.000000000000000	-0.504608909603659	0.769054253561367	-0.015894655851784
14.000000000000000	-0.555872564789358	0.736094632680660	-0.015915955190452
14.000000000000000	-0.604948714496847	0.699946906274808	-0.015870441506885
14.000000000000000	-0.651639746392374	0.660756628479933	-0.015758298068622
14.000000000000000	-0.695757652169805	0.618681604712750	-0.015579976437708
14.000000000000000	-0.737124784593716	0.573891256243853	-0.015336194652414
14.000000000000000	-0.775574572822104	0.526565937998051	-0.015027934335948
14.000000000000000	-0.810952193128390	0.476896212328744	-0.014656436743806
14.000000000000000	-0.843115192321909	0.425082081690582	-0.014223197765674
14.000000000000000	-0.871934061356640	0.371332183300171	-0.013729961902008
14.000000000000000	-0.897292756818419	0.315862949027636	-0.013178715239545
14.000000000000000	-0.919089168190817	0.258897733901874	-0.012571677454037
14.000000000000000	-0.937235529018143	0.200665916738676	-0.011911292872396
14.000000000000000	-0.951658770309992	0.141401976513204	-0.011200220630253
14.000000000000000	-0.962300814764273	0.081344548195906	-0.010441323964560
14.000000000000000	-0.969118810624014	0.020735461853721	-0.009637658684340
14.000000000000000	-0.972085304226255	-0.040181231114251	-0.008792460866029
14.000000000000000	-0.971188350548266	-0.101160240685594	-0.007909133822933
14.000000000000000	-0.966431561305935	-0.161956025910927	-0.006991234401291
14.000000000000000	-0.957834090410660	-0.222323783620640	-0.006042458658107
14.000000000000000	-0.945430556843314	-0.282020434160860	-0.005066626978433
14.000000000000000	-0.929270905255822	-0.340805600189423	-0.004067668692031
14.000000000000000	-0.909420204861679	-0.398442574590589	-0.003049606251343
14.000000000000000	-0.885958387425190	-0.454699273611057	-0.002016539034500
14.000000000000000	-0.858979925404471	-0.509349171379322	-0.000972626838568
14.000000000000000	-0.828593451544199	-0.562172212045412	0.000077926870481
14.000000000000000	-0.794921321449892	-0.612955695868128	0.001130891883647
14.000000000000000	-0.758099120905072	-0.661495135681830	0.002182028282460
14.000000000000000	-0.718275119915167	-0.707595080294081	0.003227103511634
14.000000000000000	-0.675609675676529	-0.751069901498616	0.004261909422074
14.000000000000000	-0.630274586874605	-0.791744541534610	0.005282279215607
14.000000000000000	-0.582452401911264	-0.829455217982502	0.006284104223207
14.000000000000000	-0.532335683846811	-0.864050083257981	0.007263350449157
14.000000000000000	-0.480126235016506	-0.895389836048628	0.008216074814523
14.000000000000000	-0.426034284443793	-0.923348282231123	0.009138441034544
14.000000000000000	-0.370277641322207	-0.947812843010449	0.010026735065997
14.000000000000000	-0.313080817974642	-0.968685008234963	0.010877380062333
14.000000000000000	-0.254674125821456	-0.985880733062006	0.011686950776383
14.000000000000000	-0.195292747997671	-0.999330776376824	0.012452187352614
14.000000000000000	-0.135175792353496	-1.008980979602095	0.013170008453419
14.000000000000000	-0.074565328651405	-1.014792484775413	0.013837523666575
14.000000000000000	-0.013705413836642	-1.016741891016578	0.014452045143915
14.000000000000000	0.047158890693963	-1.014821348754687	0.015011098424341
14.000000000000000	0.107782505867742	-1.009038591335586	0.015512432397606
14.000000000000000	0.167921321783116	-0.999416903882413	0.015954028368744
14.000000000000000	0.227333180654016	-0.985995029534628	0.016334108186637
14.000000000000000	0.285778851893813	-0.968827013443063	0.016651141404005
14.000000000000000	0.343022995412460	-0.947981985149173	0.016903851439977
14.000000000000000	0.398835109247972	-0.923543880224776	0.017091220720430
14.000000000000000	0.452990457716471	-0.895611102293124	0.017212494775403
14.000000000000000	0.505270976343466	-0.864296126792250	0.017267185277079
14.000000000000000	0.555466149932530	-0.829725048076069	0.017255072006111
14.000000000000000	0.603373860235695	-0.792037071676925	0.017176203738365
14.000000000000000	0.648801199812295	-0.751383953774041	0.017030898048520
14.000000000000000	0.691565248799155	-0.707929390124946	0.016819740031305
14.000000000000000	0.731493811464306	-0.661848356920439	0.016543579945526
14.000000000000000	0.768426109578435	-0.613326406217221	0.016203529790382
14.000000000000000	0.802213429812061	-0.562558918785252	0.015800958827827
14.000000000000000	0.832719722551627	-0.509750317378354	0.015337488069044
14.000000000000000	0.859822149723276	-0.455113243595925	0.014814983747199
14.000000000000000	0.883411579418420	-0.398867701650272	0.014235549802781
14.000000000000000	0.903393025329421	-0.341240172487297	0.013601519411777
14.000000000000000	0.919686029225921	-0.282462701827661	0.012915445590794
14.000000000000000	0.932224984931743	-0.222771965800569	0.012180090916964
14.000000000000000	0.940959402497806	-0.162408317932530	0.011398416404020
14.000000000000000	0.945854111507330	-0.101614821328534	0.010573569579338
14.000000000000000	0.946889402694690	-0.040636269942718	0.009708871809956
14.000000000000000	0.944061107307675	0.020281797120484	0.008807804928603
14.000000000000000	0.937380613893578	0.080894084305662	0.007873997213583
14.000000000000000	0.926874822441541	0.140956527325052	0.006911208778983
14.000000000000000	0.912586036065786	0.200227275919278	0.005923316434020
14.000000000000000	0.894571790665911	0.258467667702992	0.004914298072495
14.000000000000000	0.872904623250125	0.315443189174065	0.003888216655225
14.000000000000000	0.847671779854319	0.370924420016690	0.002849203849926
14.000000000000000	0.818974864233075	0.424687956896016	0.001801443394454
14.000000000000000	0.786929428737201	0.476517313024537	0.000749154250362
14.000000000000000	0.751664509025202	0.526203789877970	-0.000303426385366
14.000000000000000	0.713322104482225	0.573547317550561	-0.001352060142012
14.000000000000000	0.672056606438652	0.618357260365973	-0.002392524541546
14.000000000000000	0.628034176490703	0.660453184499880	-0.003420630001057
14.000000000000000	0.581432077426337	0.699665584523288	-0.004432236702722
14.000000000000000	0.532437959450565	0.735836565941076	-0.005423271263395
14.000000000000000	0.481249104584308	0.768820480977396	-0.006389743136679
14.000000000000000	0.428071632279325	0.798484515047865	-0.007327760681451
14.000000000000000	0.373119669447928	0.824709221557017	-0.008233546832125
14.000000000000000	0.316614488249490	0.847389002867586	-0.009103454307563
14.000000000000000	0.258783615105543	0.866432535504922	-0.009933980297392
14.000000000000000	0.199859914531192	0.881763137884390	-0.010721780566578


15.000000000000000	nan	nan	nan
15.000000000000000	nan	nan	nan
15.000000000000000	nan	nan	nan
15.000000000000000	nan	nan	nan
15.000000000000000	nan	nan	nan
15.000000000000000	nan	nan	nan
15.000000000000000	nan	nan	nan
15.000000000000000	nan	nan	nan
15.000000000000000	nan	nan	nan
15.000000000000000	nan	nan	nan
15.000000000000000	nan	nan	nan
15.000000000000000	nan	nan	nan
15.000000000000000	nan	nan	nan
15.000000000000000	nan	nan	nan
15.000000000000000	nan	nan	nan
15.000000000000000	nan	nan	nan
15.000000000000000	nan	nan	nan
15.000000000000000	nan	nan	nan
15.000000000000000	nan	nan	nan
15.000000000000000	nan	nan	nan
15.000000000000000	nan	nan	nan
15.000000000000000	nan	nan	nan
15.000000000000000	nan	nan	nan
15.000000000000000	nan	nan	nan
15.000000000000000	nan	nan	nan
15.000000000000000	nan	nan	nan
15.000000000000000	nan	nan	nan
15.000000000000000	nan	nan	nan
15.000000000000000	nan	nan	nan
15.000000000000000	nan	nan	nan
15.000000000000000	nan	nan	nan
15.000000000000000	nan	nan	nan
15.000000000000000	nan	nan	nan
15.000000000000000	nan	nan	nan
15.000000000000000	nan	nan	nan
15.000000000000000	nan	nan	nan
15.000000000000000	nan	nan	nan
15.000000000000000	nan	nan	nan
15.000000000000000	nan	nan	nan
15.000000000000000	nan	nan	nan
15.000000000000000	nan	nan	nan
15.000000000000000	nan	nan	nan
15.000000000000000	nan	nan	nan
15.000000000000000	nan	nan	nan
15.000000000000000	nan	nan	nan
15.000000000000000	nan	nan	nan
15.000000000000000	nan	nan	nan
15.000000000000000	nan	nan	nan
15.000000000000000	nan	nan	nan
15.000000000000000	nan	nan	nan
15.000000000000000	nan	nan	nan
15.000000000000000	nan	nan	nan
15.000000000000000	nan	nan	nan
15.000000000000000	nan	nan	nan
15.000000000000000	nan	nan	nan
15.000000000000000	nan	nan	nan
15.000000000000000	nan	nan	nan
15.000000000000000	nan	nan	nan
15.000000000000000	nan	nan	nan
15.000000000000000	nan	nan	nan
15.000000000000000	nan	nan	nan
15.000000000000000	nan	nan	nan
15.000000000000000	nan	nan	nan
15.000000000000000	nan	nan	nan
15.000000000000000	nan	nan	nan
15.000000000000000	nan	nan	nan
15.000000000000000	nan	nan	nan
15.000000000000000	nan	nan	nan
15.000000000000000	nan	nan	nan
15.000000000000000	nan	nan	nan
15.000000000000000	nan	nan	nan
15.000000000000000	nan	nan	nan
15.000000000000000	nan	nan	nan
15.000000000000000	nan	nan	nan
15.000000000000000	nan	nan	nan
15.000000000000000	nan	nan	nan
15.000000000000000	nan	nan	nan
15.000000000000000	nan	nan	nan
15.000000000000000	nan	nan	nan
15.000000000000000	nan	nan	nan
15.000000000000000	nan	nan	nan
15.000000000000000	nan	nan	nan
15.000000000000000	nan	nan	nan
15.000000000000000	nan	nan	nan
15.000000000000000	nan	nan	nan
15.000000000000000	nan	nan	nan
15.000000000000000	nan	nan	nan
15.000000000000000	nan	nan	nan
15.000000000000000	nan	nan	nan
15.000000000000000	nan	nan	nan
15.000000000000000	nan	nan	nan
15.000000000000000	nan	nan	nan
15.000000000000000	nan	nan	nan
15.000000000000000	nan	nan	nan
15.000000000000000	nan	nan	nan
15.000000000000000	nan	nan	nan
15.000000000000000	nan	nan	nan
15.000000000000000	nan	nan	nan
15.000000000000000	nan	nan	nan
15.000000000000000	nan	nan	nan


16.000000000000000	-0.959683064586759	0.457876939176608	0.006621811396370
16.000000000000000	-0.988363942375952	0.392487838617293	0.007039832671488
16.000000000000000	-1.012833481461534	0.325407854556610	0.007427909358508
16.000000000000000	-1.032993151645980	0.256907094414909	0.007784478809579
16.000000000000000	-1.048761777052686	0.187261386576364	0.008108105245373
16.000000000000000	-1.060075862992579	0.116751169725423	0.008397485536453
16.000000000000000	-1.066889851634814	0.045660363619203	0.008651454450523
16.000000000000000	-1.069176305452083	-0.025724774157165	0.008868989344403
16.000000000000000	-1.066926017701855	-0.097116800848793	0.009049214281851
16.000000000000000	-1.060148049498675	-0.168228245961566	0.009191403560655
16.000000000000000	-1.048869693328254	-0.238772768804356	0.009294984634773
16.000000000000000	-1.033136363150266	-0.308466311481924	0.009359540419779
16.000000000000000	-1.013011411532357	-0.377028242695811	0.009384810972310
16.000000000000000	-0.988575874551715	-0.444182487747523	0.009370694536771
16.000000000000000	-0.959928145491392	-0.509658640193910	0.009317247955065
16.000000000000000	-0.927183578645275	-0.573193050678471	0.009224686437713
16.000000000000000	-0.890474024827064	-0.634529888554258	0.009093382697277
16.000000000000000	-0.849947300453575	-0.693422172023600	0.008923865447576
16.000000000000000	-0.805766592340206	-0.749632762646631	0.008716817274745
16.000000000000000	-0.758109800605224	-0.802935320214090	0.008473071888700
16.000000000000000	-0.707168822328778	-0.853115214139457	0.008193610766082
16.000000000000000	-0.653148778851087	-0.899970387700577	0.007879559198197
16.000000000000000	-0.596267189821197	-0.943312171650760	0.007532181759866
16.000000000000000	-0.536753097322129	-0.982966043923251	0.007152877217430
16.000000000000000	-0.474846143599249	-1.018772332369997	0.006743172896408
16.000000000000000	-0.410795606105526	-1.050586857705028	0.006304718531497
16.000000000000000	-0.344859393749208	-1.078281514063559	0.005839279623675
16.000000000000000	-0.277303008385679	-1.101744784839091	0.005348730331151
16.000000000000000	-0.208398475735194	-1.120882191721425	0.004835045922789
16.000000000000000	-0.138423250031309	-1.135616675127475	0.004300294824400
16.000000000000000	-0.067659096810614	-1.145888904493009	0.003746630289920
16.000000000000000	0.003609041657637	-1.151657517175891	0.003176281731017
16.000000000000000	0.075094193733478	-1.152899285008843	0.002591545740037
16.000000000000000	0.146508513939740	-1.149609207831077	0.001994776842435
16.000000000000000	0.217564442014189	-1.141800533622174	0.001388378015939
16.000000000000000	0.287975860813220	-1.129504705157151	0.000774791014595
16.000000000000000	0.357459248404597	-1.112771233397501	0.000156486536699
16.000000000000000	0.425734819710221	-1.091667498128025	-0.000464045723846
16.000000000000000	0.492527653101880	-1.066278476642221	-0.001084307102637
16.000000000000000	0.557568797413621	-1.036706401568717	-0.001701800026022
16.000000000000000	0.620596354913167	-1.003070349216553	-0.002314038067937
16.000000000000000	0.681356535871651	-0.965505760096916	-0.002918555961872
16.000000000000000	0.739604680485280	-0.924163893552003	-0.003512919527631
16.000000000000000	0.795106244034016	-0.879211218687038	-0.004094735472911
16.000000000000000	0.847637741310378	-0.830828744057933	-0.004661661030248
16.000000000000000	0.896987646515499	-0.779211288813729	-0.005211413390515
16.000000000000000	0.942957244998859	-0.724566698228634	-0.005741778894991
16.000000000000000	0.985361433412049	-0.667115006782466	-0.006250621948976
16.000000000000000	1.024029465054625	-0.607087552159462	-0.006735893621087
16.000000000000000	1.058805637410801	-0.544726043733075	-0.007195639893573
16.000000000000000	1.089549919108532	-0.480281589287630	-0.007628009530458
16.000000000000000	1.116138513776425	-0.414013683895911	-0.008031261531819
16.000000000000000	1.138464358528031	-0.346189165024086	-0.008403772144170
16.000000000000000	1.156437555066303	-0.277081138071411	-0.008744041398751
16.000000000000000	1.169985731672309	-0.206967876671176	-0.009050699151369
16.000000000000000	1.179054334620601	-0.136131702181003	-0.009322510599488
16.000000000000000	1.183606847847813	-0.064857846874375	-0.009558381254340
16.000000000000000	1.183624939989961	0.006566694589050	-0.009757361348048
16.000000000000000	1.179108538196373	0.077854320789646	-0.009918649658002
16.000000000000000	1.170075828423036	0.148717981617226	-0.010041596733105
16.000000000000000	1.156563182204170	0.218872334120526	-0.010125707508877
16.000000000000000	1.138625010196892	0.288034891482556	-0.010170643300912
16.000000000000000	1.116333543088711	0.355927160495313	-0.010176223168635
16.000000000000000	1.089778540750037	0.422275762953635	-0.010142424643888
16.000000000000000	1.059066930802864	0.486813536452749	-0.010069383821401
16.000000000000000	1.024322378060979	0.549280610156980	-0.009957394810786
16.000000000000000	0.985684786575400	0.609425451207884	-0.009806908552265
16.000000000000000	0.943309736290142	0.667005877558296	-0.009618531000886
16.000000000000000	0.897367856576695	0.721790033153956	-0.009393020686563
16.000000000000000	0.848044139169763	0.773557321536007	-0.009131285659738
16.000000000000000	0.795537193270845	0.822099294105076	-0.008834379834987
16.000000000000000	0.740058445819079	0.867220489470214	-0.008503498747276
16.000000000000000	0.681831290149573	0.908739220502929	-0.008139974737961
16.000000000000000	0.621090186467297	0.946488305927133	-0.007745271589926
16.000000000000000	0.558079717758584	0.980315743499124	-0.007320978633438
16.000000000000000	0.493053604941774	1.010085322066985	-0.006868804346483
16.000000000000000	0.426273685222619	1.035677170044808	-0.006390569475322
16.000000000000000	0.358008857768269	1.056988238093272	-0.005888199702991
16.000000000000000	0.288534000945238	1.073932714062955	-0.005363717895254
16.000000000000000	0.218128865481237	1.086442368529572	-0.004819235955240
16.000000000000000	0.147076948007723	1.094466829529791	-0.004256946319548
16.000000000000000	0.075664349519030	1.097973785391349	-0.003679113130086
16.000000000000000	0.004178623344643	1.096949114840748	-0.003088063117164
16.000000000000000	-0.067092382726577	1.091396943864646	-0.002486176230577
16.000000000000000	-0.137861685507839	1.081339629095958	-0.001875876056386
16.000000000000000	-0.207844321994427	1.066817667791591	-0.001259620057990
16.000000000000000	-0.276758496809145	1.047889534764284	-0.000639889680791
16.000000000000000	-0.344326716892842	1.024631446925169	-0.000019180360287
16.000000000000000	-0.410276908871023	0.997137056385178	0.000600008526162
16.000000000000000	-0.474343514597304	0.965517073351041	0.001215183723450
16.000000000000000	-0.536268560462331	0.929898820334362	0.001823868138180
16.000000000000000	-0.595802696162466	0.890425719468797	0.002423610813045
16.000000000000000	-0.652706198745447	0.847256714999748	0.003011996795969
16.000000000000000	-0.706749937890110	0.800565633271979	0.003586656864266
16.000000000000000	-0.757716298533318	0.750540482792284	0.004145277064663
16.000000000000000	-0.805400057129022	0.697382697185578	0.004685608030775
16.000000000000000	-0.849609208011042	0.641306324092789	0.005205474040508
16.000000000000000	-0.890165736532120	0.582537163276556	0.005702781776924
16.000000000000000	-0.926906335866077	0.521311857405279	0.006175528757290
16.000000000000000	-0.959683064586759	0.457876939176608	0.006621811396370


17.000000000000000	0.238043597493491	1.437861794418965	-0.016649692990925
17.000000000000000	0.145647415214642	1.450153350176044	-0.017255983500821
17.000000000000000	0.052657235550335	1.456560186769162	-0.017792263812459
17.000000000000000	-0.040552502866225	1.457056506128612	-0.018256374514302
17.000000000000000	-0.133606477316233	1.451640309751507	-0.018646446796358
17.000000000000000	-0.226129992287397	1.440333406749043	-0.018960909975221
17.000000000000000	-0.317750488240528	1.423181326028913	-0.019198497818658
17.000000000000000	-0.408099041775304	1.400253132966453	-0.019358253644277
17.000000000000000	-0.496811851154602	1.371641151302766	-0.019439534171755
17.000000000000000	-0.583531701205682	1.337460591389590	-0.019442012113094
17.000000000000000	-0.667909401699621	1.297849086277880	-0.019365677490499
17.000000000000000	-0.749605193417113	1.252966137518085	-0.019210837676554
17.000000000000000	-0.828290116238932	1.202992472903706	-0.018978116156539
17.000000000000000	-0.903647333752229	1.148129318744251	-0.018668450017879
17.000000000000000	-0.975373409038936	1.088597589597911	-0.018283086176818
17.000000000000000	-1.043179526509146	1.024636998726606	-0.017823576357533
17.000000000000000	-1.106792654859554	0.956505092855282	-0.017291770843885
17.000000000000000	-1.165956646474149	0.884476215122152	-0.016689811028980
17.000000000000000	-1.220433268840261	0.808840400395704	-0.016020120792535
17.000000000000000	-1.270003163826807	0.729902207406651	-0.015285396740768
17.000000000000000	-1.314466730962061	0.647979492397418	-0.014488597348121
17.000000000000000	-1.353644931154309	0.563402129227234	-0.013632931044522
17.000000000000000	-1.387380007619078	0.476510681086532	-0.012721843296173
17.000000000000000	-1.415536121110029	0.387655029169180	-0.011759002731874
17.000000000000000	-1.437999896895660	0.297192963824400	-0.010748286370749
17.000000000000000	-1.454680881279330	0.205488743861314	-0.009693764010859
17.000000000000000	-1.465511905824378	0.112911629807280	-0.008599681841559
17.000000000000000	-1.470449357817701	0.019834397026078	-0.007470445345596
17.000000000000000	-1.469473355882767	-0.073368165316911	-0.006310601559781
17.000000000000000	-1.462587830034893	-0.166320763398397	-0.005124820765682
17.000000000000000	-1.449820505856465	-0.258649109912944	-0.003917877684041
17.000000000000000	-1.431222792855803	-0.349981431195854	-0.002694632248666
17.000000000000000	-1.406869577459212	-0.439949964224494	-0.001460010037188
17.000000000000000	-1.376858921469781	-0.528192437470191	-0.000218982437500
17.000000000000000	-1.341311667207103	-0.614353529637814	0.001023453370266
17.000000000000000	-1.300370950917912	-0.698086300419228	0.002262294535624
17.000000000000000	-1.254201626416936	-0.779053587499452	0.003492552682440
17.000000000000000	-1.202989601278762	-0.856929364190316	0.004709273995371
17.000000000000000	-1.146941088253660	-0.931400052224855	0.005907559167123
17.000000000000000	-1.086281774921605	-1.002165784426321	0.007082583126236
17.000000000000000	-1.021255914928061	-1.068941612167460	0.008229614465944
17.000000000000000	-0.952125344460749	-1.131458652758072	0.009344034495881
17.000000000000000	-0.879168427927737	-1.189465172140699	0.010421355839913
17.000000000000000	-0.802678937082214	-1.242727598534827	0.011457240505222
17.000000000000000	-0.722964868107326	-1.291031462948007	0.012447517349870
17.000000000000000	-0.640347201424250	-1.334182262766796	0.013388198878514
17.000000000000000	-0.555158609217330	-1.372006244950129	0.014275497298648
17.000000000000000	-0.467742115880599	-1.404351105671494	0.015105839772699
17.000000000000000	-0.378449716779618	-1.431086603592681	0.015875882804589
17.000000000000000	-0.287640960890371	-1.452105084299691	0.016582525702810
17.000000000000000	-0.195681503022439	-1.467321913789057	0.017222923065816
17.000000000000000	-0.102941631456139	-1.476675819259111	0.017794496239451
17.000000000000000	-0.009794776922307	-1.480129135833928	0.018294943700278
17.000000000000000	0.083383991071448	-1.477667958226488	0.018722250323001
17.000000000000000	0.176219474513284	-1.469302196730358	0.019074695494667
17.000000000000000	0.268337857677083	-1.455065537314440	0.019350860042962
17.000000000000000	0.359368212346457	-1.435015305981461	0.019549631950721
17.000000000000000	0.448943991411746	-1.409232237936396	0.019670210833627
17.000000000000000	0.536704504825869	-1.377820152494289	0.019712111163075
17.000000000000000	0.622296371975833	-1.340905535036514	0.019675164221228
17.000000000000000	0.705374944621741	-1.298637027698791	0.019559518780380
17.000000000000000	0.785605694673613	-1.251184830841762	0.019365640503905
17.000000000000000	0.862665561217933	-1.198740017714213	0.019094310071194
17.000000000000000	0.936244251369927	-1.141513765068539	0.018746620034136
17.000000000000000	1.006045489713493	-1.079736502826495	0.018323970417795
17.000000000000000	1.071788211297734	-1.013656986219230	0.017828063083003
17.000000000000000	1.133207693386314	-0.943541294137766	0.017260894873572
17.000000000000000	1.190056621402485	-0.869671757727220	0.016624749575701
17.000000000000000	1.242106084777601	-0.792345823538926	0.015922188721982
17.000000000000000	1.289146498693185	-0.711874855818151	0.015156041277008
17.000000000000000	1.330988448005020	-0.628582882750181	0.014329392246134
17.000000000000000	1.367463449951081	-0.542805291713179	0.013445570253246
17.000000000000000	1.398424632572157	-0.454887478791583	0.012508134137569
17.000000000000000	1.423747326113390	-0.365183457987985	0.011520858623480
17.000000000000000	1.443329565025375	-0.274054435733685	0.010487719121020
17.000000000000000	1.457092498543443	-0.181867356437882	0.009412875718327
17.000000000000000	1.464980708191859	-0.088993424932044	0.008300656430424
17.000000000000000	1.466962430934463	0.004193388240930	0.007155539771831
17.000000000000000	1.463029687073207	0.097317852674099	0.005982136723172
17.000000000000000	1.453198312379583	0.190004989016888	0.004785172164378
17.000000000000000	1.437507894329560	0.281881578884592	0.003569465849266
17.000000000000000	1.416021612698789	0.372577667677086	0.002339912998091
17.000000000000000	1.388825985159950	0.461728054255418	0.001101464586222
17.000000000000000	1.356030518906612	0.548973761477914	-0.000140892591689
17.000000000000000	1.317767269706425	0.633963481674416	-0.001382156001770
17.000000000000000	1.274190310159139	0.716354991238286	-0.002617327514363
17.000000000000000	1.225475109300637	0.795816528640079	-0.003841433529734
17.000000000000000	1.171817826051050	0.872028130314133	-0.005049545004999
17.000000000000000	1.113434519352019	0.944682919038917	-0.006236797301643
17.000000000000000	1.050560278173597	1.013488339623291	-0.007398409773701
17.000000000000000	0.983448274893937	1.078167336923005	-0.008529705017731
17.000000000000000	0.912368745863486	1.138459471443983	-0.009626127707070
17.000000000000000	0.837607903258569	1.194121968040242	-0.010683262934523
17.000000000000000	0.759466782605984	1.244930693483722	-0.011696853989638
17.000000000000000	0.678260030619178	1.290681058969682	-0.012662819498977
17.000000000000000	0.594314638226984	1.331188843923619	-0.013577269860366
17.000000000000000	0.507968623896562	1.366290937792493	-0.014436522904948
17.000000000000000	0.419569672552333	1.395845996833358	-0.015237118723982
17.000000000000000	0.329473735571503	1.419735013254732	-0.015975833600668
17.000000000000000	0.238043597493492	1.437861794418965	-0.016649692990925


18.000000000000000	0.368843787200163	-1.101029796491106	-0.039815781940510
18.000000000000000	0.442228920272142	-1.073761176693264	-0.041426704594054
18.000000000000000	0.513738271181617	-1.041885070687431	-0.042860552619569
18.000000000000000	0.583083897011255	-1.005529832302019	-0.044111552417125
18.000000000000000	0.649986567400948	-0.964841851250653	-0.045174666652069
18.000000000000000	0.714176888909917	-0.919984963672457	-0.046045614538597
18.000000000000000	0.775396389769018	-0.871139792421748	-0.046720889076966
18.000000000000000	0.833398560655335	-0.818503019763555	-0.047197771174943
18.000000000000000	0.887949847298211	-0.762286595403552	-0.047474340596632
18.000000000000000	0.938830590919874	-0.702716883041399	-0.047549483694585
18.000000000000000	0.985835912723800	-0.640033748884020	-0.047422897894069
18.000000000000000	1.028776538869320	-0.574489595789045	-0.047095092911425
18.000000000000000	1.067479562610573	-0.506348346927587	-0.046567388701620
18.000000000000000	1.101789140530943	-0.435884383058783	-0.045841910143258
18.000000000000000	1.131567120069498	-0.363381437695314	-0.044921578482441
18.000000000000000	1.156693595812587	-0.289131454608697	-0.043810099569940
18.000000000000000	1.177067392310626	-0.213433412274753	-0.042511948939047
18.000000000000000	1.192606471475923	-0.136592119992808	-0.041032353784179
18.000000000000000	1.203248262921099	-0.058916990526226	-0.039377271912810
18.000000000000000	1.208949915907958	0.019279205793583	-0.037553367755486
18.000000000000000	1.209688471892287	0.097681600482901	-0.035567985530512
18.000000000000000	1.205460956969804	0.175974494769949	-0.033429119671380
18.000000000000000	1.196284393851028	0.253842630802424	-0.031145382636005
18.000000000000000	1.182195733316826	0.330972461079596	-0.028725970227398
18.000000000000000	1.163251705430666	0.407053410997431	-0.026180624565413
18.000000000000000	1.139528591106668	0.481779129422908	-0.023519594858665
18.000000000000000	1.111121914953289	0.554848722261904	-0.020753596134591
18.000000000000000	1.078146060629440	0.625967964053513	-0.017893766093809
18.000000000000000	1.040733810261861	0.694850482712135	-0.014951620262536
18.000000000000000	0.999035809778361	0.761218912646786	-0.011939005623621
18.000000000000000	0.953219962309838	0.824806011614444	-0.008868052912932
18.000000000000000	0.903470752103630	0.885355736810237	-0.005751127773161
18.000000000000000	0.849988501670563	0.942624275861448	-0.002600780961747
18.000000000000000	0.792988565156904	0.996381028573893	0.000570302186596
18.000000000000000	0.732700461189222	1.046409535477510	0.003749352839244
18.000000000000000	0.669366948683883	1.092508349432247	0.006923570081244
18.000000000000000	0.603243049342579	1.134491846784599	0.010080172460084
18.000000000000000	0.534595020769938	1.172190974808540	0.013206449452086
18.000000000000000	0.463699284348128	1.205453932421190	0.016289812643204
18.000000000000000	0.390841312185511	1.234146781432198	0.019317846418121
18.000000000000000	0.316314477621220	1.258153985865559	0.022278357953552
18.000000000000000	0.240418873914263	1.277378877182211	0.025159426314437
18.000000000000000	0.163460105873887	1.291744043530129	0.027949450455341
18.000000000000000	0.085748059296872	1.301191641454526	0.030637195933772
18.000000000000000	0.007595653166803	1.305683628813030	0.033211840147310
18.000000000000000	-0.070682420360240	1.305201917957969	0.035663015912412
18.000000000000000	-0.148770963109921	1.299748448568938	0.037980853209400
18.000000000000000	-0.226355540081453	1.289345179842399	0.040156018925545
18.000000000000000	-0.303123745566364	1.274034002069745	0.042179754436218
18.000000000000000	-0.378766461096025	1.253876567959882	0.044043910872784
18.000000000000000	-0.452979100152625	1.228954044385530	0.045740981935215
18.000000000000000	-0.525462834631570	1.199366785552872	0.047264134117312
18.000000000000000	-0.595925798116797	1.165233928910590	0.048607234222826
18.000000000000000	-0.664084261123814	1.126692915425402	0.049764874061671
18.000000000000000	-0.729663773578197	1.083898936155804	0.050732392226796
18.000000000000000	-0.792400269929172	1.037024307352445	0.051505892864032
18.000000000000000	-0.852041132448390	0.986257776601408	0.052082261359314
18.000000000000000	-0.908346208432356	0.931803762804298	0.052459176880137
18.000000000000000	-0.961088777212608	0.873881533055469	0.052635121720728
18.000000000000000	-1.010056463079831	0.812724319730832	0.052609387413314
18.000000000000000	-1.055052090445874	0.748578381343386	0.052382077580867
18.000000000000000	-1.095894477800263	0.681702010947109	0.051954107519856
18.000000000000000	-1.132419167264187	0.612364496081988	0.051327200514665
18.000000000000000	-1.164479086804337	0.540845034448142	0.050503880898544
18.000000000000000	-1.191945142440072	0.467431609675221	0.049487463888999
18.000000000000000	-1.214706738059322	0.392419831713975	0.048282042238591
18.000000000000000	-1.232672220750090	0.316111746519314	0.046892469754860
18.000000000000000	-1.245769249854386	0.238814619817855	0.045324341755756
18.000000000000000	-1.253945088258523	0.160839699857285	0.043583972539271
18.000000000000000	-1.257166814746857	0.082500964119523	0.041678369957988
18.000000000000000	-1.255421456563908	0.004113855044215	0.039615207200930
18.000000000000000	-1.248716041651067	-0.074005990146632	0.037402791896340
18.000000000000000	-1.237077570347552	-0.151544010408349	0.035050032659791
18.000000000000000	-1.220552906669577	-0.228187987499902	0.032566403222337
18.000000000000000	-1.199208589605496	-0.303629303176558	0.029961904283142
18.000000000000000	-1.173130565186783	-0.377564181886629	0.027247023240191
18.000000000000000	-1.142423840413695	-0.449694913968405	0.024432691961244
18.000000000000000	-1.107212060429146	-0.519731054421884	0.021530242765062
18.000000000000000	-1.067637010643356	-0.587390592428281	0.018551362790154
18.000000000000000	-1.023858045814044	-0.652401086908054	0.015508046934805
18.000000000000000	-0.976051448381067	-0.714500763544983	0.012412549557843
18.000000000000000	-0.924409718639245	-0.773439568858947	0.009277335134668
18.000000000000000	-0.869140799607623	-0.828980177083028	0.006115028067210
18.000000000000000	-0.810467239716320	-0.880898945790620	0.002938361849911
18.000000000000000	-0.748625296682551	-0.928986816424544	-0.000239872203555
18.000000000000000	-0.683863986184183	-0.973050156102072	-0.003406876466393
18.000000000000000	-0.616444079161495	-1.012911537306202	-0.006549898530212
18.000000000000000	-0.546637051784630	-1.048410452323652	-0.009656282554470
18.000000000000000	-0.474723992314878	-1.079403959552768	-0.012713520227080
18.000000000000000	-0.400994469261458	-1.105767259078903	-0.015709301130969
18.000000000000000	-0.325745365391332	-1.127394195199627	-0.018631562313777
18.000000000000000	-0.249279682287082	-1.144197683876276	-0.021468536861116
18.000000000000000	-0.171905320266481	-1.156110063390634	-0.024208801277776
18.000000000000000	-0.093933838576588	-1.163083366794798	-0.026841321486111
18.000000000000000	-0.015679200854620	-1.165089515057143	-0.029355497256373
18.000000000000000	0.062543489092804	-1.162120430126673	-0.031741204890098
18.000000000000000	0.140419256101477	-1.154188067460485	-0.033988837984665
18.000000000000000	0.217634521943420	-1.141324367883356	-0.036089346114892
18.000000000000000	0.293878367995736	-1.123581128973321	-0.038034271275898
18.000000000000000	0.368843787200163	-1.101029796491106	-0.039815781940510


