# n	x	y	z
1.000000000000000	-0.369140314510454	-0.150574523349362	-0.014343932363770
1.000000000000000	-0.357369641195865	-0.177031170967906	-0.013745658022176
1.000000000000000	-0.343930292926117	-0.202681291343453	-0.013083110188590
1.000000000000000	-0.328876385213358	-0.227421600494300	-0.012358956709296
1.000000000000000	-0.312268534830764	-0.251152477927435	-0.011576113494769
1.000000000000000	-0.294173615730190	-0.273778367775100	-0.010737732778334
1.000000000000000	-0.274664489764363	-0.295208163564545	-0.009847190423236
1.000000000000000	-0.253819713297923	-0.315355575071638	-0.008908072329227
1.000000000000000	-0.231723220888669	-0.334139475781145	-0.007924159993415
1.000000000000000	-0.208463987312711	-0.351484229554569	-0.006899415283512
1.000000000000000	-0.184135669294458	-0.367319995190187	-0.005837964484786
1.000000000000000	-0.158836228384043	-0.381583007648919	-0.004744081684973
1.000000000000000	-0.132667536500731	-0.394215834813635	-0.003622171564026
1.000000000000000	-0.105734965730660	-0.405167608748020	-0.002476751658033
1.000000000000000	-0.078146964030638	-0.414394230523802	-0.001312434168687
1.000000000000000	-0.050014618546496	-0.421858547791567	-0.000133907391577
1.000000000000000	-0.021451208304365	-0.427530504380163	0.001054083161918
1.000000000000000	0.007428251923989	-0.431387261322289	0.002246753873134
1.000000000000000	0.036507474745051	-0.433413288818958	0.003439302278061
1.000000000000000	0.065669368391853	-0.433600428772513	0.004626926405176
1.000000000000000	0.094796508211185	-0.431947927636413	0.005804844111283
1.000000000000000	0.123771609491240	-0.428462439449492	0.006968312337519
1.000000000000000	0.152477999725743	-0.423157999042498	0.008112646207975
1.000000000000000	0.180800088412961	-0.416055965524780	0.009233237894041
1.000000000000000	0.208623832497857	-0.407184936278696	0.010325575168502
1.000000000000000	0.235837195583216	-0.396580631808045	0.011385259574689
1.000000000000000	0.262330599060682	-0.384285751904207	0.012408024137506
1.000000000000000	0.287997363345132	-0.370349803709154	0.013389750545037
1.000000000000000	0.312734137435717	-0.354828902367662	0.014326485731533
1.000000000000000	0.336441315073865	-0.337785545071426	0.015214457795013
1.000000000000000	0.359023435822527	-0.319288359404933	0.016050091185383
1.000000000000000	0.380389569451668	-0.299411827006394	0.016830021101909
1.000000000000000	0.400453682082207	-0.278235983656481	0.017551107042091
1.000000000000000	0.419134982614083	-0.255846097002482	0.018210445447348
1.000000000000000	0.436358248043505	-0.232332323215581	0.018805381394634
1.000000000000000	0.452054126359431	-0.207789343963778	0.019333519286867
1.000000000000000	0.466159415799645	-0.182315985162228	0.019792732499158
1.000000000000000	0.478617319341948	-0.156014819036163	0.020181171941978
1.000000000000000	0.489377673405711	-0.128991751098739	0.020497273506788
1.000000000000000	0.498397149842922	-0.101355593706916	0.020739764364151
1.000000000000000	0.505639430405335	-0.073217627912503	0.020907668088973
1.000000000000000	0.511075352985243	-0.044691155372633	0.021000308592212
1.000000000000000	0.514683029040992	-0.015891042123984	0.021017312843259
1.000000000000000	0.516447931734412	0.013066743942213	0.020958612371998
1.000000000000000	0.516362954425268	0.042065600041939	0.020824443544507
1.000000000000000	0.514428439287193	0.070988758016646	0.020615346611301
1.000000000000000	0.510652175929871	0.099719754517418	0.020332163531931
1.000000000000000	0.505049370033034	0.128142899961772	0.019976034584709
1.000000000000000	0.497642582118554	0.156143744374778	0.019548393775213
1.000000000000000	0.488461636707182	0.183609538238706	0.019050963062049
1.000000000000000	0.477543502225732	0.210429686495547	0.018485745423134
1.000000000000000	0.464932142148274	0.236496193874276	0.017855016790410
1.000000000000000	0.450678337970739	0.261704099749690	0.017161316885469
1.000000000000000	0.434839484731758	0.285951900781802	0.016407438992991
1.000000000000000	0.417479359903100	0.309141959633965	0.015596418713173
1.000000000000000	0.398667866580302	0.331180898123969	0.014731521738437
1.000000000000000	0.378480752007576	0.351979973225021	0.013816230703640
1.000000000000000	0.356999302570390	0.371455434402592	0.012854231162734
1.000000000000000	0.334310016483883	0.389528860848264	0.011849396748337
1.000000000000000	0.310504255495084	0.406127477252642	0.010805773573986
1.000000000000000	0.285677877001400	0.421184446845845	0.009727563941864
1.000000000000000	0.259930848066709	0.434639140525583	0.008619109421613
1.000000000000000	0.233366842889277	0.446437380989161	0.007484873368364
1.000000000000000	0.206092825342355	0.456531660886345	0.006329422950380
1.000000000000000	0.178218618268409	0.464881334114703	0.005157410758687
1.000000000000000	0.149856461261299	0.471452779487110	0.003973556072725
1.000000000000000	0.121120558717044	0.476219536112401	0.002782625857482
1.000000000000000	0.092126619973034	0.479162409944044	0.001589415568602
1.000000000000000	0.062991393387360	0.480269551067788	0.000398729842784
1.000000000000000	0.033832196234386	0.479536501417086	-0.000784636848802
1.000000000000000	0.004766442309490	0.476966212724155	-0.001955919506149
1.000000000000000	-0.024088830854849	0.472569034634396	-0.003110401787393
1.000000000000000	-0.052617433257886	0.466362673032018	-0.004243434999855
1.000000000000000	-0.080704490286738	0.458372118744699	-0.005350456818685
1.000000000000000	-0.108236905275901	0.448629546914335	-0.006427009657736
1.000000000000000	-0.135103814907608	0.437174187439110	-0.007468758618687
1.000000000000000	-0.161197035619280	0.424052167008531	-0.008471508946151
1.000000000000000	-0.186411499220552	0.409316323367537	-0.009431222918474
1.000000000000000	-0.210645675965788	0.393025992557546	-0.010344036106214
1.000000000000000	-0.233801983378538	0.375246769991160	-0.011206272932837
1.000000000000000	-0.255787179181723	0.356050246322587	-0.012014461474962
1.000000000000000	-0.276512736751385	0.335513719177347	-0.012765347442576
1.000000000000000	-0.295895201582144	0.313719881902015	-0.013455907282907
1.000000000000000	-0.313856527329048	0.290756490587299	-0.014083360355207
1.000000000000000	-0.330324390072652	0.266716010705239	-0.014645180127410
1.000000000000000	-0.345232479541918	0.241695244783380	-0.015139104349584
1.000000000000000	-0.358520766122270	0.215794942615168	-0.015563144163213
1.000000000000000	-0.370135742573667	0.189119395576084	-0.015915592109631
1.000000000000000	-0.380030639485372	0.161776016679086	-0.016195029005351
1.000000000000000	-0.388165613599864	0.133874908060316	-0.016400329656620
1.000000000000000	-0.394507908247573	0.105528417636661	-0.016530667390175
1.000000000000000	-0.399031985246426	0.076850686720338	-0.016585517381965
1.000000000000000	-0.401719627735092	0.047957190412122	-0.016564658770431
1.000000000000000	-0.402560013525858	0.018964272623867	-0.016468175545840
1.000000000000000	-0.401549758681752	-0.010011322397365	-0.016296456212086
1.000000000000000	-0.398692931142469	-0.038852920157177	-0.016050192222316
1.000000000000000	-0.394001034344209	-0.067444385720855	-0.015730375194702
1.000000000000000	-0.387492960899404	-0.095670591347751	-0.015338292919535
1.000000000000000	-0.379194916522832	-0.123417880070071	-0.014875524173755
1.000000000000000	-0.369140314510454	-0.150574523349362	-0.014343932363770


2.000000000000000	0.180603610607715	-0.593824929575589	-0.051360360795238
2.000000000000000	0.223365579513883	-0.579153299537437	-0.053059590508617
2.000000000000000	0.265115264405374	-0.561778507962530	-0.054513069912500
2.000000000000000	0.305684554036424	-0.541770517004216	-0.055714946358322
2.000000000000000	0.344910090196364	-0.519209891780390	-0.056660380313832
2.000000000000000	0.382633925495487	-0.494187475966194	-0.057345564850176
2.000000000000000	0.418704159363437	-0.466804025998608	-0.057767740971058
2.000000000000000	0.452975549699192	-0.437169805365833	-0.057925208722243
2.000000000000000	0.485310097709742	-0.405404140615143	-0.057817334036674
2.000000000000000	0.515577603582528	-0.371634940866996	-0.057444551287636
2.000000000000000	0.543656190754126	-0.335998182770149	-0.056808361539690
2.000000000000000	0.569432796664159	-0.298637362971686	-0.055911326504409
2.000000000000000	0.592803628018320	-0.259702920306667	-0.054757058225279
2.000000000000000	0.613674578727335	-0.219351630034036	-0.053350204533267
2.000000000000000	0.631961608838971	-0.177745972557984	-0.051696430331652
2.000000000000000	0.647591082937261	-0.135053479176709	-0.049802394785454
2.000000000000000	0.660500066646338	-0.091446057493008	-0.047675724507329
2.000000000000000	0.670636580044949	-0.047099299203034	-0.045324982847892
2.000000000000000	0.677959806971259	-0.002191773050508	-0.042759635414126
2.000000000000000	0.682440259375121	0.043095694206585	-0.039990011954724
2.000000000000000	0.684059896056055	0.088580745921530	-0.037027264765835
2.000000000000000	0.682812195308785	0.134080229844736	-0.033883323784706
2.000000000000000	0.678702181183854	0.179410935613204	-0.030570848552033
2.000000000000000	0.671746403257538	0.224390332473995	-0.027103177236462
2.000000000000000	0.661972869992548	0.268837304271148	-0.023494272926486
2.000000000000000	0.649420935957835	0.312572878736518	-0.019758667406021
2.000000000000000	0.634141143361629	0.355420948147930	-0.015911402640041
2.000000000000000	0.616195018535808	0.397208978452825	-0.011967970205889
2.000000000000000	0.595654824191073	0.437768704001989	-0.007944248914167
2.000000000000000	0.572603268440516	0.476936805095939	-0.003856440870371
2.000000000000000	0.547133171763241	0.514555565615706	0.000278993765274
2.000000000000000	0.519347093249057	0.550473508089985	0.004445403057066
2.000000000000000	0.489356917629217	0.584546003641444	0.008626010345295
2.000000000000000	0.457283404756095	0.616635854356175	0.012803981799930
2.000000000000000	0.423255703345886	0.646613845731261	0.016962494204514
2.000000000000000	0.387410830942303	0.674359266975979	0.021084802697313
2.000000000000000	0.349893122195291	0.699760397071552	0.025154308196970
2.000000000000000	0.310853647676333	0.722714954632255	0.029154624241146
2.000000000000000	0.270449605570578	0.743130509756458	0.033069642969015
2.000000000000000	0.228843688695230	0.760924856209220	0.036883599981944
2.000000000000000	0.186203429392997	0.776026342437780	0.040581137821152
2.000000000000000	0.142700524938476	0.788374160087069	0.044147367806785
2.000000000000000	0.098510146173826	0.797918588853501	0.047567929989369
2.000000000000000	0.053810232157613	0.804621196691078	0.050829050972261
2.000000000000000	0.008780773667024	0.808454994563684	0.053917599372255
2.000000000000000	-0.036396911561465	0.809404545120399	0.056821138695029
2.000000000000000	-0.081540908934622	0.807466024856270	0.059527977412515
2.000000000000000	-0.126469439508318	0.802647239508212	0.062027216040560
2.000000000000000	-0.171001591947178	0.794967592624061	0.064308791027299
2.000000000000000	-0.214958050990675	0.784458007431337	0.066363515275530
2.000000000000000	-0.258161819492401	0.771160802320317	0.068183115135905
2.000000000000000	-0.300438931125099	0.755129520442819	0.069760263722005
2.000000000000000	-0.341619150881668	0.736428714112821	0.071088610413117
2.000000000000000	-0.381536660551450	0.715133684877082	0.072162806425948
2.000000000000000	-0.420030726411642	0.691330180302386	0.072978526352285
2.000000000000000	-0.456946346445264	0.665114048700357	0.073532485575888
2.000000000000000	-0.492134874479579	0.636590853180136	0.073822453498481
2.000000000000000	-0.525454618731766	0.605875446582998	0.073847262521580
2.000000000000000	-0.556771412351716	0.573091509010499	0.073606812748007
2.000000000000000	-0.585959153664589	0.538371049808358	0.073102072384134
2.000000000000000	-0.612900313937751	0.501853876011410	0.072335073841262
2.000000000000000	-0.637486410627494	0.463687029390028	0.071308905551815
2.000000000000000	-0.659618444199960	0.424024194364806	0.070027699533316
2.000000000000000	-0.679207296767315	0.383025079173638	0.068496614750206
2.000000000000000	-0.696174090934034	0.340854772783019	0.066721816340522
2.000000000000000	-0.710450507408332	0.297683080133036	0.064710450791054
2.000000000000000	-0.721979060099839	0.253683838392809	0.062470617160971
2.000000000000000	-0.730713327595798	0.209034216979571	0.060011334469767
2.000000000000000	-0.736618140083707	0.163914004159946	0.057342505380851
2.000000000000000	-0.739669720967744	0.118504883106059	0.054474876327016
2.000000000000000	-0.739855782608727	0.072989700321530	0.051419994238351
2.000000000000000	-0.737175575802095	0.027551729383131	0.048190160046825
2.000000000000000	-0.731639892794697	-0.017626067037217	0.044798379154778
2.000000000000000	-0.723271023828218	-0.062361773898552	0.041258309066755
2.000000000000000	-0.712102667384248	-0.106475256298532	0.037584204395553
2.000000000000000	-0.698179794492383	-0.149788884813110	0.033790859463931
2.000000000000000	-0.681558467647768	-0.192128250747535	0.029893548733092
2.000000000000000	-0.662305615067213	-0.233322868418602	0.025907965297818
2.000000000000000	-0.640498761192885	-0.273206861640336	0.021850157695914
2.000000000000000	-0.616225714528743	-0.311619631648838	0.017736465286417
2.000000000000000	-0.589584214066683	-0.348406503776833	0.013583452456757
2.000000000000000	-0.560681535726113	-0.383419350273957	0.009407841923819
2.000000000000000	-0.529634060391692	-0.416517186764934	0.005226447397463
2.000000000000000	-0.496566805288578	-0.447566739943888	0.001056105877651
2.000000000000000	-0.461612920582190	-0.476442984218916	-0.003086390142215
2.000000000000000	-0.424913153229483	-0.503029645146011	-0.007184360292729
2.000000000000000	-0.386615280240634	-0.527219667625217	-0.011221303494448
2.000000000000000	-0.346873513633173	-0.548915646973727	-0.015180964401915
2.000000000000000	-0.305847879474620	-0.568030221140166	-0.019047398858191
2.000000000000000	-0.263703573513988	-0.584486422480736	-0.022805038096355
2.000000000000000	-0.220610295996812	-0.598217987680751	-0.026438751429430
2.000000000000000	-0.176741568342148	-0.609169624573622	-0.029933907176322
2.000000000000000	-0.132274034433069	-0.617297234782893	-0.033276431578429
2.000000000000000	-0.087386749334087	-0.622568091290840	-0.036452865469709
2.000000000000000	-0.042260458299609	-0.624960970218623	-0.039450418471984
2.000000000000000	0.002923131023414	-0.624466236287350	-0.042257020497280
2.000000000000000	0.047982080268044	-0.621085881615949	-0.044861370349816
2.000000000000000	0.092734952948947	-0.614833517699608	-0.047252981231923
2.000000000000000	0.137001545043086	-0.605734320601085	-0.049422222970684
2.000000000000000	0.180603610607715	-0.593824929575589	-0.051360360795238


3.000000000000000	nan	nan	nan
3.000000000000000	nan	nan	nan
3.000000000000000	nan	nan	nan
3.000000000000000	nan	nan	nan
3.000000000000000	nan	nan	nan
3.000000000000000	nan	nan	nan
3.000000000000000	nan	nan	nan
3.000000000000000	nan	nan	nan
3.000000000000000	nan	nan	nan
3.000000000000000	nan	nan	nan
3.000000000000000	nan	nan	nan
3.000000000000000	nan	nan	nan
3.000000000000000	nan	nan	nan
3.000000000000000	nan	nan	nan
3.000000000000000	nan	nan	nan
3.000000000000000	nan	nan	nan
3.000000000000000	nan	nan	nan
3.000000000000000	nan	nan	nan
3.000000000000000	nan	nan	nan
3.000000000000000	nan	nan	nan
3.000000000000000	nan	nan	nan
3.000000000000000	nan	nan	nan
3.000000000000000	nan	nan	nan
3.000000000000000	nan	nan	nan
3.000000000000000	nan	nan	nan
3.000000000000000	nan	nan	nan
3.000000000000000	nan	nan	nan
3.000000000000000	nan	nan	nan
3.000000000000000	nan	nan	nan
3.000000000000000	nan	nan	nan
3.000000000000000	nan	nan	nan
3.000000000000000	nan	nan	nan
3.000000000000000	nan	nan	nan
3.000000000000000	nan	nan	nan
3.000000000000000	nan	nan	nan
3.000000000000000	nan	nan	nan
3.000000000000000	nan	nan	nan
3.000000000000000	nan	nan	nan
3.000000000000000	nan	nan	nan
3.000000000000000	nan	nan	nan
3.000000000000000	nan	nan	nan
3.000000000000000	nan	nan	nan
3.000000000000000	nan	nan	nan
3.000000000000000	nan	nan	nan
3.000000000000000	nan	nan	nan
3.000000000000000	nan	nan	nan
3.000000000000000	nan	nan	nan
3.000000000000000	nan	nan	nan
3.000000000000000	nan	nan	nan
3.000000000000000	nan	nan	nan
3.000000000000000	nan	nan	nan
3.000000000000000	nan	nan	nan
3.000000000000000	nan	nan	nan
3.000000000000000	nan	nan	nan
3.000000000000000	nan	nan	nan
3.000000000000000	nan	nan	nan
3.000000000000000	nan	nan	nan
3.000000000000000	nan	nan	nan
3.000000000000000	nan	nan	nan
3.000000000000000	nan	nan	nan
3.000000000000000	nan	nan	nan
3.000000000000000	nan	nan	nan
3.000000000000000	nan	nan	nan
3.000000000000000	nan	nan	nan
3.000000000000000	nan	nan	nan
3.000000000000000	nan	nan	nan
3.000000000000000	nan	nan	nan
3.000000000000000	nan	nan	nan
3.000000000000000	nan	nan	nan
3.000000000000000	nan	nan	nan
3.000000000000000	nan	nan	nan
3.000000000000000	nan	nan	nan
3.000000000000000	nan	nan	nan
3.000000000000000	nan	nan	nan
3.000000000000000	nan	nan	nan
3.000000000000000	nan	nan	nan
3.000000000000000	nan	nan	nan
3.000000000000000	nan	nan	nan
3.000000000000000	nan	nan	nan
3.000000000000000	nan	nan	nan
3.000000000000000	nan	nan	nan
3.000000000000000	nan	nan	nan
3.000000000000000	nan	nan	nan
3.000000000000000	nan	nan	nan
3.000000000000000	nan	nan	nan
3.000000000000000	nan	nan	nan
3.000000000000000	nan	nan	nan
3.000000000000000	nan	nan	nan
3.000000000000000	nan	nan	nan
3.000000000000000	nan	nan	nan
3.000000000000000	nan	nan	nan
3.000000000000000	nan	nan	nan
3.000000000000000	nan	nan	nan
3.000000000000000	nan	nan	nan
3.000000000000000	nan	nan	nan
3.000000000000000	nan	nan	nan
3.000000000000000	nan	nan	nan
3.000000000000000	nan	nan	nan
3.000000000000000	nan	nan	nan
3.000000000000000	nan	nan	nan


4.000000000000000	nan	nan	nan
4.000000000000000	nan	nan	nan
4.000000000000000	nan	nan	nan
4.000000000000000	nan	nan	nan
4.000000000000000	nan	nan	nan
4.000000000000000	nan	nan	nan
4.000000000000000	nan	nan	nan
4.000000000000000	nan	nan	nan
4.000000000000000	nan	nan	nan
4.000000000000000	nan	nan	nan
4.000000000000000	nan	nan	nan
4.000000000000000	nan	nan	nan
4.000000000000000	nan	nan	nan
4.000000000000000	nan	nan	nan
4.000000000000000	nan	nan	nan
4.000000000000000	nan	nan	nan
4.000000000000000	nan	nan	nan
4.000000000000000	nan	nan	nan
4.000000000000000	nan	nan	nan
4.000000000000000	nan	nan	nan
4.000000000000000	nan	nan	nan
4.000000000000000	nan	nan	nan
4.000000000000000	nan	nan	nan
4.000000000000000	nan	nan	nan
4.000000000000000	nan	nan	nan
4.000000000000000	nan	nan	nan
4.000000000000000	nan	nan	nan
4.000000000000000	nan	nan	nan
4.000000000000000	nan	nan	nan
4.000000000000000	nan	nan	nan
4.000000000000000	nan	nan	nan
4.000000000000000	nan	nan	nan
4.000000000000000	nan	nan	nan
4.000000000000000	nan	nan	nan
4.000000000000000	nan	nan	nan
4.000000000000000	nan	nan	nan
4.000000000000000	nan	nan	nan
4.000000000000000	nan	nan	nan
4.000000000000000	nan	nan	nan
4.000000000000000	nan	nan	nan
4.000000000000000	nan	nan	nan
4.000000000000000	nan	nan	nan
4.000000000000000	nan	nan	nan
4.000000000000000	nan	nan	nan
4.000000000000000	nan	nan	nan
4.000000000000000	nan	nan	nan
4.000000000000000	nan	nan	nan
4.000000000000000	nan	nan	nan
4.000000000000000	nan	nan	nan
4.000000000000000	nan	nan	nan
4.000000000000000	nan	nan	nan
4.000000000000000	nan	nan	nan
4.000000000000000	nan	nan	nan
4.000000000000000	nan	nan	nan
4.000000000000000	nan	nan	nan
4.000000000000000	nan	nan	nan
4.000000000000000	nan	nan	nan
4.000000000000000	nan	nan	nan
4.000000000000000	nan	nan	nan
4.000000000000000	nan	nan	nan
4.000000000000000	nan	nan	nan
4.000000000000000	nan	nan	nan
4.000000000000000	nan	nan	nan
4.000000000000000	nan	nan	nan
4.000000000000000	nan	nan	nan
4.000000000000000	nan	nan	nan
4.000000000000000	nan	nan	nan
4.000000000000000	nan	nan	nan
4.000000000000000	nan	nan	nan
4.000000000000000	nan	nan	nan
4.000000000000000	nan	nan	nan
4.000000000000000	nan	nan	nan
4.000000000000000	nan	nan	nan
4.000000000000000	nan	nan	nan
4.000000000000000	nan	nan	nan
4.000000000000000	nan	nan	nan
4.000000000000000	nan	nan	nan
4.000000000000000	nan	nan	nan
4.000000000000000	nan	nan	nan
4.000000000000000	nan	nan	nan
4.000000000000000	nan	nan	nan
4.000000000000000	nan	nan	nan
4.000000000000000	nan	nan	nan
4.000000000000000	nan	nan	nan
4.000000000000000	nan	nan	nan
4.000000000000000	nan	nan	nan
4.000000000000000	nan	nan	nan
4.000000000000000	nan	nan	nan
4.000000000000000	nan	nan	nan
4.000000000000000	nan	nan	nan
4.000000000000000	nan	nan	nan
4.000000000000000	nan	nan	nan
4.000000000000000	nan	nan	nan
4.000000000000000	nan	nan	nan
4.000000000000000	nan	nan	nan
4.000000000000000	nan	nan	nan
4.000000000000000	nan	nan	nan
4.000000000000000	nan	nan	nan
4.000000000000000	nan	nan	nan
4.000000000000000	nan	nan	nan


5.000000000000000	nan	nan	nan
5.000000000000000	nan	nan	nan
5.000000000000000	nan	nan	nan
5.000000000000000	nan	nan	nan
5.000000000000000	nan	nan	nan
5.000000000000000	nan	nan	nan
5.000000000000000	nan	nan	nan
5.000000000000000	nan	nan	nan
5.000000000000000	nan	nan	nan
5.000000000000000	nan	nan	nan
5.000000000000000	nan	nan	nan
5.000000000000000	nan	nan	nan
5.000000000000000	nan	nan	nan
5.000000000000000	nan	nan	nan
5.000000000000000	nan	nan	nan
5.000000000000000	nan	nan	nan
5.000000000000000	nan	nan	nan
5.000000000000000	nan	nan	nan
5.000000000000000	nan	nan	nan
5.000000000000000	nan	nan	nan
5.000000000000000	nan	nan	nan
5.000000000000000	nan	nan	nan
5.000000000000000	nan	nan	nan
5.000000000000000	nan	nan	nan
5.000000000000000	nan	nan	nan
5.000000000000000	nan	nan	nan
5.000000000000000	nan	nan	nan
5.000000000000000	nan	nan	nan
5.000000000000000	nan	nan	nan
5.000000000000000	nan	nan	nan
5.000000000000000	nan	nan	nan
5.000000000000000	nan	nan	nan
5.000000000000000	nan	nan	nan
5.000000000000000	nan	nan	nan
5.000000000000000	nan	nan	nan
5.000000000000000	nan	nan	nan
5.000000000000000	nan	nan	nan
5.000000000000000	nan	nan	nan
5.000000000000000	nan	nan	nan
5.000000000000000	nan	nan	nan
5.000000000000000	nan	nan	nan
5.000000000000000	nan	nan	nan
5.000000000000000	nan	nan	nan
5.000000000000000	nan	nan	nan
5.000000000000000	nan	nan	nan
5.000000000000000	nan	nan	nan
5.000000000000000	nan	nan	nan
5.000000000000000	nan	nan	nan
5.000000000000000	nan	nan	nan
5.000000000000000	nan	nan	nan
5.000000000000000	nan	nan	nan
5.000000000000000	nan	nan	nan
5.000000000000000	nan	nan	nan
5.000000000000000	nan	nan	nan
5.000000000000000	nan	nan	nan
5.000000000000000	nan	nan	nan
5.000000000000000	nan	nan	nan
5.000000000000000	nan	nan	nan
5.000000000000000	nan	nan	nan
5.000000000000000	nan	nan	nan
5.000000000000000	nan	nan	nan
5.000000000000000	nan	nan	nan
5.000000000000000	nan	nan	nan
5.000000000000000	nan	nan	nan
5.000000000000000	nan	nan	nan
5.000000000000000	nan	nan	nan
5.000000000000000	nan	nan	nan
5.000000000000000	nan	nan	nan
5.000000000000000	nan	nan	nan
5.000000000000000	nan	nan	nan
5.000000000000000	nan	nan	nan
5.000000000000000	nan	nan	nan
5.000000000000000	nan	nan	nan
5.000000000000000	nan	nan	nan
5.000000000000000	nan	nan	nan
5.000000000000000	nan	nan	nan
5.000000000000000	nan	nan	nan
5.000000000000000	nan	nan	nan
5.000000000000000	nan	nan	nan
5.000000000000000	nan	nan	nan
5.000000000000000	nan	nan	nan
5.000000000000000	nan	nan	nan
5.000000000000000	nan	nan	nan
5.000000000000000	nan	nan	nan
5.000000000000000	nan	nan	nan
5.000000000000000	nan	nan	nan
5.000000000000000	nan	nan	nan
5.000000000000000	nan	nan	nan
5.000000000000000	nan	nan	nan
5.000000000000000	nan	nan	nan
5.000000000000000	nan	nan	nan
5.000000000000000	nan	nan	nan
5.000000000000000	nan	nan	nan
5.000000000000000	nan	nan	nan
5.000000000000000	nan	nan	nan
5.000000000000000	nan	nan	nan
5.000000000000000	nan	nan	nan
5.000000000000000	nan	nan	nan
5.000000000000000	nan	nan	nan
5.000000000000000	nan	nan	nan


6.000000000000000	nan	nan	nan
6.000000000000000	nan	nan	nan
6.000000000000000	nan	nan	nan
6.000000000000000	nan	nan	nan
6.000000000000000	nan	nan	nan
6.000000000000000	nan	nan	nan
6.000000000000000	nan	nan	nan
6.000000000000000	nan	nan	nan
6.000000000000000	nan	nan	nan
6.000000000000000	nan	nan	nan
6.000000000000000	nan	nan	nan
6.000000000000000	nan	nan	nan
6.000000000000000	nan	nan	nan
6.000000000000000	nan	nan	nan
6.000000000000000	nan	nan	nan
6.000000000000000	nan	nan	nan
6.000000000000000	nan	nan	nan
6.000000000000000	nan	nan	nan
6.000000000000000	nan	nan	nan
6.000000000000000	nan	nan	nan
6.000000000000000	nan	nan	nan
6.000000000000000	nan	nan	nan
6.000000000000000	nan	nan	nan
6.000000000000000	nan	nan	nan
6.000000000000000	nan	nan	nan
6.000000000000000	nan	nan	nan
6.000000000000000	nan	nan	nan
6.000000000000000	nan	nan	nan
6.000000000000000	nan	nan	nan
6.000000000000000	nan	nan	nan
6.000000000000000	nan	nan	nan
6.000000000000000	nan	nan	nan
6.000000000000000	nan	nan	nan
6.000000000000000	nan	nan	nan
6.000000000000000	nan	nan	nan
6.000000000000000	nan	nan	nan
6.000000000000000	nan	nan	nan
6.000000000000000	nan	nan	nan
6.000000000000000	nan	nan	nan
6.000000000000000	nan	nan	nan
6.000000000000000	nan	nan	nan
6.000000000000000	nan	nan	nan
6.000000000000000	nan	nan	nan
6.000000000000000	nan	nan	nan
6.000000000000000	nan	nan	nan
6.000000000000000	nan	nan	nan
6.000000000000000	nan	nan	nan
6.000000000000000	nan	nan	nan
6.000000000000000	nan	nan	nan
6.000000000000000	nan	nan	nan
6.000000000000000	nan	nan	nan
6.000000000000000	nan	nan	nan
6.000000000000000	nan	nan	nan
6.000000000000000	nan	nan	nan
6.000000000000000	nan	nan	nan
6.000000000000000	nan	nan	nan
6.000000000000000	nan	nan	nan
6.000000000000000	nan	nan	nan
6.000000000000000	nan	nan	nan
6.000000000000000	nan	nan	nan
6.000000000000000	nan	nan	nan
6.000000000000000	nan	nan	nan
6.000000000000000	nan	nan	nan
6.000000000000000	nan	nan	nan
6.000000000000000	nan	nan	nan
6.000000000000000	nan	nan	nan
6.000000000000000	nan	nan	nan
6.000000000000000	nan	nan	nan
6.000000000000000	nan	nan	nan
6.000000000000000	nan	nan	nan
6.000000000000000	nan	nan	nan
6.000000000000000	nan	nan	nan
6.000000000000000	nan	nan	nan
6.000000000000000	nan	nan	nan
6.000000000000000	nan	nan	nan
6.000000000000000	nan	nan	nan
6.000000000000000	nan	nan	nan
6.000000000000000	nan	nan	nan
6.000000000000000	nan	nan	nan
6.000000000000000	nan	nan	nan
6.000000000000000	nan	nan	nan
6.000000000000000	nan	nan	nan
6.000000000000000	nan	nan	nan
6.000000000000000	nan	nan	nan
6.000000000000000	nan	nan	nan
6.000000000000000	nan	nan	nan
6.000000000000000	nan	nan	nan
6.000000000000000	nan	nan	nan
6.000000000000000	nan	nan	nan
6.000000000000000	nan	nan	nan
6.000000000000000	nan	nan	nan
6.000000000000000	nan	nan	nan
6.000000000000000	nan	nan	nan
6.000000000000000	nan	nan	nan
6.000000000000000	nan	nan	nan
6.000000000000000	nan	nan	nan
6.000000000000000	nan	nan	nan
6.000000000000000	nan	nan	nan
6.000000000000000	nan	nan	nan
6.000000000000000	nan	nan	nan


7.000000000000000	nan	nan	nan
7.000000000000000	nan	nan	nan
7.000000000000000	nan	nan	nan
7.000000000000000	nan	nan	nan
7.000000000000000	nan	nan	nan
7.000000000000000	nan	nan	nan
7.000000000000000	nan	nan	nan
7.000000000000000	nan	nan	nan
7.000000000000000	nan	nan	nan
7.000000000000000	nan	nan	nan
7.000000000000000	nan	nan	nan
7.000000000000000	nan	nan	nan
7.000000000000000	nan	nan	nan
7.000000000000000	nan	nan	nan
7.000000000000000	nan	nan	nan
7.000000000000000	nan	nan	nan
7.000000000000000	nan	nan	nan
7.000000000000000	nan	nan	nan
7.000000000000000	nan	nan	nan
7.000000000000000	nan	nan	nan
7.000000000000000	nan	nan	nan
7.000000000000000	nan	nan	nan
7.000000000000000	nan	nan	nan
7.000000000000000	nan	nan	nan
7.000000000000000	nan	nan	nan
7.000000000000000	nan	nan	nan
7.000000000000000	nan	nan	nan
7.000000000000000	nan	nan	nan
7.000000000000000	nan	nan	nan
7.000000000000000	nan	nan	nan
7.000000000000000	nan	nan	nan
7.000000000000000	nan	nan	nan
7.000000000000000	nan	nan	nan
7.000000000000000	nan	nan	nan
7.000000000000000	nan	nan	nan
7.000000000000000	nan	nan	nan
7.000000000000000	nan	nan	nan
7.000000000000000	nan	nan	nan
7.000000000000000	nan	nan	nan
7.000000000000000	nan	nan	nan
7.000000000000000	nan	nan	nan
7.000000000000000	nan	nan	nan
7.000000000000000	nan	nan	nan
7.000000000000000	nan	nan	nan
7.000000000000000	nan	nan	nan
7.000000000000000	nan	nan	nan
7.000000000000000	nan	nan	nan
7.000000000000000	nan	nan	nan
7.000000000000000	nan	nan	nan
7.000000000000000	nan	nan	nan
7.000000000000000	nan	nan	nan
7.000000000000000	nan	nan	nan
7.000000000000000	nan	nan	nan
7.000000000000000	nan	nan	nan
7.000000000000000	nan	nan	nan
7.000000000000000	nan	nan	nan
7.000000000000000	nan	nan	nan
7.000000000000000	nan	nan	nan
7.000000000000000	nan	nan	nan
7.000000000000000	nan	nan	nan
7.000000000000000	nan	nan	nan
7.000000000000000	nan	nan	nan
7.000000000000000	nan	nan	nan
7.000000000000000	nan	nan	nan
7.000000000000000	nan	nan	nan
7.000000000000000	nan	nan	nan
7.000000000000000	nan	nan	nan
7.000000000000000	nan	nan	nan
7.000000000000000	nan	nan	nan
7.000000000000000	nan	nan	nan
7.000000000000000	nan	nan	nan
7.000000000000000	nan	nan	nan
7.000000000000000	nan	nan	nan
7.000000000000000	nan	nan	nan
7.000000000000000	nan	nan	nan
7.000000000000000	nan	nan	nan
7.000000000000000	nan	nan	nan
7.000000000000000	nan	nan	nan
7.000000000000000	nan	nan	nan
7.000000000000000	nan	nan	nan
7.000000000000000	nan	nan	nan
7.000000000000000	nan	nan	nan
7.000000000000000	nan	nan	nan
7.000000000000000	nan	nan	nan
7.000000000000000	nan	nan	nan
7.000000000000000	nan	nan	nan
7.000000000000000	nan	nan	nan
7.000000000000000	nan	nan	nan
7.000000000000000	nan	nan	nan
7.000000000000000	nan	nan	nan
7.000000000000000	nan	nan	nan
7.000000000000000	nan	nan	nan
7.000000000000000	nan	nan	nan
7.000000000000000	nan	nan	nan
7.000000000000000	nan	nan	nan
7.000000000000000	nan	nan	nan
7.000000000000000	nan	nan	nan
7.000000000000000	nan	nan	nan
7.000000000000000	nan	nan	nan
7.000000000000000	nan	nan	nan


8.000000000000000	nan	nan	nan
8.000000000000000	nan	nan	nan
8.000000000000000	nan	nan	nan
8.000000000000000	nan	nan	nan
8.000000000000000	nan	nan	nan
8.000000000000000	nan	nan	nan
8.000000000000000	nan	nan	nan
8.000000000000000	nan	nan	nan
8.000000000000000	nan	nan	nan
8.000000000000000	nan	nan	nan
8.000000000000000	nan	nan	nan
8.000000000000000	nan	nan	nan
8.000000000000000	nan	nan	nan
8.000000000000000	nan	nan	nan
8.000000000000000	nan	nan	nan
8.000000000000000	nan	nan	nan
8.000000000000000	nan	nan	nan
8.000000000000000	nan	nan	nan
8.000000000000000	nan	nan	nan
8.000000000000000	nan	nan	nan
8.000000000000000	nan	nan	nan
8.000000000000000	nan	nan	nan
8.000000000000000	nan	nan	nan
8.000000000000000	nan	nan	nan
8.000000000000000	nan	nan	nan
8.000000000000000	nan	nan	nan
8.000000000000000	nan	nan	nan
8.000000000000000	nan	nan	nan
8.000000000000000	nan	nan	nan
8.000000000000000	nan	nan	nan
8.000000000000000	nan	nan	nan
8.000000000000000	nan	nan	nan
8.000000000000000	nan	nan	nan
8.000000000000000	nan	nan	nan
8.000000000000000	nan	nan	nan
8.000000000000000	nan	nan	nan
8.000000000000000	nan	nan	nan
8.000000000000000	nan	nan	nan
8.000000000000000	nan	nan	nan
8.000000000000000	nan	nan	nan
8.000000000000000	nan	nan	nan
8.000000000000000	nan	nan	nan
8.000000000000000	nan	nan	nan
8.000000000000000	nan	nan	nan
8.000000000000000	nan	nan	nan
8.000000000000000	nan	nan	nan
8.000000000000000	nan	nan	nan
8.000000000000000	nan	nan	nan
8.000000000000000	nan	nan	nan
8.000000000000000	nan	nan	nan
8.000000000000000	nan	nan	nan
8.000000000000000	nan	nan	nan
8.000000000000000	nan	nan	nan
8.000000000000000	nan	nan	nan
8.000000000000000	nan	nan	nan
8.000000000000000	nan	nan	nan
8.000000000000000	nan	nan	nan
8.000000000000000	nan	nan	nan
8.000000000000000	nan	nan	nan
8.000000000000000	nan	nan	nan
8.000000000000000	nan	nan	nan
8.000000000000000	nan	nan	nan
8.000000000000000	nan	nan	nan
8.000000000000000	nan	nan	nan
8.000000000000000	nan	nan	nan
8.000000000000000	nan	nan	nan
8.000000000000000	nan	nan	nan
8.000000000000000	nan	nan	nan
8.000000000000000	nan	nan	nan
8.000000000000000	nan	nan	nan
8.000000000000000	nan	nan	nan
8.000000000000000	nan	nan	nan
8.000000000000000	nan	nan	nan
8.000000000000000	nan	nan	nan
8.000000000000000	nan	nan	nan
8.000000000000000	nan	nan	nan
8.000000000000000	nan	nan	nan
8.000000000000000	nan	nan	nan
8.000000000000000	nan	nan	nan
8.000000000000000	nan	nan	nan
8.000000000000000	nan	nan	nan
8.000000000000000	nan	nan	nan
8.000000000000000	nan	nan	nan
8.000000000000000	nan	nan	nan
8.000000000000000	nan	nan	nan
8.000000000000000	nan	nan	nan
8.000000000000000	nan	nan	nan
8.000000000000000	nan	nan	nan
8.000000000000000	nan	nan	nan
8.000000000000000	nan	nan	nan
8.000000000000000	nan	nan	nan
8.000000000000000	nan	nan	nan
8.000000000000000	nan	nan	nan
8.000000000000000	nan	nan	nan
8.000000000000000	nan	nan	nan
8.000000000000000	nan	nan	nan
8.000000000000000	nan	nan	nan
8.000000000000000	nan	nan	nan
8.000000000000000	nan	nan	nan
8.000000000000000	nan	nan	nan


9.000000000000000	nan	nan	nan
9.000000000000000	nan	nan	nan
9.000000000000000	nan	nan	nan
9.000000000000000	nan	nan	nan
9.000000000000000	nan	nan	nan
9.000000000000000	nan	nan	nan
9.000000000000000	nan	nan	nan
9.000000000000000	nan	nan	nan
9.000000000000000	nan	nan	nan
9.000000000000000	nan	nan	nan
9.000000000000000	nan	nan	nan
9.000000000000000	nan	nan	nan
9.000000000000000	nan	nan	nan
9.000000000000000	nan	nan	nan
9.000000000000000	nan	nan	nan
9.000000000000000	nan	nan	nan
9.000000000000000	nan	nan	nan
9.000000000000000	nan	nan	nan
9.000000000000000	nan	nan	nan
9.000000000000000	nan	nan	nan
9.000000000000000	nan	nan	nan
9.000000000000000	nan	nan	nan
9.000000000000000	nan	nan	nan
9.000000000000000	nan	nan	nan
9.000000000000000	nan	nan	nan
9.000000000000000	nan	nan	nan
9.000000000000000	nan	nan	nan
9.000000000000000	nan	nan	nan
9.000000000000000	nan	nan	nan
9.000000000000000	nan	nan	nan
9.000000000000000	nan	nan	nan
9.000000000000000	nan	nan	nan
9.000000000000000	nan	nan	nan
9.000000000000000	nan	nan	nan
9.000000000000000	nan	nan	nan
9.000000000000000	nan	nan	nan
9.000000000000000	nan	nan	nan
9.000000000000000	nan	nan	nan
9.000000000000000	nan	nan	nan
9.000000000000000	nan	nan	nan
9.000000000000000	nan	nan	nan
9.000000000000000	nan	nan	nan
9.000000000000000	nan	nan	nan
9.000000000000000	nan	nan	nan
9.000000000000000	nan	nan	nan
9.000000000000000	nan	nan	nan
9.000000000000000	nan	nan	nan
9.000000000000000	nan	nan	nan
9.000000000000000	nan	nan	nan
9.000000000000000	nan	nan	nan
9.000000000000000	nan	nan	nan
9.000000000000000	nan	nan	nan
9.000000000000000	nan	nan	nan
9.000000000000000	nan	nan	nan
9.000000000000000	nan	nan	nan
9.000000000000000	nan	nan	nan
9.000000000000000	nan	nan	nan
9.000000000000000	nan	nan	nan
9.000000000000000	nan	nan	nan
9.000000000000000	nan	nan	nan
9.000000000000000	nan	nan	nan
9.000000000000000	nan	nan	nan
9.000000000000000	nan	nan	nan
9.000000000000000	nan	nan	nan
9.000000000000000	nan	nan	nan
9.000000000000000	nan	nan	nan
9.000000000000000	nan	nan	nan
9.000000000000000	nan	nan	nan
9.000000000000000	nan	nan	nan
9.000000000000000	nan	nan	nan
9.000000000000000	nan	nan	nan
9.000000000000000	nan	nan	nan
9.000000000000000	nan	nan	nan
9.000000000000000	nan	nan	nan
9.000000000000000	nan	nan	nan
9.000000000000000	nan	nan	nan
9.000000000000000	nan	nan	nan
9.000000000000000	nan	nan	nan
9.000000000000000	nan	nan	nan
9.000000000000000	nan	nan	nan
9.000000000000000	nan	nan	nan
9.000000000000000	nan	nan	nan
9.000000000000000	nan	nan	nan
9.000000000000000	nan	nan	nan
9.000000000000000	nan	nan	nan
9.000000000000000	nan	nan	nan
9.000000000000000	nan	nan	nan
9.000000000000000	nan	nan	nan
9.000000000000000	nan	nan	nan
9.000000000000000	nan	nan	nan
9.000000000000000	nan	nan	nan
9.000000000000000	nan	nan	nan
9.000000000000000	nan	nan	nan
9.000000000000000	nan	nan	nan
9.000000000000000	nan	nan	nan
9.000000000000000	nan	nan	nan
9.000000000000000	nan	nan	nan
9.000000000000000	nan	nan	nan
9.000000000000000	nan	nan	nan
9.000000000000000	nan	nan	nan


10.000000000000000	nan	nan	nan
10.000000000000000	nan	nan	nan
10.000000000000000	nan	nan	nan
10.000000000000000	nan	nan	nan
10.000000000000000	nan	nan	nan
10.000000000000000	nan	nan	nan
10.000000000000000	nan	nan	nan
10.000000000000000	nan	nan	nan
10.000000000000000	nan	nan	nan
10.000000000000000	nan	nan	nan
10.000000000000000	nan	nan	nan
10.000000000000000	nan	nan	nan
10.000000000000000	nan	nan	nan
10.000000000000000	nan	nan	nan
10.000000000000000	nan	nan	nan
10.000000000000000	nan	nan	nan
10.000000000000000	nan	nan	nan
10.000000000000000	nan	nan	nan
10.000000000000000	nan	nan	nan
10.000000000000000	nan	nan	nan
10.000000000000000	nan	nan	nan
10.000000000000000	nan	nan	nan
10.000000000000000	nan	nan	nan
10.000000000000000	nan	nan	nan
10.000000000000000	nan	nan	nan
10.000000000000000	nan	nan	nan
10.000000000000000	nan	nan	nan
10.000000000000000	nan	nan	nan
10.000000000000000	nan	nan	nan
10.000000000000000	nan	nan	nan
10.000000000000000	nan	nan	nan
10.000000000000000	nan	nan	nan
10.000000000000000	nan	nan	nan
10.000000000000000	nan	nan	nan
10.000000000000000	nan	nan	nan
10.000000000000000	nan	nan	nan
10.000000000000000	nan	nan	nan
10.000000000000000	nan	nan	nan
10.000000000000000	nan	nan	nan
10.000000000000000	nan	nan	nan
10.000000000000000	nan	nan	nan
10.000000000000000	nan	nan	nan
10.000000000000000	nan	nan	nan
10.000000000000000	nan	nan	nan
10.000000000000000	nan	nan	nan
10.000000000000000	nan	nan	nan
10.000000000000000	nan	nan	nan
10.000000000000000	nan	nan	nan
10.000000000000000	nan	nan	nan
10.000000000000000	nan	nan	nan
10.000000000000000	nan	nan	nan
10.000000000000000	nan	nan	nan
10.000000000000000	nan	nan	nan
10.000000000000000	nan	nan	nan
10.000000000000000	nan	nan	nan
10.000000000000000	nan	nan	nan
10.000000000000000	nan	nan	nan
10.000000000000000	nan	nan	nan
10.000000000000000	nan	nan	nan
10.000000000000000	nan	nan	nan
10.000000000000000	nan	nan	nan
10.000000000000000	nan	nan	nan
10.000000000000000	nan	nan	nan
10.000000000000000	nan	nan	nan
10.000000000000000	nan	nan	nan
10.000000000000000	nan	nan	nan
10.000000000000000	nan	nan	nan
10.000000000000000	nan	nan	nan
10.000000000000000	nan	nan	nan
10.000000000000000	nan	nan	nan
10.000000000000000	nan	nan	nan
10.000000000000000	nan	nan	nan
10.000000000000000	nan	nan	nan
10.000000000000000	nan	nan	nan
10.000000000000000	nan	nan	nan
10.000000000000000	nan	nan	nan
10.000000000000000	nan	nan	nan
10.000000000000000	nan	nan	nan
10.000000000000000	nan	nan	nan
10.000000000000000	nan	nan	nan
10.000000000000000	nan	nan	nan
10.000000000000000	nan	nan	nan
10.000000000000000	nan	nan	nan
10.000000000000000	nan	nan	nan
10.000000000000000	nan	nan	nan
10.000000000000000	nan	nan	nan
10.000000000000000	nan	nan	nan
10.000000000000000	nan	nan	nan
10.000000000000000	nan	nan	nan
10.000000000000000	nan	nan	nan
10.000000000000000	nan	nan	nan
10.000000000000000	nan	nan	nan
10.000000000000000	nan	nan	nan
10.000000000000000	nan	nan	nan
10.000000000000000	nan	nan	nan
10.000000000000000	nan	nan	nan
10.000000000000000	nan	nan	nan
10.000000000000000	nan	nan	nan
10.000000000000000	nan	nan	nan
10.000000000000000	nan	nan	nan


11.000000000000000	nan	nan	nan
11.000000000000000	nan	nan	nan
11.000000000000000	nan	nan	nan
11.000000000000000	nan	nan	nan
11.000000000000000	nan	nan	nan
11.000000000000000	nan	nan	nan
11.000000000000000	nan	nan	nan
11.000000000000000	nan	nan	nan
11.000000000000000	nan	nan	nan
11.000000000000000	nan	nan	nan
11.000000000000000	nan	nan	nan
11.000000000000000	nan	nan	nan
11.000000000000000	nan	nan	nan
11.000000000000000	nan	nan	nan
11.000000000000000	nan	nan	nan
11.000000000000000	nan	nan	nan
11.000000000000000	nan	nan	nan
11.000000000000000	nan	nan	nan
11.000000000000000	nan	nan	nan
11.000000000000000	nan	nan	nan
11.000000000000000	nan	nan	nan
11.000000000000000	nan	nan	nan
11.000000000000000	nan	nan	nan
11.000000000000000	nan	nan	nan
11.000000000000000	nan	nan	nan
11.000000000000000	nan	nan	nan
11.000000000000000	nan	nan	nan
11.000000000000000	nan	nan	nan
11.000000000000000	nan	nan	nan
11.000000000000000	nan	nan	nan
11.000000000000000	nan	nan	nan
11.000000000000000	nan	nan	nan
11.000000000000000	nan	nan	nan
11.000000000000000	nan	nan	nan
11.000000000000000	nan	nan	nan
11.000000000000000	nan	nan	nan
11.000000000000000	nan	nan	nan
11.000000000000000	nan	nan	nan
11.000000000000000	nan	nan	nan
11.000000000000000	nan	nan	nan
11.000000000000000	nan	nan	nan
11.000000000000000	nan	nan	nan
11.000000000000000	nan	nan	nan
11.000000000000000	nan	nan	nan
11.000000000000000	nan	nan	nan
11.000000000000000	nan	nan	nan
11.000000000000000	nan	nan	nan
11.000000000000000	nan	nan	nan
11.000000000000000	nan	nan	nan
11.000000000000000	nan	nan	nan
11.000000000000000	nan	nan	nan
11.000000000000000	nan	nan	nan
11.000000000000000	nan	nan	nan
11.000000000000000	nan	nan	nan
11.000000000000000	nan	nan	nan
11.000000000000000	nan	nan	nan
11.000000000000000	nan	nan	nan
11.000000000000000	nan	nan	nan
11.000000000000000	nan	nan	nan
11.000000000000000	nan	nan	nan
11.000000000000000	nan	nan	nan
11.000000000000000	nan	nan	nan
11.000000000000000	nan	nan	nan
11.000000000000000	nan	nan	nan
11.000000000000000	nan	nan	nan
11.000000000000000	nan	nan	nan
11.000000000000000	nan	nan	nan
11.000000000000000	nan	nan	nan
11.000000000000000	nan	nan	nan
11.000000000000000	nan	nan	nan
11.000000000000000	nan	nan	nan
11.000000000000000	nan	nan	nan
11.000000000000000	nan	nan	nan
11.000000000000000	nan	nan	nan
11.000000000000000	nan	nan	nan
11.000000000000000	nan	nan	nan
11.000000000000000	nan	nan	nan
11.000000000000000	nan	nan	nan
11.000000000000000	nan	nan	nan
11.000000000000000	nan	nan	nan
11.000000000000000	nan	nan	nan
11.000000000000000	nan	nan	nan
11.000000000000000	nan	nan	nan
11.000000000000000	nan	nan	nan
11.000000000000000	nan	nan	nan
11.000000000000000	nan	nan	nan
11.000000000000000	nan	nan	nan
11.000000000000000	nan	nan	nan
11.000000000000000	nan	nan	nan
11.000000000000000	nan	nan	nan
11.000000000000000	nan	nan	nan
11.000000000000000	nan	nan	nan
11.000000000000000	nan	nan	nan
11.000000000000000	nan	nan	nan
11.000000000000000	nan	nan	nan
11.000000000000000	nan	nan	nan
11.000000000000000	nan	nan	nan
11.000000000000000	nan	nan	nan
11.000000000000000	nan	nan	nan
11.000000000000000	nan	nan	nan


12.000000000000000	nan	nan	nan
12.000000000000000	nan	nan	nan
12.000000000000000	nan	nan	nan
12.000000000000000	nan	nan	nan
12.000000000000000	nan	nan	nan
12.000000000000000	nan	nan	nan
12.000000000000000	nan	nan	nan
12.000000000000000	nan	nan	nan
12.000000000000000	nan	nan	nan
12.000000000000000	nan	nan	nan
12.000000000000000	nan	nan	nan
12.000000000000000	nan	nan	nan
12.000000000000000	nan	nan	nan
12.000000000000000	nan	nan	nan
12.000000000000000	nan	nan	nan
12.000000000000000	nan	nan	nan
12.000000000000000	nan	nan	nan
12.000000000000000	nan	nan	nan
12.000000000000000	nan	nan	nan
12.000000000000000	nan	nan	nan
12.000000000000000	nan	nan	nan
12.000000000000000	nan	nan	nan
12.000000000000000	nan	nan	nan
12.000000000000000	nan	nan	nan
12.000000000000000	nan	nan	nan
12.000000000000000	nan	nan	nan
12.000000000000000	nan	nan	nan
12.000000000000000	nan	nan	nan
12.000000000000000	nan	nan	nan
12.000000000000000	nan	nan	nan
12.000000000000000	nan	nan	nan
12.000000000000000	nan	nan	nan
12.000000000000000	nan	nan	nan
12.000000000000000	nan	nan	nan
12.000000000000000	nan	nan	nan
12.000000000000000	nan	nan	nan
12.000000000000000	nan	nan	nan
12.000000000000000	nan	nan	nan
12.000000000000000	nan	nan	nan
12.000000000000000	nan	nan	nan
12.000000000000000	nan	nan	nan
12.000000000000000	nan	nan	nan
12.000000000000000	nan	nan	nan
12.000000000000000	nan	nan	nan
12.000000000000000	nan	nan	nan
12.000000000000000	nan	nan	nan
12.000000000000000	nan	nan	nan
12.000000000000000	nan	nan	nan
12.000000000000000	nan	nan	nan
12.000000000000000	nan	nan	nan
12.000000000000000	nan	nan	nan
12.000000000000000	nan	nan	nan
12.000000000000000	nan	nan	nan
12.000000000000000	nan	nan	nan
12.000000000000000	nan	nan	nan
12.000000000000000	nan	nan	nan
12.000000000000000	nan	nan	nan
12.000000000000000	nan	nan	nan
12.000000000000000	nan	nan	nan
12.000000000000000	nan	nan	nan
12.000000000000000	nan	nan	nan
12.000000000000000	nan	nan	nan
12.000000000000000	nan	nan	nan
12.000000000000000	nan	nan	nan
12.000000000000000	nan	nan	nan
12.000000000000000	nan	nan	nan
12.000000000000000	nan	nan	nan
12.000000000000000	nan	nan	nan
12.000000000000000	nan	nan	nan
12.000000000000000	nan	nan	nan
12.000000000000000	nan	nan	nan
12.000000000000000	nan	nan	nan
12.000000000000000	nan	nan	nan
12.000000000000000	nan	nan	nan
12.000000000000000	nan	nan	nan
12.000000000000000	nan	nan	nan
12.000000000000000	nan	nan	nan
12.000000000000000	nan	nan	nan
12.000000000000000	nan	nan	nan
12.000000000000000	nan	nan	nan
12.000000000000000	nan	nan	nan
12.000000000000000	nan	nan	nan
12.000000000000000	nan	nan	nan
12.000000000000000	nan	nan	nan
12.000000000000000	nan	nan	nan
12.000000000000000	nan	nan	nan
12.000000000000000	nan	nan	nan
12.000000000000000	nan	nan	nan
12.000000000000000	nan	nan	nan
12.000000000000000	nan	nan	nan
12.000000000000000	nan	nan	nan
12.000000000000000	nan	nan	nan
12.000000000000000	nan	nan	nan
12.000000000000000	nan	nan	nan
12.000000000000000	nan	nan	nan
12.000000000000000	nan	nan	nan
12.000000000000000	nan	nan	nan
12.000000000000000	nan	nan	nan
12.000000000000000	nan	nan	nan
12.000000000000000	nan	nan	nan


13.000000000000000	nan	nan	nan
13.000000000000000	nan	nan	nan
13.000000000000000	nan	nan	nan
13.000000000000000	nan	nan	nan
13.000000000000000	nan	nan	nan
13.000000000000000	nan	nan	nan
13.000000000000000	nan	nan	nan
13.000000000000000	nan	nan	nan
13.000000000000000	nan	nan	nan
13.000000000000000	nan	nan	nan
13.000000000000000	nan	nan	nan
13.000000000000000	nan	nan	nan
13.000000000000000	nan	nan	nan
13.000000000000000	nan	nan	nan
13.000000000000000	nan	nan	nan
13.000000000000000	nan	nan	nan
13.000000000000000	nan	nan	nan
13.000000000000000	nan	nan	nan
13.000000000000000	nan	nan	nan
13.000000000000000	nan	nan	nan
13.000000000000000	nan	nan	nan
13.000000000000000	nan	nan	nan
13.000000000000000	nan	nan	nan
13.000000000000000	nan	nan	nan
13.000000000000000	nan	nan	nan
13.000000000000000	nan	nan	nan
13.000000000000000	nan	nan	nan
13.000000000000000	nan	nan	nan
13.000000000000000	nan	nan	nan
13.000000000000000	nan	nan	nan
13.000000000000000	nan	nan	nan
13.000000000000000	nan	nan	nan
13.000000000000000	nan	nan	nan
13.000000000000000	nan	nan	nan
13.000000000000000	nan	nan	nan
13.000000000000000	nan	nan	nan
13.000000000000000	nan	nan	nan
13.000000000000000	nan	nan	nan
13.000000000000000	nan	nan	nan
13.000000000000000	nan	nan	nan
13.000000000000000	nan	nan	nan
13.000000000000000	nan	nan	nan
13.000000000000000	nan	nan	nan
13.000000000000000	nan	nan	nan
13.000000000000000	nan	nan	nan
13.000000000000000	nan	nan	nan
13.000000000000000	nan	nan	nan
13.000000000000000	nan	nan	nan
13.000000000000000	nan	nan	nan
13.000000000000000	nan	nan	nan
13.000000000000000	nan	nan	nan
13.000000000000000	nan	nan	nan
13.000000000000000	nan	nan	nan
13.000000000000000	nan	nan	nan
13.000000000000000	nan	nan	nan
13.000000000000000	nan	nan	nan
13.000000000000000	nan	nan	nan
13.000000000000000	nan	nan	nan
13.000000000000000	nan	nan	nan
13.000000000000000	nan	nan	nan
13.000000000000000	nan	nan	nan
13.000000000000000	nan	nan	nan
13.000000000000000	nan	nan	nan
13.000000000000000	nan	nan	nan
13.000000000000000	nan	nan	nan
13.000000000000000	nan	nan	nan
13.000000000000000	nan	nan	nan
13.000000000000000	nan	nan	nan
13.000000000000000	nan	nan	nan
13.000000000000000	nan	nan	nan
13.000000000000000	nan	nan	nan
13.000000000000000	nan	nan	nan
13.000000000000000	nan	nan	nan
13.000000000000000	nan	nan	nan
13.000000000000000	nan	nan	nan
13.000000000000000	nan	nan	nan
13.000000000000000	nan	nan	nan
13.000000000000000	nan	nan	nan
13.000000000000000	nan	nan	nan
13.000000000000000	nan	nan	nan
13.000000000000000	nan	nan	nan
13.000000000000000	nan	nan	nan
13.000000000000000	nan	nan	nan
13.000000000000000	nan	nan	nan
13.000000000000000	nan	nan	nan
13.000000000000000	nan	nan	nan
13.000000000000000	nan	nan	nan
13.000000000000000	nan	nan	nan
13.000000000000000	nan	nan	nan
13.000000000000000	nan	nan	nan
13.000000000000000	nan	nan	nan
13.000000000000000	nan	nan	nan
13.000000000000000	nan	nan	nan
13.000000000000000	nan	nan	nan
13.000000000000000	nan	nan	nan
13.000000000000000	nan	nan	nan
13.000000000000000	nan	nan	nan
13.000000000000000	nan	nan	nan
13.000000000000000	nan	nan	nan
13.000000000000000	nan	nan	nan


14.000000000000000	-0.472466586144225	-0.743320209380146	0.048025216610009
14.000000000000000	-0.417984990997078	-0.775619086700426	0.046899117654617
14.000000000000000	-0.361553220174289	-0.804374601472809	0.045557022601901
14.000000000000000	-0.303398504499719	-0.829470965388386	0.044004335594952
14.000000000000000	-0.243755012488047	-0.850807124247275	0.042247308756336
14.000000000000000	-0.182862907430804	-0.868297164868213	0.040293017013002
14.000000000000000	-0.120967380343566	-0.881870661030623	0.038149329608044
14.000000000000000	-0.058317662668274	-0.891472957056139	0.035824878414041
14.000000000000000	0.004833977293823	-0.897065387887737	0.033329023175550
14.000000000000000	0.068233250177573	-0.898625434780271	0.030671813820721
14.000000000000000	0.131624869487454	-0.896146815975514	0.027863949993780
14.000000000000000	0.194753579546180	-0.889639511996580	0.024916737971340
14.000000000000000	0.257365183319231	-0.879129725459880	0.021842045136015
14.000000000000000	0.319207565976587	-0.864659775566433	0.018652252190660
14.000000000000000	0.380031710070171	-0.846287927697381	0.015360203305647
14.000000000000000	0.439592698239221	-0.824088158799864	0.011979154399929
14.000000000000000	0.497650699406060	-0.798149859507962	0.008522719764129
14.000000000000000	0.553971934491198	-0.768577474198163	0.005004817240598
14.000000000000000	0.608329617759177	-0.735490080428720	0.001439612181176
14.000000000000000	0.660504870004682	-0.699020909456352	-0.002158539591678
14.000000000000000	0.710287599901851	-0.659316809761000	-0.005775149590722
14.000000000000000	0.757477349967892	-0.616537655738822	-0.009395655003949
14.000000000000000	0.801884103734617	-0.570855703944428	-0.013005477333894
14.000000000000000	0.843329050877695	-0.522454899474536	-0.016590081100099
14.000000000000000	0.881645307222716	-0.471530135285982	-0.020135032368362
14.000000000000000	0.916678586728863	-0.418286467430576	-0.023626056871093
14.000000000000000	0.948287822744343	-0.362938289366751	-0.027049097484755
14.000000000000000	0.976345736032004	-0.305708468672776	-0.030390370832938
14.000000000000000	1.000739347277902	-0.246827449637676	-0.033636422787150
14.000000000000000	1.021370432019123	-0.186532325343417	-0.036774182641846
14.000000000000000	1.038155916159027	-0.125065882974743	-0.039791015745544
14.000000000000000	1.051028210477314	-0.062675626200876	-0.042674774376107
14.000000000000000	1.059935482787962	0.000387221434409	-0.045413846655335
14.000000000000000	1.064841866649141	0.063868728101323	-0.047997203305897
14.000000000000000	1.065727605784719	0.127513276177921	-0.050414442062342
14.000000000000000	1.062589133635815	0.191064591532046	-0.052655829557347
14.000000000000000	1.055439087722067	0.254266775446806	-0.054712340514553
14.000000000000000	1.044306258754806	0.316865335034395	-0.056575694090168
14.000000000000000	1.029235474707020	0.378608207989124	-0.058238387217002
14.000000000000000	1.010287420306931	0.439246777553367	-0.059693724816671
14.000000000000000	0.987538392682011	0.498536873609494	-0.060935846758313
14.000000000000000	0.961079994137376	0.556239755866757	-0.061959751455268
14.000000000000000	0.931018763305640	0.612123075184179	-0.062761316004703
14.000000000000000	0.897475746153437	0.665961809158538	-0.063337312789083
14.000000000000000	0.860586008572041	0.717539168210165	-0.063685422472654
14.000000000000000	0.820498092514689	0.766647468518066	-0.063804243340582
14.000000000000000	0.777373417870564	0.813088968289370	-0.063693296943168
14.000000000000000	0.731385632483872	0.856676663995736	-0.063353030022399
14.000000000000000	0.682719912935264	0.897235043370560	-0.062784812713069
14.000000000000000	0.631572218901099	0.934600792134927	-0.061990933025732
14.000000000000000	0.578148504092992	0.968623451606571	-0.060974587633697
14.000000000000000	0.522663886954910	0.999166024543885	-0.059739869001142
14.000000000000000	0.465341784457117	1.026105526785462	-0.058291748904217
14.000000000000000	0.406413012474892	1.049333482463903	-0.056636058411445
14.000000000000000	0.346114856374466	1.068756360799856	-0.054779464404076
14.000000000000000	0.284690115548596	1.084295952717443	-0.052729442730903
14.000000000000000	0.222386125749108	1.095889685764616	-0.050494248105664
14.000000000000000	0.159453763153121	1.103490876070329	-0.048082880868214
14.000000000000000	0.096146434173222	1.107068916324014	-0.045505050743343
14.000000000000000	0.032719055079287	1.106609399020416	-0.042771137743135
14.000000000000000	-0.030572974459372	1.102114174473533	-0.039892150370323
14.000000000000000	-0.093474799778328	1.093601343366055	-0.036879681290937
14.000000000000000	-0.155733137427832	1.081105183864299	-0.033745860654728
14.000000000000000	-0.217097295055859	1.064676013592138	-0.030503307251335
14.000000000000000	-0.277320180857740	1.044379987019684	-0.027165077698874
14.000000000000000	-0.336159298527641	1.020298829082590	-0.023744613869547
14.000000000000000	-0.393377723705608	0.992529506104572	-0.020255688763963
14.000000000000000	-0.448745057988334	0.961183835348254	-0.016712351052126
14.000000000000000	-0.502038356662219	0.926388034766513	-0.013128868504405
14.000000000000000	-0.553043026423040	0.888282214767330	-0.009519670540250
14.000000000000000	-0.601553689467451	0.847019814038629	-0.005899290126020
14.000000000000000	-0.647375010476909	0.802766981704839	-0.002282305255851
14.000000000000000	-0.690322483164058	0.755701908303006	0.001316719748776
14.000000000000000	-0.730223173214429	0.706014108272395	0.004883292884421
14.000000000000000	-0.766916414631891	0.653903656846729	0.008403052819866
14.000000000000000	-0.800254456683905	0.599580384421841	0.011861826724130
14.000000000000000	-0.830103058841583	0.543263031642726	0.015245687335452
14.000000000000000	-0.856342031318913	0.485178368612166	0.018541009041462
14.000000000000000	-0.878865719034612	0.425560281767564	0.021734522744715
14.000000000000000	-0.897583427047843	0.364648832102812	0.024813369292657
14.000000000000000	-0.912419785754736	0.302689288527395	0.027765151256901
14.000000000000000	-0.923315054375178	0.239931140255053	0.030577982853288
14.000000000000000	-0.930225361507851	0.176627092198785	0.033240537801752
14.000000000000000	-0.933122881784883	0.113032047417342	0.035742094933247
14.000000000000000	-0.931995947914780	0.049402080710585	0.038072581360115
14.000000000000000	-0.926849097662491	-0.014006592503360	0.040222613036044
14.000000000000000	-0.917703055577435	-0.076938647877154	0.042183532542316
14.000000000000000	-0.904594649543050	-0.139140680235285	0.043947443948173
14.000000000000000	-0.887576662483905	-0.200362223947266	0.045507244604946
14.000000000000000	-0.866717619827495	-0.260356761464332	0.046856653745911
14.000000000000000	-0.842101513576529	-0.318882715958598	0.047990237776724
14.000000000000000	-0.813827464102778	-0.375704424067688	0.048903432154585
14.000000000000000	-0.782009321024323	-0.430593084827915	0.049592559768038
14.000000000000000	-0.746775204773325	-0.483327680975008	0.050054845743409
14.000000000000000	-0.708266990700266	-0.533695868902629	0.050288428618236
14.000000000000000	-0.666639737791984	-0.581494833695132	0.050292367836723
14.000000000000000	-0.622061064303860	-0.626532105791645	0.050066647537027
14.000000000000000	-0.574710472820267	-0.668626335993059	0.049612176615130
14.000000000000000	-0.524778627461013	-0.707608025691249	0.048930785065031
14.000000000000000	-0.472466586144225	-0.743320209380146	0.048025216610009


15.000000000000000	nan	nan	nan
15.000000000000000	nan	nan	nan
15.000000000000000	nan	nan	nan
15.000000000000000	nan	nan	nan
15.000000000000000	nan	nan	nan
15.000000000000000	nan	nan	nan
15.000000000000000	nan	nan	nan
15.000000000000000	nan	nan	nan
15.000000000000000	nan	nan	nan
15.000000000000000	nan	nan	nan
15.000000000000000	nan	nan	nan
15.000000000000000	nan	nan	nan
15.000000000000000	nan	nan	nan
15.000000000000000	nan	nan	nan
15.000000000000000	nan	nan	nan
15.000000000000000	nan	nan	nan
15.000000000000000	nan	nan	nan
15.000000000000000	nan	nan	nan
15.000000000000000	nan	nan	nan
15.000000000000000	nan	nan	nan
15.000000000000000	nan	nan	nan
15.000000000000000	nan	nan	nan
15.000000000000000	nan	nan	nan
15.000000000000000	nan	nan	nan
15.000000000000000	nan	nan	nan
15.000000000000000	nan	nan	nan
15.000000000000000	nan	nan	nan
15.000000000000000	nan	nan	nan
15.000000000000000	nan	nan	nan
15.000000000000000	nan	nan	nan
15.000000000000000	nan	nan	nan
15.000000000000000	nan	nan	nan
15.000000000000000	nan	nan	nan
15.000000000000000	nan	nan	nan
15.000000000000000	nan	nan	nan
15.000000000000000	nan	nan	nan
15.000000000000000	nan	nan	nan
15.000000000000000	nan	nan	nan
15.000000000000000	nan	nan	nan
15.000000000000000	nan	nan	nan
15.000000000000000	nan	nan	nan
15.000000000000000	nan	nan	nan
15.000000000000000	nan	nan	nan
15.000000000000000	nan	nan	nan
15.000000000000000	nan	nan	nan
15.000000000000000	nan	nan	nan
15.000000000000000	nan	nan	nan
15.000000000000000	nan	nan	nan
15.000000000000000	nan	nan	nan
15.000000000000000	nan	nan	nan
15.000000000000000	nan	nan	nan
15.000000000000000	nan	nan	nan
15.000000000000000	nan	nan	nan
15.000000000000000	nan	nan	nan
15.000000000000000	nan	nan	nan
15.000000000000000	nan	nan	nan
15.000000000000000	nan	nan	nan
15.000000000000000	nan	nan	nan
15.000000000000000	nan	nan	nan
15.000000000000000	nan	nan	nan
15.000000000000000	nan	nan	nan
15.000000000000000	nan	nan	nan
15.000000000000000	nan	nan	nan
15.000000000000000	nan	nan	nan
15.000000000000000	nan	nan	nan
15.000000000000000	nan	nan	nan
15.000000000000000	nan	nan	nan
15.000000000000000	nan	nan	nan
15.000000000000000	nan	nan	nan
15.000000000000000	nan	nan	nan
15.000000000000000	nan	nan	nan
15.000000000000000	nan	nan	nan
15.000000000000000	nan	nan	nan
15.000000000000000	nan	nan	nan
15.000000000000000	nan	nan	nan
15.000000000000000	nan	nan	nan
15.000000000000000	nan	nan	nan
15.000000000000000	nan	nan	nan
15.000000000000000	nan	nan	nan
15.000000000000000	nan	nan	nan
15.000000000000000	nan	nan	nan
15.000000000000000	nan	nan	nan
15.000000000000000	nan	nan	nan
15.000000000000000	nan	nan	nan
15.000000000000000	nan	nan	nan
15.000000000000000	nan	nan	nan
15.000000000000000	nan	nan	nan
15.000000000000000	nan	nan	nan
15.000000000000000	nan	nan	nan
15.000000000000000	nan	nan	nan
15.000000000000000	nan	nan	nan
15.000000000000000	nan	nan	nan
15.000000000000000	nan	nan	nan
15.000000000000000	nan	nan	nan
15.000000000000000	nan	nan	nan
15.000000000000000	nan	nan	nan
15.000000000000000	nan	nan	nan
15.000000000000000	nan	nan	nan
15.000000000000000	nan	nan	nan
15.000000000000000	nan	nan	nan


16.000000000000000	nan	nan	nan
16.000000000000000	nan	nan	nan
16.000000000000000	nan	nan	nan
16.000000000000000	nan	nan	nan
16.000000000000000	nan	nan	nan
16.000000000000000	nan	nan	nan
16.000000000000000	nan	nan	nan
16.000000000000000	nan	nan	nan
16.000000000000000	nan	nan	nan
16.000000000000000	nan	nan	nan
16.000000000000000	nan	nan	nan
16.000000000000000	nan	nan	nan
16.000000000000000	nan	nan	nan
16.000000000000000	nan	nan	nan
16.000000000000000	nan	nan	nan
16.000000000000000	nan	nan	nan
16.000000000000000	nan	nan	nan
16.000000000000000	nan	nan	nan
16.000000000000000	nan	nan	nan
16.000000000000000	nan	nan	nan
16.000000000000000	nan	nan	nan
16.000000000000000	nan	nan	nan
16.000000000000000	nan	nan	nan
16.000000000000000	nan	nan	nan
16.000000000000000	nan	nan	nan
16.000000000000000	nan	nan	nan
16.000000000000000	nan	nan	nan
16.000000000000000	nan	nan	nan
16.000000000000000	nan	nan	nan
16.000000000000000	nan	nan	nan
16.000000000000000	nan	nan	nan
16.000000000000000	nan	nan	nan
16.000000000000000	nan	nan	nan
16.000000000000000	nan	nan	nan
16.000000000000000	nan	nan	nan
16.000000000000000	nan	nan	nan
16.000000000000000	nan	nan	nan
16.000000000000000	nan	nan	nan
16.000000000000000	nan	nan	nan
16.000000000000000	nan	nan	nan
16.000000000000000	nan	nan	nan
16.000000000000000	nan	nan	nan
16.000000000000000	nan	nan	nan
16.000000000000000	nan	nan	nan
16.000000000000000	nan	nan	nan
16.000000000000000	nan	nan	nan
16.000000000000000	nan	nan	nan
16.000000000000000	nan	nan	nan
16.000000000000000	nan	nan	nan
16.000000000000000	nan	nan	nan
16.000000000000000	nan	nan	nan
16.000000000000000	nan	nan	nan
16.000000000000000	nan	nan	nan
16.000000000000000	nan	nan	nan
16.000000000000000	nan	nan	nan
16.000000000000000	nan	nan	nan
16.000000000000000	nan	nan	nan
16.000000000000000	nan	nan	nan
16.000000000000000	nan	nan	nan
16.000000000000000	nan	nan	nan
16.000000000000000	nan	nan	nan
16.000000000000000	nan	nan	nan
16.000000000000000	nan	nan	nan
16.000000000000000	nan	nan	nan
16.000000000000000	nan	nan	nan
16.000000000000000	nan	nan	nan
16.000000000000000	nan	nan	nan
16.000000000000000	nan	nan	nan
16.000000000000000	nan	nan	nan
16.000000000000000	nan	nan	nan
16.000000000000000	nan	nan	nan
16.000000000000000	nan	nan	nan
16.000000000000000	nan	nan	nan
16.000000000000000	nan	nan	nan
16.000000000000000	nan	nan	nan
16.000000000000000	nan	nan	nan
16.000000000000000	nan	nan	nan
16.000000000000000	nan	nan	nan
16.000000000000000	nan	nan	nan
16.000000000000000	nan	nan	nan
16.000000000000000	nan	nan	nan
16.000000000000000	nan	nan	nan
16.000000000000000	nan	nan	nan
16.000000000000000	nan	nan	nan
16.000000000000000	nan	nan	nan
16.000000000000000	nan	nan	nan
16.000000000000000	nan	nan	nan
16.000000000000000	nan	nan	nan
16.000000000000000	nan	nan	nan
16.000000000000000	nan	nan	nan
16.000000000000000	nan	nan	nan
16.000000000000000	nan	nan	nan
16.000000000000000	nan	nan	nan
16.000000000000000	nan	nan	nan
16.000000000000000	nan	nan	nan
16.000000000000000	nan	nan	nan
16.000000000000000	nan	nan	nan
16.000000000000000	nan	nan	nan
16.000000000000000	nan	nan	nan
16.000000000000000	nan	nan	nan


17.000000000000000	-0.254190945008812	-1.448985369845880	-0.037110888960009
17.000000000000000	-0.155086958000408	-1.463301362042343	-0.030366275580204
17.000000000000000	-0.055279137107885	-1.471272811225673	-0.023487802632555
17.000000000000000	0.044830626800573	-1.472867619183480	-0.016503167299910
17.000000000000000	0.144839227038823	-1.468079364186998	-0.009440494243569
17.000000000000000	0.244343964271118	-1.456927326849111	-0.002328222355203
17.000000000000000	0.342944168040201	-1.439456412488139	0.004805009756525
17.000000000000000	0.440242810125821	-1.415736970309960	0.011930479083531
17.000000000000000	0.535848103237249	-1.385864510136599	0.019019493875725
17.000000000000000	0.629375078602417	-1.349959317821874	0.026043509172563
17.000000000000000	0.720447136101294	-1.308165970902723	0.032974241743526
17.000000000000000	0.808697560701646	-1.260652756436488	0.039783783974711
17.000000000000000	0.893770999091045	-1.207610993368331	0.046444716242938
17.000000000000000	0.975324890559237	-1.149254262157369	0.052930217324896
17.000000000000000	1.053030846369218	-1.085817544763543	0.059214172396747
17.000000000000000	1.126575972062773	-1.017556278458204	0.065271278189299
17.000000000000000	1.195664127376029	-0.944745327268374	0.071077144875342
17.000000000000000	1.260017118691772	-0.867677875196324	0.076608394278878
17.000000000000000	1.319375819226962	-0.786664245671072	0.081842754010777
17.000000000000000	1.373501212444828	-0.702030651985459	0.086759147151833
17.000000000000000	1.422175354490100	-0.614117883750358	0.091337777122080
17.000000000000000	1.465202251771998	-0.523279934655187	0.095560207394624
17.000000000000000	1.502408650161242	-0.429882577060266	0.099409435733039
17.000000000000000	1.533644732623286	-0.334301889160613	0.102869962653367
17.000000000000000	1.558784722478637	-0.236922740651793	0.105927853835071
17.000000000000000	1.577727389861148	-0.138137242995485	0.108570796229628
17.000000000000000	1.590396459334968	-0.038343170525028	0.110788147640822
17.000000000000000	1.596740917028793	0.062057641251438	0.112570979577123
17.000000000000000	1.596735216050728	0.162660913700728	0.113912113203562
17.000000000000000	1.590379379356600	0.263061552951988	0.114806148248370
17.000000000000000	1.577698999657523	0.362855281066734	0.115249484747965
17.000000000000000	1.558745136367084	0.461640263923420	0.115240337542737
17.000000000000000	1.533594110003105	0.559018729261629	0.114778743465254
17.000000000000000	1.502347194871857	0.654598568370565	0.113866561191947
17.000000000000000	1.465130211272168	0.747994914972445	0.112507463758882
17.000000000000000	1.422093018861493	0.838831694943162	0.110706923771738
17.000000000000000	1.373408913223960	0.926743140630049	0.108472191369554
17.000000000000000	1.319273928070220	1.011375263669124	0.105812265030978
17.000000000000000	1.259906045878882	1.092387280371286	0.102737855340571
17.000000000000000	1.195544320158004	1.169452983937963	0.099261341861062
17.000000000000000	1.126447912860998	1.242262057980752	0.095396723285221
17.000000000000000	1.052895050832898	1.310521326055993	0.091159561068058
17.000000000000000	0.975181905489071	1.373955932182829	0.086566916766342
17.000000000000000	0.893621400237443	1.432310447591236	0.081637283337732
17.000000000000000	0.808541950446393	1.485349899243527	0.076390510676160
17.000000000000000	0.720286141031965	1.532860715987843	0.070847725683319
17.000000000000000	0.629209346989335	1.574651588533801	0.065031247198085
17.000000000000000	0.535678302423125	1.610554239787485	0.058964496126426
17.000000000000000	0.440069623838603	1.640424102443916	0.052671901133687
17.000000000000000	0.342768293639944	1.664140901108557	0.046178800278971
17.000000000000000	0.244166109941957	1.681609136603882	0.039511338987721
17.000000000000000	0.144660108937369	1.692758470510856	0.032696364773317
17.000000000000000	0.044650966172202	1.697544008396924	0.025761319131619
17.000000000000000	-0.055458616833232	1.695946480590045	0.018734127043744
17.000000000000000	-0.155265534121224	1.687972319770858	0.011643084532027
17.000000000000000	-0.254367898462085	1.673653635070553	0.004516744721923
17.000000000000000	-0.352366659612176	1.653048082778728	-0.002616197131350
17.000000000000000	-0.448867211148397	1.626238634181859	-0.009727019188477
17.000000000000000	-0.543480979408982	1.593333241467220	-0.016787088678753
17.000000000000000	-0.635826988142483	1.554464403037517	-0.023767977194149
17.000000000000000	-0.725533392564681	1.509788629986595	-0.030641575160474
17.000000000000000	-0.812238976646283	1.459485815884492	-0.037380205024712
17.000000000000000	-0.895594607602388	1.403758512409533	-0.043956732702756
17.000000000000000	-0.975264641726986	1.342831113744209	-0.050344676838792
17.000000000000000	-1.050928275911700	1.276948953018997	-0.056518315436368
17.000000000000000	-1.122280839406676	1.206377314442440	-0.062452789431801
17.000000000000000	-1.189035020622163	1.131400365095265	-0.068124202792845
17.000000000000000	-1.250922024030878	1.052320010689848	-0.073509718739586
17.000000000000000	-1.307692652512726	0.969454679902461	-0.078587651700090
17.000000000000000	-1.359118310783651	0.883138042173382	-0.083337554630551
17.000000000000000	-1.404991925868162	0.793717664137825	-0.087740301348317
17.000000000000000	-1.445128780909118	0.701553610097776	-0.091778163546275
17.000000000000000	-1.479367258957324	0.607016992170126	-0.095434882178495
17.000000000000000	-1.507569493745937	0.510488475949158	-0.098695732929659
17.000000000000000	-1.529621924829266	0.412356747700556	-0.101547585504690
17.000000000000000	-1.545435754850606	0.313016949258995	-0.103978956499813
17.000000000000000	-1.554947307097855	0.212869086931438	-0.105980055642166
17.000000000000000	-1.558118281907156	0.112316420812912	-0.107542825211778
17.000000000000000	-1.554935910882128	0.011763841000438	-0.108660972487164
17.000000000000000	-1.545413008307690	-0.088383762756481	-0.109329995083888
17.000000000000000	-1.529587919551461	-0.187723131403992	-0.109547199084080
17.000000000000000	-1.507524366660494	-0.285854260365763	-0.109311709883893
17.000000000000000	-1.479311191775091	-0.382382010220233	-0.108624475715221
17.000000000000000	-1.445061999392848	-0.476917697787607	-0.107488263827506
17.000000000000000	-1.404914698923450	-0.569080661219834	-0.105907649345002
17.000000000000000	-1.359030949376148	-0.658499792791516	-0.103888996844360
17.000000000000000	-1.307595508415986	-0.744815033219737	-0.101440434726731
17.000000000000000	-1.250815488409892	-0.827678821495720	-0.098571822487558
17.000000000000000	-1.188919522458276	-0.906757494390337	-0.095294711015869
17.000000000000000	-1.122156843770229	-0.981732629998164	-0.091622296082924
17.000000000000000	-1.050796282089357	-1.052302329910116	-0.087569365207502
17.000000000000000	-0.975125181211284	-1.118182434851783	-0.083152238111782
17.000000000000000	-0.895448241951602	-1.179107668892539	-0.078388701007581
17.000000000000000	-0.812086295223229	-1.234832707618082	-0.073297934977556
17.000000000000000	-0.725375010163564	-1.285133165965269	-0.067900438739758
17.000000000000000	-0.635663542513331	-1.329806501741571	-0.062217946106521
17.000000000000000	-0.543313128689654	-1.368672831190992	-0.056273338470081
17.000000000000000	-0.448695631214501	-1.401575653322466	-0.050090552667277
17.000000000000000	-0.352192041355547	-1.428382480084118	-0.043694484594360
17.000000000000000	-0.254190945008812	-1.448985369845880	-0.037110888960009


18.000000000000000	nan	nan	nan
18.000000000000000	nan	nan	nan
18.000000000000000	nan	nan	nan
18.000000000000000	nan	nan	nan
18.000000000000000	nan	nan	nan
18.000000000000000	nan	nan	nan
18.000000000000000	nan	nan	nan
18.000000000000000	nan	nan	nan
18.000000000000000	nan	nan	nan
18.000000000000000	nan	nan	nan
18.000000000000000	nan	nan	nan
18.000000000000000	nan	nan	nan
18.000000000000000	nan	nan	nan
18.000000000000000	nan	nan	nan
18.000000000000000	nan	nan	nan
18.000000000000000	nan	nan	nan
18.000000000000000	nan	nan	nan
18.000000000000000	nan	nan	nan
18.000000000000000	nan	nan	nan
18.000000000000000	nan	nan	nan
18.000000000000000	nan	nan	nan
18.000000000000000	nan	nan	nan
18.000000000000000	nan	nan	nan
18.000000000000000	nan	nan	nan
18.000000000000000	nan	nan	nan
18.000000000000000	nan	nan	nan
18.000000000000000	nan	nan	nan
18.000000000000000	nan	nan	nan
18.000000000000000	nan	nan	nan
18.000000000000000	nan	nan	nan
18.000000000000000	nan	nan	nan
18.000000000000000	nan	nan	nan
18.000000000000000	nan	nan	nan
18.000000000000000	nan	nan	nan
18.000000000000000	nan	nan	nan
18.000000000000000	nan	nan	nan
18.000000000000000	nan	nan	nan
18.000000000000000	nan	nan	nan
18.000000000000000	nan	nan	nan
18.000000000000000	nan	nan	nan
18.000000000000000	nan	nan	nan
18.000000000000000	nan	nan	nan
18.000000000000000	nan	nan	nan
18.000000000000000	nan	nan	nan
18.000000000000000	nan	nan	nan
18.000000000000000	nan	nan	nan
18.000000000000000	nan	nan	nan
18.000000000000000	nan	nan	nan
18.000000000000000	nan	nan	nan
18.000000000000000	nan	nan	nan
18.000000000000000	nan	nan	nan
18.000000000000000	nan	nan	nan
18.000000000000000	nan	nan	nan
18.000000000000000	nan	nan	nan
18.000000000000000	nan	nan	nan
18.000000000000000	nan	nan	nan
18.000000000000000	nan	nan	nan
18.000000000000000	nan	nan	nan
18.000000000000000	nan	nan	nan
18.000000000000000	nan	nan	nan
18.000000000000000	nan	nan	nan
18.000000000000000	nan	nan	nan
18.000000000000000	nan	nan	nan
18.000000000000000	nan	nan	nan
18.000000000000000	nan	nan	nan
18.000000000000000	nan	nan	nan
18.000000000000000	nan	nan	nan
18.000000000000000	nan	nan	nan
18.000000000000000	nan	nan	nan
18.000000000000000	nan	nan	nan
18.000000000000000	nan	nan	nan
18.000000000000000	nan	nan	nan
18.000000000000000	nan	nan	nan
18.000000000000000	nan	nan	nan
18.000000000000000	nan	nan	nan
18.000000000000000	nan	nan	nan
18.000000000000000	nan	nan	nan
18.000000000000000	nan	nan	nan
18.000000000000000	nan	nan	nan
18.000000000000000	nan	nan	nan
18.000000000000000	nan	nan	nan
18.000000000000000	nan	nan	nan
18.000000000000000	nan	nan	nan
18.000000000000000	nan	nan	nan
18.000000000000000	nan	nan	nan
18.000000000000000	nan	nan	nan
18.000000000000000	nan	nan	nan
18.000000000000000	nan	nan	nan
18.000000000000000	nan	nan	nan
18.000000000000000	nan	nan	nan
18.000000000000000	nan	nan	nan
18.000000000000000	nan	nan	nan
18.000000000000000	nan	nan	nan
18.000000000000000	nan	nan	nan
18.000000000000000	nan	nan	nan
18.000000000000000	nan	nan	nan
18.000000000000000	nan	nan	nan
18.000000000000000	nan	nan	nan
18.000000000000000	nan	nan	nan
18.000000000000000	nan	nan	nan


