# n	x	y	z
1.000000000000000	0.133366271133588	0.424282853708299	-0.017571730885755
1.000000000000000	0.105329316326530	0.432058839057145	-0.019179735087745
1.000000000000000	0.076850937438322	0.438040038532371	-0.020708229883777
1.000000000000000	0.048045806849480	0.442202367954715	-0.022151060564779
1.000000000000000	0.019029912654295	0.444529067092664	-0.023502417360837
1.000000000000000	-0.010079908382289	0.445010767149981	-0.024756858835086
1.000000000000000	-0.039166441285088	0.443645528490550	-0.025909333794456
1.000000000000000	-0.068112564852011	0.440438848448599	-0.026955201629046
1.000000000000000	-0.096801723259810	0.435403639192879	-0.027890250998217
1.000000000000000	-0.125118395393235	0.428560175733918	-0.028710716788180
1.000000000000000	-0.152948560007799	0.419936014283708	-0.029413295272777
1.000000000000000	-0.180180154853081	0.409565881296563	-0.029995157416422
1.000000000000000	-0.206703527907862	0.397491533637950	-0.030453960265626
1.000000000000000	-0.232411878910109	0.383761590444323	-0.030787856383247
1.000000000000000	-0.257201689403939	0.368431337351027	-0.030995501287466
1.000000000000000	-0.280973139571901	0.351562503876549	-0.031076058865541
1.000000000000000	-0.303630510174155	0.333223014859543	-0.031029204740537
1.000000000000000	-0.325082567976063	0.313486716949470	-0.030855127577479
1.000000000000000	-0.345242933112227	0.292433081252213	-0.030554528323663
1.000000000000000	-0.364030426907719	0.270146883327974	-0.030128617386190
1.000000000000000	-0.381369398755953	0.246717861830019	-0.029579109758081
1.000000000000000	-0.397190030736979	0.222240357158794	-0.028908218112611
1.000000000000000	-0.411428618749602	0.196812931586426	-0.028118643893648
1.000000000000000	-0.424027829025317	0.170537972381245	-0.027213566437897
1.000000000000000	-0.434936928991156	0.143521279530386	-0.026196630172830
1.000000000000000	-0.444111991551856	0.115871639720586	-0.025071929941866
1.000000000000000	-0.451516071968765	0.087700388292592	-0.023843994515880
1.000000000000000	-0.457119356623269	0.059120960933036	-0.022517768357438
1.000000000000000	-0.460899283065708	0.030248436908964	-0.021098591711199
1.000000000000000	-0.462840630866400	0.001199075684245	-0.019592179100627
1.000000000000000	-0.462935582902940	-0.027910151216262	-0.018004596317625
1.000000000000000	-0.461183756836987	-0.056962031209748	-0.016342235997734
1.000000000000000	-0.457592206653814	-0.085839582629160	-0.014611791879241
1.000000000000000	-0.452175394258392	-0.114426525767082	-0.012820231849864
1.000000000000000	-0.444955131242410	-0.142607751093083	-0.010974769889519
1.000000000000000	-0.435960491056683	-0.170269782759162	-0.009082837022177
1.000000000000000	-0.425227691942639	-0.197301235526942	-0.007152051393749
1.000000000000000	-0.412799951094235	-0.223593263276709	-0.005190187596502
1.000000000000000	-0.398727310637574	-0.249039997292324	-0.003205145363520
1.000000000000000	-0.383066436128925	-0.273538972557170	-0.001204917759266
1.000000000000000	-0.365880388382524	-0.296991540344617	0.000802441005665
1.000000000000000	-0.347238369546940	-0.319303265441624	0.002808848006011
1.000000000000000	-0.327215444452437	-0.340384306406007	0.004806224148931
1.000000000000000	-0.305892238351406	-0.360149777326227	0.006786526705658
1.000000000000000	-0.283354612268922	-0.378520089626987	0.008741781696733
1.000000000000000	-0.259693317270704	-0.395421272544339	0.010664116000401
1.000000000000000	-0.235003629040605	-0.410785270979842	0.012545789054897
1.000000000000000	-0.209384964239054	-0.424550219534424	0.014379224026956
1.000000000000000	-0.182940480187260	-0.436660691618509	0.016157038321044
1.000000000000000	-0.155776659489083	-0.447067922635329	0.017872073306468
1.000000000000000	-0.128002881263174	-0.455730006338747	0.019517423142653
1.000000000000000	-0.099730980711867	-0.462612063574918	0.021086462586523
1.000000000000000	-0.071074798800290	-0.467686382728331	0.022572873670021
1.000000000000000	-0.042149723858980	-0.470932531306704	0.023970671140334
1.000000000000000	-0.013072226955802	-0.472337438215421	0.025274226560393
1.000000000000000	0.016040607091938	-0.471895446390213	0.026478290972602
1.000000000000000	0.045071551176722	-0.469608335576163	0.027578016034541
1.000000000000000	0.073903707933011	-0.465485315161295	0.028568973541526
1.000000000000000	0.102420980441678	-0.459542987093628	0.029447173257429
1.000000000000000	0.130508539711325	-0.451805279030981	0.030209078981950
1.000000000000000	0.158053287054101	-0.442303347992748	0.030851622789645
1.000000000000000	0.184944309494204	-0.431075454901571	0.031372217383382
1.000000000000000	0.211073326375287	-0.418166810520115	0.031768766512474
1.000000000000000	0.236335125368442	-0.403629393403277	0.032039673413537
1.000000000000000	0.260627986125120	-0.387521740598896	0.032183847240096
1.000000000000000	0.283854089869067	-0.369908711939721	0.032200707455035
1.000000000000000	0.305919913278015	-0.350861228875752	0.032090186168220
1.000000000000000	0.326736605069090	-0.330455988898598	0.031852728409866
1.000000000000000	0.346220343771572	-0.308775156707744	0.031489290338556
1.000000000000000	0.364292675246369	-0.285906033362309	0.031001335391130
1.000000000000000	0.380880828593151	-0.261940704750489	0.030390828389941
1.000000000000000	0.395918009173074	-0.236975670792193	0.029660227631207
1.000000000000000	0.409343667567222	-0.211111456867915	0.028812474986324
1.000000000000000	0.421103743387745	-0.184452209038517	0.027850984055983
1.000000000000000	0.431150882959959	-0.157105274685791	0.026779626424808
1.000000000000000	0.439444629998882	-0.129180770262446	0.025602716071851
1.000000000000000	0.445951588512415	-0.100791137892016	0.024324991999721
1.000000000000000	0.450645557275213	-0.072050692604111	0.022951599152291
1.000000000000000	0.453507635331776	-0.043075162028146	0.021488067697827
1.000000000000000	0.454526298103924	-0.013981220399016	0.019940290760952
1.000000000000000	0.453697443796203	0.015113981248863	0.018314500693112
1.000000000000000	0.451024409912371	0.044093286807425	0.016617243977099
1.000000000000000	0.446517959816448	0.072840006841251	0.014855354866671
1.000000000000000	0.440196239392447	0.101238388454741	0.013035927867429
1.000000000000000	0.432084703977304	0.129174081388169	0.011166289169743
1.000000000000000	0.422216015861218	0.156534598465822	0.009253967148771
1.000000000000000	0.410629912768143	0.183209768542150	0.007306662050349
1.000000000000000	0.397373047845991	0.209092180122092	0.005332214984820
1.000000000000000	0.382498801810875	0.234077613869252	0.003338576353648
1.000000000000000	0.366067068001806	0.258065462260383	0.001333773835958
1.000000000000000	0.348144011211356	0.280959134696374	-0.000674119936094
1.000000000000000	0.328801801263388	0.302666446438506	-0.002677019882961
1.000000000000000	0.308118322410650	0.323099989803854	-0.004666861033468
1.000000000000000	0.286176859722378	0.342177486125177	-0.006635630999604
1.000000000000000	0.263065763724714	0.359822117058072	-0.008575402239581
1.000000000000000	0.238878094644324	0.375962833901335	-0.010478363979246
1.000000000000000	0.213711247687707	0.390534643685004	-0.012336853663310
1.000000000000000	0.187666560865077	0.403478870874109	-0.014143387809760
1.000000000000000	0.160848906937957	0.414743393634345	-0.015890692143192
1.000000000000000	0.133366271133588	0.424282853708298	-0.017571730885755


2.000000000000000	0.666624118766971	-0.042801872839408	-0.054845680466710
2.000000000000000	0.668266665792848	0.001947016147783	-0.052390772498363
2.000000000000000	0.667068238760004	0.046697702648488	-0.049712556082433
2.000000000000000	0.663033663311121	0.091269991442644	-0.046821815451165
2.000000000000000	0.656179185257555	0.135484405654791	-0.043730190596814
2.000000000000000	0.646532405163182	0.179162909444095	-0.040450130401499
2.000000000000000	0.634132167206670	0.222129624891856	-0.036994842509948
2.000000000000000	0.619028402769685	0.264211540199797	-0.033378240146979
2.000000000000000	0.601281929380834	0.305239206347525	-0.029614886093849
2.000000000000000	0.580964205824947	0.345047419403921	-0.025719934049080
2.000000000000000	0.558157044403770	0.383475885745068	-0.021709067609856
2.000000000000000	0.532952281506700	0.420369867500098	-0.017598437119717
2.000000000000000	0.505451407818059	0.455580805625985	-0.013404594636826
2.000000000000000	0.475765159649931	0.488966918102376	-0.009144427284671
2.000000000000000	0.444013073046111	0.520393770837750	-0.004835089253580
2.000000000000000	0.410323002452652	0.549734818988053	-0.000493932726849
2.000000000000000	0.374830605893134	0.576871916508124	0.003861561990373
2.000000000000000	0.337678798721681	0.601695791884119	0.008213856858103
2.000000000000000	0.299017178153274	0.624106488131332	0.012545426721025
2.000000000000000	0.259001420888564	0.644013765285689	0.016838829876101
2.000000000000000	0.217792656258744	0.661337463768241	0.021076778304157
2.000000000000000	0.175556817414601	0.676007827159488	0.025242207282628
2.000000000000000	0.132463973172285	0.687965783083869	0.029318344099183
2.000000000000000	0.088687643206208	0.697163181073361	0.033288775589506
2.000000000000000	0.044404099346561	0.703562986452426	0.037137514227326
2.000000000000000	-0.000208344205134	0.707139429463572	0.040849062500537
2.000000000000000	-0.044970048884379	0.707878109033078	0.044408475314210
2.000000000000000	-0.089700775104794	0.705776050759030	0.047801420169217
2.000000000000000	-0.134220408019321	0.700841718888188	0.051014234874146
2.000000000000000	-0.178349682779141	0.693094982233455	0.054033982558123
2.000000000000000	-0.221910906369948	0.682567034169177	0.056848503763025
2.000000000000000	-0.264728673119004	0.669300267026435	0.059446465405329
2.000000000000000	-0.306630570991876	0.653348101394091	0.061817406410435
2.000000000000000	-0.347447875834842	0.634774771012928	0.063951779835724
2.000000000000000	-0.387016230767513	0.613655064129050	0.065840991312727
2.000000000000000	-0.425176307989981	0.590074022348009	0.067477433653611
2.000000000000000	-0.461774450339631	0.564126598202276	0.068854517482641
2.000000000000000	-0.496663290014308	0.535917272810904	0.069966697769272
2.000000000000000	-0.529702341970440	0.505559635170939	0.070809496156025
2.000000000000000	-0.560758569606728	0.473175924774617	0.071379518991258
2.000000000000000	-0.589706920455582	0.438896539394077	0.071674470994200
2.000000000000000	-0.616430829725274	0.402859510015548	0.071693164497236
2.000000000000000	-0.640822689665212	0.365209945037296	0.071435524228227
2.000000000000000	-0.662784282864374	0.326099445969306	0.070902587613604
2.000000000000000	-0.682227177738153	0.285685496987520	0.070096500601017
2.000000000000000	-0.699073084611141	0.244130830800634	0.069020509018362
2.000000000000000	-0.713254170962018	0.201602773382924	0.067678945503980
2.000000000000000	-0.724713334561177	0.158272570211598	0.066077212060644
2.000000000000000	-0.733404433401243	0.114314696721701	0.064221758303610
2.000000000000000	-0.739292471494657	0.069906155755120	0.062120055490287
2.000000000000000	-0.742353739790162	0.025225764832608	0.059780566436121
2.000000000000000	-0.742575911640789	-0.019546563881253	0.057212711437825
2.000000000000000	-0.739958092438909	-0.064230548020849	0.054426830341169
2.000000000000000	-0.734510823218504	-0.108646260952982	0.051434140906069
2.000000000000000	-0.726256038210147	-0.152614856277924	0.048246693636629
2.000000000000000	-0.715226976519590	-0.195959287980744	0.044877323258015
2.000000000000000	-0.701468048285623	-0.238505023333121	0.041339597035542
2.000000000000000	-0.685034655856117	-0.280080745675043	0.037647760144090
2.000000000000000	-0.665992970702320	-0.320519044246532	0.033816678307810
2.000000000000000	-0.644419666969704	-0.359657088291685	0.029861777941099
2.000000000000000	-0.620401612738236	-0.397337282720663	0.025798984031879
2.000000000000000	-0.594035520235285	-0.433407902689487	0.021644656017282
2.000000000000000	-0.565427556409611	-0.467723704542446	0.017415521909980
2.000000000000000	-0.534692915434538	-0.500146510657026	0.013128610940377
2.000000000000000	-0.501955354861672	-0.530545765836430	0.008801184985907
2.000000000000000	-0.467346697292923	-0.558799063009279	0.004450669063553
2.000000000000000	-0.431006299577409	-0.584792636119683	0.000094581165445
2.000000000000000	-0.393080491670614	-0.608421818222995	-0.004249538279904
2.000000000000000	-0.353721987415302	-0.629591462942660	-0.008564197036718
2.000000000000000	-0.313089269616770	-0.648216327591083	-0.012832021497016
2.000000000000000	-0.271345951888526	-0.664221416411858	-0.017035826637997
2.000000000000000	-0.228660119838021	-0.677542282561197	-0.021158685220066
2.000000000000000	-0.185203654245222	-0.688125287612636	-0.025183995946850
2.000000000000000	-0.141151538959383	-0.695927817540036	-0.029095550312761
2.000000000000000	-0.096681156300839	-0.700918454309236	-0.032877597868926
2.000000000000000	-0.051971572805014	-0.703077102387379	-0.036514909644686
2.000000000000000	-0.007202818184676	-0.702395069660537	-0.039992839469287
2.000000000000000	0.037444839586173	-0.698875102433781	-0.043297382946839
2.000000000000000	0.081791620147802	-0.692531374372782	-0.046415233847076
2.000000000000000	0.125658954666808	-0.683389429431463	-0.049333837684848
2.000000000000000	0.168870204869786	-0.671486078995511	-0.052041442272604
2.000000000000000	0.211251374303312	-0.656869253655917	-0.054527145042302
2.000000000000000	0.252631808956243	-0.639597810209407	-0.056780936946200
2.000000000000000	0.292844884423201	-0.619741294662891	-0.058793742759764
2.000000000000000	0.331728676842235	-0.597379662196242	-0.060557457624390
2.000000000000000	0.369126614905065	-0.572602955211003	-0.062064979682810
2.000000000000000	0.404888110314481	-0.545510940761421	-0.063310238675765
2.000000000000000	0.438869164150266	-0.516212708827727	-0.064288220384797
2.000000000000000	0.470932946702026	-0.484826233049288	-0.064994986822737
2.000000000000000	0.500950348434136	-0.451477895686403	-0.065427692090588
2.000000000000000	0.528800499864276	-0.416301978723545	-0.065584593836956
2.000000000000000	0.554371258262174	-0.379440123163203	-0.065465060273886
2.000000000000000	0.577559659208802	-0.341040758687556	-0.065069572720849
2.000000000000000	0.598272331197750	-0.301258505984530	-0.064399723666636
2.000000000000000	0.616425871609326	-0.260253554144863	-0.063458210356968
2.000000000000000	0.631947182543472	-0.218191015637172	-0.062248823933643
2.000000000000000	0.644773765159205	-0.175240261458314	-0.060776434168942
2.000000000000000	0.654853971335396	-0.131574239136168	-0.059046969856776
2.000000000000000	0.662147211639518	-0.087368776330975	-0.057067394939528
2.000000000000000	0.666624118766971	-0.042801872839408	-0.054845680466710


3.000000000000000	nan	nan	nan
3.000000000000000	nan	nan	nan
3.000000000000000	nan	nan	nan
3.000000000000000	nan	nan	nan
3.000000000000000	nan	nan	nan
3.000000000000000	nan	nan	nan
3.000000000000000	nan	nan	nan
3.000000000000000	nan	nan	nan
3.000000000000000	nan	nan	nan
3.000000000000000	nan	nan	nan
3.000000000000000	nan	nan	nan
3.000000000000000	nan	nan	nan
3.000000000000000	nan	nan	nan
3.000000000000000	nan	nan	nan
3.000000000000000	nan	nan	nan
3.000000000000000	nan	nan	nan
3.000000000000000	nan	nan	nan
3.000000000000000	nan	nan	nan
3.000000000000000	nan	nan	nan
3.000000000000000	nan	nan	nan
3.000000000000000	nan	nan	nan
3.000000000000000	nan	nan	nan
3.000000000000000	nan	nan	nan
3.000000000000000	nan	nan	nan
3.000000000000000	nan	nan	nan
3.000000000000000	nan	nan	nan
3.000000000000000	nan	nan	nan
3.000000000000000	nan	nan	nan
3.000000000000000	nan	nan	nan
3.000000000000000	nan	nan	nan
3.000000000000000	nan	nan	nan
3.000000000000000	nan	nan	nan
3.000000000000000	nan	nan	nan
3.000000000000000	nan	nan	nan
3.000000000000000	nan	nan	nan
3.000000000000000	nan	nan	nan
3.000000000000000	nan	nan	nan
3.000000000000000	nan	nan	nan
3.000000000000000	nan	nan	nan
3.000000000000000	nan	nan	nan
3.000000000000000	nan	nan	nan
3.000000000000000	nan	nan	nan
3.000000000000000	nan	nan	nan
3.000000000000000	nan	nan	nan
3.000000000000000	nan	nan	nan
3.000000000000000	nan	nan	nan
3.000000000000000	nan	nan	nan
3.000000000000000	nan	nan	nan
3.000000000000000	nan	nan	nan
3.000000000000000	nan	nan	nan
3.000000000000000	nan	nan	nan
3.000000000000000	nan	nan	nan
3.000000000000000	nan	nan	nan
3.000000000000000	nan	nan	nan
3.000000000000000	nan	nan	nan
3.000000000000000	nan	nan	nan
3.000000000000000	nan	nan	nan
3.000000000000000	nan	nan	nan
3.000000000000000	nan	nan	nan
3.000000000000000	nan	nan	nan
3.000000000000000	nan	nan	nan
3.000000000000000	nan	nan	nan
3.000000000000000	nan	nan	nan
3.000000000000000	nan	nan	nan
3.000000000000000	nan	nan	nan
3.000000000000000	nan	nan	nan
3.000000000000000	nan	nan	nan
3.000000000000000	nan	nan	nan
3.000000000000000	nan	nan	nan
3.000000000000000	nan	nan	nan
3.000000000000000	nan	nan	nan
3.000000000000000	nan	nan	nan
3.000000000000000	nan	nan	nan
3.000000000000000	nan	nan	nan
3.000000000000000	nan	nan	nan
3.000000000000000	nan	nan	nan
3.000000000000000	nan	nan	nan
3.000000000000000	nan	nan	nan
3.000000000000000	nan	nan	nan
3.000000000000000	nan	nan	nan
3.000000000000000	nan	nan	nan
3.000000000000000	nan	nan	nan
3.000000000000000	nan	nan	nan
3.000000000000000	nan	nan	nan
3.000000000000000	nan	nan	nan
3.000000000000000	nan	nan	nan
3.000000000000000	nan	nan	nan
3.000000000000000	nan	nan	nan
3.000000000000000	nan	nan	nan
3.000000000000000	nan	nan	nan
3.000000000000000	nan	nan	nan
3.000000000000000	nan	nan	nan
3.000000000000000	nan	nan	nan
3.000000000000000	nan	nan	nan
3.000000000000000	nan	nan	nan
3.000000000000000	nan	nan	nan
3.000000000000000	nan	nan	nan
3.000000000000000	nan	nan	nan
3.000000000000000	nan	nan	nan
3.000000000000000	nan	nan	nan


4.000000000000000	nan	nan	nan
4.000000000000000	nan	nan	nan
4.000000000000000	nan	nan	nan
4.000000000000000	nan	nan	nan
4.000000000000000	nan	nan	nan
4.000000000000000	nan	nan	nan
4.000000000000000	nan	nan	nan
4.000000000000000	nan	nan	nan
4.000000000000000	nan	nan	nan
4.000000000000000	nan	nan	nan
4.000000000000000	nan	nan	nan
4.000000000000000	nan	nan	nan
4.000000000000000	nan	nan	nan
4.000000000000000	nan	nan	nan
4.000000000000000	nan	nan	nan
4.000000000000000	nan	nan	nan
4.000000000000000	nan	nan	nan
4.000000000000000	nan	nan	nan
4.000000000000000	nan	nan	nan
4.000000000000000	nan	nan	nan
4.000000000000000	nan	nan	nan
4.000000000000000	nan	nan	nan
4.000000000000000	nan	nan	nan
4.000000000000000	nan	nan	nan
4.000000000000000	nan	nan	nan
4.000000000000000	nan	nan	nan
4.000000000000000	nan	nan	nan
4.000000000000000	nan	nan	nan
4.000000000000000	nan	nan	nan
4.000000000000000	nan	nan	nan
4.000000000000000	nan	nan	nan
4.000000000000000	nan	nan	nan
4.000000000000000	nan	nan	nan
4.000000000000000	nan	nan	nan
4.000000000000000	nan	nan	nan
4.000000000000000	nan	nan	nan
4.000000000000000	nan	nan	nan
4.000000000000000	nan	nan	nan
4.000000000000000	nan	nan	nan
4.000000000000000	nan	nan	nan
4.000000000000000	nan	nan	nan
4.000000000000000	nan	nan	nan
4.000000000000000	nan	nan	nan
4.000000000000000	nan	nan	nan
4.000000000000000	nan	nan	nan
4.000000000000000	nan	nan	nan
4.000000000000000	nan	nan	nan
4.000000000000000	nan	nan	nan
4.000000000000000	nan	nan	nan
4.000000000000000	nan	nan	nan
4.000000000000000	nan	nan	nan
4.000000000000000	nan	nan	nan
4.000000000000000	nan	nan	nan
4.000000000000000	nan	nan	nan
4.000000000000000	nan	nan	nan
4.000000000000000	nan	nan	nan
4.000000000000000	nan	nan	nan
4.000000000000000	nan	nan	nan
4.000000000000000	nan	nan	nan
4.000000000000000	nan	nan	nan
4.000000000000000	nan	nan	nan
4.000000000000000	nan	nan	nan
4.000000000000000	nan	nan	nan
4.000000000000000	nan	nan	nan
4.000000000000000	nan	nan	nan
4.000000000000000	nan	nan	nan
4.000000000000000	nan	nan	nan
4.000000000000000	nan	nan	nan
4.000000000000000	nan	nan	nan
4.000000000000000	nan	nan	nan
4.000000000000000	nan	nan	nan
4.000000000000000	nan	nan	nan
4.000000000000000	nan	nan	nan
4.000000000000000	nan	nan	nan
4.000000000000000	nan	nan	nan
4.000000000000000	nan	nan	nan
4.000000000000000	nan	nan	nan
4.000000000000000	nan	nan	nan
4.000000000000000	nan	nan	nan
4.000000000000000	nan	nan	nan
4.000000000000000	nan	nan	nan
4.000000000000000	nan	nan	nan
4.000000000000000	nan	nan	nan
4.000000000000000	nan	nan	nan
4.000000000000000	nan	nan	nan
4.000000000000000	nan	nan	nan
4.000000000000000	nan	nan	nan
4.000000000000000	nan	nan	nan
4.000000000000000	nan	nan	nan
4.000000000000000	nan	nan	nan
4.000000000000000	nan	nan	nan
4.000000000000000	nan	nan	nan
4.000000000000000	nan	nan	nan
4.000000000000000	nan	nan	nan
4.000000000000000	nan	nan	nan
4.000000000000000	nan	nan	nan
4.000000000000000	nan	nan	nan
4.000000000000000	nan	nan	nan
4.000000000000000	nan	nan	nan
4.000000000000000	nan	nan	nan


5.000000000000000	nan	nan	nan
5.000000000000000	nan	nan	nan
5.000000000000000	nan	nan	nan
5.000000000000000	nan	nan	nan
5.000000000000000	nan	nan	nan
5.000000000000000	nan	nan	nan
5.000000000000000	nan	nan	nan
5.000000000000000	nan	nan	nan
5.000000000000000	nan	nan	nan
5.000000000000000	nan	nan	nan
5.000000000000000	nan	nan	nan
5.000000000000000	nan	nan	nan
5.000000000000000	nan	nan	nan
5.000000000000000	nan	nan	nan
5.000000000000000	nan	nan	nan
5.000000000000000	nan	nan	nan
5.000000000000000	nan	nan	nan
5.000000000000000	nan	nan	nan
5.000000000000000	nan	nan	nan
5.000000000000000	nan	nan	nan
5.000000000000000	nan	nan	nan
5.000000000000000	nan	nan	nan
5.000000000000000	nan	nan	nan
5.000000000000000	nan	nan	nan
5.000000000000000	nan	nan	nan
5.000000000000000	nan	nan	nan
5.000000000000000	nan	nan	nan
5.000000000000000	nan	nan	nan
5.000000000000000	nan	nan	nan
5.000000000000000	nan	nan	nan
5.000000000000000	nan	nan	nan
5.000000000000000	nan	nan	nan
5.000000000000000	nan	nan	nan
5.000000000000000	nan	nan	nan
5.000000000000000	nan	nan	nan
5.000000000000000	nan	nan	nan
5.000000000000000	nan	nan	nan
5.000000000000000	nan	nan	nan
5.000000000000000	nan	nan	nan
5.000000000000000	nan	nan	nan
5.000000000000000	nan	nan	nan
5.000000000000000	nan	nan	nan
5.000000000000000	nan	nan	nan
5.000000000000000	nan	nan	nan
5.000000000000000	nan	nan	nan
5.000000000000000	nan	nan	nan
5.000000000000000	nan	nan	nan
5.000000000000000	nan	nan	nan
5.000000000000000	nan	nan	nan
5.000000000000000	nan	nan	nan
5.000000000000000	nan	nan	nan
5.000000000000000	nan	nan	nan
5.000000000000000	nan	nan	nan
5.000000000000000	nan	nan	nan
5.000000000000000	nan	nan	nan
5.000000000000000	nan	nan	nan
5.000000000000000	nan	nan	nan
5.000000000000000	nan	nan	nan
5.000000000000000	nan	nan	nan
5.000000000000000	nan	nan	nan
5.000000000000000	nan	nan	nan
5.000000000000000	nan	nan	nan
5.000000000000000	nan	nan	nan
5.000000000000000	nan	nan	nan
5.000000000000000	nan	nan	nan
5.000000000000000	nan	nan	nan
5.000000000000000	nan	nan	nan
5.000000000000000	nan	nan	nan
5.000000000000000	nan	nan	nan
5.000000000000000	nan	nan	nan
5.000000000000000	nan	nan	nan
5.000000000000000	nan	nan	nan
5.000000000000000	nan	nan	nan
5.000000000000000	nan	nan	nan
5.000000000000000	nan	nan	nan
5.000000000000000	nan	nan	nan
5.000000000000000	nan	nan	nan
5.000000000000000	nan	nan	nan
5.000000000000000	nan	nan	nan
5.000000000000000	nan	nan	nan
5.000000000000000	nan	nan	nan
5.000000000000000	nan	nan	nan
5.000000000000000	nan	nan	nan
5.000000000000000	nan	nan	nan
5.000000000000000	nan	nan	nan
5.000000000000000	nan	nan	nan
5.000000000000000	nan	nan	nan
5.000000000000000	nan	nan	nan
5.000000000000000	nan	nan	nan
5.000000000000000	nan	nan	nan
5.000000000000000	nan	nan	nan
5.000000000000000	nan	nan	nan
5.000000000000000	nan	nan	nan
5.000000000000000	nan	nan	nan
5.000000000000000	nan	nan	nan
5.000000000000000	nan	nan	nan
5.000000000000000	nan	nan	nan
5.000000000000000	nan	nan	nan
5.000000000000000	nan	nan	nan
5.000000000000000	nan	nan	nan


6.000000000000000	nan	nan	nan
6.000000000000000	nan	nan	nan
6.000000000000000	nan	nan	nan
6.000000000000000	nan	nan	nan
6.000000000000000	nan	nan	nan
6.000000000000000	nan	nan	nan
6.000000000000000	nan	nan	nan
6.000000000000000	nan	nan	nan
6.000000000000000	nan	nan	nan
6.000000000000000	nan	nan	nan
6.000000000000000	nan	nan	nan
6.000000000000000	nan	nan	nan
6.000000000000000	nan	nan	nan
6.000000000000000	nan	nan	nan
6.000000000000000	nan	nan	nan
6.000000000000000	nan	nan	nan
6.000000000000000	nan	nan	nan
6.000000000000000	nan	nan	nan
6.000000000000000	nan	nan	nan
6.000000000000000	nan	nan	nan
6.000000000000000	nan	nan	nan
6.000000000000000	nan	nan	nan
6.000000000000000	nan	nan	nan
6.000000000000000	nan	nan	nan
6.000000000000000	nan	nan	nan
6.000000000000000	nan	nan	nan
6.000000000000000	nan	nan	nan
6.000000000000000	nan	nan	nan
6.000000000000000	nan	nan	nan
6.000000000000000	nan	nan	nan
6.000000000000000	nan	nan	nan
6.000000000000000	nan	nan	nan
6.000000000000000	nan	nan	nan
6.000000000000000	nan	nan	nan
6.000000000000000	nan	nan	nan
6.000000000000000	nan	nan	nan
6.000000000000000	nan	nan	nan
6.000000000000000	nan	nan	nan
6.000000000000000	nan	nan	nan
6.000000000000000	nan	nan	nan
6.000000000000000	nan	nan	nan
6.000000000000000	nan	nan	nan
6.000000000000000	nan	nan	nan
6.000000000000000	nan	nan	nan
6.000000000000000	nan	nan	nan
6.000000000000000	nan	nan	nan
6.000000000000000	nan	nan	nan
6.000000000000000	nan	nan	nan
6.000000000000000	nan	nan	nan
6.000000000000000	nan	nan	nan
6.000000000000000	nan	nan	nan
6.000000000000000	nan	nan	nan
6.000000000000000	nan	nan	nan
6.000000000000000	nan	nan	nan
6.000000000000000	nan	nan	nan
6.000000000000000	nan	nan	nan
6.000000000000000	nan	nan	nan
6.000000000000000	nan	nan	nan
6.000000000000000	nan	nan	nan
6.000000000000000	nan	nan	nan
6.000000000000000	nan	nan	nan
6.000000000000000	nan	nan	nan
6.000000000000000	nan	nan	nan
6.000000000000000	nan	nan	nan
6.000000000000000	nan	nan	nan
6.000000000000000	nan	nan	nan
6.000000000000000	nan	nan	nan
6.000000000000000	nan	nan	nan
6.000000000000000	nan	nan	nan
6.000000000000000	nan	nan	nan
6.000000000000000	nan	nan	nan
6.000000000000000	nan	nan	nan
6.000000000000000	nan	nan	nan
6.000000000000000	nan	nan	nan
6.000000000000000	nan	nan	nan
6.000000000000000	nan	nan	nan
6.000000000000000	nan	nan	nan
6.000000000000000	nan	nan	nan
6.000000000000000	nan	nan	nan
6.000000000000000	nan	nan	nan
6.000000000000000	nan	nan	nan
6.000000000000000	nan	nan	nan
6.000000000000000	nan	nan	nan
6.000000000000000	nan	nan	nan
6.000000000000000	nan	nan	nan
6.000000000000000	nan	nan	nan
6.000000000000000	nan	nan	nan
6.000000000000000	nan	nan	nan
6.000000000000000	nan	nan	nan
6.000000000000000	nan	nan	nan
6.000000000000000	nan	nan	nan
6.000000000000000	nan	nan	nan
6.000000000000000	nan	nan	nan
6.000000000000000	nan	nan	nan
6.000000000000000	nan	nan	nan
6.000000000000000	nan	nan	nan
6.000000000000000	nan	nan	nan
6.000000000000000	nan	nan	nan
6.000000000000000	nan	nan	nan
6.000000000000000	nan	nan	nan


7.000000000000000	nan	nan	nan
7.000000000000000	nan	nan	nan
7.000000000000000	nan	nan	nan
7.000000000000000	nan	nan	nan
7.000000000000000	nan	nan	nan
7.000000000000000	nan	nan	nan
7.000000000000000	nan	nan	nan
7.000000000000000	nan	nan	nan
7.000000000000000	nan	nan	nan
7.000000000000000	nan	nan	nan
7.000000000000000	nan	nan	nan
7.000000000000000	nan	nan	nan
7.000000000000000	nan	nan	nan
7.000000000000000	nan	nan	nan
7.000000000000000	nan	nan	nan
7.000000000000000	nan	nan	nan
7.000000000000000	nan	nan	nan
7.000000000000000	nan	nan	nan
7.000000000000000	nan	nan	nan
7.000000000000000	nan	nan	nan
7.000000000000000	nan	nan	nan
7.000000000000000	nan	nan	nan
7.000000000000000	nan	nan	nan
7.000000000000000	nan	nan	nan
7.000000000000000	nan	nan	nan
7.000000000000000	nan	nan	nan
7.000000000000000	nan	nan	nan
7.000000000000000	nan	nan	nan
7.000000000000000	nan	nan	nan
7.000000000000000	nan	nan	nan
7.000000000000000	nan	nan	nan
7.000000000000000	nan	nan	nan
7.000000000000000	nan	nan	nan
7.000000000000000	nan	nan	nan
7.000000000000000	nan	nan	nan
7.000000000000000	nan	nan	nan
7.000000000000000	nan	nan	nan
7.000000000000000	nan	nan	nan
7.000000000000000	nan	nan	nan
7.000000000000000	nan	nan	nan
7.000000000000000	nan	nan	nan
7.000000000000000	nan	nan	nan
7.000000000000000	nan	nan	nan
7.000000000000000	nan	nan	nan
7.000000000000000	nan	nan	nan
7.000000000000000	nan	nan	nan
7.000000000000000	nan	nan	nan
7.000000000000000	nan	nan	nan
7.000000000000000	nan	nan	nan
7.000000000000000	nan	nan	nan
7.000000000000000	nan	nan	nan
7.000000000000000	nan	nan	nan
7.000000000000000	nan	nan	nan
7.000000000000000	nan	nan	nan
7.000000000000000	nan	nan	nan
7.000000000000000	nan	nan	nan
7.000000000000000	nan	nan	nan
7.000000000000000	nan	nan	nan
7.000000000000000	nan	nan	nan
7.000000000000000	nan	nan	nan
7.000000000000000	nan	nan	nan
7.000000000000000	nan	nan	nan
7.000000000000000	nan	nan	nan
7.000000000000000	nan	nan	nan
7.000000000000000	nan	nan	nan
7.000000000000000	nan	nan	nan
7.000000000000000	nan	nan	nan
7.000000000000000	nan	nan	nan
7.000000000000000	nan	nan	nan
7.000000000000000	nan	nan	nan
7.000000000000000	nan	nan	nan
7.000000000000000	nan	nan	nan
7.000000000000000	nan	nan	nan
7.000000000000000	nan	nan	nan
7.000000000000000	nan	nan	nan
7.000000000000000	nan	nan	nan
7.000000000000000	nan	nan	nan
7.000000000000000	nan	nan	nan
7.000000000000000	nan	nan	nan
7.000000000000000	nan	nan	nan
7.000000000000000	nan	nan	nan
7.000000000000000	nan	nan	nan
7.000000000000000	nan	nan	nan
7.000000000000000	nan	nan	nan
7.000000000000000	nan	nan	nan
7.000000000000000	nan	nan	nan
7.000000000000000	nan	nan	nan
7.000000000000000	nan	nan	nan
7.000000000000000	nan	nan	nan
7.000000000000000	nan	nan	nan
7.000000000000000	nan	nan	nan
7.000000000000000	nan	nan	nan
7.000000000000000	nan	nan	nan
7.000000000000000	nan	nan	nan
7.000000000000000	nan	nan	nan
7.000000000000000	nan	nan	nan
7.000000000000000	nan	nan	nan
7.000000000000000	nan	nan	nan
7.000000000000000	nan	nan	nan
7.000000000000000	nan	nan	nan


8.000000000000000	0.274897370681317	-0.538601823549644	0.002298705309666
8.000000000000000	0.325114713880620	-0.510765076238383	0.000122771710374
8.000000000000000	0.373335656316101	-0.479525084844960	-0.002059403304309
8.000000000000000	0.419366029271854	-0.445007641788757	-0.004239032885786
8.000000000000000	0.463020484682119	-0.407351736630243	-0.006407340435018
8.000000000000000	0.504123241462527	-0.366708996409076	-0.008555594942794
8.000000000000000	0.542508793318485	-0.323243075095524	-0.010675146146426
8.000000000000000	0.578022575180611	-0.277128994613691	-0.012757459361298
8.000000000000000	0.610521585583714	-0.228552440090000	-0.014794149847034
8.000000000000000	0.639874962483224	-0.177709012164725	-0.016777016569884
8.000000000000000	0.665964510190457	-0.124803439377251	-0.018698075225397
8.000000000000000	0.688685175304941	-0.070048753796500	-0.020549590388392
8.000000000000000	0.707945469727376	-0.013665433215981	-0.022324106660788
8.000000000000000	0.723667839049925	0.044119486632470	-0.024014478691862
8.000000000000000	0.735788974840436	0.103073326271451	-0.025613899950050
8.000000000000000	0.744260069563163	0.162958699396125	-0.027115930130451
8.000000000000000	0.749047013109475	0.223534468745090	-0.028514521087661
8.000000000000000	0.750130530147235	0.284556717075017	-0.029804041189520
8.000000000000000	0.747506257735751	0.345779729329303	-0.030979297993705
8.000000000000000	0.741184762893804	0.406956982045882	-0.032035559155865
8.000000000000000	0.731191500049990	0.467842136020193	-0.032968571485101
8.000000000000000	0.717566708546722	0.528190028226219	-0.033774578070064
8.000000000000000	0.700365250610598	0.587757659001458	-0.034450333406712
8.000000000000000	0.679656390441579	0.646305170520802	-0.034993116466807
8.000000000000000	0.655523515310503	0.703596812619342	-0.035400741654539
8.000000000000000	0.628063799787975	0.759401892075076	-0.035671567607145
8.000000000000000	0.597387814456668	0.813495701529089	-0.035804503804100
8.000000000000000	0.563619080682614	0.865660424302785	-0.035799014958258
8.000000000000000	0.526893573238256	0.915686011468766	-0.035655123171264
8.000000000000000	0.487359172780035	0.963371027643735	-0.035373407844559
8.000000000000000	0.445175070385175	1.008523462097686	-0.034955003346334
8.000000000000000	0.400511126545403	1.050961501913340	-0.034401594443829
8.000000000000000	0.353547187198703	1.090514264082604	-0.033715409519374
8.000000000000000	0.304472359553194	1.127022483592123	-0.032899211597473
8.000000000000000	0.253484250619149	1.160339154727279	-0.031956287219086
8.000000000000000	0.200788171515310	1.190330123012324	-0.030890433207887
8.000000000000000	0.146596310753477	1.216874625403098	-0.029705941381791
8.000000000000000	0.091126879830257	1.239865776557192	-0.028407581271323
8.000000000000000	0.034603234566388	1.259210999223490	-0.027000580914401
8.000000000000000	-0.022747024268321	1.274832397018092	-0.025490605804868
8.000000000000000	-0.080692967422959	1.286667068085553	-0.023883736079556
8.000000000000000	-0.139001267036102	1.294667358382459	-0.022186442035713
8.000000000000000	-0.197437136164757	1.298801053563436	-0.020405558077404
8.000000000000000	-0.255765274188522	1.299051508696953	-0.018548255195778
8.000000000000000	-0.313750814282126	1.295417715288583	-0.016622012094015
8.000000000000000	-0.371160269141248	1.287914305341857	-0.014634585073231
8.000000000000000	-0.427762471153478	1.276571492440349	-0.012593976800589
8.000000000000000	-0.483329503228710	1.261434950088238	-0.010508404085382
8.000000000000000	-0.537637616540813	1.242565627799228	-0.008386264792845
8.000000000000000	-0.590468131485189	1.220039505674367	-0.006236104028913
8.000000000000000	-0.641608318224359	1.193947288456997	-0.004066579732096
8.000000000000000	-0.690852253275935	1.164394040296767	-0.001886427811017
8.000000000000000	-0.738001648693803	1.131498761693383	0.000295573032007
8.000000000000000	-0.782866650503702	1.095393910323599	0.002470636649707
8.000000000000000	-0.825266603178165	1.056224867680897	0.004630004828568
8.000000000000000	-0.865030777072571	1.014149353675530	0.006764982555070
8.000000000000000	-0.901999055893166	0.969336791552108	0.008866973027436
8.000000000000000	-0.936022581428862	0.921967625681986	0.010927512271917
8.000000000000000	-0.966964352950719	0.872232594977472	0.012938303224231
8.000000000000000	-0.994699778865523	0.820331964853544	0.014891249138909
8.000000000000000	-1.019117178402162	0.766474720829707	0.016778486192032
8.000000000000000	-1.040118231310669	0.710877727019066	0.018592415146076
8.000000000000000	-1.057618373763174	0.653764852893084	0.020325731949358
8.000000000000000	-1.071547138862586	0.595366071838234	0.021971457146874
8.000000000000000	-1.081848440387921	0.535916535134336	0.023522963984104
8.000000000000000	-1.088480798633717	0.475655625083356	0.024974005090607
8.000000000000000	-1.091417507434167	0.414825991101353	0.026318737635984
8.000000000000000	-1.090646741699425	0.353672572654936	0.027551746856889
8.000000000000000	-1.086171605031067	0.292441612976468	0.028668067860374
8.000000000000000	-1.078010117224987	0.231379667529490	0.029663205615755
8.000000000000000	-1.066195141712031	0.170732611216883	0.030533153054519
8.000000000000000	-1.050774253228570	0.110744648329418	0.031274407205372
8.000000000000000	-1.031809546249819	0.051657329221265	0.031883983299472
8.000000000000000	-1.009377384957308	-0.006291422328030	0.032359426789031
8.000000000000000	-0.983568095747268	-0.062868267148627	0.032698823230924
8.000000000000000	-0.954485603518122	-0.117845390254879	0.032900805995465
8.000000000000000	-0.922247013201591	-0.171001418175870	0.032964561769352
8.000000000000000	-0.886982138222471	-0.222122310348250	0.032889833830584
8.000000000000000	-0.848832977785784	-0.271002220982044	0.032676923082197
8.000000000000000	-0.807953145096102	-0.317444327928987	0.032326686840628
8.000000000000000	-0.764507248811382	-0.361261625215857	0.031840535383609
8.000000000000000	-0.718670230222005	-0.402277676051521	0.031220426271473
8.000000000000000	-0.670626658823941	-0.440327323275625	0.030468856464751
8.000000000000000	-0.620569989122531	-0.475257354388181	0.029588852269793
8.000000000000000	-0.568701781659472	-0.506927118482237	0.028583957152899
8.000000000000000	-0.515230891399656	-0.535209092595433	0.027458217472035
8.000000000000000	-0.460372626745944	-0.559989395199960	0.026216166183571
8.000000000000000	-0.404347882568213	-0.581168244763284	0.024862804589673
8.000000000000000	-0.347382250737682	-0.598660361533156	0.023403582199819
8.000000000000000	-0.289705111748068	-0.612395310929078	0.021844374787549
8.000000000000000	-0.231548711081296	-0.622317787157496	0.020191460730799
8.000000000000000	-0.173147224036911	-0.628387835908716	0.018451495731091
8.000000000000000	-0.114735812790800	-0.630581015238801	0.016631486013369
8.000000000000000	-0.056549679480107	-0.628888493988660	0.014738760114404
8.000000000000000	0.001176880872757	-0.623317087344000	0.012780939373366
8.000000000000000	0.058211423783483	-0.613889229392988	0.010765907243379
8.000000000000000	0.114324291277757	-0.600642882792087	0.008701777547637
8.000000000000000	0.169289536642863	-0.583631385903845	0.006596861807903
8.000000000000000	0.222885834235358	-0.562923238022128	0.004459635776944
8.000000000000000	0.274897370681317	-0.538601823549644	0.002298705309666


9.000000000000000	nan	nan	nan
9.000000000000000	nan	nan	nan
9.000000000000000	nan	nan	nan
9.000000000000000	nan	nan	nan
9.000000000000000	nan	nan	nan
9.000000000000000	nan	nan	nan
9.000000000000000	nan	nan	nan
9.000000000000000	nan	nan	nan
9.000000000000000	nan	nan	nan
9.000000000000000	nan	nan	nan
9.000000000000000	nan	nan	nan
9.000000000000000	nan	nan	nan
9.000000000000000	nan	nan	nan
9.000000000000000	nan	nan	nan
9.000000000000000	nan	nan	nan
9.000000000000000	nan	nan	nan
9.000000000000000	nan	nan	nan
9.000000000000000	nan	nan	nan
9.000000000000000	nan	nan	nan
9.000000000000000	nan	nan	nan
9.000000000000000	nan	nan	nan
9.000000000000000	nan	nan	nan
9.000000000000000	nan	nan	nan
9.000000000000000	nan	nan	nan
9.000000000000000	nan	nan	nan
9.000000000000000	nan	nan	nan
9.000000000000000	nan	nan	nan
9.000000000000000	nan	nan	nan
9.000000000000000	nan	nan	nan
9.000000000000000	nan	nan	nan
9.000000000000000	nan	nan	nan
9.000000000000000	nan	nan	nan
9.000000000000000	nan	nan	nan
9.000000000000000	nan	nan	nan
9.000000000000000	nan	nan	nan
9.000000000000000	nan	nan	nan
9.000000000000000	nan	nan	nan
9.000000000000000	nan	nan	nan
9.000000000000000	nan	nan	nan
9.000000000000000	nan	nan	nan
9.000000000000000	nan	nan	nan
9.000000000000000	nan	nan	nan
9.000000000000000	nan	nan	nan
9.000000000000000	nan	nan	nan
9.000000000000000	nan	nan	nan
9.000000000000000	nan	nan	nan
9.000000000000000	nan	nan	nan
9.000000000000000	nan	nan	nan
9.000000000000000	nan	nan	nan
9.000000000000000	nan	nan	nan
9.000000000000000	nan	nan	nan
9.000000000000000	nan	nan	nan
9.000000000000000	nan	nan	nan
9.000000000000000	nan	nan	nan
9.000000000000000	nan	nan	nan
9.000000000000000	nan	nan	nan
9.000000000000000	nan	nan	nan
9.000000000000000	nan	nan	nan
9.000000000000000	nan	nan	nan
9.000000000000000	nan	nan	nan
9.000000000000000	nan	nan	nan
9.000000000000000	nan	nan	nan
9.000000000000000	nan	nan	nan
9.000000000000000	nan	nan	nan
9.000000000000000	nan	nan	nan
9.000000000000000	nan	nan	nan
9.000000000000000	nan	nan	nan
9.000000000000000	nan	nan	nan
9.000000000000000	nan	nan	nan
9.000000000000000	nan	nan	nan
9.000000000000000	nan	nan	nan
9.000000000000000	nan	nan	nan
9.000000000000000	nan	nan	nan
9.000000000000000	nan	nan	nan
9.000000000000000	nan	nan	nan
9.000000000000000	nan	nan	nan
9.000000000000000	nan	nan	nan
9.000000000000000	nan	nan	nan
9.000000000000000	nan	nan	nan
9.000000000000000	nan	nan	nan
9.000000000000000	nan	nan	nan
9.000000000000000	nan	nan	nan
9.000000000000000	nan	nan	nan
9.000000000000000	nan	nan	nan
9.000000000000000	nan	nan	nan
9.000000000000000	nan	nan	nan
9.000000000000000	nan	nan	nan
9.000000000000000	nan	nan	nan
9.000000000000000	nan	nan	nan
9.000000000000000	nan	nan	nan
9.000000000000000	nan	nan	nan
9.000000000000000	nan	nan	nan
9.000000000000000	nan	nan	nan
9.000000000000000	nan	nan	nan
9.000000000000000	nan	nan	nan
9.000000000000000	nan	nan	nan
9.000000000000000	nan	nan	nan
9.000000000000000	nan	nan	nan
9.000000000000000	nan	nan	nan
9.000000000000000	nan	nan	nan


10.000000000000000	nan	nan	nan
10.000000000000000	nan	nan	nan
10.000000000000000	nan	nan	nan
10.000000000000000	nan	nan	nan
10.000000000000000	nan	nan	nan
10.000000000000000	nan	nan	nan
10.000000000000000	nan	nan	nan
10.000000000000000	nan	nan	nan
10.000000000000000	nan	nan	nan
10.000000000000000	nan	nan	nan
10.000000000000000	nan	nan	nan
10.000000000000000	nan	nan	nan
10.000000000000000	nan	nan	nan
10.000000000000000	nan	nan	nan
10.000000000000000	nan	nan	nan
10.000000000000000	nan	nan	nan
10.000000000000000	nan	nan	nan
10.000000000000000	nan	nan	nan
10.000000000000000	nan	nan	nan
10.000000000000000	nan	nan	nan
10.000000000000000	nan	nan	nan
10.000000000000000	nan	nan	nan
10.000000000000000	nan	nan	nan
10.000000000000000	nan	nan	nan
10.000000000000000	nan	nan	nan
10.000000000000000	nan	nan	nan
10.000000000000000	nan	nan	nan
10.000000000000000	nan	nan	nan
10.000000000000000	nan	nan	nan
10.000000000000000	nan	nan	nan
10.000000000000000	nan	nan	nan
10.000000000000000	nan	nan	nan
10.000000000000000	nan	nan	nan
10.000000000000000	nan	nan	nan
10.000000000000000	nan	nan	nan
10.000000000000000	nan	nan	nan
10.000000000000000	nan	nan	nan
10.000000000000000	nan	nan	nan
10.000000000000000	nan	nan	nan
10.000000000000000	nan	nan	nan
10.000000000000000	nan	nan	nan
10.000000000000000	nan	nan	nan
10.000000000000000	nan	nan	nan
10.000000000000000	nan	nan	nan
10.000000000000000	nan	nan	nan
10.000000000000000	nan	nan	nan
10.000000000000000	nan	nan	nan
10.000000000000000	nan	nan	nan
10.000000000000000	nan	nan	nan
10.000000000000000	nan	nan	nan
10.000000000000000	nan	nan	nan
10.000000000000000	nan	nan	nan
10.000000000000000	nan	nan	nan
10.000000000000000	nan	nan	nan
10.000000000000000	nan	nan	nan
10.000000000000000	nan	nan	nan
10.000000000000000	nan	nan	nan
10.000000000000000	nan	nan	nan
10.000000000000000	nan	nan	nan
10.000000000000000	nan	nan	nan
10.000000000000000	nan	nan	nan
10.000000000000000	nan	nan	nan
10.000000000000000	nan	nan	nan
10.000000000000000	nan	nan	nan
10.000000000000000	nan	nan	nan
10.000000000000000	nan	nan	nan
10.000000000000000	nan	nan	nan
10.000000000000000	nan	nan	nan
10.000000000000000	nan	nan	nan
10.000000000000000	nan	nan	nan
10.000000000000000	nan	nan	nan
10.000000000000000	nan	nan	nan
10.000000000000000	nan	nan	nan
10.000000000000000	nan	nan	nan
10.000000000000000	nan	nan	nan
10.000000000000000	nan	nan	nan
10.000000000000000	nan	nan	nan
10.000000000000000	nan	nan	nan
10.000000000000000	nan	nan	nan
10.000000000000000	nan	nan	nan
10.000000000000000	nan	nan	nan
10.000000000000000	nan	nan	nan
10.000000000000000	nan	nan	nan
10.000000000000000	nan	nan	nan
10.000000000000000	nan	nan	nan
10.000000000000000	nan	nan	nan
10.000000000000000	nan	nan	nan
10.000000000000000	nan	nan	nan
10.000000000000000	nan	nan	nan
10.000000000000000	nan	nan	nan
10.000000000000000	nan	nan	nan
10.000000000000000	nan	nan	nan
10.000000000000000	nan	nan	nan
10.000000000000000	nan	nan	nan
10.000000000000000	nan	nan	nan
10.000000000000000	nan	nan	nan
10.000000000000000	nan	nan	nan
10.000000000000000	nan	nan	nan
10.000000000000000	nan	nan	nan
10.000000000000000	nan	nan	nan


11.000000000000000	nan	nan	nan
11.000000000000000	nan	nan	nan
11.000000000000000	nan	nan	nan
11.000000000000000	nan	nan	nan
11.000000000000000	nan	nan	nan
11.000000000000000	nan	nan	nan
11.000000000000000	nan	nan	nan
11.000000000000000	nan	nan	nan
11.000000000000000	nan	nan	nan
11.000000000000000	nan	nan	nan
11.000000000000000	nan	nan	nan
11.000000000000000	nan	nan	nan
11.000000000000000	nan	nan	nan
11.000000000000000	nan	nan	nan
11.000000000000000	nan	nan	nan
11.000000000000000	nan	nan	nan
11.000000000000000	nan	nan	nan
11.000000000000000	nan	nan	nan
11.000000000000000	nan	nan	nan
11.000000000000000	nan	nan	nan
11.000000000000000	nan	nan	nan
11.000000000000000	nan	nan	nan
11.000000000000000	nan	nan	nan
11.000000000000000	nan	nan	nan
11.000000000000000	nan	nan	nan
11.000000000000000	nan	nan	nan
11.000000000000000	nan	nan	nan
11.000000000000000	nan	nan	nan
11.000000000000000	nan	nan	nan
11.000000000000000	nan	nan	nan
11.000000000000000	nan	nan	nan
11.000000000000000	nan	nan	nan
11.000000000000000	nan	nan	nan
11.000000000000000	nan	nan	nan
11.000000000000000	nan	nan	nan
11.000000000000000	nan	nan	nan
11.000000000000000	nan	nan	nan
11.000000000000000	nan	nan	nan
11.000000000000000	nan	nan	nan
11.000000000000000	nan	nan	nan
11.000000000000000	nan	nan	nan
11.000000000000000	nan	nan	nan
11.000000000000000	nan	nan	nan
11.000000000000000	nan	nan	nan
11.000000000000000	nan	nan	nan
11.000000000000000	nan	nan	nan
11.000000000000000	nan	nan	nan
11.000000000000000	nan	nan	nan
11.000000000000000	nan	nan	nan
11.000000000000000	nan	nan	nan
11.000000000000000	nan	nan	nan
11.000000000000000	nan	nan	nan
11.000000000000000	nan	nan	nan
11.000000000000000	nan	nan	nan
11.000000000000000	nan	nan	nan
11.000000000000000	nan	nan	nan
11.000000000000000	nan	nan	nan
11.000000000000000	nan	nan	nan
11.000000000000000	nan	nan	nan
11.000000000000000	nan	nan	nan
11.000000000000000	nan	nan	nan
11.000000000000000	nan	nan	nan
11.000000000000000	nan	nan	nan
11.000000000000000	nan	nan	nan
11.000000000000000	nan	nan	nan
11.000000000000000	nan	nan	nan
11.000000000000000	nan	nan	nan
11.000000000000000	nan	nan	nan
11.000000000000000	nan	nan	nan
11.000000000000000	nan	nan	nan
11.000000000000000	nan	nan	nan
11.000000000000000	nan	nan	nan
11.000000000000000	nan	nan	nan
11.000000000000000	nan	nan	nan
11.000000000000000	nan	nan	nan
11.000000000000000	nan	nan	nan
11.000000000000000	nan	nan	nan
11.000000000000000	nan	nan	nan
11.000000000000000	nan	nan	nan
11.000000000000000	nan	nan	nan
11.000000000000000	nan	nan	nan
11.000000000000000	nan	nan	nan
11.000000000000000	nan	nan	nan
11.000000000000000	nan	nan	nan
11.000000000000000	nan	nan	nan
11.000000000000000	nan	nan	nan
11.000000000000000	nan	nan	nan
11.000000000000000	nan	nan	nan
11.000000000000000	nan	nan	nan
11.000000000000000	nan	nan	nan
11.000000000000000	nan	nan	nan
11.000000000000000	nan	nan	nan
11.000000000000000	nan	nan	nan
11.000000000000000	nan	nan	nan
11.000000000000000	nan	nan	nan
11.000000000000000	nan	nan	nan
11.000000000000000	nan	nan	nan
11.000000000000000	nan	nan	nan
11.000000000000000	nan	nan	nan
11.000000000000000	nan	nan	nan


12.000000000000000	nan	nan	nan
12.000000000000000	nan	nan	nan
12.000000000000000	nan	nan	nan
12.000000000000000	nan	nan	nan
12.000000000000000	nan	nan	nan
12.000000000000000	nan	nan	nan
12.000000000000000	nan	nan	nan
12.000000000000000	nan	nan	nan
12.000000000000000	nan	nan	nan
12.000000000000000	nan	nan	nan
12.000000000000000	nan	nan	nan
12.000000000000000	nan	nan	nan
12.000000000000000	nan	nan	nan
12.000000000000000	nan	nan	nan
12.000000000000000	nan	nan	nan
12.000000000000000	nan	nan	nan
12.000000000000000	nan	nan	nan
12.000000000000000	nan	nan	nan
12.000000000000000	nan	nan	nan
12.000000000000000	nan	nan	nan
12.000000000000000	nan	nan	nan
12.000000000000000	nan	nan	nan
12.000000000000000	nan	nan	nan
12.000000000000000	nan	nan	nan
12.000000000000000	nan	nan	nan
12.000000000000000	nan	nan	nan
12.000000000000000	nan	nan	nan
12.000000000000000	nan	nan	nan
12.000000000000000	nan	nan	nan
12.000000000000000	nan	nan	nan
12.000000000000000	nan	nan	nan
12.000000000000000	nan	nan	nan
12.000000000000000	nan	nan	nan
12.000000000000000	nan	nan	nan
12.000000000000000	nan	nan	nan
12.000000000000000	nan	nan	nan
12.000000000000000	nan	nan	nan
12.000000000000000	nan	nan	nan
12.000000000000000	nan	nan	nan
12.000000000000000	nan	nan	nan
12.000000000000000	nan	nan	nan
12.000000000000000	nan	nan	nan
12.000000000000000	nan	nan	nan
12.000000000000000	nan	nan	nan
12.000000000000000	nan	nan	nan
12.000000000000000	nan	nan	nan
12.000000000000000	nan	nan	nan
12.000000000000000	nan	nan	nan
12.000000000000000	nan	nan	nan
12.000000000000000	nan	nan	nan
12.000000000000000	nan	nan	nan
12.000000000000000	nan	nan	nan
12.000000000000000	nan	nan	nan
12.000000000000000	nan	nan	nan
12.000000000000000	nan	nan	nan
12.000000000000000	nan	nan	nan
12.000000000000000	nan	nan	nan
12.000000000000000	nan	nan	nan
12.000000000000000	nan	nan	nan
12.000000000000000	nan	nan	nan
12.000000000000000	nan	nan	nan
12.000000000000000	nan	nan	nan
12.000000000000000	nan	nan	nan
12.000000000000000	nan	nan	nan
12.000000000000000	nan	nan	nan
12.000000000000000	nan	nan	nan
12.000000000000000	nan	nan	nan
12.000000000000000	nan	nan	nan
12.000000000000000	nan	nan	nan
12.000000000000000	nan	nan	nan
12.000000000000000	nan	nan	nan
12.000000000000000	nan	nan	nan
12.000000000000000	nan	nan	nan
12.000000000000000	nan	nan	nan
12.000000000000000	nan	nan	nan
12.000000000000000	nan	nan	nan
12.000000000000000	nan	nan	nan
12.000000000000000	nan	nan	nan
12.000000000000000	nan	nan	nan
12.000000000000000	nan	nan	nan
12.000000000000000	nan	nan	nan
12.000000000000000	nan	nan	nan
12.000000000000000	nan	nan	nan
12.000000000000000	nan	nan	nan
12.000000000000000	nan	nan	nan
12.000000000000000	nan	nan	nan
12.000000000000000	nan	nan	nan
12.000000000000000	nan	nan	nan
12.000000000000000	nan	nan	nan
12.000000000000000	nan	nan	nan
12.000000000000000	nan	nan	nan
12.000000000000000	nan	nan	nan
12.000000000000000	nan	nan	nan
12.000000000000000	nan	nan	nan
12.000000000000000	nan	nan	nan
12.000000000000000	nan	nan	nan
12.000000000000000	nan	nan	nan
12.000000000000000	nan	nan	nan
12.000000000000000	nan	nan	nan
12.000000000000000	nan	nan	nan


13.000000000000000	nan	nan	nan
13.000000000000000	nan	nan	nan
13.000000000000000	nan	nan	nan
13.000000000000000	nan	nan	nan
13.000000000000000	nan	nan	nan
13.000000000000000	nan	nan	nan
13.000000000000000	nan	nan	nan
13.000000000000000	nan	nan	nan
13.000000000000000	nan	nan	nan
13.000000000000000	nan	nan	nan
13.000000000000000	nan	nan	nan
13.000000000000000	nan	nan	nan
13.000000000000000	nan	nan	nan
13.000000000000000	nan	nan	nan
13.000000000000000	nan	nan	nan
13.000000000000000	nan	nan	nan
13.000000000000000	nan	nan	nan
13.000000000000000	nan	nan	nan
13.000000000000000	nan	nan	nan
13.000000000000000	nan	nan	nan
13.000000000000000	nan	nan	nan
13.000000000000000	nan	nan	nan
13.000000000000000	nan	nan	nan
13.000000000000000	nan	nan	nan
13.000000000000000	nan	nan	nan
13.000000000000000	nan	nan	nan
13.000000000000000	nan	nan	nan
13.000000000000000	nan	nan	nan
13.000000000000000	nan	nan	nan
13.000000000000000	nan	nan	nan
13.000000000000000	nan	nan	nan
13.000000000000000	nan	nan	nan
13.000000000000000	nan	nan	nan
13.000000000000000	nan	nan	nan
13.000000000000000	nan	nan	nan
13.000000000000000	nan	nan	nan
13.000000000000000	nan	nan	nan
13.000000000000000	nan	nan	nan
13.000000000000000	nan	nan	nan
13.000000000000000	nan	nan	nan
13.000000000000000	nan	nan	nan
13.000000000000000	nan	nan	nan
13.000000000000000	nan	nan	nan
13.000000000000000	nan	nan	nan
13.000000000000000	nan	nan	nan
13.000000000000000	nan	nan	nan
13.000000000000000	nan	nan	nan
13.000000000000000	nan	nan	nan
13.000000000000000	nan	nan	nan
13.000000000000000	nan	nan	nan
13.000000000000000	nan	nan	nan
13.000000000000000	nan	nan	nan
13.000000000000000	nan	nan	nan
13.000000000000000	nan	nan	nan
13.000000000000000	nan	nan	nan
13.000000000000000	nan	nan	nan
13.000000000000000	nan	nan	nan
13.000000000000000	nan	nan	nan
13.000000000000000	nan	nan	nan
13.000000000000000	nan	nan	nan
13.000000000000000	nan	nan	nan
13.000000000000000	nan	nan	nan
13.000000000000000	nan	nan	nan
13.000000000000000	nan	nan	nan
13.000000000000000	nan	nan	nan
13.000000000000000	nan	nan	nan
13.000000000000000	nan	nan	nan
13.000000000000000	nan	nan	nan
13.000000000000000	nan	nan	nan
13.000000000000000	nan	nan	nan
13.000000000000000	nan	nan	nan
13.000000000000000	nan	nan	nan
13.000000000000000	nan	nan	nan
13.000000000000000	nan	nan	nan
13.000000000000000	nan	nan	nan
13.000000000000000	nan	nan	nan
13.000000000000000	nan	nan	nan
13.000000000000000	nan	nan	nan
13.000000000000000	nan	nan	nan
13.000000000000000	nan	nan	nan
13.000000000000000	nan	nan	nan
13.000000000000000	nan	nan	nan
13.000000000000000	nan	nan	nan
13.000000000000000	nan	nan	nan
13.000000000000000	nan	nan	nan
13.000000000000000	nan	nan	nan
13.000000000000000	nan	nan	nan
13.000000000000000	nan	nan	nan
13.000000000000000	nan	nan	nan
13.000000000000000	nan	nan	nan
13.000000000000000	nan	nan	nan
13.000000000000000	nan	nan	nan
13.000000000000000	nan	nan	nan
13.000000000000000	nan	nan	nan
13.000000000000000	nan	nan	nan
13.000000000000000	nan	nan	nan
13.000000000000000	nan	nan	nan
13.000000000000000	nan	nan	nan
13.000000000000000	nan	nan	nan
13.000000000000000	nan	nan	nan


14.000000000000000	-1.011907495137993	-0.097996809271127	-0.015683786988767
14.000000000000000	-1.002982004666011	-0.167318263186515	-0.014149303691747
14.000000000000000	-0.989663195518991	-0.235931638542403	-0.012552349121619
14.000000000000000	-0.972004697840578	-0.303560653492897	-0.010899353650803
14.000000000000000	-0.950077616168465	-0.369932989864030	-0.009196973308644
14.000000000000000	-0.923970243121519	-0.434781389682938	-0.007452062979937
14.000000000000000	-0.893787703876565	-0.497844731331389	-0.005671648802720
14.000000000000000	-0.859651532866405	-0.558869080990378	-0.003862899876498
14.000000000000000	-0.821699184403546	-0.617608715141992	-0.002033099394810
14.000000000000000	-0.780083479200204	-0.673827110011292	-0.000189615318379
14.000000000000000	-0.734971989013230	-0.727297893964069	0.001660129293064
14.000000000000000	-0.686546361891786	-0.777805759025527	0.003508686170825
14.000000000000000	-0.635001590744767	-0.825147327849499	0.005348611828795
14.000000000000000	-0.580545228173177	-0.869131972647243	0.007172497535739
14.000000000000000	-0.523396550729057	-0.909582582778264	0.008972999147644
14.000000000000000	-0.463785675966206	-0.946336277912356	0.010742866679995
14.000000000000000	-0.401952635838006	-0.979245063891201	0.012474973500903
14.000000000000000	-0.338146410173468	-1.008176428648614	0.014162345027536
14.000000000000000	-0.272623924123333	-1.033013875789861	0.015798186810304
14.000000000000000	-0.205649013613171	-1.053657393681526	0.017375911891708
14.000000000000000	-0.137491362969230	-1.070023858163062	0.018889167329693
14.000000000000000	-0.068425418994835	-1.082047367258442	0.020331859778705
14.000000000000000	0.001270714130023	-1.089679506540163	0.021698180025440
14.000000000000000	0.071316394676068	-1.092889544077051	0.022982626380500
14.000000000000000	0.141429573409927	-1.091664554180910	0.024180026831750
14.000000000000000	0.211327929306847	-1.086009469453698	0.025285559870187
14.000000000000000	0.280730006357821	-1.075947060925686	0.026294773904457
14.000000000000000	0.349356346893595	-1.061517846364550	0.027203605185839
14.000000000000000	0.416930616862072	-1.042779927124627	0.028008394171531
14.000000000000000	0.483180718528005	-1.019808754193265	0.028705900260331
14.000000000000000	0.547839886114546	-0.992696824376326	0.029293314841401
14.000000000000000	0.610647759974876	-0.961553307846196	0.029768272603547
14.000000000000000	0.671351434968605	-0.926503608552032	0.030128861059494
14.000000000000000	0.729706478821518	-0.887688859262317	0.030373628246798
14.000000000000000	0.785477916368068	-0.845265353273019	0.030501588574384
14.000000000000000	0.838441175713438	-0.799403915069644	0.030512226791175
14.000000000000000	0.888382992505294	-0.750289212477328	0.030405500060829
14.000000000000000	0.935102268674071	-0.698119013068682	0.030181838134218
14.000000000000000	0.978410882183912	-0.643103387823578	0.029842141618982
14.000000000000000	1.018134444533720	-0.585463865247455	0.029387778353094
14.000000000000000	1.054113002958096	-0.525432539354218	0.028820577897060
14.000000000000000	1.086201684500672	-0.463251135105557	0.028142824166928
14.000000000000000	1.114271279366377	-0.399170035069841	0.027357246237759
14.000000000000000	1.138208761203676	-0.333447271219888	0.026467007354609
14.000000000000000	1.157917742221794	-0.266347485929285	0.025475692195257
14.000000000000000	1.173318861310334	-0.198140866350943	0.024387292435971
14.000000000000000	1.184350103598454	-0.129102056468804	0.023206190678438
14.000000000000000	1.190967050166870	-0.059509051203445	0.021937142802572
14.000000000000000	1.193143056907160	0.010357922975347	0.020585258816267
14.000000000000000	1.190869361808189	0.080217536421667	0.019155982279198
14.000000000000000	1.184155120237633	0.149788489128684	0.017655068383524
14.000000000000000	1.173027368076550	0.218790643424479	0.016088560779765
14.000000000000000	1.157530912855418	0.286946151987584	0.014462767241153
14.000000000000000	1.137728153330038	0.353980576640077	0.012784234264453
14.000000000000000	1.113698828223756	0.419623993413266	0.011059720709536
14.000000000000000	1.085539695147777	0.483612079436239	0.009296170583830
14.000000000000000	1.053364140992405	0.545687177270779	0.007500685081258
14.000000000000000	1.017301725358064	0.605599332406923	0.005680493988234
14.000000000000000	0.977497658864507	0.663107299741562	0.003842926571862
14.000000000000000	0.934112218438908	0.717979514987318	0.001995382067572
14.000000000000000	0.887320101937239	0.769995027100201	0.000145299885004
14.000000000000000	0.837309724697666	0.818944387971485	-0.001699870347870
14.000000000000000	0.784282460858483	0.864630495801312	-0.003532698781763
14.000000000000000	0.728451832495527	0.906869388758080	-0.005345805263455
14.000000000000000	0.670042649844144	0.945490985727804	-0.007131889053072
14.000000000000000	0.609290106067713	0.980339771170741	-0.008883758221578
14.000000000000000	0.546438830217791	1.011275421327573	-0.010594358610143
14.000000000000000	0.481741902199259	1.038173369253662	-0.012256802234749
14.000000000000000	0.415459833706870	1.060925306406175	-0.013864395021668
14.000000000000000	0.347859519236600	1.079439618764353	-0.015410663762138
14.000000000000000	0.279213161395710	1.093641755726840	-0.016889382177686
14.000000000000000	0.209797174838922	1.103474530300643	-0.018294595991157
14.000000000000000	0.139891073244161	1.108898349372972	-0.019620646902486
14.000000000000000	0.069776343809625	1.109891373138724	-0.020862195372674
14.000000000000000	-0.000264686195810	1.106449603041677	-0.022014242124230
14.000000000000000	-0.069949986264857	1.098586897875260	-0.023072148271491
14.000000000000000	-0.138998958289130	1.086334917978086	-0.024031653999785
14.000000000000000	-0.207133566428692	1.069742997748940	-0.024888895718194
14.000000000000000	-0.274079456664251	1.048877946994570	-0.025640421616878
14.000000000000000	-0.339567061523961	1.023823781910175	-0.026283205566289
14.000000000000000	-0.403332685536497	0.994681386775838	-0.026814659302328
14.000000000000000	-0.465119567039639	0.961568107731137	-0.027232642848375
14.000000000000000	-0.524678912068867	0.924617280263662	-0.027535473132213
14.000000000000000	-0.581770896162850	0.883977692314058	-0.027721930763172
14.000000000000000	-0.636165630051901	0.839812985159510	-0.027791264942181
14.000000000000000	-0.687644085340931	0.792300994488071	-0.027743196484973
14.000000000000000	-0.735998976459491	0.741633034317113	-0.027577918946259
14.000000000000000	-0.781035595327605	0.688013126639305	-0.027296097840353
14.000000000000000	-0.822572595376484	0.631657179898052	-0.026898867961383
14.000000000000000	-0.860442721767157	0.572792119600401	-0.026387828813870
14.000000000000000	-0.894493484866674	0.511654974568115	-0.025765038172095
14.000000000000000	-0.924587774270037	0.448491922506264	-0.025033003794161
14.000000000000000	-0.950604410895412	0.383557298732497	-0.024194673324141
14.000000000000000	-0.972438634929518	0.317112572058477	-0.023253422422955
14.000000000000000	-0.990002527658422	0.249425291947271	-0.022213041175773
14.000000000000000	-1.003225365485172	0.180768011186081	-0.021077718830681
14.000000000000000	-1.012053904708757	0.111417188412374	-0.019852026930058
14.000000000000000	-1.016452595917703	0.041652074912520	-0.018540900902588
14.000000000000000	-1.016403727135002	-0.028246409824581	-0.017149620190029
14.000000000000000	-1.011907495137993	-0.097996809271126	-0.015683786988767


15.000000000000000	nan	nan	nan
15.000000000000000	nan	nan	nan
15.000000000000000	nan	nan	nan
15.000000000000000	nan	nan	nan
15.000000000000000	nan	nan	nan
15.000000000000000	nan	nan	nan
15.000000000000000	nan	nan	nan
15.000000000000000	nan	nan	nan
15.000000000000000	nan	nan	nan
15.000000000000000	nan	nan	nan
15.000000000000000	nan	nan	nan
15.000000000000000	nan	nan	nan
15.000000000000000	nan	nan	nan
15.000000000000000	nan	nan	nan
15.000000000000000	nan	nan	nan
15.000000000000000	nan	nan	nan
15.000000000000000	nan	nan	nan
15.000000000000000	nan	nan	nan
15.000000000000000	nan	nan	nan
15.000000000000000	nan	nan	nan
15.000000000000000	nan	nan	nan
15.000000000000000	nan	nan	nan
15.000000000000000	nan	nan	nan
15.000000000000000	nan	nan	nan
15.000000000000000	nan	nan	nan
15.000000000000000	nan	nan	nan
15.000000000000000	nan	nan	nan
15.000000000000000	nan	nan	nan
15.000000000000000	nan	nan	nan
15.000000000000000	nan	nan	nan
15.000000000000000	nan	nan	nan
15.000000000000000	nan	nan	nan
15.000000000000000	nan	nan	nan
15.000000000000000	nan	nan	nan
15.000000000000000	nan	nan	nan
15.000000000000000	nan	nan	nan
15.000000000000000	nan	nan	nan
15.000000000000000	nan	nan	nan
15.000000000000000	nan	nan	nan
15.000000000000000	nan	nan	nan
15.000000000000000	nan	nan	nan
15.000000000000000	nan	nan	nan
15.000000000000000	nan	nan	nan
15.000000000000000	nan	nan	nan
15.000000000000000	nan	nan	nan
15.000000000000000	nan	nan	nan
15.000000000000000	nan	nan	nan
15.000000000000000	nan	nan	nan
15.000000000000000	nan	nan	nan
15.000000000000000	nan	nan	nan
15.000000000000000	nan	nan	nan
15.000000000000000	nan	nan	nan
15.000000000000000	nan	nan	nan
15.000000000000000	nan	nan	nan
15.000000000000000	nan	nan	nan
15.000000000000000	nan	nan	nan
15.000000000000000	nan	nan	nan
15.000000000000000	nan	nan	nan
15.000000000000000	nan	nan	nan
15.000000000000000	nan	nan	nan
15.000000000000000	nan	nan	nan
15.000000000000000	nan	nan	nan
15.000000000000000	nan	nan	nan
15.000000000000000	nan	nan	nan
15.000000000000000	nan	nan	nan
15.000000000000000	nan	nan	nan
15.000000000000000	nan	nan	nan
15.000000000000000	nan	nan	nan
15.000000000000000	nan	nan	nan
15.000000000000000	nan	nan	nan
15.000000000000000	nan	nan	nan
15.000000000000000	nan	nan	nan
15.000000000000000	nan	nan	nan
15.000000000000000	nan	nan	nan
15.000000000000000	nan	nan	nan
15.000000000000000	nan	nan	nan
15.000000000000000	nan	nan	nan
15.000000000000000	nan	nan	nan
15.000000000000000	nan	nan	nan
15.000000000000000	nan	nan	nan
15.000000000000000	nan	nan	nan
15.000000000000000	nan	nan	nan
15.000000000000000	nan	nan	nan
15.000000000000000	nan	nan	nan
15.000000000000000	nan	nan	nan
15.000000000000000	nan	nan	nan
15.000000000000000	nan	nan	nan
15.000000000000000	nan	nan	nan
15.000000000000000	nan	nan	nan
15.000000000000000	nan	nan	nan
15.000000000000000	nan	nan	nan
15.000000000000000	nan	nan	nan
15.000000000000000	nan	nan	nan
15.000000000000000	nan	nan	nan
15.000000000000000	nan	nan	nan
15.000000000000000	nan	nan	nan
15.000000000000000	nan	nan	nan
15.000000000000000	nan	nan	nan
15.000000000000000	nan	nan	nan
15.000000000000000	nan	nan	nan


16.000000000000000	nan	nan	nan
16.000000000000000	nan	nan	nan
16.000000000000000	nan	nan	nan
16.000000000000000	nan	nan	nan
16.000000000000000	nan	nan	nan
16.000000000000000	nan	nan	nan
16.000000000000000	nan	nan	nan
16.000000000000000	nan	nan	nan
16.000000000000000	nan	nan	nan
16.000000000000000	nan	nan	nan
16.000000000000000	nan	nan	nan
16.000000000000000	nan	nan	nan
16.000000000000000	nan	nan	nan
16.000000000000000	nan	nan	nan
16.000000000000000	nan	nan	nan
16.000000000000000	nan	nan	nan
16.000000000000000	nan	nan	nan
16.000000000000000	nan	nan	nan
16.000000000000000	nan	nan	nan
16.000000000000000	nan	nan	nan
16.000000000000000	nan	nan	nan
16.000000000000000	nan	nan	nan
16.000000000000000	nan	nan	nan
16.000000000000000	nan	nan	nan
16.000000000000000	nan	nan	nan
16.000000000000000	nan	nan	nan
16.000000000000000	nan	nan	nan
16.000000000000000	nan	nan	nan
16.000000000000000	nan	nan	nan
16.000000000000000	nan	nan	nan
16.000000000000000	nan	nan	nan
16.000000000000000	nan	nan	nan
16.000000000000000	nan	nan	nan
16.000000000000000	nan	nan	nan
16.000000000000000	nan	nan	nan
16.000000000000000	nan	nan	nan
16.000000000000000	nan	nan	nan
16.000000000000000	nan	nan	nan
16.000000000000000	nan	nan	nan
16.000000000000000	nan	nan	nan
16.000000000000000	nan	nan	nan
16.000000000000000	nan	nan	nan
16.000000000000000	nan	nan	nan
16.000000000000000	nan	nan	nan
16.000000000000000	nan	nan	nan
16.000000000000000	nan	nan	nan
16.000000000000000	nan	nan	nan
16.000000000000000	nan	nan	nan
16.000000000000000	nan	nan	nan
16.000000000000000	nan	nan	nan
16.000000000000000	nan	nan	nan
16.000000000000000	nan	nan	nan
16.000000000000000	nan	nan	nan
16.000000000000000	nan	nan	nan
16.000000000000000	nan	nan	nan
16.000000000000000	nan	nan	nan
16.000000000000000	nan	nan	nan
16.000000000000000	nan	nan	nan
16.000000000000000	nan	nan	nan
16.000000000000000	nan	nan	nan
16.000000000000000	nan	nan	nan
16.000000000000000	nan	nan	nan
16.000000000000000	nan	nan	nan
16.000000000000000	nan	nan	nan
16.000000000000000	nan	nan	nan
16.000000000000000	nan	nan	nan
16.000000000000000	nan	nan	nan
16.000000000000000	nan	nan	nan
16.000000000000000	nan	nan	nan
16.000000000000000	nan	nan	nan
16.000000000000000	nan	nan	nan
16.000000000000000	nan	nan	nan
16.000000000000000	nan	nan	nan
16.000000000000000	nan	nan	nan
16.000000000000000	nan	nan	nan
16.000000000000000	nan	nan	nan
16.000000000000000	nan	nan	nan
16.000000000000000	nan	nan	nan
16.000000000000000	nan	nan	nan
16.000000000000000	nan	nan	nan
16.000000000000000	nan	nan	nan
16.000000000000000	nan	nan	nan
16.000000000000000	nan	nan	nan
16.000000000000000	nan	nan	nan
16.000000000000000	nan	nan	nan
16.000000000000000	nan	nan	nan
16.000000000000000	nan	nan	nan
16.000000000000000	nan	nan	nan
16.000000000000000	nan	nan	nan
16.000000000000000	nan	nan	nan
16.000000000000000	nan	nan	nan
16.000000000000000	nan	nan	nan
16.000000000000000	nan	nan	nan
16.000000000000000	nan	nan	nan
16.000000000000000	nan	nan	nan
16.000000000000000	nan	nan	nan
16.000000000000000	nan	nan	nan
16.000000000000000	nan	nan	nan
16.000000000000000	nan	nan	nan
16.000000000000000	nan	nan	nan


17.000000000000000	1.278923841568071	-0.809066922855538	-0.036716380182882
17.000000000000000	1.328342106162832	-0.725366178018987	-0.032466154556663
17.000000000000000	1.372345012731740	-0.638702511716435	-0.028083287373478
17.000000000000000	1.410755377100592	-0.549424887944684	-0.023585426892569
17.000000000000000	1.443418534288773	-0.457892796184680	-0.018990684410599
17.000000000000000	1.470202961290545	-0.364474803864261	-0.014317561333859
17.000000000000000	1.491000806671769	-0.269547072267200	-0.009584874679628
17.000000000000000	1.505728324849564	-0.173491841864490	-0.004811681306690
17.000000000000000	1.514326213306214	-0.076695893166866	-0.000017201180091
17.000000000000000	1.516759851379474	0.020451010703793	0.004779260020883
17.000000000000000	1.513019439667763	0.117557693452994	0.009558388639856
17.000000000000000	1.503120039488886	0.214233140742505	0.014300940812643
17.000000000000000	1.487101512233434	0.310088074667089	0.018987819955499
17.000000000000000	1.465028358857025	0.404736521239231	0.023600153660319
17.000000000000000	1.436989460157722	0.497797364570165	0.028119369687170
17.000000000000000	1.403097718884435	0.588895881489043	0.032527270748141
17.000000000000000	1.363489605117391	0.677665250420887	0.036806107781399
17.000000000000000	1.318324606751294	0.763748028447603	0.040938651420401
17.000000000000000	1.267784587293859	0.846797590604457	0.044908261370468
17.000000000000000	1.212073053565656	0.926479525616470	0.048698953413380
17.000000000000000	1.151414336249970	1.002472982454591	0.052295463770182
17.000000000000000	1.086052686592315	1.074471962289550	0.055683310563033
17.000000000000000	1.016251292886875	1.142186550641142	0.058848852128617
17.000000000000000	0.942291220710135	1.205344084761517	0.061779341948308
17.000000000000000	0.864470281169005	1.263690251551832	0.064462979973900
17.000000000000000	0.783101831720600	1.316990111591338	0.066888960142238
17.000000000000000	0.698513514392363	1.365029045155508	0.069047513887417
17.000000000000000	0.611045936483254	1.407613616413922	0.070929949475355
17.000000000000000	0.521051299058377	1.444572352328082	0.072528687002332
17.000000000000000	0.428891978759596	1.475756433112817	0.073837288916592
17.000000000000000	0.334939068642695	1.501040291481033	0.074850485940089
17.000000000000000	0.239570883916622	1.520322118258863	0.075564198286012
17.000000000000000	0.143171438601662	1.533524272335272	0.075975552086642
17.000000000000000	0.046128899240513	1.540593593295414	0.076082890965411
17.000000000000000	-0.051165978111374	1.541501615478853	0.075885782706537
17.000000000000000	-0.148321421322527	1.536244682600738	0.075385020995411
17.000000000000000	-0.244946219713539	1.524843962474368	0.074582622222704
17.000000000000000	-0.340651299324415	1.507345361775878	0.073481817365070
17.000000000000000	-0.435051289578069	1.483819341194260	0.072087038975150
17.000000000000000	-0.527766075031640	1.454360631711032	0.070403903333242
17.000000000000000	-0.618422325967211	1.419087853152016	0.068439187832523
17.000000000000000	-0.706655001658825	1.378143036547162	0.066200803688880
17.000000000000000	-0.792108820262644	1.331691052221720	0.063697764085236
17.000000000000000	-0.874439689411544	1.279918945921629	0.060940147878643
17.000000000000000	-0.953316091753628	1.223035185646319	0.057939059016282
17.000000000000000	-1.028420419855601	1.161268822221647	0.054706581823784
17.000000000000000	-1.099450255095799	1.094868566993074	0.051255732345923
17.000000000000000	-1.166119585397250	1.024101790352848	0.047600405935590
17.000000000000000	-1.228159956897352	0.949253445133806	0.043755321302113
17.000000000000000	-1.285321554916838	0.870624919204888	0.039735961244214
17.000000000000000	-1.337374209875314	0.788532821888562	0.035558510306238
17.000000000000000	-1.384108324102922	0.703307709086828	0.031239789608706
17.000000000000000	-1.425335715816181	0.615292752249263	0.026797189115602
17.000000000000000	-1.460890376859613	0.524842356542723	0.022248597611124
17.000000000000000	-1.490629141161993	0.432320733786815	0.017612330667863
17.000000000000000	-1.514432261215586	0.338100435901446	0.012907056896458
17.000000000000000	-1.532203890257100	0.242560854771733	0.008151722773689
17.000000000000000	-1.543872468208769	0.146086694570787	0.003365476351704
17.000000000000000	-1.549391009825535	0.049066422691783	-0.001432409844433
17.000000000000000	-1.548737293888041	-0.048109294473123	-0.006222616420393
17.000000000000000	-1.541913952679644	-0.145049164608473	-0.010985854904969
17.000000000000000	-1.528948461387132	-0.241362845071552	-0.015702945417938
17.000000000000000	-1.509893027467853	-0.336662514664451	-0.020354893900673
17.000000000000000	-1.484824380428702	-0.430564435253143	-0.024922968598510
17.000000000000000	-1.453843462863483	-0.522690496945516	-0.029388775486914
17.000000000000000	-1.417075023992710	-0.612669740606453	-0.033734332337724
17.000000000000000	-1.374667117342523	-0.700139851579346	-0.037942141127239
17.000000000000000	-1.326790504585397	-0.784748618599337	-0.041995258494584
17.000000000000000	-1.273637967943152	-0.866155352023773	-0.045877363966643
17.000000000000000	-1.215423533920991	-0.944032255669154	-0.049572825674845
17.000000000000000	-1.152381611498297	-1.018065746730669	-0.053066763299181
17.000000000000000	-1.084766048246416	-1.087957718469470	-0.056345107986002
17.000000000000000	-1.012849108174069	-1.153426740583302	-0.059394658998324
17.000000000000000	-0.936920375416292	-1.214209192426996	-0.062203136870542
17.000000000000000	-0.857285588181327	-1.270060324519767	-0.064759232853499
17.000000000000000	-0.774265407650769	-1.320755244064983	-0.067052654450829
17.000000000000000	-0.688194126790158	-1.366089820514094	-0.069074166863209
17.000000000000000	-0.599418324269197	-1.405881507528294	-0.070815630173634
17.000000000000000	-0.508295468911772	-1.439970078028206	-0.072270032123993
17.000000000000000	-0.415192480295164	-1.468218269371775	-0.073431516350953
17.000000000000000	-0.320484251294412	-1.490512336062483	-0.074295405967470
17.000000000000000	-0.224552138521021	-1.506762507762320	-0.074858222394964
17.000000000000000	-0.127782426734491	-1.516903350765246	-0.075117699370323
17.000000000000000	-0.030564773409919	-1.520894031475636	-0.075072792071348
17.000000000000000	0.066709360275124	-1.518718480830755	-0.074723681323884
17.000000000000000	0.163648285716587	-1.510385459005203	-0.074071772873692
17.000000000000000	0.259861664075705	-1.495928520136784	-0.073119691726016
17.000000000000000	0.354962078035739	-1.475405877215834	-0.071871271575606
17.000000000000000	0.448566591794772	-1.448900167682058	-0.070331539369785
17.000000000000000	0.540298293013026	-1.416518120672721	-0.068506695066707
17.000000000000000	0.629787810505825	-1.378390127262090	-0.066404086670313
17.000000000000000	0.716674801570996	-1.334669715422591	-0.064032180642514
17.000000000000000	0.800609402961739	-1.285532931821855	-0.061400527811733
17.000000000000000	0.881253639662451	-1.231177632944920	-0.058519724915095
17.000000000000000	0.958282785794816	-1.171822688396000	-0.055401371929103
17.000000000000000	1.031386672174318	-1.107707099587836	-0.052058025360629
17.000000000000000	1.100270935252068	-1.039089037367360	-0.048503147686289
17.000000000000000	1.164658202412922	-0.966244802452817	-0.044751053143808
17.000000000000000	1.224289208857109	-0.889467712868290	-0.040816850093628
17.000000000000000	1.278923841568070	-0.809066922855538	-0.036716380182882


18.000000000000000	nan	nan	nan
18.000000000000000	nan	nan	nan
18.000000000000000	nan	nan	nan
18.000000000000000	nan	nan	nan
18.000000000000000	nan	nan	nan
18.000000000000000	nan	nan	nan
18.000000000000000	nan	nan	nan
18.000000000000000	nan	nan	nan
18.000000000000000	nan	nan	nan
18.000000000000000	nan	nan	nan
18.000000000000000	nan	nan	nan
18.000000000000000	nan	nan	nan
18.000000000000000	nan	nan	nan
18.000000000000000	nan	nan	nan
18.000000000000000	nan	nan	nan
18.000000000000000	nan	nan	nan
18.000000000000000	nan	nan	nan
18.000000000000000	nan	nan	nan
18.000000000000000	nan	nan	nan
18.000000000000000	nan	nan	nan
18.000000000000000	nan	nan	nan
18.000000000000000	nan	nan	nan
18.000000000000000	nan	nan	nan
18.000000000000000	nan	nan	nan
18.000000000000000	nan	nan	nan
18.000000000000000	nan	nan	nan
18.000000000000000	nan	nan	nan
18.000000000000000	nan	nan	nan
18.000000000000000	nan	nan	nan
18.000000000000000	nan	nan	nan
18.000000000000000	nan	nan	nan
18.000000000000000	nan	nan	nan
18.000000000000000	nan	nan	nan
18.000000000000000	nan	nan	nan
18.000000000000000	nan	nan	nan
18.000000000000000	nan	nan	nan
18.000000000000000	nan	nan	nan
18.000000000000000	nan	nan	nan
18.000000000000000	nan	nan	nan
18.000000000000000	nan	nan	nan
18.000000000000000	nan	nan	nan
18.000000000000000	nan	nan	nan
18.000000000000000	nan	nan	nan
18.000000000000000	nan	nan	nan
18.000000000000000	nan	nan	nan
18.000000000000000	nan	nan	nan
18.000000000000000	nan	nan	nan
18.000000000000000	nan	nan	nan
18.000000000000000	nan	nan	nan
18.000000000000000	nan	nan	nan
18.000000000000000	nan	nan	nan
18.000000000000000	nan	nan	nan
18.000000000000000	nan	nan	nan
18.000000000000000	nan	nan	nan
18.000000000000000	nan	nan	nan
18.000000000000000	nan	nan	nan
18.000000000000000	nan	nan	nan
18.000000000000000	nan	nan	nan
18.000000000000000	nan	nan	nan
18.000000000000000	nan	nan	nan
18.000000000000000	nan	nan	nan
18.000000000000000	nan	nan	nan
18.000000000000000	nan	nan	nan
18.000000000000000	nan	nan	nan
18.000000000000000	nan	nan	nan
18.000000000000000	nan	nan	nan
18.000000000000000	nan	nan	nan
18.000000000000000	nan	nan	nan
18.000000000000000	nan	nan	nan
18.000000000000000	nan	nan	nan
18.000000000000000	nan	nan	nan
18.000000000000000	nan	nan	nan
18.000000000000000	nan	nan	nan
18.000000000000000	nan	nan	nan
18.000000000000000	nan	nan	nan
18.000000000000000	nan	nan	nan
18.000000000000000	nan	nan	nan
18.000000000000000	nan	nan	nan
18.000000000000000	nan	nan	nan
18.000000000000000	nan	nan	nan
18.000000000000000	nan	nan	nan
18.000000000000000	nan	nan	nan
18.000000000000000	nan	nan	nan
18.000000000000000	nan	nan	nan
18.000000000000000	nan	nan	nan
18.000000000000000	nan	nan	nan
18.000000000000000	nan	nan	nan
18.000000000000000	nan	nan	nan
18.000000000000000	nan	nan	nan
18.000000000000000	nan	nan	nan
18.000000000000000	nan	nan	nan
18.000000000000000	nan	nan	nan
18.000000000000000	nan	nan	nan
18.000000000000000	nan	nan	nan
18.000000000000000	nan	nan	nan
18.000000000000000	nan	nan	nan
18.000000000000000	nan	nan	nan
18.000000000000000	nan	nan	nan
18.000000000000000	nan	nan	nan
18.000000000000000	nan	nan	nan


