# n	x	y	z
1.000000000000000	0.417563184496634	0.024233964194973	-0.018341158346845
1.000000000000000	0.415015953408939	0.053189628202382	-0.016908758613677
1.000000000000000	0.410629459614036	0.081921358072802	-0.015400887853169
1.000000000000000	0.404421365974253	0.110313461270729	-0.013823617728679
1.000000000000000	0.396416670291568	0.138251612817401	-0.012183299350312
1.000000000000000	0.386647604650289	0.165623315637137	-0.010486537701236
1.000000000000000	0.375153505629822	0.192318353543353	-0.008740165041752
1.000000000000000	0.361980655910151	0.218229235040249	-0.006951213398187
1.000000000000000	0.347182097907823	0.243251626153120	-0.005126886247410
1.000000000000000	0.330817420192855	0.267284770544451	-0.003274529510974
1.000000000000000	0.312952517546592	0.290231895224129	-0.001401601975678
1.000000000000000	0.293659325626687	0.312000600220111	0.000484354740332
1.000000000000000	0.273015531307588	0.332503230640509	0.002375746554996
1.000000000000000	0.251104259862919	0.351657229628894	0.004264957501033
1.000000000000000	0.228013740249343	0.369385470791626	0.006144380392747
1.000000000000000	0.203836949839687	0.385616568758614	0.008006447457485
1.000000000000000	0.178671240035884	0.400285166627009	0.009843660808381
1.000000000000000	0.152617944269233	0.413332199130387	0.011648622635705
1.000000000000000	0.125781969966438	0.424705130473725	0.013414064995227
1.000000000000000	0.098271376124427	0.434358165876508	0.015132879073669
1.000000000000000	0.070196938194909	0.442252435972149	0.016798143813381
1.000000000000000	0.041671702030727	0.448356153321205	0.018403153781000
1.000000000000000	0.012810528690112	0.452644740408180	0.019941446167866
1.000000000000000	-0.016270368068267	0.455100928606507	0.021406826813467
1.000000000000000	-0.045453889737084	0.455714827713206	0.022793395147141
1.000000000000000	-0.074622524574720	0.454483965773246	0.024095567947588
1.000000000000000	-0.103658820783574	0.451413299033235	0.025308101824535
1.000000000000000	-0.132445859446991	0.446515191984362	0.026426114332015
1.000000000000000	-0.160867725320480	0.439809367574957	0.027445103628257
1.000000000000000	-0.188809973581488	0.431322827793136	0.028360966603011
1.000000000000000	-0.216160090658312	0.421089744939331	0.029170015399324
1.000000000000000	-0.242807947282536	0.409151324026491	0.029868992263244
1.000000000000000	-0.268646241940729	0.395555636862040	0.030455082661639
1.000000000000000	-0.293570932939768	0.380357428479677	0.030925926615331
1.000000000000000	-0.317481657346014	0.363617896700444	0.031279628201900
1.000000000000000	-0.340282135111425	0.345404445710703	0.031514763189895
1.000000000000000	-0.361880556759325	0.325790414649266	0.031630384773707
1.000000000000000	-0.382189953068767	0.304854782296567	0.031626027386027
1.000000000000000	-0.401128545268887	0.282681849054989	0.031501708572516
1.000000000000000	-0.418620074333154	0.259360897500898	0.031257928921160
1.000000000000000	-0.434594108047553	0.234985832875217	0.030895670046574
1.000000000000000	-0.448986324616250	0.209654804960167	0.030416390637389
1.000000000000000	-0.461738771662768	0.183469812864733	0.029822020582626
1.000000000000000	-0.472800099583746	0.156536294310253	0.029114953200718
1.000000000000000	-0.482125768315673	0.128962701069930	0.028298035602456
1.000000000000000	-0.489678226682002	0.100860062271814	0.027374557226683
1.000000000000000	-0.495427063598487	0.072341537323694	0.026348236594881
1.000000000000000	-0.499349130527879	0.043521960260100	0.025223206338001
1.000000000000000	-0.501428634690923	0.014517377346176	0.024003996555816
1.000000000000000	-0.501657202658304	-0.014555420199668	0.022695516575806
1.000000000000000	-0.500033914067487	-0.043579366482780	0.021303035185031
1.000000000000000	-0.496565305328699	-0.072437592315297	0.019832159414583
1.000000000000000	-0.491265343305106	-0.101013895807124	0.018288811962054
1.000000000000000	-0.484155369073190	-0.129193210269927	0.016679207342920
1.000000000000000	-0.475264011989760	-0.156862067550077	0.015009826866882
1.000000000000000	-0.464627074411644	-0.183909054924859	0.013287392539921
1.000000000000000	-0.452287387532226	-0.210225263722179	0.011518839997148
1.000000000000000	-0.438294638915356	-0.235704727857354	0.009711290575453
1.000000000000000	-0.422705172421059	-0.260244850521128	0.007872022638395
1.000000000000000	-0.405581761328703	-0.283746817300817	0.006008442268797
1.000000000000000	-0.386993355571156	-0.306115994071074	0.004128053447069
1.000000000000000	-0.367014804097742	-0.327262308052105	0.002238427835325
1.000000000000000	-0.345726553483938	-0.347100610500970	0.000347174288971
1.000000000000000	-0.323214324001411	-0.365551019575510	-0.001538091781467
1.000000000000000	-0.299568764452736	-0.382539241990341	-0.003409779074918
1.000000000000000	-0.274885087160663	-0.397996872169684	-0.005260350967249
1.000000000000000	-0.249262684581696	-0.411861667692483	-0.007082355858600
1.000000000000000	-0.222804729087755	-0.424077799920659	-0.008868457178337
1.000000000000000	-0.195617757527442	-0.434596078801337	-0.010611462926839
1.000000000000000	-0.167811242239759	-0.443374150937827	-0.012304354635141
1.000000000000000	-0.139497150247632	-0.450376670131801	-0.013940315625828
1.000000000000000	-0.110789492406232	-0.455575439709959	-0.015512758461393
1.000000000000000	-0.081803864321498	-0.458949526062084	-0.017015351469522
1.000000000000000	-0.052656980887429	-0.460485342933298	-0.018442044238500
1.000000000000000	-0.023466206316403	-0.460176706131119	-0.019787091980091
1.000000000000000	0.005650918445083	-0.458024858427017	-0.021045078661765
1.000000000000000	0.034577149012323	-0.454038464552215	-0.022210938815153
1.000000000000000	0.063196009664155	-0.448233576307874	-0.023279977932901
1.000000000000000	0.091392262349584	-0.440633567930156	-0.024247891371792
1.000000000000000	0.119052370710737	-0.431269041970421	-0.025110781686026
1.000000000000000	0.146064957253705	-0.420177706069558	-0.025865174320861
1.000000000000000	0.172321251826406	-0.407404221122622	-0.026508031603414
1.000000000000000	0.197715529597590	-0.393000021445174	-0.027036764974300
1.000000000000000	0.222145536773423	-0.377023107665440	-0.027449245410849
1.000000000000000	0.245512902337430	-0.359537813176261	-0.027743811999923
1.000000000000000	0.267723534155849	-0.340614545087217	-0.027919278625836
1.000000000000000	0.288687997853450	-0.320329500720055	-0.027974938746413
1.000000000000000	0.308321876934202	-0.298764360788960	-0.027910568237995
1.000000000000000	0.326546112696702	-0.276005960501154	-0.027726426297900
1.000000000000000	0.343287322575663	-0.252145939902160	-0.027423254400728
1.000000000000000	0.358478095627609	-0.227280374873685	-0.027002273312707
1.000000000000000	0.372057263970949	-0.201509390269951	-0.026465178176096
1.000000000000000	0.383970149087447	-0.174936756750250	-0.025814131683445
1.000000000000000	0.394168781993317	-0.147669472931120	-0.025051755369197
1.000000000000000	0.402612096393391	-0.119817334540684	-0.024181119053695
1.000000000000000	0.409266094040596	-0.091492492309999	-0.023205728482095
1.000000000000000	0.414103981634893	-0.062809000381654	-0.022129511207970
1.000000000000000	0.417106278710442	-0.033882357053983	-0.020956800778440
1.000000000000000	0.418260896076562	-0.004829039710188	-0.019692319284503
1.000000000000000	0.417563184496634	0.024233964194973	-0.018341158346845


2.000000000000000	0.168526667948765	0.597507167770177	-0.013075300390564
2.000000000000000	0.124838111972671	0.608225765560290	-0.017595255483660
2.000000000000000	0.080539501795742	0.616114556778018	-0.022036029888136
2.000000000000000	0.035809212286241	0.621141776045427	-0.026379742172807
2.000000000000000	-0.009172643467254	0.623287180524853	-0.030608901741391
2.000000000000000	-0.054224939407690	0.622542131429664	-0.034706479260958
2.000000000000000	-0.099166265840241	0.618909628809607	-0.038655975233054
2.000000000000000	-0.143815659905125	0.612404299470662	-0.042441486431347
2.000000000000000	-0.187993334251168	0.603052338078063	-0.046047769938316
2.000000000000000	-0.231521400976013	0.590891401679622	-0.049460304523092
2.000000000000000	-0.274224587917918	0.575970458074087	-0.052665349113337
2.000000000000000	-0.315930944414894	0.558349588635104	-0.055649998125684
2.000000000000000	-0.356472533689325	0.538099746384729	-0.058402233431976
2.000000000000000	-0.395686109070105	0.515302470290647	-0.060910972752018
2.000000000000000	-0.433413771329361	0.490049556937533	-0.063166114278011
2.000000000000000	-0.469503604486919	0.462442690894601	-0.065158577350969
2.000000000000000	-0.503810287522337	0.432593035267736	-0.066880339025325
2.000000000000000	-0.536195679531359	0.400620784084896	-0.068324466374501
2.000000000000000	-0.566529375970588	0.366654678317188	-0.069485144407357
2.000000000000000	-0.594689233750552	0.330831487484413	-0.070357699483109
2.000000000000000	-0.620561863062818	0.293295458932483	-0.070938618130431
2.000000000000000	-0.644043083960728	0.254197737000269	-0.071225561194961
2.000000000000000	-0.665038345855277	0.213695754414694	-0.071217373258252
2.000000000000000	-0.683463108236964	0.171952598364709	-0.070914087290237
2.000000000000000	-0.699243181090580	0.129136353806740	-0.070316924516465
2.000000000000000	-0.712315023632225	0.085419426645895	-0.069428289500662
2.000000000000000	-0.722626000165608	0.040977849518233	-0.068251760462397
2.000000000000000	-0.730134592027422	-0.004009427030529	-0.066792074868860
2.000000000000000	-0.734810564768353	-0.049361255115709	-0.065055110358749
2.000000000000000	-0.736635089896528	-0.094895018932253	-0.063047861075095
2.000000000000000	-0.735600820693210	-0.140427370084130	-0.060778409502317
2.000000000000000	-0.731711921795442	-0.185774965863611	-0.058255893920911
2.000000000000000	-0.724984052426523	-0.230755207507644	-0.055490471610815
2.000000000000000	-0.715444303341842	-0.275186975458623	-0.052493277951635
2.000000000000000	-0.703131087743967	-0.318891358668926	-0.049276381584396
2.000000000000000	-0.688093986606240	-0.361692375012555	-0.045852735815383
2.000000000000000	-0.670393549027690	-0.403417679903046	-0.042236126457756
2.000000000000000	-0.650101048423186	-0.443899260264292	-0.038441116320936
2.000000000000000	-0.627298195530553	-0.482974111059898	-0.034482986571321
2.000000000000000	-0.602076809390263	-0.520484891656937	-0.030377675200414
2.000000000000000	-0.574538447622572	-0.556280559381140	-0.026141712848163
2.000000000000000	-0.544793997490826	-0.590216977712440	-0.021792156239902
2.000000000000000	-0.512963229397587	-0.622157496671864	-0.017346519504946
2.000000000000000	-0.479174314611495	-0.651973503062770	-0.012822703653364
2.000000000000000	-0.443563309166807	-0.679544938350794	-0.008238924494940
2.000000000000000	-0.406273606013765	-0.704760782097200	-0.003613639290528
2.000000000000000	-0.367455357625800	-0.727519498998993	0.001034527568820
2.000000000000000	-0.327264871388510	-0.747729447735760	0.005686859555702
2.000000000000000	-0.285863980204991	-0.765309249976911	0.010324623371218
2.000000000000000	-0.243419390851853	-0.780188118063504	0.014929144377355
2.000000000000000	-0.200102012709868	-0.792306140045158	0.019481881793156
2.000000000000000	-0.156086269572214	-0.801614520924332	0.023964503351909
2.000000000000000	-0.111549397301425	-0.808075779136562	0.028358959118710
2.000000000000000	-0.066670730163124	-0.811663897475487	0.032647554171182
2.000000000000000	-0.021630978710230	-0.812364427854961	0.036813019850682
2.000000000000000	0.023388497874655	-0.810174549486393	0.040838583297092
2.000000000000000	0.068206422048668	-0.805103080237070	0.044708034987213
2.000000000000000	0.112642327849367	-0.797170441123716	0.048405794004787
2.000000000000000	0.156517287567468	-0.786408574084263	0.051916970779351
2.000000000000000	0.199654632225581	-0.772860813358947	0.055227427041281
2.000000000000000	0.241880662961824	-0.756581710998610	0.058323832751617
2.000000000000000	0.283025350453836	-0.737636817202850	0.061193719777419
2.000000000000000	0.322923019566850	-0.716102416372499	0.063825532096544
2.000000000000000	0.361413016468979	-0.692065219939270	0.066208672329663
2.000000000000000	0.398340355527504	-0.665622017209420	0.068333544412174
2.000000000000000	0.433556343381311	-0.636879285627379	0.070191592234159
2.000000000000000	0.466919177676575	-0.605952762028658	0.071775334092827
2.000000000000000	0.498294518054794	-0.572966976608468	0.073078392818683
2.000000000000000	0.527556027093996	-0.538054751482567	0.074095521454147
2.000000000000000	0.554585879024946	-0.501356665859485	0.074822624381190
2.000000000000000	0.579275234173939	-0.463020489977665	0.075256773812954
2.000000000000000	0.601524677221741	-0.423200590086870	0.075396221582907
2.000000000000000	0.621244617514002	-0.382057306869774	0.075240406184096
2.000000000000000	0.638355649811195	-0.339756309806627	0.074789955030138
2.000000000000000	0.652788874025492	-0.296467930082728	0.074046681928846
2.000000000000000	0.664486172657098	-0.252366474724862	0.073013579778665
2.000000000000000	0.673400444812911	-0.207629524728422	0.071694808517328
2.000000000000000	0.679495795865199	-0.162437220001415	0.070095678371252
2.000000000000000	0.682747681986589	-0.116971534004633	0.068222628473132
2.000000000000000	0.683143008979402	-0.071415541008758	0.066083200933826
2.000000000000000	0.680680185001369	-0.025952678918877	0.063686010472937
2.000000000000000	0.675369126975409	0.019233989365206	0.061040709730378
2.000000000000000	0.667231220657688	0.063962513078664	0.058157950398598
2.000000000000000	0.656299234524725	0.108052786243157	0.055049340331972
2.000000000000000	0.642617187826300	0.151327272890039	0.051727396806075
2.000000000000000	0.626240173335475	0.193611721935044	0.048205496115026
2.000000000000000	0.607234135509439	0.234735868825900	0.044497819709876
2.000000000000000	0.585675604954456	0.274534121137588	0.040619297094906
2.000000000000000	0.561651390264120	0.312846225354594	0.036585545711787
2.000000000000000	0.535258228471793	0.349517912155257	0.032412808053651
2.000000000000000	0.506602395524712	0.384401517599871	0.028117886262306
2.000000000000000	0.475799278348255	0.417356577721264	0.023718074471939
2.000000000000000	0.442972910223525	0.448250394123609	0.019231089171744
2.000000000000000	0.408255471349096	0.476958568312035	0.014674997867871
2.000000000000000	0.371786756598015	0.503365502601454	0.010068146331958
2.000000000000000	0.333713612613176	0.527364865587648	0.005429084729179
2.000000000000000	0.294189346507729	0.548860020306296	0.000776492923282
2.000000000000000	0.253373108551436	0.567764413355927	-0.003870894740636
2.000000000000000	0.211429251328710	0.584001923417918	-0.008494364872716
2.000000000000000	0.168526667948765	0.597507167770177	-0.013075300390564


3.000000000000000	nan	nan	nan
3.000000000000000	nan	nan	nan
3.000000000000000	nan	nan	nan
3.000000000000000	nan	nan	nan
3.000000000000000	nan	nan	nan
3.000000000000000	nan	nan	nan
3.000000000000000	nan	nan	nan
3.000000000000000	nan	nan	nan
3.000000000000000	nan	nan	nan
3.000000000000000	nan	nan	nan
3.000000000000000	nan	nan	nan
3.000000000000000	nan	nan	nan
3.000000000000000	nan	nan	nan
3.000000000000000	nan	nan	nan
3.000000000000000	nan	nan	nan
3.000000000000000	nan	nan	nan
3.000000000000000	nan	nan	nan
3.000000000000000	nan	nan	nan
3.000000000000000	nan	nan	nan
3.000000000000000	nan	nan	nan
3.000000000000000	nan	nan	nan
3.000000000000000	nan	nan	nan
3.000000000000000	nan	nan	nan
3.000000000000000	nan	nan	nan
3.000000000000000	nan	nan	nan
3.000000000000000	nan	nan	nan
3.000000000000000	nan	nan	nan
3.000000000000000	nan	nan	nan
3.000000000000000	nan	nan	nan
3.000000000000000	nan	nan	nan
3.000000000000000	nan	nan	nan
3.000000000000000	nan	nan	nan
3.000000000000000	nan	nan	nan
3.000000000000000	nan	nan	nan
3.000000000000000	nan	nan	nan
3.000000000000000	nan	nan	nan
3.000000000000000	nan	nan	nan
3.000000000000000	nan	nan	nan
3.000000000000000	nan	nan	nan
3.000000000000000	nan	nan	nan
3.000000000000000	nan	nan	nan
3.000000000000000	nan	nan	nan
3.000000000000000	nan	nan	nan
3.000000000000000	nan	nan	nan
3.000000000000000	nan	nan	nan
3.000000000000000	nan	nan	nan
3.000000000000000	nan	nan	nan
3.000000000000000	nan	nan	nan
3.000000000000000	nan	nan	nan
3.000000000000000	nan	nan	nan
3.000000000000000	nan	nan	nan
3.000000000000000	nan	nan	nan
3.000000000000000	nan	nan	nan
3.000000000000000	nan	nan	nan
3.000000000000000	nan	nan	nan
3.000000000000000	nan	nan	nan
3.000000000000000	nan	nan	nan
3.000000000000000	nan	nan	nan
3.000000000000000	nan	nan	nan
3.000000000000000	nan	nan	nan
3.000000000000000	nan	nan	nan
3.000000000000000	nan	nan	nan
3.000000000000000	nan	nan	nan
3.000000000000000	nan	nan	nan
3.000000000000000	nan	nan	nan
3.000000000000000	nan	nan	nan
3.000000000000000	nan	nan	nan
3.000000000000000	nan	nan	nan
3.000000000000000	nan	nan	nan
3.000000000000000	nan	nan	nan
3.000000000000000	nan	nan	nan
3.000000000000000	nan	nan	nan
3.000000000000000	nan	nan	nan
3.000000000000000	nan	nan	nan
3.000000000000000	nan	nan	nan
3.000000000000000	nan	nan	nan
3.000000000000000	nan	nan	nan
3.000000000000000	nan	nan	nan
3.000000000000000	nan	nan	nan
3.000000000000000	nan	nan	nan
3.000000000000000	nan	nan	nan
3.000000000000000	nan	nan	nan
3.000000000000000	nan	nan	nan
3.000000000000000	nan	nan	nan
3.000000000000000	nan	nan	nan
3.000000000000000	nan	nan	nan
3.000000000000000	nan	nan	nan
3.000000000000000	nan	nan	nan
3.000000000000000	nan	nan	nan
3.000000000000000	nan	nan	nan
3.000000000000000	nan	nan	nan
3.000000000000000	nan	nan	nan
3.000000000000000	nan	nan	nan
3.000000000000000	nan	nan	nan
3.000000000000000	nan	nan	nan
3.000000000000000	nan	nan	nan
3.000000000000000	nan	nan	nan
3.000000000000000	nan	nan	nan
3.000000000000000	nan	nan	nan
3.000000000000000	nan	nan	nan


4.000000000000000	nan	nan	nan
4.000000000000000	nan	nan	nan
4.000000000000000	nan	nan	nan
4.000000000000000	nan	nan	nan
4.000000000000000	nan	nan	nan
4.000000000000000	nan	nan	nan
4.000000000000000	nan	nan	nan
4.000000000000000	nan	nan	nan
4.000000000000000	nan	nan	nan
4.000000000000000	nan	nan	nan
4.000000000000000	nan	nan	nan
4.000000000000000	nan	nan	nan
4.000000000000000	nan	nan	nan
4.000000000000000	nan	nan	nan
4.000000000000000	nan	nan	nan
4.000000000000000	nan	nan	nan
4.000000000000000	nan	nan	nan
4.000000000000000	nan	nan	nan
4.000000000000000	nan	nan	nan
4.000000000000000	nan	nan	nan
4.000000000000000	nan	nan	nan
4.000000000000000	nan	nan	nan
4.000000000000000	nan	nan	nan
4.000000000000000	nan	nan	nan
4.000000000000000	nan	nan	nan
4.000000000000000	nan	nan	nan
4.000000000000000	nan	nan	nan
4.000000000000000	nan	nan	nan
4.000000000000000	nan	nan	nan
4.000000000000000	nan	nan	nan
4.000000000000000	nan	nan	nan
4.000000000000000	nan	nan	nan
4.000000000000000	nan	nan	nan
4.000000000000000	nan	nan	nan
4.000000000000000	nan	nan	nan
4.000000000000000	nan	nan	nan
4.000000000000000	nan	nan	nan
4.000000000000000	nan	nan	nan
4.000000000000000	nan	nan	nan
4.000000000000000	nan	nan	nan
4.000000000000000	nan	nan	nan
4.000000000000000	nan	nan	nan
4.000000000000000	nan	nan	nan
4.000000000000000	nan	nan	nan
4.000000000000000	nan	nan	nan
4.000000000000000	nan	nan	nan
4.000000000000000	nan	nan	nan
4.000000000000000	nan	nan	nan
4.000000000000000	nan	nan	nan
4.000000000000000	nan	nan	nan
4.000000000000000	nan	nan	nan
4.000000000000000	nan	nan	nan
4.000000000000000	nan	nan	nan
4.000000000000000	nan	nan	nan
4.000000000000000	nan	nan	nan
4.000000000000000	nan	nan	nan
4.000000000000000	nan	nan	nan
4.000000000000000	nan	nan	nan
4.000000000000000	nan	nan	nan
4.000000000000000	nan	nan	nan
4.000000000000000	nan	nan	nan
4.000000000000000	nan	nan	nan
4.000000000000000	nan	nan	nan
4.000000000000000	nan	nan	nan
4.000000000000000	nan	nan	nan
4.000000000000000	nan	nan	nan
4.000000000000000	nan	nan	nan
4.000000000000000	nan	nan	nan
4.000000000000000	nan	nan	nan
4.000000000000000	nan	nan	nan
4.000000000000000	nan	nan	nan
4.000000000000000	nan	nan	nan
4.000000000000000	nan	nan	nan
4.000000000000000	nan	nan	nan
4.000000000000000	nan	nan	nan
4.000000000000000	nan	nan	nan
4.000000000000000	nan	nan	nan
4.000000000000000	nan	nan	nan
4.000000000000000	nan	nan	nan
4.000000000000000	nan	nan	nan
4.000000000000000	nan	nan	nan
4.000000000000000	nan	nan	nan
4.000000000000000	nan	nan	nan
4.000000000000000	nan	nan	nan
4.000000000000000	nan	nan	nan
4.000000000000000	nan	nan	nan
4.000000000000000	nan	nan	nan
4.000000000000000	nan	nan	nan
4.000000000000000	nan	nan	nan
4.000000000000000	nan	nan	nan
4.000000000000000	nan	nan	nan
4.000000000000000	nan	nan	nan
4.000000000000000	nan	nan	nan
4.000000000000000	nan	nan	nan
4.000000000000000	nan	nan	nan
4.000000000000000	nan	nan	nan
4.000000000000000	nan	nan	nan
4.000000000000000	nan	nan	nan
4.000000000000000	nan	nan	nan
4.000000000000000	nan	nan	nan


5.000000000000000	nan	nan	nan
5.000000000000000	nan	nan	nan
5.000000000000000	nan	nan	nan
5.000000000000000	nan	nan	nan
5.000000000000000	nan	nan	nan
5.000000000000000	nan	nan	nan
5.000000000000000	nan	nan	nan
5.000000000000000	nan	nan	nan
5.000000000000000	nan	nan	nan
5.000000000000000	nan	nan	nan
5.000000000000000	nan	nan	nan
5.000000000000000	nan	nan	nan
5.000000000000000	nan	nan	nan
5.000000000000000	nan	nan	nan
5.000000000000000	nan	nan	nan
5.000000000000000	nan	nan	nan
5.000000000000000	nan	nan	nan
5.000000000000000	nan	nan	nan
5.000000000000000	nan	nan	nan
5.000000000000000	nan	nan	nan
5.000000000000000	nan	nan	nan
5.000000000000000	nan	nan	nan
5.000000000000000	nan	nan	nan
5.000000000000000	nan	nan	nan
5.000000000000000	nan	nan	nan
5.000000000000000	nan	nan	nan
5.000000000000000	nan	nan	nan
5.000000000000000	nan	nan	nan
5.000000000000000	nan	nan	nan
5.000000000000000	nan	nan	nan
5.000000000000000	nan	nan	nan
5.000000000000000	nan	nan	nan
5.000000000000000	nan	nan	nan
5.000000000000000	nan	nan	nan
5.000000000000000	nan	nan	nan
5.000000000000000	nan	nan	nan
5.000000000000000	nan	nan	nan
5.000000000000000	nan	nan	nan
5.000000000000000	nan	nan	nan
5.000000000000000	nan	nan	nan
5.000000000000000	nan	nan	nan
5.000000000000000	nan	nan	nan
5.000000000000000	nan	nan	nan
5.000000000000000	nan	nan	nan
5.000000000000000	nan	nan	nan
5.000000000000000	nan	nan	nan
5.000000000000000	nan	nan	nan
5.000000000000000	nan	nan	nan
5.000000000000000	nan	nan	nan
5.000000000000000	nan	nan	nan
5.000000000000000	nan	nan	nan
5.000000000000000	nan	nan	nan
5.000000000000000	nan	nan	nan
5.000000000000000	nan	nan	nan
5.000000000000000	nan	nan	nan
5.000000000000000	nan	nan	nan
5.000000000000000	nan	nan	nan
5.000000000000000	nan	nan	nan
5.000000000000000	nan	nan	nan
5.000000000000000	nan	nan	nan
5.000000000000000	nan	nan	nan
5.000000000000000	nan	nan	nan
5.000000000000000	nan	nan	nan
5.000000000000000	nan	nan	nan
5.000000000000000	nan	nan	nan
5.000000000000000	nan	nan	nan
5.000000000000000	nan	nan	nan
5.000000000000000	nan	nan	nan
5.000000000000000	nan	nan	nan
5.000000000000000	nan	nan	nan
5.000000000000000	nan	nan	nan
5.000000000000000	nan	nan	nan
5.000000000000000	nan	nan	nan
5.000000000000000	nan	nan	nan
5.000000000000000	nan	nan	nan
5.000000000000000	nan	nan	nan
5.000000000000000	nan	nan	nan
5.000000000000000	nan	nan	nan
5.000000000000000	nan	nan	nan
5.000000000000000	nan	nan	nan
5.000000000000000	nan	nan	nan
5.000000000000000	nan	nan	nan
5.000000000000000	nan	nan	nan
5.000000000000000	nan	nan	nan
5.000000000000000	nan	nan	nan
5.000000000000000	nan	nan	nan
5.000000000000000	nan	nan	nan
5.000000000000000	nan	nan	nan
5.000000000000000	nan	nan	nan
5.000000000000000	nan	nan	nan
5.000000000000000	nan	nan	nan
5.000000000000000	nan	nan	nan
5.000000000000000	nan	nan	nan
5.000000000000000	nan	nan	nan
5.000000000000000	nan	nan	nan
5.000000000000000	nan	nan	nan
5.000000000000000	nan	nan	nan
5.000000000000000	nan	nan	nan
5.000000000000000	nan	nan	nan
5.000000000000000	nan	nan	nan


6.000000000000000	nan	nan	nan
6.000000000000000	nan	nan	nan
6.000000000000000	nan	nan	nan
6.000000000000000	nan	nan	nan
6.000000000000000	nan	nan	nan
6.000000000000000	nan	nan	nan
6.000000000000000	nan	nan	nan
6.000000000000000	nan	nan	nan
6.000000000000000	nan	nan	nan
6.000000000000000	nan	nan	nan
6.000000000000000	nan	nan	nan
6.000000000000000	nan	nan	nan
6.000000000000000	nan	nan	nan
6.000000000000000	nan	nan	nan
6.000000000000000	nan	nan	nan
6.000000000000000	nan	nan	nan
6.000000000000000	nan	nan	nan
6.000000000000000	nan	nan	nan
6.000000000000000	nan	nan	nan
6.000000000000000	nan	nan	nan
6.000000000000000	nan	nan	nan
6.000000000000000	nan	nan	nan
6.000000000000000	nan	nan	nan
6.000000000000000	nan	nan	nan
6.000000000000000	nan	nan	nan
6.000000000000000	nan	nan	nan
6.000000000000000	nan	nan	nan
6.000000000000000	nan	nan	nan
6.000000000000000	nan	nan	nan
6.000000000000000	nan	nan	nan
6.000000000000000	nan	nan	nan
6.000000000000000	nan	nan	nan
6.000000000000000	nan	nan	nan
6.000000000000000	nan	nan	nan
6.000000000000000	nan	nan	nan
6.000000000000000	nan	nan	nan
6.000000000000000	nan	nan	nan
6.000000000000000	nan	nan	nan
6.000000000000000	nan	nan	nan
6.000000000000000	nan	nan	nan
6.000000000000000	nan	nan	nan
6.000000000000000	nan	nan	nan
6.000000000000000	nan	nan	nan
6.000000000000000	nan	nan	nan
6.000000000000000	nan	nan	nan
6.000000000000000	nan	nan	nan
6.000000000000000	nan	nan	nan
6.000000000000000	nan	nan	nan
6.000000000000000	nan	nan	nan
6.000000000000000	nan	nan	nan
6.000000000000000	nan	nan	nan
6.000000000000000	nan	nan	nan
6.000000000000000	nan	nan	nan
6.000000000000000	nan	nan	nan
6.000000000000000	nan	nan	nan
6.000000000000000	nan	nan	nan
6.000000000000000	nan	nan	nan
6.000000000000000	nan	nan	nan
6.000000000000000	nan	nan	nan
6.000000000000000	nan	nan	nan
6.000000000000000	nan	nan	nan
6.000000000000000	nan	nan	nan
6.000000000000000	nan	nan	nan
6.000000000000000	nan	nan	nan
6.000000000000000	nan	nan	nan
6.000000000000000	nan	nan	nan
6.000000000000000	nan	nan	nan
6.000000000000000	nan	nan	nan
6.000000000000000	nan	nan	nan
6.000000000000000	nan	nan	nan
6.000000000000000	nan	nan	nan
6.000000000000000	nan	nan	nan
6.000000000000000	nan	nan	nan
6.000000000000000	nan	nan	nan
6.000000000000000	nan	nan	nan
6.000000000000000	nan	nan	nan
6.000000000000000	nan	nan	nan
6.000000000000000	nan	nan	nan
6.000000000000000	nan	nan	nan
6.000000000000000	nan	nan	nan
6.000000000000000	nan	nan	nan
6.000000000000000	nan	nan	nan
6.000000000000000	nan	nan	nan
6.000000000000000	nan	nan	nan
6.000000000000000	nan	nan	nan
6.000000000000000	nan	nan	nan
6.000000000000000	nan	nan	nan
6.000000000000000	nan	nan	nan
6.000000000000000	nan	nan	nan
6.000000000000000	nan	nan	nan
6.000000000000000	nan	nan	nan
6.000000000000000	nan	nan	nan
6.000000000000000	nan	nan	nan
6.000000000000000	nan	nan	nan
6.000000000000000	nan	nan	nan
6.000000000000000	nan	nan	nan
6.000000000000000	nan	nan	nan
6.000000000000000	nan	nan	nan
6.000000000000000	nan	nan	nan
6.000000000000000	nan	nan	nan


7.000000000000000	nan	nan	nan
7.000000000000000	nan	nan	nan
7.000000000000000	nan	nan	nan
7.000000000000000	nan	nan	nan
7.000000000000000	nan	nan	nan
7.000000000000000	nan	nan	nan
7.000000000000000	nan	nan	nan
7.000000000000000	nan	nan	nan
7.000000000000000	nan	nan	nan
7.000000000000000	nan	nan	nan
7.000000000000000	nan	nan	nan
7.000000000000000	nan	nan	nan
7.000000000000000	nan	nan	nan
7.000000000000000	nan	nan	nan
7.000000000000000	nan	nan	nan
7.000000000000000	nan	nan	nan
7.000000000000000	nan	nan	nan
7.000000000000000	nan	nan	nan
7.000000000000000	nan	nan	nan
7.000000000000000	nan	nan	nan
7.000000000000000	nan	nan	nan
7.000000000000000	nan	nan	nan
7.000000000000000	nan	nan	nan
7.000000000000000	nan	nan	nan
7.000000000000000	nan	nan	nan
7.000000000000000	nan	nan	nan
7.000000000000000	nan	nan	nan
7.000000000000000	nan	nan	nan
7.000000000000000	nan	nan	nan
7.000000000000000	nan	nan	nan
7.000000000000000	nan	nan	nan
7.000000000000000	nan	nan	nan
7.000000000000000	nan	nan	nan
7.000000000000000	nan	nan	nan
7.000000000000000	nan	nan	nan
7.000000000000000	nan	nan	nan
7.000000000000000	nan	nan	nan
7.000000000000000	nan	nan	nan
7.000000000000000	nan	nan	nan
7.000000000000000	nan	nan	nan
7.000000000000000	nan	nan	nan
7.000000000000000	nan	nan	nan
7.000000000000000	nan	nan	nan
7.000000000000000	nan	nan	nan
7.000000000000000	nan	nan	nan
7.000000000000000	nan	nan	nan
7.000000000000000	nan	nan	nan
7.000000000000000	nan	nan	nan
7.000000000000000	nan	nan	nan
7.000000000000000	nan	nan	nan
7.000000000000000	nan	nan	nan
7.000000000000000	nan	nan	nan
7.000000000000000	nan	nan	nan
7.000000000000000	nan	nan	nan
7.000000000000000	nan	nan	nan
7.000000000000000	nan	nan	nan
7.000000000000000	nan	nan	nan
7.000000000000000	nan	nan	nan
7.000000000000000	nan	nan	nan
7.000000000000000	nan	nan	nan
7.000000000000000	nan	nan	nan
7.000000000000000	nan	nan	nan
7.000000000000000	nan	nan	nan
7.000000000000000	nan	nan	nan
7.000000000000000	nan	nan	nan
7.000000000000000	nan	nan	nan
7.000000000000000	nan	nan	nan
7.000000000000000	nan	nan	nan
7.000000000000000	nan	nan	nan
7.000000000000000	nan	nan	nan
7.000000000000000	nan	nan	nan
7.000000000000000	nan	nan	nan
7.000000000000000	nan	nan	nan
7.000000000000000	nan	nan	nan
7.000000000000000	nan	nan	nan
7.000000000000000	nan	nan	nan
7.000000000000000	nan	nan	nan
7.000000000000000	nan	nan	nan
7.000000000000000	nan	nan	nan
7.000000000000000	nan	nan	nan
7.000000000000000	nan	nan	nan
7.000000000000000	nan	nan	nan
7.000000000000000	nan	nan	nan
7.000000000000000	nan	nan	nan
7.000000000000000	nan	nan	nan
7.000000000000000	nan	nan	nan
7.000000000000000	nan	nan	nan
7.000000000000000	nan	nan	nan
7.000000000000000	nan	nan	nan
7.000000000000000	nan	nan	nan
7.000000000000000	nan	nan	nan
7.000000000000000	nan	nan	nan
7.000000000000000	nan	nan	nan
7.000000000000000	nan	nan	nan
7.000000000000000	nan	nan	nan
7.000000000000000	nan	nan	nan
7.000000000000000	nan	nan	nan
7.000000000000000	nan	nan	nan
7.000000000000000	nan	nan	nan
7.000000000000000	nan	nan	nan


8.000000000000000	nan	nan	nan
8.000000000000000	nan	nan	nan
8.000000000000000	nan	nan	nan
8.000000000000000	nan	nan	nan
8.000000000000000	nan	nan	nan
8.000000000000000	nan	nan	nan
8.000000000000000	nan	nan	nan
8.000000000000000	nan	nan	nan
8.000000000000000	nan	nan	nan
8.000000000000000	nan	nan	nan
8.000000000000000	nan	nan	nan
8.000000000000000	nan	nan	nan
8.000000000000000	nan	nan	nan
8.000000000000000	nan	nan	nan
8.000000000000000	nan	nan	nan
8.000000000000000	nan	nan	nan
8.000000000000000	nan	nan	nan
8.000000000000000	nan	nan	nan
8.000000000000000	nan	nan	nan
8.000000000000000	nan	nan	nan
8.000000000000000	nan	nan	nan
8.000000000000000	nan	nan	nan
8.000000000000000	nan	nan	nan
8.000000000000000	nan	nan	nan
8.000000000000000	nan	nan	nan
8.000000000000000	nan	nan	nan
8.000000000000000	nan	nan	nan
8.000000000000000	nan	nan	nan
8.000000000000000	nan	nan	nan
8.000000000000000	nan	nan	nan
8.000000000000000	nan	nan	nan
8.000000000000000	nan	nan	nan
8.000000000000000	nan	nan	nan
8.000000000000000	nan	nan	nan
8.000000000000000	nan	nan	nan
8.000000000000000	nan	nan	nan
8.000000000000000	nan	nan	nan
8.000000000000000	nan	nan	nan
8.000000000000000	nan	nan	nan
8.000000000000000	nan	nan	nan
8.000000000000000	nan	nan	nan
8.000000000000000	nan	nan	nan
8.000000000000000	nan	nan	nan
8.000000000000000	nan	nan	nan
8.000000000000000	nan	nan	nan
8.000000000000000	nan	nan	nan
8.000000000000000	nan	nan	nan
8.000000000000000	nan	nan	nan
8.000000000000000	nan	nan	nan
8.000000000000000	nan	nan	nan
8.000000000000000	nan	nan	nan
8.000000000000000	nan	nan	nan
8.000000000000000	nan	nan	nan
8.000000000000000	nan	nan	nan
8.000000000000000	nan	nan	nan
8.000000000000000	nan	nan	nan
8.000000000000000	nan	nan	nan
8.000000000000000	nan	nan	nan
8.000000000000000	nan	nan	nan
8.000000000000000	nan	nan	nan
8.000000000000000	nan	nan	nan
8.000000000000000	nan	nan	nan
8.000000000000000	nan	nan	nan
8.000000000000000	nan	nan	nan
8.000000000000000	nan	nan	nan
8.000000000000000	nan	nan	nan
8.000000000000000	nan	nan	nan
8.000000000000000	nan	nan	nan
8.000000000000000	nan	nan	nan
8.000000000000000	nan	nan	nan
8.000000000000000	nan	nan	nan
8.000000000000000	nan	nan	nan
8.000000000000000	nan	nan	nan
8.000000000000000	nan	nan	nan
8.000000000000000	nan	nan	nan
8.000000000000000	nan	nan	nan
8.000000000000000	nan	nan	nan
8.000000000000000	nan	nan	nan
8.000000000000000	nan	nan	nan
8.000000000000000	nan	nan	nan
8.000000000000000	nan	nan	nan
8.000000000000000	nan	nan	nan
8.000000000000000	nan	nan	nan
8.000000000000000	nan	nan	nan
8.000000000000000	nan	nan	nan
8.000000000000000	nan	nan	nan
8.000000000000000	nan	nan	nan
8.000000000000000	nan	nan	nan
8.000000000000000	nan	nan	nan
8.000000000000000	nan	nan	nan
8.000000000000000	nan	nan	nan
8.000000000000000	nan	nan	nan
8.000000000000000	nan	nan	nan
8.000000000000000	nan	nan	nan
8.000000000000000	nan	nan	nan
8.000000000000000	nan	nan	nan
8.000000000000000	nan	nan	nan
8.000000000000000	nan	nan	nan
8.000000000000000	nan	nan	nan
8.000000000000000	nan	nan	nan


9.000000000000000	nan	nan	nan
9.000000000000000	nan	nan	nan
9.000000000000000	nan	nan	nan
9.000000000000000	nan	nan	nan
9.000000000000000	nan	nan	nan
9.000000000000000	nan	nan	nan
9.000000000000000	nan	nan	nan
9.000000000000000	nan	nan	nan
9.000000000000000	nan	nan	nan
9.000000000000000	nan	nan	nan
9.000000000000000	nan	nan	nan
9.000000000000000	nan	nan	nan
9.000000000000000	nan	nan	nan
9.000000000000000	nan	nan	nan
9.000000000000000	nan	nan	nan
9.000000000000000	nan	nan	nan
9.000000000000000	nan	nan	nan
9.000000000000000	nan	nan	nan
9.000000000000000	nan	nan	nan
9.000000000000000	nan	nan	nan
9.000000000000000	nan	nan	nan
9.000000000000000	nan	nan	nan
9.000000000000000	nan	nan	nan
9.000000000000000	nan	nan	nan
9.000000000000000	nan	nan	nan
9.000000000000000	nan	nan	nan
9.000000000000000	nan	nan	nan
9.000000000000000	nan	nan	nan
9.000000000000000	nan	nan	nan
9.000000000000000	nan	nan	nan
9.000000000000000	nan	nan	nan
9.000000000000000	nan	nan	nan
9.000000000000000	nan	nan	nan
9.000000000000000	nan	nan	nan
9.000000000000000	nan	nan	nan
9.000000000000000	nan	nan	nan
9.000000000000000	nan	nan	nan
9.000000000000000	nan	nan	nan
9.000000000000000	nan	nan	nan
9.000000000000000	nan	nan	nan
9.000000000000000	nan	nan	nan
9.000000000000000	nan	nan	nan
9.000000000000000	nan	nan	nan
9.000000000000000	nan	nan	nan
9.000000000000000	nan	nan	nan
9.000000000000000	nan	nan	nan
9.000000000000000	nan	nan	nan
9.000000000000000	nan	nan	nan
9.000000000000000	nan	nan	nan
9.000000000000000	nan	nan	nan
9.000000000000000	nan	nan	nan
9.000000000000000	nan	nan	nan
9.000000000000000	nan	nan	nan
9.000000000000000	nan	nan	nan
9.000000000000000	nan	nan	nan
9.000000000000000	nan	nan	nan
9.000000000000000	nan	nan	nan
9.000000000000000	nan	nan	nan
9.000000000000000	nan	nan	nan
9.000000000000000	nan	nan	nan
9.000000000000000	nan	nan	nan
9.000000000000000	nan	nan	nan
9.000000000000000	nan	nan	nan
9.000000000000000	nan	nan	nan
9.000000000000000	nan	nan	nan
9.000000000000000	nan	nan	nan
9.000000000000000	nan	nan	nan
9.000000000000000	nan	nan	nan
9.000000000000000	nan	nan	nan
9.000000000000000	nan	nan	nan
9.000000000000000	nan	nan	nan
9.000000000000000	nan	nan	nan
9.000000000000000	nan	nan	nan
9.000000000000000	nan	nan	nan
9.000000000000000	nan	nan	nan
9.000000000000000	nan	nan	nan
9.000000000000000	nan	nan	nan
9.000000000000000	nan	nan	nan
9.000000000000000	nan	nan	nan
9.000000000000000	nan	nan	nan
9.000000000000000	nan	nan	nan
9.000000000000000	nan	nan	nan
9.000000000000000	nan	nan	nan
9.000000000000000	nan	nan	nan
9.000000000000000	nan	nan	nan
9.000000000000000	nan	nan	nan
9.000000000000000	nan	nan	nan
9.000000000000000	nan	nan	nan
9.000000000000000	nan	nan	nan
9.000000000000000	nan	nan	nan
9.000000000000000	nan	nan	nan
9.000000000000000	nan	nan	nan
9.000000000000000	nan	nan	nan
9.000000000000000	nan	nan	nan
9.000000000000000	nan	nan	nan
9.000000000000000	nan	nan	nan
9.000000000000000	nan	nan	nan
9.000000000000000	nan	nan	nan
9.000000000000000	nan	nan	nan
9.000000000000000	nan	nan	nan


10.000000000000000	nan	nan	nan
10.000000000000000	nan	nan	nan
10.000000000000000	nan	nan	nan
10.000000000000000	nan	nan	nan
10.000000000000000	nan	nan	nan
10.000000000000000	nan	nan	nan
10.000000000000000	nan	nan	nan
10.000000000000000	nan	nan	nan
10.000000000000000	nan	nan	nan
10.000000000000000	nan	nan	nan
10.000000000000000	nan	nan	nan
10.000000000000000	nan	nan	nan
10.000000000000000	nan	nan	nan
10.000000000000000	nan	nan	nan
10.000000000000000	nan	nan	nan
10.000000000000000	nan	nan	nan
10.000000000000000	nan	nan	nan
10.000000000000000	nan	nan	nan
10.000000000000000	nan	nan	nan
10.000000000000000	nan	nan	nan
10.000000000000000	nan	nan	nan
10.000000000000000	nan	nan	nan
10.000000000000000	nan	nan	nan
10.000000000000000	nan	nan	nan
10.000000000000000	nan	nan	nan
10.000000000000000	nan	nan	nan
10.000000000000000	nan	nan	nan
10.000000000000000	nan	nan	nan
10.000000000000000	nan	nan	nan
10.000000000000000	nan	nan	nan
10.000000000000000	nan	nan	nan
10.000000000000000	nan	nan	nan
10.000000000000000	nan	nan	nan
10.000000000000000	nan	nan	nan
10.000000000000000	nan	nan	nan
10.000000000000000	nan	nan	nan
10.000000000000000	nan	nan	nan
10.000000000000000	nan	nan	nan
10.000000000000000	nan	nan	nan
10.000000000000000	nan	nan	nan
10.000000000000000	nan	nan	nan
10.000000000000000	nan	nan	nan
10.000000000000000	nan	nan	nan
10.000000000000000	nan	nan	nan
10.000000000000000	nan	nan	nan
10.000000000000000	nan	nan	nan
10.000000000000000	nan	nan	nan
10.000000000000000	nan	nan	nan
10.000000000000000	nan	nan	nan
10.000000000000000	nan	nan	nan
10.000000000000000	nan	nan	nan
10.000000000000000	nan	nan	nan
10.000000000000000	nan	nan	nan
10.000000000000000	nan	nan	nan
10.000000000000000	nan	nan	nan
10.000000000000000	nan	nan	nan
10.000000000000000	nan	nan	nan
10.000000000000000	nan	nan	nan
10.000000000000000	nan	nan	nan
10.000000000000000	nan	nan	nan
10.000000000000000	nan	nan	nan
10.000000000000000	nan	nan	nan
10.000000000000000	nan	nan	nan
10.000000000000000	nan	nan	nan
10.000000000000000	nan	nan	nan
10.000000000000000	nan	nan	nan
10.000000000000000	nan	nan	nan
10.000000000000000	nan	nan	nan
10.000000000000000	nan	nan	nan
10.000000000000000	nan	nan	nan
10.000000000000000	nan	nan	nan
10.000000000000000	nan	nan	nan
10.000000000000000	nan	nan	nan
10.000000000000000	nan	nan	nan
10.000000000000000	nan	nan	nan
10.000000000000000	nan	nan	nan
10.000000000000000	nan	nan	nan
10.000000000000000	nan	nan	nan
10.000000000000000	nan	nan	nan
10.000000000000000	nan	nan	nan
10.000000000000000	nan	nan	nan
10.000000000000000	nan	nan	nan
10.000000000000000	nan	nan	nan
10.000000000000000	nan	nan	nan
10.000000000000000	nan	nan	nan
10.000000000000000	nan	nan	nan
10.000000000000000	nan	nan	nan
10.000000000000000	nan	nan	nan
10.000000000000000	nan	nan	nan
10.000000000000000	nan	nan	nan
10.000000000000000	nan	nan	nan
10.000000000000000	nan	nan	nan
10.000000000000000	nan	nan	nan
10.000000000000000	nan	nan	nan
10.000000000000000	nan	nan	nan
10.000000000000000	nan	nan	nan
10.000000000000000	nan	nan	nan
10.000000000000000	nan	nan	nan
10.000000000000000	nan	nan	nan
10.000000000000000	nan	nan	nan


11.000000000000000	nan	nan	nan
11.000000000000000	nan	nan	nan
11.000000000000000	nan	nan	nan
11.000000000000000	nan	nan	nan
11.000000000000000	nan	nan	nan
11.000000000000000	nan	nan	nan
11.000000000000000	nan	nan	nan
11.000000000000000	nan	nan	nan
11.000000000000000	nan	nan	nan
11.000000000000000	nan	nan	nan
11.000000000000000	nan	nan	nan
11.000000000000000	nan	nan	nan
11.000000000000000	nan	nan	nan
11.000000000000000	nan	nan	nan
11.000000000000000	nan	nan	nan
11.000000000000000	nan	nan	nan
11.000000000000000	nan	nan	nan
11.000000000000000	nan	nan	nan
11.000000000000000	nan	nan	nan
11.000000000000000	nan	nan	nan
11.000000000000000	nan	nan	nan
11.000000000000000	nan	nan	nan
11.000000000000000	nan	nan	nan
11.000000000000000	nan	nan	nan
11.000000000000000	nan	nan	nan
11.000000000000000	nan	nan	nan
11.000000000000000	nan	nan	nan
11.000000000000000	nan	nan	nan
11.000000000000000	nan	nan	nan
11.000000000000000	nan	nan	nan
11.000000000000000	nan	nan	nan
11.000000000000000	nan	nan	nan
11.000000000000000	nan	nan	nan
11.000000000000000	nan	nan	nan
11.000000000000000	nan	nan	nan
11.000000000000000	nan	nan	nan
11.000000000000000	nan	nan	nan
11.000000000000000	nan	nan	nan
11.000000000000000	nan	nan	nan
11.000000000000000	nan	nan	nan
11.000000000000000	nan	nan	nan
11.000000000000000	nan	nan	nan
11.000000000000000	nan	nan	nan
11.000000000000000	nan	nan	nan
11.000000000000000	nan	nan	nan
11.000000000000000	nan	nan	nan
11.000000000000000	nan	nan	nan
11.000000000000000	nan	nan	nan
11.000000000000000	nan	nan	nan
11.000000000000000	nan	nan	nan
11.000000000000000	nan	nan	nan
11.000000000000000	nan	nan	nan
11.000000000000000	nan	nan	nan
11.000000000000000	nan	nan	nan
11.000000000000000	nan	nan	nan
11.000000000000000	nan	nan	nan
11.000000000000000	nan	nan	nan
11.000000000000000	nan	nan	nan
11.000000000000000	nan	nan	nan
11.000000000000000	nan	nan	nan
11.000000000000000	nan	nan	nan
11.000000000000000	nan	nan	nan
11.000000000000000	nan	nan	nan
11.000000000000000	nan	nan	nan
11.000000000000000	nan	nan	nan
11.000000000000000	nan	nan	nan
11.000000000000000	nan	nan	nan
11.000000000000000	nan	nan	nan
11.000000000000000	nan	nan	nan
11.000000000000000	nan	nan	nan
11.000000000000000	nan	nan	nan
11.000000000000000	nan	nan	nan
11.000000000000000	nan	nan	nan
11.000000000000000	nan	nan	nan
11.000000000000000	nan	nan	nan
11.000000000000000	nan	nan	nan
11.000000000000000	nan	nan	nan
11.000000000000000	nan	nan	nan
11.000000000000000	nan	nan	nan
11.000000000000000	nan	nan	nan
11.000000000000000	nan	nan	nan
11.000000000000000	nan	nan	nan
11.000000000000000	nan	nan	nan
11.000000000000000	nan	nan	nan
11.000000000000000	nan	nan	nan
11.000000000000000	nan	nan	nan
11.000000000000000	nan	nan	nan
11.000000000000000	nan	nan	nan
11.000000000000000	nan	nan	nan
11.000000000000000	nan	nan	nan
11.000000000000000	nan	nan	nan
11.000000000000000	nan	nan	nan
11.000000000000000	nan	nan	nan
11.000000000000000	nan	nan	nan
11.000000000000000	nan	nan	nan
11.000000000000000	nan	nan	nan
11.000000000000000	nan	nan	nan
11.000000000000000	nan	nan	nan
11.000000000000000	nan	nan	nan
11.000000000000000	nan	nan	nan


12.000000000000000	nan	nan	nan
12.000000000000000	nan	nan	nan
12.000000000000000	nan	nan	nan
12.000000000000000	nan	nan	nan
12.000000000000000	nan	nan	nan
12.000000000000000	nan	nan	nan
12.000000000000000	nan	nan	nan
12.000000000000000	nan	nan	nan
12.000000000000000	nan	nan	nan
12.000000000000000	nan	nan	nan
12.000000000000000	nan	nan	nan
12.000000000000000	nan	nan	nan
12.000000000000000	nan	nan	nan
12.000000000000000	nan	nan	nan
12.000000000000000	nan	nan	nan
12.000000000000000	nan	nan	nan
12.000000000000000	nan	nan	nan
12.000000000000000	nan	nan	nan
12.000000000000000	nan	nan	nan
12.000000000000000	nan	nan	nan
12.000000000000000	nan	nan	nan
12.000000000000000	nan	nan	nan
12.000000000000000	nan	nan	nan
12.000000000000000	nan	nan	nan
12.000000000000000	nan	nan	nan
12.000000000000000	nan	nan	nan
12.000000000000000	nan	nan	nan
12.000000000000000	nan	nan	nan
12.000000000000000	nan	nan	nan
12.000000000000000	nan	nan	nan
12.000000000000000	nan	nan	nan
12.000000000000000	nan	nan	nan
12.000000000000000	nan	nan	nan
12.000000000000000	nan	nan	nan
12.000000000000000	nan	nan	nan
12.000000000000000	nan	nan	nan
12.000000000000000	nan	nan	nan
12.000000000000000	nan	nan	nan
12.000000000000000	nan	nan	nan
12.000000000000000	nan	nan	nan
12.000000000000000	nan	nan	nan
12.000000000000000	nan	nan	nan
12.000000000000000	nan	nan	nan
12.000000000000000	nan	nan	nan
12.000000000000000	nan	nan	nan
12.000000000000000	nan	nan	nan
12.000000000000000	nan	nan	nan
12.000000000000000	nan	nan	nan
12.000000000000000	nan	nan	nan
12.000000000000000	nan	nan	nan
12.000000000000000	nan	nan	nan
12.000000000000000	nan	nan	nan
12.000000000000000	nan	nan	nan
12.000000000000000	nan	nan	nan
12.000000000000000	nan	nan	nan
12.000000000000000	nan	nan	nan
12.000000000000000	nan	nan	nan
12.000000000000000	nan	nan	nan
12.000000000000000	nan	nan	nan
12.000000000000000	nan	nan	nan
12.000000000000000	nan	nan	nan
12.000000000000000	nan	nan	nan
12.000000000000000	nan	nan	nan
12.000000000000000	nan	nan	nan
12.000000000000000	nan	nan	nan
12.000000000000000	nan	nan	nan
12.000000000000000	nan	nan	nan
12.000000000000000	nan	nan	nan
12.000000000000000	nan	nan	nan
12.000000000000000	nan	nan	nan
12.000000000000000	nan	nan	nan
12.000000000000000	nan	nan	nan
12.000000000000000	nan	nan	nan
12.000000000000000	nan	nan	nan
12.000000000000000	nan	nan	nan
12.000000000000000	nan	nan	nan
12.000000000000000	nan	nan	nan
12.000000000000000	nan	nan	nan
12.000000000000000	nan	nan	nan
12.000000000000000	nan	nan	nan
12.000000000000000	nan	nan	nan
12.000000000000000	nan	nan	nan
12.000000000000000	nan	nan	nan
12.000000000000000	nan	nan	nan
12.000000000000000	nan	nan	nan
12.000000000000000	nan	nan	nan
12.000000000000000	nan	nan	nan
12.000000000000000	nan	nan	nan
12.000000000000000	nan	nan	nan
12.000000000000000	nan	nan	nan
12.000000000000000	nan	nan	nan
12.000000000000000	nan	nan	nan
12.000000000000000	nan	nan	nan
12.000000000000000	nan	nan	nan
12.000000000000000	nan	nan	nan
12.000000000000000	nan	nan	nan
12.000000000000000	nan	nan	nan
12.000000000000000	nan	nan	nan
12.000000000000000	nan	nan	nan
12.000000000000000	nan	nan	nan


13.000000000000000	nan	nan	nan
13.000000000000000	nan	nan	nan
13.000000000000000	nan	nan	nan
13.000000000000000	nan	nan	nan
13.000000000000000	nan	nan	nan
13.000000000000000	nan	nan	nan
13.000000000000000	nan	nan	nan
13.000000000000000	nan	nan	nan
13.000000000000000	nan	nan	nan
13.000000000000000	nan	nan	nan
13.000000000000000	nan	nan	nan
13.000000000000000	nan	nan	nan
13.000000000000000	nan	nan	nan
13.000000000000000	nan	nan	nan
13.000000000000000	nan	nan	nan
13.000000000000000	nan	nan	nan
13.000000000000000	nan	nan	nan
13.000000000000000	nan	nan	nan
13.000000000000000	nan	nan	nan
13.000000000000000	nan	nan	nan
13.000000000000000	nan	nan	nan
13.000000000000000	nan	nan	nan
13.000000000000000	nan	nan	nan
13.000000000000000	nan	nan	nan
13.000000000000000	nan	nan	nan
13.000000000000000	nan	nan	nan
13.000000000000000	nan	nan	nan
13.000000000000000	nan	nan	nan
13.000000000000000	nan	nan	nan
13.000000000000000	nan	nan	nan
13.000000000000000	nan	nan	nan
13.000000000000000	nan	nan	nan
13.000000000000000	nan	nan	nan
13.000000000000000	nan	nan	nan
13.000000000000000	nan	nan	nan
13.000000000000000	nan	nan	nan
13.000000000000000	nan	nan	nan
13.000000000000000	nan	nan	nan
13.000000000000000	nan	nan	nan
13.000000000000000	nan	nan	nan
13.000000000000000	nan	nan	nan
13.000000000000000	nan	nan	nan
13.000000000000000	nan	nan	nan
13.000000000000000	nan	nan	nan
13.000000000000000	nan	nan	nan
13.000000000000000	nan	nan	nan
13.000000000000000	nan	nan	nan
13.000000000000000	nan	nan	nan
13.000000000000000	nan	nan	nan
13.000000000000000	nan	nan	nan
13.000000000000000	nan	nan	nan
13.000000000000000	nan	nan	nan
13.000000000000000	nan	nan	nan
13.000000000000000	nan	nan	nan
13.000000000000000	nan	nan	nan
13.000000000000000	nan	nan	nan
13.000000000000000	nan	nan	nan
13.000000000000000	nan	nan	nan
13.000000000000000	nan	nan	nan
13.000000000000000	nan	nan	nan
13.000000000000000	nan	nan	nan
13.000000000000000	nan	nan	nan
13.000000000000000	nan	nan	nan
13.000000000000000	nan	nan	nan
13.000000000000000	nan	nan	nan
13.000000000000000	nan	nan	nan
13.000000000000000	nan	nan	nan
13.000000000000000	nan	nan	nan
13.000000000000000	nan	nan	nan
13.000000000000000	nan	nan	nan
13.000000000000000	nan	nan	nan
13.000000000000000	nan	nan	nan
13.000000000000000	nan	nan	nan
13.000000000000000	nan	nan	nan
13.000000000000000	nan	nan	nan
13.000000000000000	nan	nan	nan
13.000000000000000	nan	nan	nan
13.000000000000000	nan	nan	nan
13.000000000000000	nan	nan	nan
13.000000000000000	nan	nan	nan
13.000000000000000	nan	nan	nan
13.000000000000000	nan	nan	nan
13.000000000000000	nan	nan	nan
13.000000000000000	nan	nan	nan
13.000000000000000	nan	nan	nan
13.000000000000000	nan	nan	nan
13.000000000000000	nan	nan	nan
13.000000000000000	nan	nan	nan
13.000000000000000	nan	nan	nan
13.000000000000000	nan	nan	nan
13.000000000000000	nan	nan	nan
13.000000000000000	nan	nan	nan
13.000000000000000	nan	nan	nan
13.000000000000000	nan	nan	nan
13.000000000000000	nan	nan	nan
13.000000000000000	nan	nan	nan
13.000000000000000	nan	nan	nan
13.000000000000000	nan	nan	nan
13.000000000000000	nan	nan	nan
13.000000000000000	nan	nan	nan


14.000000000000000	0.808003794617125	-0.287011131033983	-0.044053872726562
14.000000000000000	0.827260936415857	-0.226875996400489	-0.043158738265523
14.000000000000000	0.842628328345851	-0.165628869784304	-0.042059359501736
14.000000000000000	0.854044091343630	-0.103516371747520	-0.040760163245464
14.000000000000000	0.861462258160725	-0.040788607397511	-0.039266380901487
14.000000000000000	0.864852958457557	0.022301840698058	-0.037584027404083
14.000000000000000	0.864202539080761	0.085500929572087	-0.035719876997010
14.000000000000000	0.859513619039602	0.148554178799405	-0.033681435956018
14.000000000000000	0.850805078960164	0.211207695199625	-0.031476912363722
14.000000000000000	0.838111985059719	0.273209195175371	-0.029115183058557
14.000000000000000	0.821485447947458	0.334309020569284	-0.026605757890877
14.000000000000000	0.800992416820098	0.394261143949306	-0.023958741430145
14.000000000000000	0.776715409881101	0.452824159274314	-0.021184792277402
14.000000000000000	0.748752182068994	0.509762253951045	-0.018295080146838
14.000000000000000	0.717215331432727	0.564846158368181	-0.015301240889295
14.000000000000000	0.682231845739079	0.617854069084156	-0.012215329638808
14.000000000000000	0.643942591137734	0.668572541951328	-0.009049772270830
14.000000000000000	0.602501744943019	0.716797351580231	-0.005817315367616
14.000000000000000	0.558076174816270	0.762334313683133	-0.002530974892241
14.000000000000000	0.510844766848661	0.805000066985635	0.000796016222094
14.000000000000000	0.460997705250045	0.844622811557799	0.004150261356412
14.000000000000000	0.408735706544270	0.881043000591833	0.007518254149418
14.000000000000000	0.354269211354578	0.914113982840776	0.010886432882846
14.000000000000000	0.297817537033488	0.943702593131309	0.014241235089715
14.000000000000000	0.239607994549224	0.969689688572908	0.017569152165593
14.000000000000000	0.179874973184674	0.991970628304212	0.020856783762984
14.000000000000000	0.118858996734477	1.010455694844842	0.024090891749795
14.000000000000000	0.056805755000588	1.025070455356029	0.027258453514620
14.000000000000000	-0.006034885513835	1.035756061355382	0.030346714404204
14.000000000000000	-0.069409887728654	1.042469485678961	0.033343239081926
14.000000000000000	-0.133064062877760	1.045183695736475	0.036235961600516
14.000000000000000	-0.196741098064174	1.043887762361985	0.039013233987358
14.000000000000000	-0.260184588341612	1.038586903821801	0.041663873146771
14.000000000000000	-0.323139069166712	1.029302464802358	0.044177205890388
14.000000000000000	-0.385351045064583	1.016071830462702	0.046543111914315
14.000000000000000	-0.446570010365613	0.998948275897649	0.048752064550025
14.000000000000000	-0.506549457903386	0.978000751617782	0.050795169124890
14.000000000000000	-0.565047871612043	0.953313605910076	0.052664198777889
14.000000000000000	-0.621829699026226	0.924986245197122	0.054351627586271
14.000000000000000	-0.676666299767733	0.893132733762547	0.055850660869792
14.000000000000000	-0.729336866199613	0.857881334454398	0.057155262550495
14.000000000000000	-0.779629312540595	0.819373992215928	0.058260179457861
14.000000000000000	-0.827341128859666	0.777765762523405	0.059160962481479
14.000000000000000	-0.872280196512101	0.733224187032435	0.059853984486037
14.000000000000000	-0.914265561733425	0.685928618946849	0.060336454916522
14.000000000000000	-0.953128164276366	0.636069500826650	0.060606431034796
14.000000000000000	-0.988711518156796	0.583847597743046	0.060662825742315
14.000000000000000	-1.020872341767563	0.529473188868357	0.060505411957497
14.000000000000000	-1.049481134822948	0.473165220756013	0.060134823530095
14.000000000000000	-1.074422699810611	0.415150425720056	0.059552552688910
14.000000000000000	-1.095596605851319	0.355662408864136	0.058760944033109
14.000000000000000	-1.112917593098643	0.294940707436207	0.057763185091358
14.000000000000000	-1.126315916050272	0.233229826296572	0.056563293486761
14.000000000000000	-1.135737624388535	0.170778253383110	0.055166100759315
14.000000000000000	-1.141144780219287	0.107837459138050	0.053577232911004
14.000000000000000	-1.142515610834419	0.044660883925256	0.051803087751872
14.000000000000000	-1.139844596382871	-0.018497082484669	0.049850809138301
14.000000000000000	-1.133142492097122	-0.081382125252203	0.047728258207224
14.000000000000000	-1.122436284985662	-0.143741028505005	0.045443981722098
14.000000000000000	-1.107769085165843	-0.205322694948862	0.043007177658109
14.000000000000000	-1.089199952274640	-0.265879156947871	0.040427658165167
14.000000000000000	-1.066803657656348	-0.325166575002586	0.037715810057844
14.000000000000000	-1.040670383284762	-0.382946219605628	0.034882552991340
14.000000000000000	-1.010905358632199	-0.438985432521144	0.031939295491880
14.000000000000000	-0.977628436947555	-0.493058563617415	0.028897889018610
14.000000000000000	-0.940973612649573	-0.544947879480291	0.025770580241954
14.000000000000000	-0.901088481778608	-0.594444440148803	0.022569961730590
14.000000000000000	-0.858133647679469	-0.641348940442641	0.019308921245625
14.000000000000000	-0.812282074308434	-0.685472512493774	0.016000589846128
14.000000000000000	-0.763718389768439	-0.726637486250690	0.012658289014990
14.000000000000000	-0.712638142876877	-0.764678104892993	0.009295477018014
14.000000000000000	-0.659247015759526	-0.799441192275609	0.005925694712228
14.000000000000000	-0.603759995641223	-0.830786769715062	0.002562511021634
14.000000000000000	-0.546400509168184	-0.858588619634231	-0.000780531700061
14.000000000000000	-0.487399522747764	-0.882734793795981	-0.004089972199723
14.000000000000000	-0.426994612528248	-0.903128064079204	-0.007352484528505
14.000000000000000	-0.365429007763552	-0.919686313982148	-0.010554931700744
14.000000000000000	-0.302950611414868	-0.932342869276583	-0.013684418591961
14.000000000000000	-0.239811001932930	-0.941046766481393	-0.016728343862977
14.000000000000000	-0.176264420240392	-0.945762958074519	-0.019674450701061
14.000000000000000	-0.112566745993359	-0.946472453616966	-0.022510876173785
14.000000000000000	-0.048974467244326	-0.943172396220597	-0.025226198996870
14.000000000000000	0.014256352344683	-0.935876074051813	-0.027809485523664
14.000000000000000	0.076871104580105	-0.924612866824795	-0.030250333771077
14.000000000000000	0.138617661954177	-0.909428127499769	-0.032538915304701
14.000000000000000	0.199247392873417	-0.890382999662635	-0.034666014814438
14.000000000000000	0.258516162810295	-0.867554171321337	-0.036623067221311
14.000000000000000	0.316185317346822	-0.841033566110312	-0.038402192166006
14.000000000000000	0.372022643151646	-0.810927973146461	-0.039996225740302
14.000000000000000	0.425803303021189	-0.777358617027069	-0.041398749333600
14.000000000000000	0.477310741219703	-0.740460669701133	-0.042604115478401
14.000000000000000	0.526337555472793	-0.700382706179635	-0.043607470590666
14.000000000000000	0.572686332103171	-0.657286106276409	-0.044404774513487
14.000000000000000	0.616170440945858	-0.611344404788587	-0.044992816785370
14.000000000000000	0.656614786841989	-0.562742592733224	-0.045369229567631
14.000000000000000	0.693856514685220	-0.511676372453762	-0.045532497178850
14.000000000000000	0.727745665181764	-0.458351369595759	-0.045481962197980
14.000000000000000	0.758145778683534	-0.402982305124999	-0.045217828111552
14.000000000000000	0.784934444662990	-0.345792130721939	-0.044741158494309
14.000000000000000	0.808003794617125	-0.287011131033984	-0.044053872726562


15.000000000000000	nan	nan	nan
15.000000000000000	nan	nan	nan
15.000000000000000	nan	nan	nan
15.000000000000000	nan	nan	nan
15.000000000000000	nan	nan	nan
15.000000000000000	nan	nan	nan
15.000000000000000	nan	nan	nan
15.000000000000000	nan	nan	nan
15.000000000000000	nan	nan	nan
15.000000000000000	nan	nan	nan
15.000000000000000	nan	nan	nan
15.000000000000000	nan	nan	nan
15.000000000000000	nan	nan	nan
15.000000000000000	nan	nan	nan
15.000000000000000	nan	nan	nan
15.000000000000000	nan	nan	nan
15.000000000000000	nan	nan	nan
15.000000000000000	nan	nan	nan
15.000000000000000	nan	nan	nan
15.000000000000000	nan	nan	nan
15.000000000000000	nan	nan	nan
15.000000000000000	nan	nan	nan
15.000000000000000	nan	nan	nan
15.000000000000000	nan	nan	nan
15.000000000000000	nan	nan	nan
15.000000000000000	nan	nan	nan
15.000000000000000	nan	nan	nan
15.000000000000000	nan	nan	nan
15.000000000000000	nan	nan	nan
15.000000000000000	nan	nan	nan
15.000000000000000	nan	nan	nan
15.000000000000000	nan	nan	nan
15.000000000000000	nan	nan	nan
15.000000000000000	nan	nan	nan
15.000000000000000	nan	nan	nan
15.000000000000000	nan	nan	nan
15.000000000000000	nan	nan	nan
15.000000000000000	nan	nan	nan
15.000000000000000	nan	nan	nan
15.000000000000000	nan	nan	nan
15.000000000000000	nan	nan	nan
15.000000000000000	nan	nan	nan
15.000000000000000	nan	nan	nan
15.000000000000000	nan	nan	nan
15.000000000000000	nan	nan	nan
15.000000000000000	nan	nan	nan
15.000000000000000	nan	nan	nan
15.000000000000000	nan	nan	nan
15.000000000000000	nan	nan	nan
15.000000000000000	nan	nan	nan
15.000000000000000	nan	nan	nan
15.000000000000000	nan	nan	nan
15.000000000000000	nan	nan	nan
15.000000000000000	nan	nan	nan
15.000000000000000	nan	nan	nan
15.000000000000000	nan	nan	nan
15.000000000000000	nan	nan	nan
15.000000000000000	nan	nan	nan
15.000000000000000	nan	nan	nan
15.000000000000000	nan	nan	nan
15.000000000000000	nan	nan	nan
15.000000000000000	nan	nan	nan
15.000000000000000	nan	nan	nan
15.000000000000000	nan	nan	nan
15.000000000000000	nan	nan	nan
15.000000000000000	nan	nan	nan
15.000000000000000	nan	nan	nan
15.000000000000000	nan	nan	nan
15.000000000000000	nan	nan	nan
15.000000000000000	nan	nan	nan
15.000000000000000	nan	nan	nan
15.000000000000000	nan	nan	nan
15.000000000000000	nan	nan	nan
15.000000000000000	nan	nan	nan
15.000000000000000	nan	nan	nan
15.000000000000000	nan	nan	nan
15.000000000000000	nan	nan	nan
15.000000000000000	nan	nan	nan
15.000000000000000	nan	nan	nan
15.000000000000000	nan	nan	nan
15.000000000000000	nan	nan	nan
15.000000000000000	nan	nan	nan
15.000000000000000	nan	nan	nan
15.000000000000000	nan	nan	nan
15.000000000000000	nan	nan	nan
15.000000000000000	nan	nan	nan
15.000000000000000	nan	nan	nan
15.000000000000000	nan	nan	nan
15.000000000000000	nan	nan	nan
15.000000000000000	nan	nan	nan
15.000000000000000	nan	nan	nan
15.000000000000000	nan	nan	nan
15.000000000000000	nan	nan	nan
15.000000000000000	nan	nan	nan
15.000000000000000	nan	nan	nan
15.000000000000000	nan	nan	nan
15.000000000000000	nan	nan	nan
15.000000000000000	nan	nan	nan
15.000000000000000	nan	nan	nan
15.000000000000000	nan	nan	nan


16.000000000000000	nan	nan	nan
16.000000000000000	nan	nan	nan
16.000000000000000	nan	nan	nan
16.000000000000000	nan	nan	nan
16.000000000000000	nan	nan	nan
16.000000000000000	nan	nan	nan
16.000000000000000	nan	nan	nan
16.000000000000000	nan	nan	nan
16.000000000000000	nan	nan	nan
16.000000000000000	nan	nan	nan
16.000000000000000	nan	nan	nan
16.000000000000000	nan	nan	nan
16.000000000000000	nan	nan	nan
16.000000000000000	nan	nan	nan
16.000000000000000	nan	nan	nan
16.000000000000000	nan	nan	nan
16.000000000000000	nan	nan	nan
16.000000000000000	nan	nan	nan
16.000000000000000	nan	nan	nan
16.000000000000000	nan	nan	nan
16.000000000000000	nan	nan	nan
16.000000000000000	nan	nan	nan
16.000000000000000	nan	nan	nan
16.000000000000000	nan	nan	nan
16.000000000000000	nan	nan	nan
16.000000000000000	nan	nan	nan
16.000000000000000	nan	nan	nan
16.000000000000000	nan	nan	nan
16.000000000000000	nan	nan	nan
16.000000000000000	nan	nan	nan
16.000000000000000	nan	nan	nan
16.000000000000000	nan	nan	nan
16.000000000000000	nan	nan	nan
16.000000000000000	nan	nan	nan
16.000000000000000	nan	nan	nan
16.000000000000000	nan	nan	nan
16.000000000000000	nan	nan	nan
16.000000000000000	nan	nan	nan
16.000000000000000	nan	nan	nan
16.000000000000000	nan	nan	nan
16.000000000000000	nan	nan	nan
16.000000000000000	nan	nan	nan
16.000000000000000	nan	nan	nan
16.000000000000000	nan	nan	nan
16.000000000000000	nan	nan	nan
16.000000000000000	nan	nan	nan
16.000000000000000	nan	nan	nan
16.000000000000000	nan	nan	nan
16.000000000000000	nan	nan	nan
16.000000000000000	nan	nan	nan
16.000000000000000	nan	nan	nan
16.000000000000000	nan	nan	nan
16.000000000000000	nan	nan	nan
16.000000000000000	nan	nan	nan
16.000000000000000	nan	nan	nan
16.000000000000000	nan	nan	nan
16.000000000000000	nan	nan	nan
16.000000000000000	nan	nan	nan
16.000000000000000	nan	nan	nan
16.000000000000000	nan	nan	nan
16.000000000000000	nan	nan	nan
16.000000000000000	nan	nan	nan
16.000000000000000	nan	nan	nan
16.000000000000000	nan	nan	nan
16.000000000000000	nan	nan	nan
16.000000000000000	nan	nan	nan
16.000000000000000	nan	nan	nan
16.000000000000000	nan	nan	nan
16.000000000000000	nan	nan	nan
16.000000000000000	nan	nan	nan
16.000000000000000	nan	nan	nan
16.000000000000000	nan	nan	nan
16.000000000000000	nan	nan	nan
16.000000000000000	nan	nan	nan
16.000000000000000	nan	nan	nan
16.000000000000000	nan	nan	nan
16.000000000000000	nan	nan	nan
16.000000000000000	nan	nan	nan
16.000000000000000	nan	nan	nan
16.000000000000000	nan	nan	nan
16.000000000000000	nan	nan	nan
16.000000000000000	nan	nan	nan
16.000000000000000	nan	nan	nan
16.000000000000000	nan	nan	nan
16.000000000000000	nan	nan	nan
16.000000000000000	nan	nan	nan
16.000000000000000	nan	nan	nan
16.000000000000000	nan	nan	nan
16.000000000000000	nan	nan	nan
16.000000000000000	nan	nan	nan
16.000000000000000	nan	nan	nan
16.000000000000000	nan	nan	nan
16.000000000000000	nan	nan	nan
16.000000000000000	nan	nan	nan
16.000000000000000	nan	nan	nan
16.000000000000000	nan	nan	nan
16.000000000000000	nan	nan	nan
16.000000000000000	nan	nan	nan
16.000000000000000	nan	nan	nan
16.000000000000000	nan	nan	nan


17.000000000000000	0.823171526429362	-1.240834257083655	0.079143311058460
17.000000000000000	0.905045895389476	-1.182630168947278	0.079947990135763
17.000000000000000	0.983065258935955	-1.119346433482512	0.080410488771391
17.000000000000000	1.056915460628244	-1.051237871956473	0.080528944646573
17.000000000000000	1.126299131769098	-0.978578733507933	0.080302880781308
17.000000000000000	1.190936888803366	-0.901661590842836	0.079733207454995
17.000000000000000	1.250568458296965	-0.820796162147266	0.078822218541055
17.000000000000000	1.304953724966135	-0.736308063961632	0.077573582270318
17.000000000000000	1.353873698536941	-0.648537500037780	0.075992326460346
17.000000000000000	1.397131395541812	-0.557837891458557	0.074084818270193
17.000000000000000	1.434552632502444	-0.464574453535851	0.071858738562097
17.000000000000000	1.465986727305191	-0.369122725217426	0.069323050973361
17.000000000000000	1.491307105944748	-0.271867056924128	0.066487965822951
17.000000000000000	1.510411812193004	-0.173199062906393	0.063364898998141
17.000000000000000	1.523223918140785	-0.073516044351876	0.059966425986768
17.000000000000000	1.529691833959391	0.026780610406205	0.056306231240178
17.000000000000000	1.529789515634632	0.127287042138217	0.052399053070774
17.000000000000000	1.523516569836878	0.227598546916695	0.048260624306029
17.000000000000000	1.510898255504859	0.327311205716216	0.043907608937947
17.000000000000000	1.491985382136835	0.426023510852757	0.039357535023044
17.000000000000000	1.466854105198677	0.523337982713425	0.034628724103057
17.000000000000000	1.435605619472689	0.618862770266574	0.029740217430555
17.000000000000000	1.398365751581931	0.712213228907606	0.024711699296541
17.000000000000000	1.355284453330818	0.803013469287036	0.019563417768756
17.000000000000000	1.306535197902134	0.890897870884235	0.014316103159859
17.000000000000000	1.252314281341742	0.975512554232224	0.008990884553772
17.000000000000000	1.192840032143698	1.056516805865385	0.003609204726320
17.000000000000000	1.128351932118456	1.133584450252337	-0.001807266197262
17.000000000000000	1.059109652084145	1.206405163189679	-0.007236718000275
17.000000000000000	0.985392006263831	1.274685721368029	-0.012657288196600
17.000000000000000	0.907495829599049	1.338151183078800	-0.018047150063211
17.000000000000000	0.825734782500259	1.396545995307423	-0.023384600528692
17.000000000000000	0.740438087847074	1.449635022755138	-0.028648147563836
17.000000000000000	0.651949205323927	1.497204494645854	-0.033816596722469
17.000000000000000	0.560624448429138	1.539062865505616	-0.038869136484003
17.000000000000000	0.466831549726219	1.575041586448623	-0.043785422054078
17.000000000000000	0.370948180114628	1.604995783864103	-0.048545657285878
17.000000000000000	0.273360428082351	1.628804842771211	-0.053130674392218
17.000000000000000	0.174461245063835	1.646372892492987	-0.057522011127466
17.000000000000000	0.074648863163244	1.657629192693736	-0.061701985128482
17.000000000000000	-0.025674808385665	1.662528418225389	-0.065653765115261
17.000000000000000	-0.126105801566181	1.661050841635882	-0.069361438664552
17.000000000000000	-0.226239716215258	1.653202412604639	-0.072810076283573
17.000000000000000	-0.325673348400247	1.639014733985316	-0.075985791525806
17.000000000000000	-0.424006313978818	1.618544934552259	-0.078875796906820
17.000000000000000	-0.520842660804595	1.591875438963097	-0.081468455394955
17.000000000000000	-0.615792463086695	1.559113635863736	-0.083753327269543
17.000000000000000	-0.708473391483270	1.520391445472181	-0.085721212157975
17.000000000000000	-0.798512252606822	1.475864788382385	-0.087364186082358
17.000000000000000	-0.885546491742262	1.425712957727042	-0.088675633366577
17.000000000000000	-0.969225652726784	1.370137897227425	-0.089650273275285
17.000000000000000	-1.049212789113141	1.309363388037294	-0.090284181277562
17.000000000000000	-1.125185820934068	1.243634147655173	-0.090574804849618
17.000000000000000	-1.196838831604629	1.173214844533357	-0.090520973752901
17.000000000000000	-1.263883299740339	1.098389032351460	-0.090122904746238
17.000000000000000	-1.326049260930940	1.019458008245838	-0.089382200713025
17.000000000000000	-1.383086394791808	0.936739599592349	-0.088301844206974
17.000000000000000	-1.434765032915786	0.850566884227694	-0.086886185442432
17.000000000000000	-1.480877083666802	0.761286849262523	-0.085140924777594
17.000000000000000	-1.521236870091442	0.669258993886811	-0.083073089761180
17.000000000000000	-1.555681877574511	0.574853881793495	-0.080691006834971
17.000000000000000	-1.584073408228023	0.478451649049281	-0.078004267806170
17.000000000000000	-1.606297139378651	0.380440473420862	-0.075023691224577
17.000000000000000	-1.622263583904780	0.281215011320059	-0.071761278820111
17.000000000000000	-1.631908450569559	0.181174808661744	-0.068230167176077
17.000000000000000	-1.635192902899025	0.080722692033456	-0.064444574832781
17.000000000000000	-1.632103715562874	-0.019736853345093	-0.060419745034488
17.000000000000000	-1.622653327628200	-0.119799312341231	-0.056171884350258
17.000000000000000	-1.606879792471759	-0.219061768749003	-0.051718097415810
17.000000000000000	-1.584846624552457	-0.317124527690522	-0.047076318059192
17.000000000000000	-1.556642543661034	-0.413592725046171	-0.042265237087587
17.000000000000000	-1.522381117676786	-0.508077917433044	-0.037304227026027
17.000000000000000	-1.482200305269795	-0.600199646329362	-0.032213264111070
17.000000000000000	-1.436261900390055	-0.689586970046648	-0.027012847853554
17.000000000000000	-1.384750880780345	-0.775879957380994	-0.021723918494291
17.000000000000000	-1.327874663136139	-0.858731136928975	-0.016367772685118
17.000000000000000	-1.265862267911783	-0.937806896232357	-0.010965977734788
17.000000000000000	-1.198963397135958	-1.012788825117725	-0.005540284765038
17.000000000000000	-1.127447428949738	-1.083374997821861	-0.000112541126493
17.000000000000000	-1.051602332915894	-1.149281188740235	0.005295397572905
17.000000000000000	-0.971733510467100	-1.210242016903198	0.010661755472710
17.000000000000000	-0.888162565162154	-1.266012014571483	0.015964924143683
17.000000000000000	-0.801226007701955	-1.316366615648152	0.021183549597306
17.000000000000000	-0.711273900919680	-1.361103059927013	0.026296618270758
17.000000000000000	-0.618668450201303	-1.400041209536403	0.031283541641118
17.000000000000000	-0.523782545012351	-1.433024274290823	0.036124239128076
17.000000000000000	-0.426998257403633	-1.459919443029674	0.040799218951346
17.000000000000000	-0.328705303541936	-1.480618418400927	0.045289656617186
17.000000000000000	-0.229299474460576	-1.495037852936336	0.049577470717986
17.000000000000000	-0.129181042348595	-1.503119684662277	0.053645395739721
17.000000000000000	-0.028753148795933	-1.504831370894821	0.057477051584076
17.000000000000000	0.071579818515474	-1.500166019277640	0.061057009525325
17.000000000000000	0.171413854138158	-1.489142415535088	0.064370854336363
17.000000000000000	0.270346961646469	-1.471804947828725	0.067405242333736
17.000000000000000	0.367980772334293	-1.448223428021852	0.070147955107948
17.000000000000000	0.463922149305235	-1.418492810571783	0.072587948722680
17.000000000000000	0.557784770496146	-1.382732810181751	0.074715398184826
17.000000000000000	0.649190684259715	-1.341087419752059	0.076521737006271
17.000000000000000	0.737771831242365	-1.293724330571486	0.077999691698119
17.000000000000000	0.823171526429361	-1.240834257083655	0.079143311058460


18.000000000000000	nan	nan	nan
18.000000000000000	nan	nan	nan
18.000000000000000	nan	nan	nan
18.000000000000000	nan	nan	nan
18.000000000000000	nan	nan	nan
18.000000000000000	nan	nan	nan
18.000000000000000	nan	nan	nan
18.000000000000000	nan	nan	nan
18.000000000000000	nan	nan	nan
18.000000000000000	nan	nan	nan
18.000000000000000	nan	nan	nan
18.000000000000000	nan	nan	nan
18.000000000000000	nan	nan	nan
18.000000000000000	nan	nan	nan
18.000000000000000	nan	nan	nan
18.000000000000000	nan	nan	nan
18.000000000000000	nan	nan	nan
18.000000000000000	nan	nan	nan
18.000000000000000	nan	nan	nan
18.000000000000000	nan	nan	nan
18.000000000000000	nan	nan	nan
18.000000000000000	nan	nan	nan
18.000000000000000	nan	nan	nan
18.000000000000000	nan	nan	nan
18.000000000000000	nan	nan	nan
18.000000000000000	nan	nan	nan
18.000000000000000	nan	nan	nan
18.000000000000000	nan	nan	nan
18.000000000000000	nan	nan	nan
18.000000000000000	nan	nan	nan
18.000000000000000	nan	nan	nan
18.000000000000000	nan	nan	nan
18.000000000000000	nan	nan	nan
18.000000000000000	nan	nan	nan
18.000000000000000	nan	nan	nan
18.000000000000000	nan	nan	nan
18.000000000000000	nan	nan	nan
18.000000000000000	nan	nan	nan
18.000000000000000	nan	nan	nan
18.000000000000000	nan	nan	nan
18.000000000000000	nan	nan	nan
18.000000000000000	nan	nan	nan
18.000000000000000	nan	nan	nan
18.000000000000000	nan	nan	nan
18.000000000000000	nan	nan	nan
18.000000000000000	nan	nan	nan
18.000000000000000	nan	nan	nan
18.000000000000000	nan	nan	nan
18.000000000000000	nan	nan	nan
18.000000000000000	nan	nan	nan
18.000000000000000	nan	nan	nan
18.000000000000000	nan	nan	nan
18.000000000000000	nan	nan	nan
18.000000000000000	nan	nan	nan
18.000000000000000	nan	nan	nan
18.000000000000000	nan	nan	nan
18.000000000000000	nan	nan	nan
18.000000000000000	nan	nan	nan
18.000000000000000	nan	nan	nan
18.000000000000000	nan	nan	nan
18.000000000000000	nan	nan	nan
18.000000000000000	nan	nan	nan
18.000000000000000	nan	nan	nan
18.000000000000000	nan	nan	nan
18.000000000000000	nan	nan	nan
18.000000000000000	nan	nan	nan
18.000000000000000	nan	nan	nan
18.000000000000000	nan	nan	nan
18.000000000000000	nan	nan	nan
18.000000000000000	nan	nan	nan
18.000000000000000	nan	nan	nan
18.000000000000000	nan	nan	nan
18.000000000000000	nan	nan	nan
18.000000000000000	nan	nan	nan
18.000000000000000	nan	nan	nan
18.000000000000000	nan	nan	nan
18.000000000000000	nan	nan	nan
18.000000000000000	nan	nan	nan
18.000000000000000	nan	nan	nan
18.000000000000000	nan	nan	nan
18.000000000000000	nan	nan	nan
18.000000000000000	nan	nan	nan
18.000000000000000	nan	nan	nan
18.000000000000000	nan	nan	nan
18.000000000000000	nan	nan	nan
18.000000000000000	nan	nan	nan
18.000000000000000	nan	nan	nan
18.000000000000000	nan	nan	nan
18.000000000000000	nan	nan	nan
18.000000000000000	nan	nan	nan
18.000000000000000	nan	nan	nan
18.000000000000000	nan	nan	nan
18.000000000000000	nan	nan	nan
18.000000000000000	nan	nan	nan
18.000000000000000	nan	nan	nan
18.000000000000000	nan	nan	nan
18.000000000000000	nan	nan	nan
18.000000000000000	nan	nan	nan
18.000000000000000	nan	nan	nan
18.000000000000000	nan	nan	nan


