# n	x	y	z
1.000000000000000	-0.154629403090696	-0.356526208328570	0.000829867662052
1.000000000000000	-0.127819497038385	-0.367145367910665	0.000390899050569
1.000000000000000	-0.100380437488676	-0.376022232438627	-0.000050257910228
1.000000000000000	-0.072422711849931	-0.383121057912034	-0.000491826836960
1.000000000000000	-0.044058896015792	-0.388413259866192	-0.000932029687409
1.000000000000000	-0.015403201061791	-0.391877528471681	-0.001369093920063
1.000000000000000	0.013428986642342	-0.393499914341519	-0.001801259631515
1.000000000000000	0.042321570052862	-0.393273884700419	-0.002226786642976
1.000000000000000	0.071158208933832	-0.391200349689970	-0.002643961507359
1.000000000000000	0.099822788318192	-0.387287658703818	-0.003051104408723
1.000000000000000	0.128199886061744	-0.381551566767603	-0.003446575926302
1.000000000000000	0.156175237607396	-0.374015171099036	-0.003828783635876
1.000000000000000	0.183636196088200	-0.364708818103549	-0.004196188521896
1.000000000000000	0.210472185916526	-0.353669981180037	-0.004547311174558
1.000000000000000	0.236575148032932	-0.340943109828701	-0.004880737746867
1.000000000000000	0.261839975021853	-0.326579450668604	-0.005195125647697
1.000000000000000	0.286164934342068	-0.310636841085619	-0.005489208947933
1.000000000000000	0.309452077967737	-0.293179476341691	-0.005761803477919
1.000000000000000	0.331607636790531	-0.274277651083178	-0.006011811595694
1.000000000000000	0.352542398194739	-0.254007476289113	-0.006238226606807
1.000000000000000	0.372172065284978	-0.232450572799160	-0.006440136817919
1.000000000000000	0.390417596320045	-0.209693742655298	-0.006616729207873
1.000000000000000	0.407205522986108	-0.185828619580636	-0.006767292701442
1.000000000000000	0.422468246227677	-0.160951300002748	-0.006891221032578
1.000000000000000	0.436144308445142	-0.135161956107280	-0.006988015185631
1.000000000000000	0.448178640962833	-0.108564432479911	-0.007057285404710
1.000000000000000	0.458522785771144	-0.081265827960858	-0.007098752763090
1.000000000000000	0.467135090649834	-0.053376064395646	-0.007112250286356
1.000000000000000	0.473980876886817	-0.025007444018634	-0.007097723624745
1.000000000000000	0.479032578917092	0.003725802748446	-0.007055231271996
1.000000000000000	0.482269855319551	0.032707977262085	-0.006984944329817
1.000000000000000	0.483679670724697	0.061822378534594	-0.006887145818916
1.000000000000000	0.483256348303480	0.090951773147794	-0.006762229539379
1.000000000000000	0.481001592625882	0.119978867310618	-0.006610698484975
1.000000000000000	0.476924482797212	0.148786779159803	-0.006433162817780
1.000000000000000	0.471041435899762	0.177259509401906	-0.006230337411263
1.000000000000000	0.463376140887003	0.205282408401514	-0.006003038971752
1.000000000000000	0.453959463196532	0.232742637834864	-0.005752182749838
1.000000000000000	0.442829320465852	0.259529625049944	-0.005478778854990
1.000000000000000	0.430030529851424	0.285535508303539	-0.005183928188195
1.000000000000000	0.415614627565799	0.310655571082402	-0.004868818009024
1.000000000000000	0.399639661359479	0.334788663759692	-0.004534717154951
1.000000000000000	0.382169956783113	0.357837610888822	-0.004182970932196
1.000000000000000	0.363275858171204	0.379709602494685	-0.003814995698653
1.000000000000000	0.343033445390310	0.400316567786667	-0.003432273160713
1.000000000000000	0.321524227492265	0.419575529788639	-0.003036344406955
1.000000000000000	0.298834814506001	0.437408939457948	-0.002628803702731
1.000000000000000	0.275056568689525	0.453744987948047	-0.002211292070618
1.000000000000000	0.250285236646358	0.468517895757373	-0.001785490682600
1.000000000000000	0.224620563787750	0.481668177600183	-0.001353114090583
1.000000000000000	0.198165892693117	0.493142881932807	-0.000915903322498
1.000000000000000	0.171027746985944	0.502895804170823	-0.000475618871798
1.000000000000000	0.143315402400756	0.510887672738610	-0.000034033608569
1.000000000000000	0.115140446768297	0.517086307202128	0.000407074359188
1.000000000000000	0.086616330690725	0.521466747848160	0.000845928845373
1.000000000000000	0.057857910716074	0.524011356188274	0.001280762737861
1.000000000000000	0.028980986851479	0.524709885982788	0.001709825114039
1.000000000000000	0.000101836277410	0.523559524498763	0.002131388291153
1.000000000000000	-0.028663254859487	0.520564903835879	0.002543754783078
1.000000000000000	-0.057198459689662	0.515738082274616	0.002945264135491
1.000000000000000	-0.085388877014588	0.509098495721803	0.003334299611942
1.000000000000000	-0.113120993973328	0.500672879449087	0.003709294703874
1.000000000000000	-0.140283143118769	0.490495160439430	0.004068739438404
1.000000000000000	-0.166765952063013	0.478606320775122	0.004411186458450
1.000000000000000	-0.192462783881384	0.465054232617399	0.004735256850727
1.000000000000000	-0.217270166501685	0.449893465442146	0.005039645698144
1.000000000000000	-0.241088209349717	0.433185066307881	0.005323127334244
1.000000000000000	-0.263821005573359	0.414996314040791	0.005584560278531
1.000000000000000	-0.285377018225617	0.395400448326650	0.005822891832812
1.000000000000000	-0.305669448851603	0.374476374800450	0.006037162320033
1.000000000000000	-0.324616586995271	0.352308347321258	0.006226508948568
1.000000000000000	-0.342142139218592	0.328985628711667	0.006390169286373
1.000000000000000	-0.358175536308296	0.304602131327910	0.006527484331031
1.000000000000000	-0.372652217433192	0.279256038907947	0.006637901163321
1.000000000000000	-0.385513890107843	0.253049411220208	0.006720975173630
1.000000000000000	-0.396708764915835	0.226087773104926	0.006776371852239
1.000000000000000	-0.406191764047479	0.198479689562848	0.006803868136276
1.000000000000000	-0.413924702812237	0.170336328602298	0.006803353307910
1.000000000000000	-0.419876443394996	0.141771013604840	0.006774829440171
1.000000000000000	-0.424023020237057	0.112898767012019	0.006718411388610
1.000000000000000	-0.426347736536988	0.083835847170584	0.006634326328805
1.000000000000000	-0.426841231482742	0.054699280201160	0.006522912841618
1.000000000000000	-0.425501517944349	0.025606388775365	0.006384619549836
1.000000000000000	-0.422333990475385	-0.003325680301186	0.006220003311738
1.000000000000000	-0.417351403591007	-0.031980427797715	0.006029726978812
1.000000000000000	-0.410573820410026	-0.060242471159568	0.005814556726696
1.000000000000000	-0.402028531867806	-0.087998009113038	0.005575358970051
1.000000000000000	-0.391749946825301	-0.115135279902932	0.005313096873820
1.000000000000000	-0.379779453516713	-0.141545011317708	0.005028826474901
1.000000000000000	-0.366165252893687	-0.167120860690111	0.004723692429859
1.000000000000000	-0.350962164537082	-0.191759843101553	0.004398923405798
1.000000000000000	-0.334231405917877	-0.215362746066039	0.004055827132952
1.000000000000000	-0.316040345896013	-0.237834529023829	0.003695785138919
1.000000000000000	-0.296462233449778	-0.259084706036227	0.003320247185735
1.000000000000000	-0.275575902728019	-0.279027710140523	0.002930725432192
1.000000000000000	-0.253465455612853	-0.297583237897947	0.002528788344913
1.000000000000000	-0.230219923071068	-0.314676572747278	0.002116054382688
1.000000000000000	-0.205932906657844	-0.330238885862063	0.001694185479510
1.000000000000000	-0.180702201616326	-0.344207513300011	0.001264880352556
1.000000000000000	-0.154629403090696	-0.356526208328570	0.000829867662052


2.000000000000000	0.412032847470681	-0.542120294322005	-0.022519760099887
2.000000000000000	0.448254103837188	-0.512597819519368	-0.025412467943344
2.000000000000000	0.482527106599250	-0.480822761207521	-0.028195017057513
2.000000000000000	0.514713850471187	-0.446923066331475	-0.030856203099195
2.000000000000000	0.544684730795538	-0.411035236997812	-0.033385310411450
2.000000000000000	0.572319065415273	-0.373303780828872	-0.035772155171763
2.000000000000000	0.597505580618243	-0.333880629081565	-0.038007126398708
2.000000000000000	0.620142859197150	-0.292924524873821	-0.040081224651971
2.000000000000000	0.640139748820843	-0.250600383982084	-0.041986098269928
2.000000000000000	0.657415729072585	-0.207078630783682	-0.043714076998832
2.000000000000000	0.671901235677352	-0.162534512018015	-0.045258202878221
2.000000000000000	0.683537940612615	-0.117147391129782	-0.046612258258169
2.000000000000000	0.692278986974704	-0.071100026035698	-0.047770790835565
2.000000000000000	0.698089177655015	-0.024577833222867	-0.048729135608618
2.000000000000000	0.700945117066350	0.022231858857971	-0.049483433661168
2.000000000000000	0.700835305348685	0.069140564097997	-0.050030647701182
2.000000000000000	0.697760184675050	0.115959397697344	-0.050368574290857
2.000000000000000	0.691732137471053	0.162499836737524	-0.050495852719086
2.000000000000000	0.682775436555222	0.208574479296678	-0.050411970480560
2.000000000000000	0.670926147400935	0.253997799050980	-0.050117265339448
2.000000000000000	0.656231982913482	0.298586892323657	-0.049612923969338
2.000000000000000	0.638752111307041	0.342162214573542	-0.048900977174925
2.000000000000000	0.618556917855159	0.384548303357573	-0.047984291714672
2.000000000000000	0.595727721474099	0.425574484856123	-0.046866558757389
2.000000000000000	0.570356447280265	0.465075561116233	-0.045552279019198
2.000000000000000	0.542545256440203	0.502892475245461	-0.044046744640739
2.000000000000000	0.512406134803638	0.538872951877854	-0.042356017877583
2.000000000000000	0.480060441975987	0.572872110333098	-0.040486906689675
2.000000000000000	0.445638422646055	0.604753047999884	-0.038446937328078
2.000000000000000	0.409278682136647	0.634387391594408	-0.036244324029416
2.000000000000000	0.371127628289850	0.661655814074270	-0.033887935940044
2.000000000000000	0.331338881934329	0.686448515126364	-0.031387261403126
2.000000000000000	0.290072658308468	0.708665663293982	-0.028752369752423
2.000000000000000	0.247495121930150	0.728217797962858	-0.025993870766646
2.000000000000000	0.203777717510896	0.745026189587485	-0.023122871947615
2.000000000000000	0.159096479608516	0.759023156707206	-0.020150933794273
2.000000000000000	0.113631323798079	0.770152338475573	-0.017090023252635
2.000000000000000	0.067565322215389	0.778368921605581	-0.013952465529125
2.000000000000000	0.021083966390113	0.783639820816956	-0.010750894461314
2.000000000000000	-0.025625579663147	0.785943812058905	-0.007498201645916
2.000000000000000	-0.072375233088276	0.785271617971877	-0.004207484528882
2.000000000000000	-0.118976749530932	0.781625945244212	-0.000891993666604
2.000000000000000	-0.165242481132114	0.775021473713269	0.002434920629398
2.000000000000000	-0.210986132119866	0.765484797254895	0.005759862049467
2.000000000000000	-0.256023508956596	0.753054316699277	0.009069442228022
2.000000000000000	-0.300173262021446	0.737780085204352	0.012350334653779
2.000000000000000	-0.343257615841202	0.719723606709405	0.015589328330911
2.000000000000000	-0.385103084929388	0.698957588280414	0.018773380975062
2.000000000000000	-0.425541172351082	0.675565647344356	0.021889671530026
2.000000000000000	-0.464409048200608	0.649641974991340	0.024925651793614
2.000000000000000	-0.501550205260096	0.621290956700334	0.027869096944833
2.000000000000000	-0.536815089198805	0.590626752015680	0.030708154768932
2.000000000000000	-0.570061700775636	0.557772834866902	0.033431393382080
2.000000000000000	-0.601156167619954	0.522861496382775	0.036027847263532
2.000000000000000	-0.629973283288375	0.486033312201634	0.038487061409910
2.000000000000000	-0.656397011426923	0.447436576422898	0.040799133433809
2.000000000000000	-0.680320953008475	0.407226704479071	0.042954753437223
2.000000000000000	-0.701648774764088	0.365565607332648	0.044945241499209
2.000000000000000	-0.720294597083074	0.322621039517811	0.046762582626873
2.000000000000000	-0.736183339819880	0.278565923652135	0.048399459028912
2.000000000000000	-0.749251024615340	0.233577654138230	0.049849279581780
2.000000000000000	-0.759445032514939	0.187837382859101	0.051106206369817
2.000000000000000	-0.766724315846778	0.141529289743445	0.052165178192472
2.000000000000000	-0.771059563506055	0.094839841138085	0.053021930943972
2.000000000000000	-0.772433318980548	0.047957038973805	0.053673014783372
2.000000000000000	-0.770840050641817	0.001069663747929	0.054115808025847
2.000000000000000	-0.766286174019129	-0.045633485628117	0.054348527699291
2.000000000000000	-0.758790025966381	-0.091964352055381	0.054370236723716
2.000000000000000	-0.748381790826063	-0.137736377486949	0.054180847684543
2.000000000000000	-0.735103378887564	-0.182765254131362	0.053781123184588
2.000000000000000	-0.719008257629226	-0.226869666595033	0.053172672773333
2.000000000000000	-0.700161236423684	-0.269872021975348	0.052357946465835
2.000000000000000	-0.678638205573394	-0.311599164964604	0.051340224877381
2.000000000000000	-0.654525830727172	-0.351883075085319	0.050123606013611
2.000000000000000	-0.627921203908209	-0.390561543249393	0.048712988769289
2.000000000000000	-0.598931452558769	-0.427478824916851	0.047114053202192
2.000000000000000	-0.567673308175784	-0.462486267224144	0.045333237661512
2.000000000000000	-0.534272636274317	-0.495442907556759	0.043377712862905
2.000000000000000	-0.498863929571556	-0.526216041155918	0.041255353014544
2.000000000000000	-0.461589766432111	-0.554681755473802	0.038974704110465
2.000000000000000	-0.422600236755260	-0.580725429125649	0.036544949518863
2.000000000000000	-0.382052337615901	-0.604242193429618	0.033975873003913
2.000000000000000	-0.340109341092740	-0.625137354675949	0.031277819330001
2.000000000000000	-0.296940136829256	-0.643326775425122	0.028461652607010
2.000000000000000	-0.252718551974716	-0.658737213299622	0.025538712544385
2.000000000000000	-0.207622651243597	-0.671306615905147	0.022520768790125
2.000000000000000	-0.161834019911826	-0.680984370693696	0.019419973538564
2.000000000000000	-0.115537032636964	-0.687731508762440	0.016248812597773
2.000000000000000	-0.068918111046534	-0.691520861767736	0.013020055113620
2.000000000000000	-0.022164973083922	-0.692337171322459	0.009746702152924
2.000000000000000	0.024534122865525	-0.690177150436145	0.006441934352747
2.000000000000000	0.070991136024573	-0.685049496750537	0.003119058846624
2.000000000000000	0.117019000397944	-0.676974857517253	-0.000208544318571
2.000000000000000	0.162432378021055	-0.665985746458592	-0.003527476059347
2.000000000000000	0.207048405250586	-0.652126412846249	-0.006824372208982
2.000000000000000	0.250687429091832	-0.635452663325116	-0.010085957330298
2.000000000000000	0.293173730597907	-0.616031637199618	-0.013299098171170
2.000000000000000	0.334336232427920	-0.593941536087433	-0.016450856547489
2.000000000000000	0.374009187715051	-0.569271309029175	-0.019528541440666
2.000000000000000	0.412032847470681	-0.542120294322005	-0.022519760099887


3.000000000000000	nan	nan	nan
3.000000000000000	nan	nan	nan
3.000000000000000	nan	nan	nan
3.000000000000000	nan	nan	nan
3.000000000000000	nan	nan	nan
3.000000000000000	nan	nan	nan
3.000000000000000	nan	nan	nan
3.000000000000000	nan	nan	nan
3.000000000000000	nan	nan	nan
3.000000000000000	nan	nan	nan
3.000000000000000	nan	nan	nan
3.000000000000000	nan	nan	nan
3.000000000000000	nan	nan	nan
3.000000000000000	nan	nan	nan
3.000000000000000	nan	nan	nan
3.000000000000000	nan	nan	nan
3.000000000000000	nan	nan	nan
3.000000000000000	nan	nan	nan
3.000000000000000	nan	nan	nan
3.000000000000000	nan	nan	nan
3.000000000000000	nan	nan	nan
3.000000000000000	nan	nan	nan
3.000000000000000	nan	nan	nan
3.000000000000000	nan	nan	nan
3.000000000000000	nan	nan	nan
3.000000000000000	nan	nan	nan
3.000000000000000	nan	nan	nan
3.000000000000000	nan	nan	nan
3.000000000000000	nan	nan	nan
3.000000000000000	nan	nan	nan
3.000000000000000	nan	nan	nan
3.000000000000000	nan	nan	nan
3.000000000000000	nan	nan	nan
3.000000000000000	nan	nan	nan
3.000000000000000	nan	nan	nan
3.000000000000000	nan	nan	nan
3.000000000000000	nan	nan	nan
3.000000000000000	nan	nan	nan
3.000000000000000	nan	nan	nan
3.000000000000000	nan	nan	nan
3.000000000000000	nan	nan	nan
3.000000000000000	nan	nan	nan
3.000000000000000	nan	nan	nan
3.000000000000000	nan	nan	nan
3.000000000000000	nan	nan	nan
3.000000000000000	nan	nan	nan
3.000000000000000	nan	nan	nan
3.000000000000000	nan	nan	nan
3.000000000000000	nan	nan	nan
3.000000000000000	nan	nan	nan
3.000000000000000	nan	nan	nan
3.000000000000000	nan	nan	nan
3.000000000000000	nan	nan	nan
3.000000000000000	nan	nan	nan
3.000000000000000	nan	nan	nan
3.000000000000000	nan	nan	nan
3.000000000000000	nan	nan	nan
3.000000000000000	nan	nan	nan
3.000000000000000	nan	nan	nan
3.000000000000000	nan	nan	nan
3.000000000000000	nan	nan	nan
3.000000000000000	nan	nan	nan
3.000000000000000	nan	nan	nan
3.000000000000000	nan	nan	nan
3.000000000000000	nan	nan	nan
3.000000000000000	nan	nan	nan
3.000000000000000	nan	nan	nan
3.000000000000000	nan	nan	nan
3.000000000000000	nan	nan	nan
3.000000000000000	nan	nan	nan
3.000000000000000	nan	nan	nan
3.000000000000000	nan	nan	nan
3.000000000000000	nan	nan	nan
3.000000000000000	nan	nan	nan
3.000000000000000	nan	nan	nan
3.000000000000000	nan	nan	nan
3.000000000000000	nan	nan	nan
3.000000000000000	nan	nan	nan
3.000000000000000	nan	nan	nan
3.000000000000000	nan	nan	nan
3.000000000000000	nan	nan	nan
3.000000000000000	nan	nan	nan
3.000000000000000	nan	nan	nan
3.000000000000000	nan	nan	nan
3.000000000000000	nan	nan	nan
3.000000000000000	nan	nan	nan
3.000000000000000	nan	nan	nan
3.000000000000000	nan	nan	nan
3.000000000000000	nan	nan	nan
3.000000000000000	nan	nan	nan
3.000000000000000	nan	nan	nan
3.000000000000000	nan	nan	nan
3.000000000000000	nan	nan	nan
3.000000000000000	nan	nan	nan
3.000000000000000	nan	nan	nan
3.000000000000000	nan	nan	nan
3.000000000000000	nan	nan	nan
3.000000000000000	nan	nan	nan
3.000000000000000	nan	nan	nan
3.000000000000000	nan	nan	nan


4.000000000000000	nan	nan	nan
4.000000000000000	nan	nan	nan
4.000000000000000	nan	nan	nan
4.000000000000000	nan	nan	nan
4.000000000000000	nan	nan	nan
4.000000000000000	nan	nan	nan
4.000000000000000	nan	nan	nan
4.000000000000000	nan	nan	nan
4.000000000000000	nan	nan	nan
4.000000000000000	nan	nan	nan
4.000000000000000	nan	nan	nan
4.000000000000000	nan	nan	nan
4.000000000000000	nan	nan	nan
4.000000000000000	nan	nan	nan
4.000000000000000	nan	nan	nan
4.000000000000000	nan	nan	nan
4.000000000000000	nan	nan	nan
4.000000000000000	nan	nan	nan
4.000000000000000	nan	nan	nan
4.000000000000000	nan	nan	nan
4.000000000000000	nan	nan	nan
4.000000000000000	nan	nan	nan
4.000000000000000	nan	nan	nan
4.000000000000000	nan	nan	nan
4.000000000000000	nan	nan	nan
4.000000000000000	nan	nan	nan
4.000000000000000	nan	nan	nan
4.000000000000000	nan	nan	nan
4.000000000000000	nan	nan	nan
4.000000000000000	nan	nan	nan
4.000000000000000	nan	nan	nan
4.000000000000000	nan	nan	nan
4.000000000000000	nan	nan	nan
4.000000000000000	nan	nan	nan
4.000000000000000	nan	nan	nan
4.000000000000000	nan	nan	nan
4.000000000000000	nan	nan	nan
4.000000000000000	nan	nan	nan
4.000000000000000	nan	nan	nan
4.000000000000000	nan	nan	nan
4.000000000000000	nan	nan	nan
4.000000000000000	nan	nan	nan
4.000000000000000	nan	nan	nan
4.000000000000000	nan	nan	nan
4.000000000000000	nan	nan	nan
4.000000000000000	nan	nan	nan
4.000000000000000	nan	nan	nan
4.000000000000000	nan	nan	nan
4.000000000000000	nan	nan	nan
4.000000000000000	nan	nan	nan
4.000000000000000	nan	nan	nan
4.000000000000000	nan	nan	nan
4.000000000000000	nan	nan	nan
4.000000000000000	nan	nan	nan
4.000000000000000	nan	nan	nan
4.000000000000000	nan	nan	nan
4.000000000000000	nan	nan	nan
4.000000000000000	nan	nan	nan
4.000000000000000	nan	nan	nan
4.000000000000000	nan	nan	nan
4.000000000000000	nan	nan	nan
4.000000000000000	nan	nan	nan
4.000000000000000	nan	nan	nan
4.000000000000000	nan	nan	nan
4.000000000000000	nan	nan	nan
4.000000000000000	nan	nan	nan
4.000000000000000	nan	nan	nan
4.000000000000000	nan	nan	nan
4.000000000000000	nan	nan	nan
4.000000000000000	nan	nan	nan
4.000000000000000	nan	nan	nan
4.000000000000000	nan	nan	nan
4.000000000000000	nan	nan	nan
4.000000000000000	nan	nan	nan
4.000000000000000	nan	nan	nan
4.000000000000000	nan	nan	nan
4.000000000000000	nan	nan	nan
4.000000000000000	nan	nan	nan
4.000000000000000	nan	nan	nan
4.000000000000000	nan	nan	nan
4.000000000000000	nan	nan	nan
4.000000000000000	nan	nan	nan
4.000000000000000	nan	nan	nan
4.000000000000000	nan	nan	nan
4.000000000000000	nan	nan	nan
4.000000000000000	nan	nan	nan
4.000000000000000	nan	nan	nan
4.000000000000000	nan	nan	nan
4.000000000000000	nan	nan	nan
4.000000000000000	nan	nan	nan
4.000000000000000	nan	nan	nan
4.000000000000000	nan	nan	nan
4.000000000000000	nan	nan	nan
4.000000000000000	nan	nan	nan
4.000000000000000	nan	nan	nan
4.000000000000000	nan	nan	nan
4.000000000000000	nan	nan	nan
4.000000000000000	nan	nan	nan
4.000000000000000	nan	nan	nan
4.000000000000000	nan	nan	nan


5.000000000000000	nan	nan	nan
5.000000000000000	nan	nan	nan
5.000000000000000	nan	nan	nan
5.000000000000000	nan	nan	nan
5.000000000000000	nan	nan	nan
5.000000000000000	nan	nan	nan
5.000000000000000	nan	nan	nan
5.000000000000000	nan	nan	nan
5.000000000000000	nan	nan	nan
5.000000000000000	nan	nan	nan
5.000000000000000	nan	nan	nan
5.000000000000000	nan	nan	nan
5.000000000000000	nan	nan	nan
5.000000000000000	nan	nan	nan
5.000000000000000	nan	nan	nan
5.000000000000000	nan	nan	nan
5.000000000000000	nan	nan	nan
5.000000000000000	nan	nan	nan
5.000000000000000	nan	nan	nan
5.000000000000000	nan	nan	nan
5.000000000000000	nan	nan	nan
5.000000000000000	nan	nan	nan
5.000000000000000	nan	nan	nan
5.000000000000000	nan	nan	nan
5.000000000000000	nan	nan	nan
5.000000000000000	nan	nan	nan
5.000000000000000	nan	nan	nan
5.000000000000000	nan	nan	nan
5.000000000000000	nan	nan	nan
5.000000000000000	nan	nan	nan
5.000000000000000	nan	nan	nan
5.000000000000000	nan	nan	nan
5.000000000000000	nan	nan	nan
5.000000000000000	nan	nan	nan
5.000000000000000	nan	nan	nan
5.000000000000000	nan	nan	nan
5.000000000000000	nan	nan	nan
5.000000000000000	nan	nan	nan
5.000000000000000	nan	nan	nan
5.000000000000000	nan	nan	nan
5.000000000000000	nan	nan	nan
5.000000000000000	nan	nan	nan
5.000000000000000	nan	nan	nan
5.000000000000000	nan	nan	nan
5.000000000000000	nan	nan	nan
5.000000000000000	nan	nan	nan
5.000000000000000	nan	nan	nan
5.000000000000000	nan	nan	nan
5.000000000000000	nan	nan	nan
5.000000000000000	nan	nan	nan
5.000000000000000	nan	nan	nan
5.000000000000000	nan	nan	nan
5.000000000000000	nan	nan	nan
5.000000000000000	nan	nan	nan
5.000000000000000	nan	nan	nan
5.000000000000000	nan	nan	nan
5.000000000000000	nan	nan	nan
5.000000000000000	nan	nan	nan
5.000000000000000	nan	nan	nan
5.000000000000000	nan	nan	nan
5.000000000000000	nan	nan	nan
5.000000000000000	nan	nan	nan
5.000000000000000	nan	nan	nan
5.000000000000000	nan	nan	nan
5.000000000000000	nan	nan	nan
5.000000000000000	nan	nan	nan
5.000000000000000	nan	nan	nan
5.000000000000000	nan	nan	nan
5.000000000000000	nan	nan	nan
5.000000000000000	nan	nan	nan
5.000000000000000	nan	nan	nan
5.000000000000000	nan	nan	nan
5.000000000000000	nan	nan	nan
5.000000000000000	nan	nan	nan
5.000000000000000	nan	nan	nan
5.000000000000000	nan	nan	nan
5.000000000000000	nan	nan	nan
5.000000000000000	nan	nan	nan
5.000000000000000	nan	nan	nan
5.000000000000000	nan	nan	nan
5.000000000000000	nan	nan	nan
5.000000000000000	nan	nan	nan
5.000000000000000	nan	nan	nan
5.000000000000000	nan	nan	nan
5.000000000000000	nan	nan	nan
5.000000000000000	nan	nan	nan
5.000000000000000	nan	nan	nan
5.000000000000000	nan	nan	nan
5.000000000000000	nan	nan	nan
5.000000000000000	nan	nan	nan
5.000000000000000	nan	nan	nan
5.000000000000000	nan	nan	nan
5.000000000000000	nan	nan	nan
5.000000000000000	nan	nan	nan
5.000000000000000	nan	nan	nan
5.000000000000000	nan	nan	nan
5.000000000000000	nan	nan	nan
5.000000000000000	nan	nan	nan
5.000000000000000	nan	nan	nan
5.000000000000000	nan	nan	nan


6.000000000000000	nan	nan	nan
6.000000000000000	nan	nan	nan
6.000000000000000	nan	nan	nan
6.000000000000000	nan	nan	nan
6.000000000000000	nan	nan	nan
6.000000000000000	nan	nan	nan
6.000000000000000	nan	nan	nan
6.000000000000000	nan	nan	nan
6.000000000000000	nan	nan	nan
6.000000000000000	nan	nan	nan
6.000000000000000	nan	nan	nan
6.000000000000000	nan	nan	nan
6.000000000000000	nan	nan	nan
6.000000000000000	nan	nan	nan
6.000000000000000	nan	nan	nan
6.000000000000000	nan	nan	nan
6.000000000000000	nan	nan	nan
6.000000000000000	nan	nan	nan
6.000000000000000	nan	nan	nan
6.000000000000000	nan	nan	nan
6.000000000000000	nan	nan	nan
6.000000000000000	nan	nan	nan
6.000000000000000	nan	nan	nan
6.000000000000000	nan	nan	nan
6.000000000000000	nan	nan	nan
6.000000000000000	nan	nan	nan
6.000000000000000	nan	nan	nan
6.000000000000000	nan	nan	nan
6.000000000000000	nan	nan	nan
6.000000000000000	nan	nan	nan
6.000000000000000	nan	nan	nan
6.000000000000000	nan	nan	nan
6.000000000000000	nan	nan	nan
6.000000000000000	nan	nan	nan
6.000000000000000	nan	nan	nan
6.000000000000000	nan	nan	nan
6.000000000000000	nan	nan	nan
6.000000000000000	nan	nan	nan
6.000000000000000	nan	nan	nan
6.000000000000000	nan	nan	nan
6.000000000000000	nan	nan	nan
6.000000000000000	nan	nan	nan
6.000000000000000	nan	nan	nan
6.000000000000000	nan	nan	nan
6.000000000000000	nan	nan	nan
6.000000000000000	nan	nan	nan
6.000000000000000	nan	nan	nan
6.000000000000000	nan	nan	nan
6.000000000000000	nan	nan	nan
6.000000000000000	nan	nan	nan
6.000000000000000	nan	nan	nan
6.000000000000000	nan	nan	nan
6.000000000000000	nan	nan	nan
6.000000000000000	nan	nan	nan
6.000000000000000	nan	nan	nan
6.000000000000000	nan	nan	nan
6.000000000000000	nan	nan	nan
6.000000000000000	nan	nan	nan
6.000000000000000	nan	nan	nan
6.000000000000000	nan	nan	nan
6.000000000000000	nan	nan	nan
6.000000000000000	nan	nan	nan
6.000000000000000	nan	nan	nan
6.000000000000000	nan	nan	nan
6.000000000000000	nan	nan	nan
6.000000000000000	nan	nan	nan
6.000000000000000	nan	nan	nan
6.000000000000000	nan	nan	nan
6.000000000000000	nan	nan	nan
6.000000000000000	nan	nan	nan
6.000000000000000	nan	nan	nan
6.000000000000000	nan	nan	nan
6.000000000000000	nan	nan	nan
6.000000000000000	nan	nan	nan
6.000000000000000	nan	nan	nan
6.000000000000000	nan	nan	nan
6.000000000000000	nan	nan	nan
6.000000000000000	nan	nan	nan
6.000000000000000	nan	nan	nan
6.000000000000000	nan	nan	nan
6.000000000000000	nan	nan	nan
6.000000000000000	nan	nan	nan
6.000000000000000	nan	nan	nan
6.000000000000000	nan	nan	nan
6.000000000000000	nan	nan	nan
6.000000000000000	nan	nan	nan
6.000000000000000	nan	nan	nan
6.000000000000000	nan	nan	nan
6.000000000000000	nan	nan	nan
6.000000000000000	nan	nan	nan
6.000000000000000	nan	nan	nan
6.000000000000000	nan	nan	nan
6.000000000000000	nan	nan	nan
6.000000000000000	nan	nan	nan
6.000000000000000	nan	nan	nan
6.000000000000000	nan	nan	nan
6.000000000000000	nan	nan	nan
6.000000000000000	nan	nan	nan
6.000000000000000	nan	nan	nan
6.000000000000000	nan	nan	nan


7.000000000000000	nan	nan	nan
7.000000000000000	nan	nan	nan
7.000000000000000	nan	nan	nan
7.000000000000000	nan	nan	nan
7.000000000000000	nan	nan	nan
7.000000000000000	nan	nan	nan
7.000000000000000	nan	nan	nan
7.000000000000000	nan	nan	nan
7.000000000000000	nan	nan	nan
7.000000000000000	nan	nan	nan
7.000000000000000	nan	nan	nan
7.000000000000000	nan	nan	nan
7.000000000000000	nan	nan	nan
7.000000000000000	nan	nan	nan
7.000000000000000	nan	nan	nan
7.000000000000000	nan	nan	nan
7.000000000000000	nan	nan	nan
7.000000000000000	nan	nan	nan
7.000000000000000	nan	nan	nan
7.000000000000000	nan	nan	nan
7.000000000000000	nan	nan	nan
7.000000000000000	nan	nan	nan
7.000000000000000	nan	nan	nan
7.000000000000000	nan	nan	nan
7.000000000000000	nan	nan	nan
7.000000000000000	nan	nan	nan
7.000000000000000	nan	nan	nan
7.000000000000000	nan	nan	nan
7.000000000000000	nan	nan	nan
7.000000000000000	nan	nan	nan
7.000000000000000	nan	nan	nan
7.000000000000000	nan	nan	nan
7.000000000000000	nan	nan	nan
7.000000000000000	nan	nan	nan
7.000000000000000	nan	nan	nan
7.000000000000000	nan	nan	nan
7.000000000000000	nan	nan	nan
7.000000000000000	nan	nan	nan
7.000000000000000	nan	nan	nan
7.000000000000000	nan	nan	nan
7.000000000000000	nan	nan	nan
7.000000000000000	nan	nan	nan
7.000000000000000	nan	nan	nan
7.000000000000000	nan	nan	nan
7.000000000000000	nan	nan	nan
7.000000000000000	nan	nan	nan
7.000000000000000	nan	nan	nan
7.000000000000000	nan	nan	nan
7.000000000000000	nan	nan	nan
7.000000000000000	nan	nan	nan
7.000000000000000	nan	nan	nan
7.000000000000000	nan	nan	nan
7.000000000000000	nan	nan	nan
7.000000000000000	nan	nan	nan
7.000000000000000	nan	nan	nan
7.000000000000000	nan	nan	nan
7.000000000000000	nan	nan	nan
7.000000000000000	nan	nan	nan
7.000000000000000	nan	nan	nan
7.000000000000000	nan	nan	nan
7.000000000000000	nan	nan	nan
7.000000000000000	nan	nan	nan
7.000000000000000	nan	nan	nan
7.000000000000000	nan	nan	nan
7.000000000000000	nan	nan	nan
7.000000000000000	nan	nan	nan
7.000000000000000	nan	nan	nan
7.000000000000000	nan	nan	nan
7.000000000000000	nan	nan	nan
7.000000000000000	nan	nan	nan
7.000000000000000	nan	nan	nan
7.000000000000000	nan	nan	nan
7.000000000000000	nan	nan	nan
7.000000000000000	nan	nan	nan
7.000000000000000	nan	nan	nan
7.000000000000000	nan	nan	nan
7.000000000000000	nan	nan	nan
7.000000000000000	nan	nan	nan
7.000000000000000	nan	nan	nan
7.000000000000000	nan	nan	nan
7.000000000000000	nan	nan	nan
7.000000000000000	nan	nan	nan
7.000000000000000	nan	nan	nan
7.000000000000000	nan	nan	nan
7.000000000000000	nan	nan	nan
7.000000000000000	nan	nan	nan
7.000000000000000	nan	nan	nan
7.000000000000000	nan	nan	nan
7.000000000000000	nan	nan	nan
7.000000000000000	nan	nan	nan
7.000000000000000	nan	nan	nan
7.000000000000000	nan	nan	nan
7.000000000000000	nan	nan	nan
7.000000000000000	nan	nan	nan
7.000000000000000	nan	nan	nan
7.000000000000000	nan	nan	nan
7.000000000000000	nan	nan	nan
7.000000000000000	nan	nan	nan
7.000000000000000	nan	nan	nan
7.000000000000000	nan	nan	nan


8.000000000000000	0.337535155922800	-0.638991136996237	0.003872190977081
8.000000000000000	0.382592071344201	-0.613331922890195	0.000535950878777
8.000000000000000	0.425915607310361	-0.584838015316995	-0.002804659285158
8.000000000000000	0.467331315232717	-0.553624149185689	-0.006136188056639
8.000000000000000	0.506672428672881	-0.519816011718448	-0.009445220545148
8.000000000000000	0.543780534852231	-0.483549736352481	-0.012718432444755
8.000000000000000	0.578506212524258	-0.444971354578730	-0.015942643686401
8.000000000000000	0.610709633641188	-0.404236207924599	-0.019104871509380
8.000000000000000	0.640261126392179	-0.361508322448448	-0.022192382738338
8.000000000000000	0.667041697345939	-0.316959748264549	-0.025192745055273
8.000000000000000	0.690943510595272	-0.270769866757999	-0.028093877060096
8.000000000000000	0.711870321974220	-0.223124668279192	-0.030884096918158
8.000000000000000	0.729737866599347	-0.174216003226329	-0.033552169398882
8.000000000000000	0.744474198174686	-0.124240809531567	-0.036087351116068
8.000000000000000	0.756019978694080	-0.073400319661484	-0.038479433787716
8.000000000000000	0.764328717374388	-0.021899250324950	-0.040718785341180
8.000000000000000	0.769366957857464	0.030055021848796	-0.042796388698119
8.000000000000000	0.771114412927095	0.082253295342649	-0.044703878083091
8.000000000000000	0.769564046198472	0.134485386132302	-0.046433572709579
8.000000000000000	0.764722100451217	0.186540974023139	-0.047978507707808
8.000000000000000	0.756608072491920	0.238210449535416	-0.049332462169814
8.000000000000000	0.745254634647377	0.289285757927667	-0.050489984198850
8.000000000000000	0.730707503204665	0.339561236959707	-0.051446412862244
8.000000000000000	0.713025254327782	0.388834445021892	-0.052197896959335
8.000000000000000	0.692279088192116	0.436906976296026	-0.052741410528895
8.000000000000000	0.668552542286467	0.483585259665569	-0.053074765033608
8.000000000000000	0.641941155037058	0.528681338158201	-0.053196618172542
8.000000000000000	0.612552081108021	0.572013625782212	-0.053106479286110
8.000000000000000	0.580503659927378	0.613407638709202	-0.052804711331797
8.000000000000000	0.545924939175931	0.652696697858871	-0.052292529422646
8.000000000000000	0.508955155157803	0.689722600056854	-0.051571995934435
8.000000000000000	0.469743172144980	0.724336255063060	-0.050646012201212
8.000000000000000	0.428446882953430	0.756398285905453	-0.049518306832651
8.000000000000000	0.385232573164460	0.785779590101925	-0.048193420700254
8.000000000000000	0.340274251551367	0.812361859510424	-0.046676688652867
8.000000000000000	0.293752949407528	0.836038056714090	-0.044974218035123
8.000000000000000	0.245855991597274	0.856712846023149	-0.043092864095324
8.000000000000000	0.196776242264772	0.874302977358092	-0.041040202381773
8.000000000000000	0.146711328238194	0.888737621468360	-0.038824498238715
8.000000000000000	0.095862843256225	0.899958655136738	-0.036454673524717
8.000000000000000	0.044435536221231	0.907920895221039	-0.033940270687487
8.000000000000000	-0.007363513252305	0.912592280590666	-0.031291414339807
8.000000000000000	-0.059325728674305	0.913954001225471	-0.028518770491292
8.000000000000000	-0.111241876543005	0.912000573957069	-0.025633503600133
8.000000000000000	-0.162902908854418	0.906739864547620	-0.022647231617763
8.000000000000000	-0.214100804864867	0.898193056017181	-0.019571979207470
8.000000000000000	-0.264629408717094	0.886394563347161	-0.016420129325319
8.000000000000000	-0.314285259557144	0.871391894903339	-0.013204373358358
8.000000000000000	-0.362868410799406	0.853245461136439	-0.009937660020887
8.000000000000000	-0.410183235240948	0.832028331330569	-0.006633143214548
8.000000000000000	-0.456039212783217	0.807825939379004	-0.003304129062213
8.000000000000000	-0.500251697589231	0.780735739772050	0.000035977671082
8.000000000000000	-0.542642661587198	0.750866815182207	0.003373727554392
8.000000000000000	-0.583041411326724	0.718339437226747	0.006695680646974
8.000000000000000	-0.621285275301096	0.683284582176361	0.009988460616188
8.000000000000000	-0.657220258968022	0.645843403559945	0.013238808599264
8.000000000000000	-0.690701664831304	0.606166663789156	0.016433636592063
8.000000000000000	-0.721594675086583	0.564414127091393	0.019560080149855
8.000000000000000	-0.749774894485058	0.520753916195641	0.022605550187889
8.000000000000000	-0.775128851229244	0.475361835361577	0.025557783673203
8.000000000000000	-0.797554453883853	0.428420662477868	0.028404893003523
8.000000000000000	-0.816961402461971	0.380119413080123	0.031135413874446
8.000000000000000	-0.833271552031236	0.330652579252040	0.033738351442146
8.000000000000000	-0.846419227375899	0.280219346474435	0.036203224595727
8.000000000000000	-0.856351487447735	0.229022791575607	0.038520108160962
8.000000000000000	-0.863028338540966	0.177269065012631	0.040679672865462
8.000000000000000	-0.866422895332792	0.125166560776218	0.042673222904369
8.000000000000000	-0.866521489141100	0.072925077261676	0.044492730955286
8.000000000000000	-0.863323722963422	0.020754972484811	0.046130870501476
8.000000000000000	-0.856842473075523	-0.031133682955553	0.047581045333159
8.000000000000000	-0.847103837183186	-0.082531951757738	0.048837416108116
8.000000000000000	-0.834147029335958	-0.133232871233973	0.049894923864666
8.000000000000000	-0.818024222026016	-0.183032286676102	0.050749310392314
8.000000000000000	-0.798800336107952	-0.231729673414534	0.051397135378062
8.000000000000000	-0.776552779385406	-0.279128944260311	0.051835790259340
8.000000000000000	-0.751371134917166	-0.325039239079015	0.052063508727761
8.000000000000000	-0.723356800297799	-0.369275693317164	0.052079373841424
8.000000000000000	-0.692622579365334	-0.411660182386521	0.051883321717117
8.000000000000000	-0.659292227980012	-0.452022038908946	0.051476141787548
8.000000000000000	-0.623499955703124	-0.490198739933688	0.050859473622582
8.000000000000000	-0.585389885382469	-0.526036561359949	0.050035800327270
8.000000000000000	-0.545115472820515	-0.559391196929583	0.049008438543263
8.000000000000000	-0.502838888862048	-0.590128339297459	0.047781525093863
8.000000000000000	-0.458730366389411	-0.618124220839747	0.046360000326499
8.000000000000000	-0.412967514854773	-0.643266112022446	0.044749588219693
8.000000000000000	-0.365734605109551	-0.665452775323439	0.042956773334612
8.000000000000000	-0.317221827410728	-0.684594872880257	0.040988774704036
8.000000000000000	-0.267624525591814	-0.700615326222122	0.038853516763858
8.000000000000000	-0.217142410482176	-0.713449626637746	0.036559597444176
8.000000000000000	-0.165978755742010	-0.723046094929142	0.034116253548467
8.000000000000000	-0.114339579351066	-0.729366089505513	0.031533323560236
8.000000000000000	-0.062432814046941	-0.732384161979304	0.028821208026915
8.000000000000000	-0.010467470053347	-0.732088159637872	0.025990827680534
8.000000000000000	0.041347206530299	-0.728479274378174	0.023053579463783
8.000000000000000	0.092802576289061	-0.721572037907418	0.020021290638546
8.000000000000000	0.143691446609773	-0.711394263229005	0.016906171161696
8.000000000000000	0.193808905972563	-0.697986932649382	0.013720764519903
8.000000000000000	0.242953149057222	-0.681404032756761	0.010477897221446
8.000000000000000	0.290926289342003	-0.661712337036177	0.007190627148384
8.000000000000000	0.337535155922800	-0.638991136996237	0.003872190977081


9.000000000000000	nan	nan	nan
9.000000000000000	nan	nan	nan
9.000000000000000	nan	nan	nan
9.000000000000000	nan	nan	nan
9.000000000000000	nan	nan	nan
9.000000000000000	nan	nan	nan
9.000000000000000	nan	nan	nan
9.000000000000000	nan	nan	nan
9.000000000000000	nan	nan	nan
9.000000000000000	nan	nan	nan
9.000000000000000	nan	nan	nan
9.000000000000000	nan	nan	nan
9.000000000000000	nan	nan	nan
9.000000000000000	nan	nan	nan
9.000000000000000	nan	nan	nan
9.000000000000000	nan	nan	nan
9.000000000000000	nan	nan	nan
9.000000000000000	nan	nan	nan
9.000000000000000	nan	nan	nan
9.000000000000000	nan	nan	nan
9.000000000000000	nan	nan	nan
9.000000000000000	nan	nan	nan
9.000000000000000	nan	nan	nan
9.000000000000000	nan	nan	nan
9.000000000000000	nan	nan	nan
9.000000000000000	nan	nan	nan
9.000000000000000	nan	nan	nan
9.000000000000000	nan	nan	nan
9.000000000000000	nan	nan	nan
9.000000000000000	nan	nan	nan
9.000000000000000	nan	nan	nan
9.000000000000000	nan	nan	nan
9.000000000000000	nan	nan	nan
9.000000000000000	nan	nan	nan
9.000000000000000	nan	nan	nan
9.000000000000000	nan	nan	nan
9.000000000000000	nan	nan	nan
9.000000000000000	nan	nan	nan
9.000000000000000	nan	nan	nan
9.000000000000000	nan	nan	nan
9.000000000000000	nan	nan	nan
9.000000000000000	nan	nan	nan
9.000000000000000	nan	nan	nan
9.000000000000000	nan	nan	nan
9.000000000000000	nan	nan	nan
9.000000000000000	nan	nan	nan
9.000000000000000	nan	nan	nan
9.000000000000000	nan	nan	nan
9.000000000000000	nan	nan	nan
9.000000000000000	nan	nan	nan
9.000000000000000	nan	nan	nan
9.000000000000000	nan	nan	nan
9.000000000000000	nan	nan	nan
9.000000000000000	nan	nan	nan
9.000000000000000	nan	nan	nan
9.000000000000000	nan	nan	nan
9.000000000000000	nan	nan	nan
9.000000000000000	nan	nan	nan
9.000000000000000	nan	nan	nan
9.000000000000000	nan	nan	nan
9.000000000000000	nan	nan	nan
9.000000000000000	nan	nan	nan
9.000000000000000	nan	nan	nan
9.000000000000000	nan	nan	nan
9.000000000000000	nan	nan	nan
9.000000000000000	nan	nan	nan
9.000000000000000	nan	nan	nan
9.000000000000000	nan	nan	nan
9.000000000000000	nan	nan	nan
9.000000000000000	nan	nan	nan
9.000000000000000	nan	nan	nan
9.000000000000000	nan	nan	nan
9.000000000000000	nan	nan	nan
9.000000000000000	nan	nan	nan
9.000000000000000	nan	nan	nan
9.000000000000000	nan	nan	nan
9.000000000000000	nan	nan	nan
9.000000000000000	nan	nan	nan
9.000000000000000	nan	nan	nan
9.000000000000000	nan	nan	nan
9.000000000000000	nan	nan	nan
9.000000000000000	nan	nan	nan
9.000000000000000	nan	nan	nan
9.000000000000000	nan	nan	nan
9.000000000000000	nan	nan	nan
9.000000000000000	nan	nan	nan
9.000000000000000	nan	nan	nan
9.000000000000000	nan	nan	nan
9.000000000000000	nan	nan	nan
9.000000000000000	nan	nan	nan
9.000000000000000	nan	nan	nan
9.000000000000000	nan	nan	nan
9.000000000000000	nan	nan	nan
9.000000000000000	nan	nan	nan
9.000000000000000	nan	nan	nan
9.000000000000000	nan	nan	nan
9.000000000000000	nan	nan	nan
9.000000000000000	nan	nan	nan
9.000000000000000	nan	nan	nan
9.000000000000000	nan	nan	nan


10.000000000000000	nan	nan	nan
10.000000000000000	nan	nan	nan
10.000000000000000	nan	nan	nan
10.000000000000000	nan	nan	nan
10.000000000000000	nan	nan	nan
10.000000000000000	nan	nan	nan
10.000000000000000	nan	nan	nan
10.000000000000000	nan	nan	nan
10.000000000000000	nan	nan	nan
10.000000000000000	nan	nan	nan
10.000000000000000	nan	nan	nan
10.000000000000000	nan	nan	nan
10.000000000000000	nan	nan	nan
10.000000000000000	nan	nan	nan
10.000000000000000	nan	nan	nan
10.000000000000000	nan	nan	nan
10.000000000000000	nan	nan	nan
10.000000000000000	nan	nan	nan
10.000000000000000	nan	nan	nan
10.000000000000000	nan	nan	nan
10.000000000000000	nan	nan	nan
10.000000000000000	nan	nan	nan
10.000000000000000	nan	nan	nan
10.000000000000000	nan	nan	nan
10.000000000000000	nan	nan	nan
10.000000000000000	nan	nan	nan
10.000000000000000	nan	nan	nan
10.000000000000000	nan	nan	nan
10.000000000000000	nan	nan	nan
10.000000000000000	nan	nan	nan
10.000000000000000	nan	nan	nan
10.000000000000000	nan	nan	nan
10.000000000000000	nan	nan	nan
10.000000000000000	nan	nan	nan
10.000000000000000	nan	nan	nan
10.000000000000000	nan	nan	nan
10.000000000000000	nan	nan	nan
10.000000000000000	nan	nan	nan
10.000000000000000	nan	nan	nan
10.000000000000000	nan	nan	nan
10.000000000000000	nan	nan	nan
10.000000000000000	nan	nan	nan
10.000000000000000	nan	nan	nan
10.000000000000000	nan	nan	nan
10.000000000000000	nan	nan	nan
10.000000000000000	nan	nan	nan
10.000000000000000	nan	nan	nan
10.000000000000000	nan	nan	nan
10.000000000000000	nan	nan	nan
10.000000000000000	nan	nan	nan
10.000000000000000	nan	nan	nan
10.000000000000000	nan	nan	nan
10.000000000000000	nan	nan	nan
10.000000000000000	nan	nan	nan
10.000000000000000	nan	nan	nan
10.000000000000000	nan	nan	nan
10.000000000000000	nan	nan	nan
10.000000000000000	nan	nan	nan
10.000000000000000	nan	nan	nan
10.000000000000000	nan	nan	nan
10.000000000000000	nan	nan	nan
10.000000000000000	nan	nan	nan
10.000000000000000	nan	nan	nan
10.000000000000000	nan	nan	nan
10.000000000000000	nan	nan	nan
10.000000000000000	nan	nan	nan
10.000000000000000	nan	nan	nan
10.000000000000000	nan	nan	nan
10.000000000000000	nan	nan	nan
10.000000000000000	nan	nan	nan
10.000000000000000	nan	nan	nan
10.000000000000000	nan	nan	nan
10.000000000000000	nan	nan	nan
10.000000000000000	nan	nan	nan
10.000000000000000	nan	nan	nan
10.000000000000000	nan	nan	nan
10.000000000000000	nan	nan	nan
10.000000000000000	nan	nan	nan
10.000000000000000	nan	nan	nan
10.000000000000000	nan	nan	nan
10.000000000000000	nan	nan	nan
10.000000000000000	nan	nan	nan
10.000000000000000	nan	nan	nan
10.000000000000000	nan	nan	nan
10.000000000000000	nan	nan	nan
10.000000000000000	nan	nan	nan
10.000000000000000	nan	nan	nan
10.000000000000000	nan	nan	nan
10.000000000000000	nan	nan	nan
10.000000000000000	nan	nan	nan
10.000000000000000	nan	nan	nan
10.000000000000000	nan	nan	nan
10.000000000000000	nan	nan	nan
10.000000000000000	nan	nan	nan
10.000000000000000	nan	nan	nan
10.000000000000000	nan	nan	nan
10.000000000000000	nan	nan	nan
10.000000000000000	nan	nan	nan
10.000000000000000	nan	nan	nan
10.000000000000000	nan	nan	nan


11.000000000000000	nan	nan	nan
11.000000000000000	nan	nan	nan
11.000000000000000	nan	nan	nan
11.000000000000000	nan	nan	nan
11.000000000000000	nan	nan	nan
11.000000000000000	nan	nan	nan
11.000000000000000	nan	nan	nan
11.000000000000000	nan	nan	nan
11.000000000000000	nan	nan	nan
11.000000000000000	nan	nan	nan
11.000000000000000	nan	nan	nan
11.000000000000000	nan	nan	nan
11.000000000000000	nan	nan	nan
11.000000000000000	nan	nan	nan
11.000000000000000	nan	nan	nan
11.000000000000000	nan	nan	nan
11.000000000000000	nan	nan	nan
11.000000000000000	nan	nan	nan
11.000000000000000	nan	nan	nan
11.000000000000000	nan	nan	nan
11.000000000000000	nan	nan	nan
11.000000000000000	nan	nan	nan
11.000000000000000	nan	nan	nan
11.000000000000000	nan	nan	nan
11.000000000000000	nan	nan	nan
11.000000000000000	nan	nan	nan
11.000000000000000	nan	nan	nan
11.000000000000000	nan	nan	nan
11.000000000000000	nan	nan	nan
11.000000000000000	nan	nan	nan
11.000000000000000	nan	nan	nan
11.000000000000000	nan	nan	nan
11.000000000000000	nan	nan	nan
11.000000000000000	nan	nan	nan
11.000000000000000	nan	nan	nan
11.000000000000000	nan	nan	nan
11.000000000000000	nan	nan	nan
11.000000000000000	nan	nan	nan
11.000000000000000	nan	nan	nan
11.000000000000000	nan	nan	nan
11.000000000000000	nan	nan	nan
11.000000000000000	nan	nan	nan
11.000000000000000	nan	nan	nan
11.000000000000000	nan	nan	nan
11.000000000000000	nan	nan	nan
11.000000000000000	nan	nan	nan
11.000000000000000	nan	nan	nan
11.000000000000000	nan	nan	nan
11.000000000000000	nan	nan	nan
11.000000000000000	nan	nan	nan
11.000000000000000	nan	nan	nan
11.000000000000000	nan	nan	nan
11.000000000000000	nan	nan	nan
11.000000000000000	nan	nan	nan
11.000000000000000	nan	nan	nan
11.000000000000000	nan	nan	nan
11.000000000000000	nan	nan	nan
11.000000000000000	nan	nan	nan
11.000000000000000	nan	nan	nan
11.000000000000000	nan	nan	nan
11.000000000000000	nan	nan	nan
11.000000000000000	nan	nan	nan
11.000000000000000	nan	nan	nan
11.000000000000000	nan	nan	nan
11.000000000000000	nan	nan	nan
11.000000000000000	nan	nan	nan
11.000000000000000	nan	nan	nan
11.000000000000000	nan	nan	nan
11.000000000000000	nan	nan	nan
11.000000000000000	nan	nan	nan
11.000000000000000	nan	nan	nan
11.000000000000000	nan	nan	nan
11.000000000000000	nan	nan	nan
11.000000000000000	nan	nan	nan
11.000000000000000	nan	nan	nan
11.000000000000000	nan	nan	nan
11.000000000000000	nan	nan	nan
11.000000000000000	nan	nan	nan
11.000000000000000	nan	nan	nan
11.000000000000000	nan	nan	nan
11.000000000000000	nan	nan	nan
11.000000000000000	nan	nan	nan
11.000000000000000	nan	nan	nan
11.000000000000000	nan	nan	nan
11.000000000000000	nan	nan	nan
11.000000000000000	nan	nan	nan
11.000000000000000	nan	nan	nan
11.000000000000000	nan	nan	nan
11.000000000000000	nan	nan	nan
11.000000000000000	nan	nan	nan
11.000000000000000	nan	nan	nan
11.000000000000000	nan	nan	nan
11.000000000000000	nan	nan	nan
11.000000000000000	nan	nan	nan
11.000000000000000	nan	nan	nan
11.000000000000000	nan	nan	nan
11.000000000000000	nan	nan	nan
11.000000000000000	nan	nan	nan
11.000000000000000	nan	nan	nan
11.000000000000000	nan	nan	nan


12.000000000000000	nan	nan	nan
12.000000000000000	nan	nan	nan
12.000000000000000	nan	nan	nan
12.000000000000000	nan	nan	nan
12.000000000000000	nan	nan	nan
12.000000000000000	nan	nan	nan
12.000000000000000	nan	nan	nan
12.000000000000000	nan	nan	nan
12.000000000000000	nan	nan	nan
12.000000000000000	nan	nan	nan
12.000000000000000	nan	nan	nan
12.000000000000000	nan	nan	nan
12.000000000000000	nan	nan	nan
12.000000000000000	nan	nan	nan
12.000000000000000	nan	nan	nan
12.000000000000000	nan	nan	nan
12.000000000000000	nan	nan	nan
12.000000000000000	nan	nan	nan
12.000000000000000	nan	nan	nan
12.000000000000000	nan	nan	nan
12.000000000000000	nan	nan	nan
12.000000000000000	nan	nan	nan
12.000000000000000	nan	nan	nan
12.000000000000000	nan	nan	nan
12.000000000000000	nan	nan	nan
12.000000000000000	nan	nan	nan
12.000000000000000	nan	nan	nan
12.000000000000000	nan	nan	nan
12.000000000000000	nan	nan	nan
12.000000000000000	nan	nan	nan
12.000000000000000	nan	nan	nan
12.000000000000000	nan	nan	nan
12.000000000000000	nan	nan	nan
12.000000000000000	nan	nan	nan
12.000000000000000	nan	nan	nan
12.000000000000000	nan	nan	nan
12.000000000000000	nan	nan	nan
12.000000000000000	nan	nan	nan
12.000000000000000	nan	nan	nan
12.000000000000000	nan	nan	nan
12.000000000000000	nan	nan	nan
12.000000000000000	nan	nan	nan
12.000000000000000	nan	nan	nan
12.000000000000000	nan	nan	nan
12.000000000000000	nan	nan	nan
12.000000000000000	nan	nan	nan
12.000000000000000	nan	nan	nan
12.000000000000000	nan	nan	nan
12.000000000000000	nan	nan	nan
12.000000000000000	nan	nan	nan
12.000000000000000	nan	nan	nan
12.000000000000000	nan	nan	nan
12.000000000000000	nan	nan	nan
12.000000000000000	nan	nan	nan
12.000000000000000	nan	nan	nan
12.000000000000000	nan	nan	nan
12.000000000000000	nan	nan	nan
12.000000000000000	nan	nan	nan
12.000000000000000	nan	nan	nan
12.000000000000000	nan	nan	nan
12.000000000000000	nan	nan	nan
12.000000000000000	nan	nan	nan
12.000000000000000	nan	nan	nan
12.000000000000000	nan	nan	nan
12.000000000000000	nan	nan	nan
12.000000000000000	nan	nan	nan
12.000000000000000	nan	nan	nan
12.000000000000000	nan	nan	nan
12.000000000000000	nan	nan	nan
12.000000000000000	nan	nan	nan
12.000000000000000	nan	nan	nan
12.000000000000000	nan	nan	nan
12.000000000000000	nan	nan	nan
12.000000000000000	nan	nan	nan
12.000000000000000	nan	nan	nan
12.000000000000000	nan	nan	nan
12.000000000000000	nan	nan	nan
12.000000000000000	nan	nan	nan
12.000000000000000	nan	nan	nan
12.000000000000000	nan	nan	nan
12.000000000000000	nan	nan	nan
12.000000000000000	nan	nan	nan
12.000000000000000	nan	nan	nan
12.000000000000000	nan	nan	nan
12.000000000000000	nan	nan	nan
12.000000000000000	nan	nan	nan
12.000000000000000	nan	nan	nan
12.000000000000000	nan	nan	nan
12.000000000000000	nan	nan	nan
12.000000000000000	nan	nan	nan
12.000000000000000	nan	nan	nan
12.000000000000000	nan	nan	nan
12.000000000000000	nan	nan	nan
12.000000000000000	nan	nan	nan
12.000000000000000	nan	nan	nan
12.000000000000000	nan	nan	nan
12.000000000000000	nan	nan	nan
12.000000000000000	nan	nan	nan
12.000000000000000	nan	nan	nan
12.000000000000000	nan	nan	nan


13.000000000000000	nan	nan	nan
13.000000000000000	nan	nan	nan
13.000000000000000	nan	nan	nan
13.000000000000000	nan	nan	nan
13.000000000000000	nan	nan	nan
13.000000000000000	nan	nan	nan
13.000000000000000	nan	nan	nan
13.000000000000000	nan	nan	nan
13.000000000000000	nan	nan	nan
13.000000000000000	nan	nan	nan
13.000000000000000	nan	nan	nan
13.000000000000000	nan	nan	nan
13.000000000000000	nan	nan	nan
13.000000000000000	nan	nan	nan
13.000000000000000	nan	nan	nan
13.000000000000000	nan	nan	nan
13.000000000000000	nan	nan	nan
13.000000000000000	nan	nan	nan
13.000000000000000	nan	nan	nan
13.000000000000000	nan	nan	nan
13.000000000000000	nan	nan	nan
13.000000000000000	nan	nan	nan
13.000000000000000	nan	nan	nan
13.000000000000000	nan	nan	nan
13.000000000000000	nan	nan	nan
13.000000000000000	nan	nan	nan
13.000000000000000	nan	nan	nan
13.000000000000000	nan	nan	nan
13.000000000000000	nan	nan	nan
13.000000000000000	nan	nan	nan
13.000000000000000	nan	nan	nan
13.000000000000000	nan	nan	nan
13.000000000000000	nan	nan	nan
13.000000000000000	nan	nan	nan
13.000000000000000	nan	nan	nan
13.000000000000000	nan	nan	nan
13.000000000000000	nan	nan	nan
13.000000000000000	nan	nan	nan
13.000000000000000	nan	nan	nan
13.000000000000000	nan	nan	nan
13.000000000000000	nan	nan	nan
13.000000000000000	nan	nan	nan
13.000000000000000	nan	nan	nan
13.000000000000000	nan	nan	nan
13.000000000000000	nan	nan	nan
13.000000000000000	nan	nan	nan
13.000000000000000	nan	nan	nan
13.000000000000000	nan	nan	nan
13.000000000000000	nan	nan	nan
13.000000000000000	nan	nan	nan
13.000000000000000	nan	nan	nan
13.000000000000000	nan	nan	nan
13.000000000000000	nan	nan	nan
13.000000000000000	nan	nan	nan
13.000000000000000	nan	nan	nan
13.000000000000000	nan	nan	nan
13.000000000000000	nan	nan	nan
13.000000000000000	nan	nan	nan
13.000000000000000	nan	nan	nan
13.000000000000000	nan	nan	nan
13.000000000000000	nan	nan	nan
13.000000000000000	nan	nan	nan
13.000000000000000	nan	nan	nan
13.000000000000000	nan	nan	nan
13.000000000000000	nan	nan	nan
13.000000000000000	nan	nan	nan
13.000000000000000	nan	nan	nan
13.000000000000000	nan	nan	nan
13.000000000000000	nan	nan	nan
13.000000000000000	nan	nan	nan
13.000000000000000	nan	nan	nan
13.000000000000000	nan	nan	nan
13.000000000000000	nan	nan	nan
13.000000000000000	nan	nan	nan
13.000000000000000	nan	nan	nan
13.000000000000000	nan	nan	nan
13.000000000000000	nan	nan	nan
13.000000000000000	nan	nan	nan
13.000000000000000	nan	nan	nan
13.000000000000000	nan	nan	nan
13.000000000000000	nan	nan	nan
13.000000000000000	nan	nan	nan
13.000000000000000	nan	nan	nan
13.000000000000000	nan	nan	nan
13.000000000000000	nan	nan	nan
13.000000000000000	nan	nan	nan
13.000000000000000	nan	nan	nan
13.000000000000000	nan	nan	nan
13.000000000000000	nan	nan	nan
13.000000000000000	nan	nan	nan
13.000000000000000	nan	nan	nan
13.000000000000000	nan	nan	nan
13.000000000000000	nan	nan	nan
13.000000000000000	nan	nan	nan
13.000000000000000	nan	nan	nan
13.000000000000000	nan	nan	nan
13.000000000000000	nan	nan	nan
13.000000000000000	nan	nan	nan
13.000000000000000	nan	nan	nan
13.000000000000000	nan	nan	nan


14.000000000000000	-1.032464859498796	-0.221721365996679	-0.027389530549468
14.000000000000000	-1.015827481936770	-0.288913776296959	-0.025844619996614
14.000000000000000	-0.994960620296061	-0.354912959981203	-0.024191952053511
14.000000000000000	-0.969948298063668	-0.419453161630715	-0.022438181430666
14.000000000000000	-0.940891231033278	-0.482274500632514	-0.020590369943394
14.000000000000000	-0.907906421758310	-0.543124017626840	-0.018655958076382
14.000000000000000	-0.871126688423933	-0.601756693085216	-0.016642735023479
14.000000000000000	-0.830700130035106	-0.657936433917607	-0.014558807323366
14.000000000000000	-0.786789530074159	-0.711437024135972	-0.012412566217380
14.000000000000000	-0.739571701029163	-0.762043035746200	-0.010212653860953
14.000000000000000	-0.689236772432442	-0.809550696200614	-0.007967928524700
14.000000000000000	-0.635987425276057	-0.853768708918096	-0.005687428925287
14.000000000000000	-0.580038075886981	-0.894519023567906	-0.003380337829713
14.000000000000000	-0.521614012548230	-0.931637553015518	-0.001055945079547
14.000000000000000	-0.460950488342459	-0.964974834043600	0.001276389815986
14.000000000000000	-0.398291773870832	-0.994396629187637	0.003607275367445
14.000000000000000	-0.333890173661525	-1.019784467262825	0.005927325921387
14.000000000000000	-0.268005010228435	-1.041036120405713	0.008227199453076
14.000000000000000	-0.200901579870951	-1.058066015709735	0.010497635183529
14.000000000000000	-0.132850084419385	-1.070805579797094	0.012729490869393
14.000000000000000	-0.064124543227568	-1.079203514939563	0.014913779615542
14.000000000000000	0.004998310206372	-1.083226005616320	0.017041706062126
14.000000000000000	0.074240142548136	-1.082856854677124	0.019104701800383
14.000000000000000	0.143322141377358	-1.078097548562517	0.021094459874596
14.000000000000000	0.211966137866813	-1.068967251318456	0.023002968231274
14.000000000000000	0.279895726870108	-1.055502727429460	0.024822541980860
14.000000000000000	0.346837379907654	-1.037758193781011	0.026545854342072
14.000000000000000	0.412521546569307	-1.015805101347288	0.028165966144264
14.000000000000000	0.476683739898737	-0.989731847483316	0.029676353769016
14.000000000000000	0.539065601389054	-0.959643419980011	0.031070935418445
14.000000000000000	0.599415941301325	-0.925660974315407	0.032344095604459
14.000000000000000	0.657491750117001	-0.887921345804302	0.033490707760342
14.000000000000000	0.713059177051474	-0.846576498610744	0.034506154883632
14.000000000000000	0.765894471688658	-0.801792913841975	0.035386348127159
14.000000000000000	0.815784884944936	-0.753750919187772	0.036127743263390
14.000000000000000	0.862529525734635	-0.702643962804484	0.036727354955782
14.000000000000000	0.905940169887526	-0.648677834367587	0.037182768779680
14.000000000000000	0.945842018061120	-0.592069836429284	0.037492150944350
14.000000000000000	0.982074399595932	-0.533047909417836	0.037654255677010
14.000000000000000	1.014491419479514	-0.471849713801894	0.037668430239114
14.000000000000000	1.042962545814181	-0.408721673115684	0.037534617554704
14.000000000000000	1.067373135422888	-0.343917981698398	0.037253356440232
14.000000000000000	1.087624895476847	-0.277699581143317	0.036825779434936
14.000000000000000	1.103636279286054	-0.210333109578102	0.036253608240507
14.000000000000000	1.115342814659027	-0.142089828007173	0.035539146788399
14.000000000000000	1.122697363509567	-0.073244528039371	0.034685271962717
14.000000000000000	1.125670311665197	-0.004074425399150	0.033695422016012
14.000000000000000	1.124249688112975	0.065141956323315	0.032573582724659
14.000000000000000	1.118441213202548	0.134125907188320	0.031324271339538
14.000000000000000	1.108268275612315	0.202599653173186	0.029952518396660
14.000000000000000	1.093771838171475	0.270287474670214	0.028463847460975
14.000000000000000	1.075010272917177	0.336916816712230	0.026864252884924
14.000000000000000	1.052059126050922	0.402219386455243	0.025160175671297
14.000000000000000	1.025010813740676	0.465932233499031	0.023358477537590
14.000000000000000	0.993974249993578	0.527798808695603	0.021466413286289
14.000000000000000	0.959074408097678	0.587569997182064	0.019491601592343
14.000000000000000	0.920451817398607	0.645005121478247	0.017441994325444
14.000000000000000	0.878261997437509	0.699872910609981	0.015325844530662
14.000000000000000	0.832674831728732	0.751952431355677	0.013151673196337
14.000000000000000	0.783873883698880	0.801033977866433	0.010928234943073
14.000000000000000	0.732055657541679	0.846919916077479	0.008664482771967
14.000000000000000	0.677428806964943	0.889425479510792	0.006369532014034
14.000000000000000	0.620213295015738	0.928379513264502	0.004052623625989
14.000000000000000	0.560639508366826	0.963625163193265	0.001723086980172
14.000000000000000	0.498947329630845	0.995020507504551	-0.000609697701541
14.000000000000000	0.435385171437695	1.022439128227609	-0.002936337118577
14.000000000000000	0.370208976164550	1.045770620254020	-0.005247462715178
14.000000000000000	0.303681185346246	1.064921035900097	-0.007533768404262
14.000000000000000	0.236069682915839	1.079813263201053	-0.009786048039758
14.000000000000000	0.167646716530555	1.090387336413667	-0.011995232486502
14.000000000000000	0.098687801326569	1.096600677477164	-0.014152426138443
14.000000000000000	0.029470610516790	1.098428267460042	-0.016248942738115
14.000000000000000	-0.039726142701169	1.095862747302476	-0.018276340353121
14.000000000000000	-0.108623827424662	1.088914447448657	-0.020226455368825
14.000000000000000	-0.176945016994317	1.077611346249736	-0.022091435360339
14.000000000000000	-0.244414606093272	1.061998957304882	-0.023863770711470
14.000000000000000	-0.310760918499199	1.042140146194082	-0.025536324853294
14.000000000000000	-0.375716801028557	1.018114877340634	-0.027102363000600
14.000000000000000	-0.439020699268174	0.990019892022643	-0.028555579270490
14.000000000000000	-0.500417710762555	0.957968318830034	-0.029890122073951
14.000000000000000	-0.559660611416104	0.922089218135650	-0.031100617678132
14.000000000000000	-0.616510850977304	0.882527062414683	-0.032182191844470
14.000000000000000	-0.670739513596378	0.839441154505005	-0.033130489455534
14.000000000000000	-0.722128239588627	0.793004986150865	-0.033941692051539
14.000000000000000	-0.770470104691813	0.743405539412870	-0.034612533205939
14.000000000000000	-0.815570453277125	0.690842533757217	-0.035140311678177
14.000000000000000	-0.857247682158696	0.635527621855897	-0.035522902290618
14.000000000000000	-0.895333971845538	0.577683537336083	-0.035758764485902
14.000000000000000	-0.929675962291401	0.517543197910426	-0.035846948530212
14.000000000000000	-0.960135370421553	0.455348767499636	-0.035787099337528
14.000000000000000	-0.986589546949909	0.391350681123840	-0.035579457899423
14.000000000000000	-1.008931970244428	0.325806636489149	-0.035224860314684
14.000000000000000	-1.027072675252122	0.258980556329943	-0.034724734422632
14.000000000000000	-1.040938615756573	0.191141525685175	-0.034081094053718
14.000000000000000	-1.050473958509267	0.122562708387889	-0.033296530920537
14.000000000000000	-1.055640308050380	0.053520247130875	-0.032374204181921
14.000000000000000	-1.056416861313739	-0.015707848462493	-0.031317827722118
14.000000000000000	-1.052800491393433	-0.084842821284884	-0.030131655196288
14.000000000000000	-1.044805760134756	-0.153606289201500	-0.028820462902541
14.000000000000000	-1.032464859498796	-0.221721365996679	-0.027389530549468


15.000000000000000	nan	nan	nan
15.000000000000000	nan	nan	nan
15.000000000000000	nan	nan	nan
15.000000000000000	nan	nan	nan
15.000000000000000	nan	nan	nan
15.000000000000000	nan	nan	nan
15.000000000000000	nan	nan	nan
15.000000000000000	nan	nan	nan
15.000000000000000	nan	nan	nan
15.000000000000000	nan	nan	nan
15.000000000000000	nan	nan	nan
15.000000000000000	nan	nan	nan
15.000000000000000	nan	nan	nan
15.000000000000000	nan	nan	nan
15.000000000000000	nan	nan	nan
15.000000000000000	nan	nan	nan
15.000000000000000	nan	nan	nan
15.000000000000000	nan	nan	nan
15.000000000000000	nan	nan	nan
15.000000000000000	nan	nan	nan
15.000000000000000	nan	nan	nan
15.000000000000000	nan	nan	nan
15.000000000000000	nan	nan	nan
15.000000000000000	nan	nan	nan
15.000000000000000	nan	nan	nan
15.000000000000000	nan	nan	nan
15.000000000000000	nan	nan	nan
15.000000000000000	nan	nan	nan
15.000000000000000	nan	nan	nan
15.000000000000000	nan	nan	nan
15.000000000000000	nan	nan	nan
15.000000000000000	nan	nan	nan
15.000000000000000	nan	nan	nan
15.000000000000000	nan	nan	nan
15.000000000000000	nan	nan	nan
15.000000000000000	nan	nan	nan
15.000000000000000	nan	nan	nan
15.000000000000000	nan	nan	nan
15.000000000000000	nan	nan	nan
15.000000000000000	nan	nan	nan
15.000000000000000	nan	nan	nan
15.000000000000000	nan	nan	nan
15.000000000000000	nan	nan	nan
15.000000000000000	nan	nan	nan
15.000000000000000	nan	nan	nan
15.000000000000000	nan	nan	nan
15.000000000000000	nan	nan	nan
15.000000000000000	nan	nan	nan
15.000000000000000	nan	nan	nan
15.000000000000000	nan	nan	nan
15.000000000000000	nan	nan	nan
15.000000000000000	nan	nan	nan
15.000000000000000	nan	nan	nan
15.000000000000000	nan	nan	nan
15.000000000000000	nan	nan	nan
15.000000000000000	nan	nan	nan
15.000000000000000	nan	nan	nan
15.000000000000000	nan	nan	nan
15.000000000000000	nan	nan	nan
15.000000000000000	nan	nan	nan
15.000000000000000	nan	nan	nan
15.000000000000000	nan	nan	nan
15.000000000000000	nan	nan	nan
15.000000000000000	nan	nan	nan
15.000000000000000	nan	nan	nan
15.000000000000000	nan	nan	nan
15.000000000000000	nan	nan	nan
15.000000000000000	nan	nan	nan
15.000000000000000	nan	nan	nan
15.000000000000000	nan	nan	nan
15.000000000000000	nan	nan	nan
15.000000000000000	nan	nan	nan
15.000000000000000	nan	nan	nan
15.000000000000000	nan	nan	nan
15.000000000000000	nan	nan	nan
15.000000000000000	nan	nan	nan
15.000000000000000	nan	nan	nan
15.000000000000000	nan	nan	nan
15.000000000000000	nan	nan	nan
15.000000000000000	nan	nan	nan
15.000000000000000	nan	nan	nan
15.000000000000000	nan	nan	nan
15.000000000000000	nan	nan	nan
15.000000000000000	nan	nan	nan
15.000000000000000	nan	nan	nan
15.000000000000000	nan	nan	nan
15.000000000000000	nan	nan	nan
15.000000000000000	nan	nan	nan
15.000000000000000	nan	nan	nan
15.000000000000000	nan	nan	nan
15.000000000000000	nan	nan	nan
15.000000000000000	nan	nan	nan
15.000000000000000	nan	nan	nan
15.000000000000000	nan	nan	nan
15.000000000000000	nan	nan	nan
15.000000000000000	nan	nan	nan
15.000000000000000	nan	nan	nan
15.000000000000000	nan	nan	nan
15.000000000000000	nan	nan	nan
15.000000000000000	nan	nan	nan


16.000000000000000	nan	nan	nan
16.000000000000000	nan	nan	nan
16.000000000000000	nan	nan	nan
16.000000000000000	nan	nan	nan
16.000000000000000	nan	nan	nan
16.000000000000000	nan	nan	nan
16.000000000000000	nan	nan	nan
16.000000000000000	nan	nan	nan
16.000000000000000	nan	nan	nan
16.000000000000000	nan	nan	nan
16.000000000000000	nan	nan	nan
16.000000000000000	nan	nan	nan
16.000000000000000	nan	nan	nan
16.000000000000000	nan	nan	nan
16.000000000000000	nan	nan	nan
16.000000000000000	nan	nan	nan
16.000000000000000	nan	nan	nan
16.000000000000000	nan	nan	nan
16.000000000000000	nan	nan	nan
16.000000000000000	nan	nan	nan
16.000000000000000	nan	nan	nan
16.000000000000000	nan	nan	nan
16.000000000000000	nan	nan	nan
16.000000000000000	nan	nan	nan
16.000000000000000	nan	nan	nan
16.000000000000000	nan	nan	nan
16.000000000000000	nan	nan	nan
16.000000000000000	nan	nan	nan
16.000000000000000	nan	nan	nan
16.000000000000000	nan	nan	nan
16.000000000000000	nan	nan	nan
16.000000000000000	nan	nan	nan
16.000000000000000	nan	nan	nan
16.000000000000000	nan	nan	nan
16.000000000000000	nan	nan	nan
16.000000000000000	nan	nan	nan
16.000000000000000	nan	nan	nan
16.000000000000000	nan	nan	nan
16.000000000000000	nan	nan	nan
16.000000000000000	nan	nan	nan
16.000000000000000	nan	nan	nan
16.000000000000000	nan	nan	nan
16.000000000000000	nan	nan	nan
16.000000000000000	nan	nan	nan
16.000000000000000	nan	nan	nan
16.000000000000000	nan	nan	nan
16.000000000000000	nan	nan	nan
16.000000000000000	nan	nan	nan
16.000000000000000	nan	nan	nan
16.000000000000000	nan	nan	nan
16.000000000000000	nan	nan	nan
16.000000000000000	nan	nan	nan
16.000000000000000	nan	nan	nan
16.000000000000000	nan	nan	nan
16.000000000000000	nan	nan	nan
16.000000000000000	nan	nan	nan
16.000000000000000	nan	nan	nan
16.000000000000000	nan	nan	nan
16.000000000000000	nan	nan	nan
16.000000000000000	nan	nan	nan
16.000000000000000	nan	nan	nan
16.000000000000000	nan	nan	nan
16.000000000000000	nan	nan	nan
16.000000000000000	nan	nan	nan
16.000000000000000	nan	nan	nan
16.000000000000000	nan	nan	nan
16.000000000000000	nan	nan	nan
16.000000000000000	nan	nan	nan
16.000000000000000	nan	nan	nan
16.000000000000000	nan	nan	nan
16.000000000000000	nan	nan	nan
16.000000000000000	nan	nan	nan
16.000000000000000	nan	nan	nan
16.000000000000000	nan	nan	nan
16.000000000000000	nan	nan	nan
16.000000000000000	nan	nan	nan
16.000000000000000	nan	nan	nan
16.000000000000000	nan	nan	nan
16.000000000000000	nan	nan	nan
16.000000000000000	nan	nan	nan
16.000000000000000	nan	nan	nan
16.000000000000000	nan	nan	nan
16.000000000000000	nan	nan	nan
16.000000000000000	nan	nan	nan
16.000000000000000	nan	nan	nan
16.000000000000000	nan	nan	nan
16.000000000000000	nan	nan	nan
16.000000000000000	nan	nan	nan
16.000000000000000	nan	nan	nan
16.000000000000000	nan	nan	nan
16.000000000000000	nan	nan	nan
16.000000000000000	nan	nan	nan
16.000000000000000	nan	nan	nan
16.000000000000000	nan	nan	nan
16.000000000000000	nan	nan	nan
16.000000000000000	nan	nan	nan
16.000000000000000	nan	nan	nan
16.000000000000000	nan	nan	nan
16.000000000000000	nan	nan	nan
16.000000000000000	nan	nan	nan


17.000000000000000	-0.269948465844968	1.412928303453890	0.056382380267759
17.000000000000000	-0.364986501555872	1.391777166353819	0.052291957443437
17.000000000000000	-0.458479876284725	1.364629335551036	0.047975310864505
17.000000000000000	-0.550052125209399	1.331594125778528	0.043449822143203
17.000000000000000	-0.639334519203328	1.292804558166476	0.038733713825369
17.000000000000000	-0.725967549577563	1.248416824613118	0.033845976014677
17.000000000000000	-0.809602375695376	1.198609658855099	0.028806289906195
17.000000000000000	-0.889902229630380	1.143583616769799	0.023634948537156
17.000000000000000	-0.966543772212113	1.083560268807595	0.018352775074060
17.000000000000000	-1.039218394998753	1.018781307805866	0.012981038965133
17.000000000000000	-1.107633462934393	0.949507575777233	0.007541370295764
17.000000000000000	-1.171513492687129	0.876018013590846	0.002055672691789
17.000000000000000	-1.230601261923204	0.798608537775944	-0.003453964878685
17.000000000000000	-1.284658845050565	0.717590848970444	-0.008965357049753
17.000000000000000	-1.333468571261245	0.633291176812475	-0.014456311390355
17.000000000000000	-1.376833901014883	0.546048966328774	-0.019904717765358
17.000000000000000	-1.414580217434082	0.456215511109365	-0.025288637365272
17.000000000000000	-1.446555529424952	0.364152538772258	-0.030586391046088
17.000000000000000	-1.472631083691591	0.270230754414001	-0.035776646623543
17.000000000000000	-1.492701883180172	0.174828347911098	-0.040838504770295
17.000000000000000	-1.506687109865018	0.078329471082849	-0.045751583170139
17.000000000000000	-1.514530450174268	-0.018877309152434	-0.050496098590398
17.000000000000000	-1.516200321744754	-0.116400575399271	-0.055052946542023
17.000000000000000	-1.511690000593034	-0.213847635884716	-0.059403778206623
17.000000000000000	-1.501017648190494	-0.310826105689527	-0.063531074320684
17.000000000000000	-1.484226238333521	-0.406945486743746	-0.067418215719457
17.000000000000000	-1.461383384103184	-0.501818740224604	-0.071049550256473
17.000000000000000	-1.432581065611227	-0.595063845025258	-0.074410455829208
17.000000000000000	-1.397935259628617	-0.686305336018954	-0.077487399257131
17.000000000000000	-1.357585472588024	-0.775175815924576	-0.080267990775046
17.000000000000000	-1.311694178840656	-0.861317434685827	-0.082741033922302
17.000000000000000	-1.260446166429388	-0.944383330407102	-0.084896570626991
17.000000000000000	-1.204047793012532	-1.024039026043922	-0.086725921303586
17.000000000000000	-1.142726154934383	-1.099963776223940	-0.088221719802571
17.000000000000000	-1.076728172788393	-1.171851858775346	-0.089377943071323
17.000000000000000	-1.006319597155086	-1.239413805762160	-0.090189935406820
17.000000000000000	-0.931783938518271	-1.302377569069430	-0.090654427202515
17.000000000000000	-0.853421325668381	-1.360489615844989	-0.090769548113886
17.000000000000000	-0.771547297189767	-1.413515949386755	-0.090534834589655
17.000000000000000	-0.686491530898184	-1.461243051364870	-0.089951231738342
17.000000000000000	-0.598596516344585	-1.503478741584651	-0.089021089522651
17.000000000000000	-0.508216175730581	-1.540052951828407	-0.087748153296997
17.000000000000000	-0.415714438788645	-1.570818410660125	-0.086137548726286
17.000000000000000	-0.321463777365531	-1.595651236435568	-0.084195761146670
17.000000000000000	-0.225843705609608	-1.614451436129928	-0.081930609451392
17.000000000000000	-0.129239251801325	-1.627143307974450	-0.079351214606856
17.000000000000000	-0.032039407980232	-1.633675746280733	-0.076467962925721
17.000000000000000	0.065364436388686	-1.634022447225302	-0.073292464244880
17.000000000000000	0.162580070402234	-1.628182014765817	-0.069837505176750
17.000000000000000	0.259216041013891	-1.616177966262450	-0.066116997622090
17.000000000000000	0.354883229277068	-1.598058637781769	-0.062145922751694
17.000000000000000	0.449196417189767	-1.573896989464463	-0.057940270682499
17.000000000000000	0.541775838831517	-1.543790311740600	-0.053516976091029
17.000000000000000	0.632248709546695	-1.507859833575412	-0.048893850023428
17.000000000000000	0.720250727016768	-1.466250234323031	-0.044089508176669
17.000000000000000	0.805427538177146	-1.419129061153797	-0.039123295939705
17.000000000000000	0.887436166071913	-1.366686054400939	-0.034015210496421
17.000000000000000	0.965946390900969	-1.309132383543218	-0.028785820304029
17.000000000000000	1.040642079698624	-1.246699796899968	-0.023456182271155
17.000000000000000	1.111222459289467	-1.179639688462411	-0.018047756969094
17.000000000000000	1.177403327395790	-1.108222085618774	-0.012582322217667
17.000000000000000	1.238918197019855	-1.032734561849314	-0.007081885393628
17.000000000000000	1.295519369492975	-0.953481078769397	-0.001568594814721
17.000000000000000	1.346978931870633	-0.870780762183364	0.003935349443773
17.000000000000000	1.393089674657465	-0.784966617077545	0.009407784940909
17.000000000000000	1.433665926166768	-0.696384186726715	0.014826676110402
17.000000000000000	1.468544300154849	-0.605390161313276	0.020170202990075
17.000000000000000	1.497584353719763	-0.512350941661799	0.025416849083149
17.000000000000000	1.520669152815310	-0.417641163872204	0.030545487997578
17.000000000000000	1.537705743103169	-0.321642190792425	0.035535468514575
17.000000000000000	1.548625524247208	-0.224740576404813	0.040366697743781
17.000000000000000	1.553384526142829	-0.127326509309689	0.045019722030241
17.000000000000000	1.551963585969058	-0.029792241573556	0.049475805287410
17.000000000000000	1.544368425350464	0.067469490731525	0.053717004440758
17.000000000000000	1.530629627318192	0.164067048937485	0.057726241678200
17.000000000000000	1.510802513162896	0.259611468770933	0.061487373216416
17.000000000000000	1.484966919675423	0.353718026575007	0.064985254306169
17.000000000000000	1.453226877672235	0.446007788455755	0.068205800214866
17.000000000000000	1.415710193100028	0.536109136115179	0.071136042940804
17.000000000000000	1.372567932406295	0.623659263226963	0.073764183430737
17.000000000000000	1.323973814248058	0.708305636329500	0.076079639090498
17.000000000000000	1.270123509988147	0.789707414353717	0.078073086397371
17.000000000000000	1.211233855795690	0.867536821069759	0.079736498442625
17.000000000000000	1.147541979523383	0.941480464926185	0.081063177253045
17.000000000000000	1.079304345877322	1.011240600967135	0.082047780761306
17.000000000000000	1.006795723724153	1.076536329746176	0.082686344316587
17.000000000000000	0.930308079693821	1.137104728409236	0.082976296648831
17.000000000000000	0.850149402532999	1.192701909392138	0.082916470222331
17.000000000000000	0.766642462943107	1.243104002469742	0.082507105936991
17.000000000000000	0.680123513896619	1.288108056202329	0.081749852158307
17.000000000000000	0.590940936665023	1.327532855149418	0.080647758079976
17.000000000000000	0.499453838010396	1.361219649560387	0.079205261445876
17.000000000000000	0.406030604189217	1.389032794603688	0.077428170680830
17.000000000000000	0.311047417590935	1.410860296560705	0.075323641502139
17.000000000000000	0.214886741984260	1.426614263784941	0.072900148106022
17.000000000000000	0.117935782470547	1.436231260610646	0.070167449045030
17.000000000000000	0.020584926345521	1.439672562785864	0.067136547933792
17.000000000000000	-0.076773828852579	1.436924313401320	0.063819649141345
17.000000000000000	-0.173748453778738	1.427997578687310	0.060230108648448
17.000000000000000	-0.269948465844967	1.412928303453890	0.056382380267759


18.000000000000000	nan	nan	nan
18.000000000000000	nan	nan	nan
18.000000000000000	nan	nan	nan
18.000000000000000	nan	nan	nan
18.000000000000000	nan	nan	nan
18.000000000000000	nan	nan	nan
18.000000000000000	nan	nan	nan
18.000000000000000	nan	nan	nan
18.000000000000000	nan	nan	nan
18.000000000000000	nan	nan	nan
18.000000000000000	nan	nan	nan
18.000000000000000	nan	nan	nan
18.000000000000000	nan	nan	nan
18.000000000000000	nan	nan	nan
18.000000000000000	nan	nan	nan
18.000000000000000	nan	nan	nan
18.000000000000000	nan	nan	nan
18.000000000000000	nan	nan	nan
18.000000000000000	nan	nan	nan
18.000000000000000	nan	nan	nan
18.000000000000000	nan	nan	nan
18.000000000000000	nan	nan	nan
18.000000000000000	nan	nan	nan
18.000000000000000	nan	nan	nan
18.000000000000000	nan	nan	nan
18.000000000000000	nan	nan	nan
18.000000000000000	nan	nan	nan
18.000000000000000	nan	nan	nan
18.000000000000000	nan	nan	nan
18.000000000000000	nan	nan	nan
18.000000000000000	nan	nan	nan
18.000000000000000	nan	nan	nan
18.000000000000000	nan	nan	nan
18.000000000000000	nan	nan	nan
18.000000000000000	nan	nan	nan
18.000000000000000	nan	nan	nan
18.000000000000000	nan	nan	nan
18.000000000000000	nan	nan	nan
18.000000000000000	nan	nan	nan
18.000000000000000	nan	nan	nan
18.000000000000000	nan	nan	nan
18.000000000000000	nan	nan	nan
18.000000000000000	nan	nan	nan
18.000000000000000	nan	nan	nan
18.000000000000000	nan	nan	nan
18.000000000000000	nan	nan	nan
18.000000000000000	nan	nan	nan
18.000000000000000	nan	nan	nan
18.000000000000000	nan	nan	nan
18.000000000000000	nan	nan	nan
18.000000000000000	nan	nan	nan
18.000000000000000	nan	nan	nan
18.000000000000000	nan	nan	nan
18.000000000000000	nan	nan	nan
18.000000000000000	nan	nan	nan
18.000000000000000	nan	nan	nan
18.000000000000000	nan	nan	nan
18.000000000000000	nan	nan	nan
18.000000000000000	nan	nan	nan
18.000000000000000	nan	nan	nan
18.000000000000000	nan	nan	nan
18.000000000000000	nan	nan	nan
18.000000000000000	nan	nan	nan
18.000000000000000	nan	nan	nan
18.000000000000000	nan	nan	nan
18.000000000000000	nan	nan	nan
18.000000000000000	nan	nan	nan
18.000000000000000	nan	nan	nan
18.000000000000000	nan	nan	nan
18.000000000000000	nan	nan	nan
18.000000000000000	nan	nan	nan
18.000000000000000	nan	nan	nan
18.000000000000000	nan	nan	nan
18.000000000000000	nan	nan	nan
18.000000000000000	nan	nan	nan
18.000000000000000	nan	nan	nan
18.000000000000000	nan	nan	nan
18.000000000000000	nan	nan	nan
18.000000000000000	nan	nan	nan
18.000000000000000	nan	nan	nan
18.000000000000000	nan	nan	nan
18.000000000000000	nan	nan	nan
18.000000000000000	nan	nan	nan
18.000000000000000	nan	nan	nan
18.000000000000000	nan	nan	nan
18.000000000000000	nan	nan	nan
18.000000000000000	nan	nan	nan
18.000000000000000	nan	nan	nan
18.000000000000000	nan	nan	nan
18.000000000000000	nan	nan	nan
18.000000000000000	nan	nan	nan
18.000000000000000	nan	nan	nan
18.000000000000000	nan	nan	nan
18.000000000000000	nan	nan	nan
18.000000000000000	nan	nan	nan
18.000000000000000	nan	nan	nan
18.000000000000000	nan	nan	nan
18.000000000000000	nan	nan	nan
18.000000000000000	nan	nan	nan
18.000000000000000	nan	nan	nan


