# n	x	y	z
1.000000000000000	0.183890936078306	0.274447769039262	-0.005643702150971
1.000000000000000	0.162977263679539	0.287512411581281	-0.005349936927340
1.000000000000000	0.141265381505024	0.299207478313876	-0.005030272640353
1.000000000000000	0.118842715641204	0.309485877331015	-0.004685996465269
1.000000000000000	0.095799554249572	0.318306221147555	-0.004318494680736
1.000000000000000	0.072228684008113	0.325632993352030	-0.003929247086732
1.000000000000000	0.048225016492097	0.331436691618713	-0.003519821045936
1.000000000000000	0.023885205998667	0.335693946503062	-0.003091865172511
1.000000000000000	-0.000692739645906	0.338387615542230	-0.002647102693713
1.000000000000000	-0.025409853729144	0.339506852281709	-0.002187324511069
1.000000000000000	-0.050166609156384	0.339047149950178	-0.001714381989044
1.000000000000000	-0.074863319211263	0.337010359606676	-0.001230179500253
1.000000000000000	-0.099400538958941	0.333404682687044	-0.000736666757221
1.000000000000000	-0.123679465675752	0.328244637979637	-0.000235830961584
1.000000000000000	-0.147602336692905	0.321551003163285	0.000270311197678
1.000000000000000	-0.171072823052240	0.313350731142918	0.000779721664729
1.000000000000000	-0.193996417388950	0.303676841519726	0.001290349223411
1.000000000000000	-0.216280814479383	0.292568287632882	0.001800137756767
1.000000000000000	-0.237836282921593	0.280069799708195	0.002307034526302
1.000000000000000	-0.258576026452032	0.266231704745274	0.002808998437630
1.000000000000000	-0.278416533443466	0.251109723868464	0.003304008259245
1.000000000000000	-0.297277913176824	0.234764747957549	0.003790070761306
1.000000000000000	-0.315084217532926	0.217262592461663	0.004265228741670
1.000000000000000	-0.331763746808755	0.198673732383712	0.004727568906854
1.000000000000000	-0.347249338426853	0.179073018502407	0.005175229576193
1.000000000000000	-0.361478637375315	0.158539375974599	0.005606408178171
1.000000000000000	-0.374394347289421	0.137155486531527	0.006019368508740
1.000000000000000	-0.385944461163864	0.115007455548666	0.006412447722399
1.000000000000000	-0.396082470766613	0.092184465329775	0.006784063027891
1.000000000000000	-0.404767553911145	0.068778416001233	0.007132718061539
1.000000000000000	-0.411964738832983	0.044883555462668	0.007457008912579
1.000000000000000	-0.417645045008648	0.020596099883926	0.007755629776209
1.000000000000000	-0.421785599850000	-0.003986153723484	0.008027378211609
1.000000000000000	-0.424369730804076	-0.028764221300437	0.008271159983741
1.000000000000000	-0.425387032487576	-0.053638330314067	0.008485993469450
1.000000000000000	-0.424833408585671	-0.078508321506536	0.008671013610113
1.000000000000000	-0.422711088346416	-0.103274052201022	0.008825475394925
1.000000000000000	-0.419028617604355	-0.127835799540927	0.008948756860795
1.000000000000000	-0.413800824369461	-0.152094662038630	0.009040361596772
1.000000000000000	-0.407048759119974	-0.175952957816867	0.009099920742915
1.000000000000000	-0.398799610039554	-0.199314617939175	0.009127194475564
1.000000000000000	-0.389086593540063	-0.222085573245596	0.009122072973023
1.000000000000000	-0.377948820510795	-0.244174133135975	0.009084576857775
1.000000000000000	-0.365431138832731	-0.265491354775655	0.009014857113443
1.000000000000000	-0.351583952791951	-0.285951401236872	0.008913194476830
1.000000000000000	-0.336463020119363	-0.305471887133774	0.008779998307492
1.000000000000000	-0.320129227474002	-0.323974210359288	0.008615804939392
1.000000000000000	-0.302648345273939	-0.341383868588064	0.008421275521273
1.000000000000000	-0.284090762862026	-0.357630759271045	0.008197193354444
1.000000000000000	-0.264531205072852	-0.372649461913689	0.007944460738702
1.000000000000000	-0.244048431342210	-0.386379501501213	0.007664095339090
1.000000000000000	-0.222724918570647	-0.398765592010129	0.007357226088119
1.000000000000000	-0.200646529018092	-0.409757859025552	0.007025088639955
1.000000000000000	-0.177902164566844	-0.419312040567861	0.006669020394876
1.000000000000000	-0.154583408745066	-0.427389665320076	0.006290455114034
1.000000000000000	-0.130784157952242	-0.433958207538266	0.005890917146201
1.000000000000000	-0.106600243371519	-0.438991218021245	0.005472015289760
1.000000000000000	-0.082129045091350	-0.442468430612168	0.005035436314638
1.000000000000000	-0.057469099990253	-0.444375843803191	0.004582938170279
1.000000000000000	-0.032719704963577	-0.444705777114603	0.004116342907006
1.000000000000000	-0.007980517089949	-0.443456902021409	0.003637529339260
1.000000000000000	0.016648847652607	-0.440634247302824	0.003148425480286
1.000000000000000	0.041069215505053	-0.436249178793163	0.002651000778696
1.000000000000000	0.065182254265062	-0.430319353615632	0.002147258188202
1.000000000000000	0.088890869236097	-0.422868649083325	0.001639226102423
1.000000000000000	0.112099594193477	-0.413927066553714	0.001128950187260
1.000000000000000	0.134714975793172	-0.403530610623770	0.000618485143727
1.000000000000000	0.156645949875439	-0.391721144152160	0.000109886434387
1.000000000000000	0.177804208148049	-0.378546219692285	-0.000394797993263
1.000000000000000	0.198104553772614	-0.364058888014939	-0.000893535953159
1.000000000000000	0.217465244422185	-0.348317484491573	-0.001384319203563
1.000000000000000	0.235808321428750	-0.331385394198346	-0.001865171533543
1.000000000000000	0.253059923695279	-0.313330796686792	-0.002334156720482
1.000000000000000	0.269150585108290	-0.294226391448832	-0.002789386326556
1.000000000000000	0.284015514253372	-0.274149105181580	-0.003229027302813
1.000000000000000	0.297594855307341	-0.253179782030680	-0.003651309370210
1.000000000000000	0.309833929056516	-0.231402858059469	-0.004054532147902
1.000000000000000	0.320683453070616	-0.208906021254749	-0.004437072000080
1.000000000000000	0.330099740145707	-0.185779858438215	-0.004797388573773
1.000000000000000	0.338044874217157	-0.162117490505295	-0.005134031001312
1.000000000000000	0.344486863034246	-0.138014197460167	-0.005445643742455
1.000000000000000	0.349399766981668	-0.113567034756818	-0.005730972042676
1.000000000000000	0.352763803529205	-0.088874442490982	-0.005988866985616
1.000000000000000	0.354565426888995	-0.064035849016615	-0.006218290119360
1.000000000000000	0.354797382559642	-0.039151270583012	-0.006418317637924
1.000000000000000	0.353458736537526	-0.014320908604668	-0.006588144101088
1.000000000000000	0.350554879077712	0.010355253814451	-0.006727085677624
1.000000000000000	0.346097502989292	0.034777854477582	-0.006834582898842
1.000000000000000	0.340104556552571	0.058848552191658	-0.006910202911374
1.000000000000000	0.332600171247676	0.082470422752588	-0.006953641220117
1.000000000000000	0.323614564585605	0.105548349224815	-0.006964722914334
1.000000000000000	0.313183918432971	0.127989404943646	-0.006943403371954
1.000000000000000	0.301350233320400	0.149703227698131	-0.006889768439248
1.000000000000000	0.288161159321214	0.170602383587798	-0.006804034085162
1.000000000000000	0.273669804181408	0.190602719088104	-0.006686545531679
1.000000000000000	0.257934519473494	0.209623699906984	-0.006537775863738
1.000000000000000	0.241018665635322	0.227588735268018	-0.006358324124284
1.000000000000000	0.222990356839953	0.244425486314453	-0.006148912902135
1.000000000000000	0.203922186723926	0.260066157392252	-0.005910385422373
1.000000000000000	0.183890936078306	0.274447769039262	-0.005643702150971


2.000000000000000	0.551645200235914	-0.009955355507622	0.022467634450778
2.000000000000000	0.551107675325129	0.028500443227944	0.022584782189989
2.000000000000000	0.548123669054391	0.066845583922135	0.022601728755836
2.000000000000000	0.542705196963767	0.104925664227055	0.022518405910480
2.000000000000000	0.534874077327950	0.142587349099441	0.022335149165609
2.000000000000000	0.524661843301768	0.179678988226771	0.022052696431458
2.000000000000000	0.512109615947300	0.216051226669542	0.021672185045495
2.000000000000000	0.497267938653873	0.251557606260899	0.021195147192774
2.000000000000000	0.480196573617669	0.286055155341983	0.020623503736360
2.000000000000000	0.460964261200457	0.319404964458339	0.019959556482693
2.000000000000000	0.439648443136417	0.351472745699265	0.019205978913028
2.000000000000000	0.416334950701607	0.382129373427825	0.018365805418268
2.000000000000000	0.391117659101711	0.411251404224222	0.017442419080542
2.000000000000000	0.364098109469715	0.438721573948880	0.016439538050729
2.000000000000000	0.335385099995606	0.464429269923742	0.015361200576775
2.000000000000000	0.305094247834457	0.488270976330488	0.014211748743095
2.000000000000000	0.273347523556956	0.510150691032199	0.012995810986532
2.000000000000000	0.240272760016957	0.529980312140083	0.011718283459273
2.000000000000000	0.206003137613706	0.547679992768676	0.010384310313775
2.000000000000000	0.170676648021371	0.563178462551082	0.008999262989079
2.000000000000000	0.134435538545276	0.576413314619574	0.007568718581916
2.000000000000000	0.097425739342206	0.587331256896031	0.006098437389713
2.000000000000000	0.059796275811175	0.595888326680325	0.004594339715904
2.000000000000000	0.021698668520738	0.602050067672599	0.003062482030959
2.000000000000000	-0.016713676910861	0.605791668716626	0.001509032585116
2.000000000000000	-0.055286087525965	0.607098063705577	-0.000059753428986
2.000000000000000	-0.093863245840920	0.605963992247913	-0.001637559063763
2.000000000000000	-0.132289815254759	0.602394020849133	-0.003218031052799
2.000000000000000	-0.170411065534871	0.596402524524060	-0.004794805393213
2.000000000000000	-0.208073495861035	0.588013628913733	-0.006361532971249
2.000000000000000	-0.245125452919049	0.577261113139968	-0.007911905127915
2.000000000000000	-0.281417741555097	0.564188273788751	-0.009439679061732
2.000000000000000	-0.316804225531978	0.548847750570172	-0.010938702966287
2.000000000000000	-0.351142415968157	0.531301314356892	-0.012402940801387
2.000000000000000	-0.384294045090198	0.511619618454635	-0.013826496598063
2.000000000000000	-0.416125622988287	0.489881914106267	-0.015203638199558
2.000000000000000	-0.446508975132986	0.466175731375013	-0.016528820342696
2.000000000000000	-0.475321758488822	0.440596526691782	-0.017796706986701
2.000000000000000	-0.502447954146514	0.413247298485812	-0.019002192799550
2.000000000000000	-0.527778334490171	0.384238172446348	-0.020140423715345
2.000000000000000	-0.551210903018348	0.353685958085363	-0.021206816479918
2.000000000000000	-0.572651305047962	0.321713678386872	-0.022197077105983
2.000000000000000	-0.592013207647295	0.288450074436807	-0.023107218163505
2.000000000000000	-0.609218647268243	0.254029087028091	-0.023933574835675
2.000000000000000	-0.624198343678004	0.218589317328347	-0.024672819675831
2.000000000000000	-0.636891978926128	0.182273468781909	-0.025321976005914
2.000000000000000	-0.647248440223610	0.145227772493421	-0.025878429902497
2.000000000000000	-0.655226025756053	0.107601398406791	-0.026339940722137
2.000000000000000	-0.660792612602157	0.069545854650469	-0.026704650123650
2.000000000000000	-0.663925786081384	0.031214377467697	-0.026971089550998
2.000000000000000	-0.664612930009970	-0.007238685811768	-0.027138186146645
2.000000000000000	-0.662851277501835	-0.045658498273867	-0.027205267071577
2.000000000000000	-0.658647922109865	-0.083890356893850	-0.027172062214584
2.000000000000000	-0.652019789262678	-0.121780315470749	-0.027038705279906
2.000000000000000	-0.642993568111889	-0.159175804514401	-0.026805733248851
2.000000000000000	-0.631605604064324	-0.195926245588932	-0.026474084217564
2.000000000000000	-0.617901752431892	-0.231883657638973	-0.026045093619638
2.000000000000000	-0.601937193788429	-0.266903252857143	-0.025520488848802
2.000000000000000	-0.583776211776998	-0.300844019693448	-0.024902382303313
2.000000000000000	-0.563491934262356	-0.333569290659019	-0.024193262880073
2.000000000000000	-0.541166038870844	-0.364947292637858	-0.023395985952719
2.000000000000000	-0.516888424103418	-0.394851677490668	-0.022513761874044
2.000000000000000	-0.490756847346114	-0.423162030814211	-0.021550143049037
2.000000000000000	-0.462876531235557	-0.449764356807617	-0.020509009630603
2.000000000000000	-0.433359739964538	-0.474551537293235	-0.019394553895558
2.000000000000000	-0.402325327233741	-0.497423763043732	-0.018211263363805
2.000000000000000	-0.369898257669828	-0.518288935678619	-0.016963902728681
2.000000000000000	-0.336209103637001	-0.537063038511927	-0.015657494671216
2.000000000000000	-0.301393519468175	-0.553670474857751	-0.014297299635568
2.000000000000000	-0.265591695232852	-0.568044372431417	-0.012888794647074
2.000000000000000	-0.228947792241198	-0.580126852620572	-0.011437651258198
2.000000000000000	-0.191609362557324	-0.589869263541932	-0.009949712711197
2.000000000000000	-0.153726754859199	-0.597232375945239	-0.008430970409440
2.000000000000000	-0.115452509037595	-0.602186541175610	-0.006887539792146
2.000000000000000	-0.076940741971777	-0.604711810558204	-0.005325635709667
2.000000000000000	-0.038346526955233	-0.604798015724495	-0.003751547398477
2.000000000000000	0.000174730729755	-0.602444809556704	-0.002171613156643
2.000000000000000	0.038467919574326	-0.597661667585520	-0.000592194821727
2.000000000000000	0.076378846422347	-0.590467849835480	0.000980347846082
2.000000000000000	0.113754857351825	-0.580892323271650	0.002539682772478
2.000000000000000	0.150445452358377	-0.568973645159881	0.004079531066072
2.000000000000000	0.186302891365629	-0.554759807810306	0.005593692301265
2.000000000000000	0.221182789122359	-0.538308045329245	0.007076069485177
2.000000000000000	0.254944696590942	-0.519684603157664	0.008520693608083
2.000000000000000	0.287452666486057	-0.498964471324159	0.009921747678512
2.000000000000000	0.318575800686424	-0.476231082486581	0.011273590146215
2.000000000000000	0.348188777315332	-0.451575975978174	0.012570777618700
2.000000000000000	0.376172355367612	-0.425098429210978	0.013808086779849
2.000000000000000	0.402413854851078	-0.396905057920742	0.014980535422370
2.000000000000000	0.426807610509084	-0.367109386862975	0.016083402509389
2.000000000000000	0.449255397297219	-0.335831392688832	0.017112247184396
2.000000000000000	0.469666825900892	-0.303197020841477	0.018062926653010
2.000000000000000	0.487959706701205	-0.269337678418243	0.018931612864546
2.000000000000000	0.504060380723533	-0.234389705040624	0.019714807926228
2.000000000000000	0.517904016236219	-0.198493823862741	0.020409358187967
2.000000000000000	0.529434869805079	-0.161794574928872	0.021012466940996
2.000000000000000	0.538606510752535	-0.124439733161700	0.021521705679229
2.000000000000000	0.545382008117564	-0.086579713324864	0.021935023878001
2.000000000000000	0.549734079363648	-0.048366964355789	0.022250757250802
2.000000000000000	0.551645200235914	-0.009955355507622	0.022467634450778


3.000000000000000	nan	nan	nan
3.000000000000000	nan	nan	nan
3.000000000000000	nan	nan	nan
3.000000000000000	nan	nan	nan
3.000000000000000	nan	nan	nan
3.000000000000000	nan	nan	nan
3.000000000000000	nan	nan	nan
3.000000000000000	nan	nan	nan
3.000000000000000	nan	nan	nan
3.000000000000000	nan	nan	nan
3.000000000000000	nan	nan	nan
3.000000000000000	nan	nan	nan
3.000000000000000	nan	nan	nan
3.000000000000000	nan	nan	nan
3.000000000000000	nan	nan	nan
3.000000000000000	nan	nan	nan
3.000000000000000	nan	nan	nan
3.000000000000000	nan	nan	nan
3.000000000000000	nan	nan	nan
3.000000000000000	nan	nan	nan
3.000000000000000	nan	nan	nan
3.000000000000000	nan	nan	nan
3.000000000000000	nan	nan	nan
3.000000000000000	nan	nan	nan
3.000000000000000	nan	nan	nan
3.000000000000000	nan	nan	nan
3.000000000000000	nan	nan	nan
3.000000000000000	nan	nan	nan
3.000000000000000	nan	nan	nan
3.000000000000000	nan	nan	nan
3.000000000000000	nan	nan	nan
3.000000000000000	nan	nan	nan
3.000000000000000	nan	nan	nan
3.000000000000000	nan	nan	nan
3.000000000000000	nan	nan	nan
3.000000000000000	nan	nan	nan
3.000000000000000	nan	nan	nan
3.000000000000000	nan	nan	nan
3.000000000000000	nan	nan	nan
3.000000000000000	nan	nan	nan
3.000000000000000	nan	nan	nan
3.000000000000000	nan	nan	nan
3.000000000000000	nan	nan	nan
3.000000000000000	nan	nan	nan
3.000000000000000	nan	nan	nan
3.000000000000000	nan	nan	nan
3.000000000000000	nan	nan	nan
3.000000000000000	nan	nan	nan
3.000000000000000	nan	nan	nan
3.000000000000000	nan	nan	nan
3.000000000000000	nan	nan	nan
3.000000000000000	nan	nan	nan
3.000000000000000	nan	nan	nan
3.000000000000000	nan	nan	nan
3.000000000000000	nan	nan	nan
3.000000000000000	nan	nan	nan
3.000000000000000	nan	nan	nan
3.000000000000000	nan	nan	nan
3.000000000000000	nan	nan	nan
3.000000000000000	nan	nan	nan
3.000000000000000	nan	nan	nan
3.000000000000000	nan	nan	nan
3.000000000000000	nan	nan	nan
3.000000000000000	nan	nan	nan
3.000000000000000	nan	nan	nan
3.000000000000000	nan	nan	nan
3.000000000000000	nan	nan	nan
3.000000000000000	nan	nan	nan
3.000000000000000	nan	nan	nan
3.000000000000000	nan	nan	nan
3.000000000000000	nan	nan	nan
3.000000000000000	nan	nan	nan
3.000000000000000	nan	nan	nan
3.000000000000000	nan	nan	nan
3.000000000000000	nan	nan	nan
3.000000000000000	nan	nan	nan
3.000000000000000	nan	nan	nan
3.000000000000000	nan	nan	nan
3.000000000000000	nan	nan	nan
3.000000000000000	nan	nan	nan
3.000000000000000	nan	nan	nan
3.000000000000000	nan	nan	nan
3.000000000000000	nan	nan	nan
3.000000000000000	nan	nan	nan
3.000000000000000	nan	nan	nan
3.000000000000000	nan	nan	nan
3.000000000000000	nan	nan	nan
3.000000000000000	nan	nan	nan
3.000000000000000	nan	nan	nan
3.000000000000000	nan	nan	nan
3.000000000000000	nan	nan	nan
3.000000000000000	nan	nan	nan
3.000000000000000	nan	nan	nan
3.000000000000000	nan	nan	nan
3.000000000000000	nan	nan	nan
3.000000000000000	nan	nan	nan
3.000000000000000	nan	nan	nan
3.000000000000000	nan	nan	nan
3.000000000000000	nan	nan	nan
3.000000000000000	nan	nan	nan


4.000000000000000	nan	nan	nan
4.000000000000000	nan	nan	nan
4.000000000000000	nan	nan	nan
4.000000000000000	nan	nan	nan
4.000000000000000	nan	nan	nan
4.000000000000000	nan	nan	nan
4.000000000000000	nan	nan	nan
4.000000000000000	nan	nan	nan
4.000000000000000	nan	nan	nan
4.000000000000000	nan	nan	nan
4.000000000000000	nan	nan	nan
4.000000000000000	nan	nan	nan
4.000000000000000	nan	nan	nan
4.000000000000000	nan	nan	nan
4.000000000000000	nan	nan	nan
4.000000000000000	nan	nan	nan
4.000000000000000	nan	nan	nan
4.000000000000000	nan	nan	nan
4.000000000000000	nan	nan	nan
4.000000000000000	nan	nan	nan
4.000000000000000	nan	nan	nan
4.000000000000000	nan	nan	nan
4.000000000000000	nan	nan	nan
4.000000000000000	nan	nan	nan
4.000000000000000	nan	nan	nan
4.000000000000000	nan	nan	nan
4.000000000000000	nan	nan	nan
4.000000000000000	nan	nan	nan
4.000000000000000	nan	nan	nan
4.000000000000000	nan	nan	nan
4.000000000000000	nan	nan	nan
4.000000000000000	nan	nan	nan
4.000000000000000	nan	nan	nan
4.000000000000000	nan	nan	nan
4.000000000000000	nan	nan	nan
4.000000000000000	nan	nan	nan
4.000000000000000	nan	nan	nan
4.000000000000000	nan	nan	nan
4.000000000000000	nan	nan	nan
4.000000000000000	nan	nan	nan
4.000000000000000	nan	nan	nan
4.000000000000000	nan	nan	nan
4.000000000000000	nan	nan	nan
4.000000000000000	nan	nan	nan
4.000000000000000	nan	nan	nan
4.000000000000000	nan	nan	nan
4.000000000000000	nan	nan	nan
4.000000000000000	nan	nan	nan
4.000000000000000	nan	nan	nan
4.000000000000000	nan	nan	nan
4.000000000000000	nan	nan	nan
4.000000000000000	nan	nan	nan
4.000000000000000	nan	nan	nan
4.000000000000000	nan	nan	nan
4.000000000000000	nan	nan	nan
4.000000000000000	nan	nan	nan
4.000000000000000	nan	nan	nan
4.000000000000000	nan	nan	nan
4.000000000000000	nan	nan	nan
4.000000000000000	nan	nan	nan
4.000000000000000	nan	nan	nan
4.000000000000000	nan	nan	nan
4.000000000000000	nan	nan	nan
4.000000000000000	nan	nan	nan
4.000000000000000	nan	nan	nan
4.000000000000000	nan	nan	nan
4.000000000000000	nan	nan	nan
4.000000000000000	nan	nan	nan
4.000000000000000	nan	nan	nan
4.000000000000000	nan	nan	nan
4.000000000000000	nan	nan	nan
4.000000000000000	nan	nan	nan
4.000000000000000	nan	nan	nan
4.000000000000000	nan	nan	nan
4.000000000000000	nan	nan	nan
4.000000000000000	nan	nan	nan
4.000000000000000	nan	nan	nan
4.000000000000000	nan	nan	nan
4.000000000000000	nan	nan	nan
4.000000000000000	nan	nan	nan
4.000000000000000	nan	nan	nan
4.000000000000000	nan	nan	nan
4.000000000000000	nan	nan	nan
4.000000000000000	nan	nan	nan
4.000000000000000	nan	nan	nan
4.000000000000000	nan	nan	nan
4.000000000000000	nan	nan	nan
4.000000000000000	nan	nan	nan
4.000000000000000	nan	nan	nan
4.000000000000000	nan	nan	nan
4.000000000000000	nan	nan	nan
4.000000000000000	nan	nan	nan
4.000000000000000	nan	nan	nan
4.000000000000000	nan	nan	nan
4.000000000000000	nan	nan	nan
4.000000000000000	nan	nan	nan
4.000000000000000	nan	nan	nan
4.000000000000000	nan	nan	nan
4.000000000000000	nan	nan	nan
4.000000000000000	nan	nan	nan


5.000000000000000	nan	nan	nan
5.000000000000000	nan	nan	nan
5.000000000000000	nan	nan	nan
5.000000000000000	nan	nan	nan
5.000000000000000	nan	nan	nan
5.000000000000000	nan	nan	nan
5.000000000000000	nan	nan	nan
5.000000000000000	nan	nan	nan
5.000000000000000	nan	nan	nan
5.000000000000000	nan	nan	nan
5.000000000000000	nan	nan	nan
5.000000000000000	nan	nan	nan
5.000000000000000	nan	nan	nan
5.000000000000000	nan	nan	nan
5.000000000000000	nan	nan	nan
5.000000000000000	nan	nan	nan
5.000000000000000	nan	nan	nan
5.000000000000000	nan	nan	nan
5.000000000000000	nan	nan	nan
5.000000000000000	nan	nan	nan
5.000000000000000	nan	nan	nan
5.000000000000000	nan	nan	nan
5.000000000000000	nan	nan	nan
5.000000000000000	nan	nan	nan
5.000000000000000	nan	nan	nan
5.000000000000000	nan	nan	nan
5.000000000000000	nan	nan	nan
5.000000000000000	nan	nan	nan
5.000000000000000	nan	nan	nan
5.000000000000000	nan	nan	nan
5.000000000000000	nan	nan	nan
5.000000000000000	nan	nan	nan
5.000000000000000	nan	nan	nan
5.000000000000000	nan	nan	nan
5.000000000000000	nan	nan	nan
5.000000000000000	nan	nan	nan
5.000000000000000	nan	nan	nan
5.000000000000000	nan	nan	nan
5.000000000000000	nan	nan	nan
5.000000000000000	nan	nan	nan
5.000000000000000	nan	nan	nan
5.000000000000000	nan	nan	nan
5.000000000000000	nan	nan	nan
5.000000000000000	nan	nan	nan
5.000000000000000	nan	nan	nan
5.000000000000000	nan	nan	nan
5.000000000000000	nan	nan	nan
5.000000000000000	nan	nan	nan
5.000000000000000	nan	nan	nan
5.000000000000000	nan	nan	nan
5.000000000000000	nan	nan	nan
5.000000000000000	nan	nan	nan
5.000000000000000	nan	nan	nan
5.000000000000000	nan	nan	nan
5.000000000000000	nan	nan	nan
5.000000000000000	nan	nan	nan
5.000000000000000	nan	nan	nan
5.000000000000000	nan	nan	nan
5.000000000000000	nan	nan	nan
5.000000000000000	nan	nan	nan
5.000000000000000	nan	nan	nan
5.000000000000000	nan	nan	nan
5.000000000000000	nan	nan	nan
5.000000000000000	nan	nan	nan
5.000000000000000	nan	nan	nan
5.000000000000000	nan	nan	nan
5.000000000000000	nan	nan	nan
5.000000000000000	nan	nan	nan
5.000000000000000	nan	nan	nan
5.000000000000000	nan	nan	nan
5.000000000000000	nan	nan	nan
5.000000000000000	nan	nan	nan
5.000000000000000	nan	nan	nan
5.000000000000000	nan	nan	nan
5.000000000000000	nan	nan	nan
5.000000000000000	nan	nan	nan
5.000000000000000	nan	nan	nan
5.000000000000000	nan	nan	nan
5.000000000000000	nan	nan	nan
5.000000000000000	nan	nan	nan
5.000000000000000	nan	nan	nan
5.000000000000000	nan	nan	nan
5.000000000000000	nan	nan	nan
5.000000000000000	nan	nan	nan
5.000000000000000	nan	nan	nan
5.000000000000000	nan	nan	nan
5.000000000000000	nan	nan	nan
5.000000000000000	nan	nan	nan
5.000000000000000	nan	nan	nan
5.000000000000000	nan	nan	nan
5.000000000000000	nan	nan	nan
5.000000000000000	nan	nan	nan
5.000000000000000	nan	nan	nan
5.000000000000000	nan	nan	nan
5.000000000000000	nan	nan	nan
5.000000000000000	nan	nan	nan
5.000000000000000	nan	nan	nan
5.000000000000000	nan	nan	nan
5.000000000000000	nan	nan	nan
5.000000000000000	nan	nan	nan


6.000000000000000	-0.313429624186541	0.292630600289728	-0.016716918226847
6.000000000000000	-0.333402706931167	0.269877187753246	-0.015724380433660
6.000000000000000	-0.351883423625219	0.245897149372655	-0.014660532667969
6.000000000000000	-0.368797358945222	0.220787044298908	-0.013529658669249
6.000000000000000	-0.384076406443312	0.194647982062684	-0.012336312067956
6.000000000000000	-0.397659042787857	0.167585215441988	-0.011085298049671
6.000000000000000	-0.409490575496207	0.139707716646366	-0.009781654006307
6.000000000000000	-0.419523363162009	0.111127738524279	-0.008430629252314
6.000000000000000	-0.427717007290344	0.081960362560500	-0.007037663887540
6.000000000000000	-0.434038514968202	0.052323035483592	-0.005608366891870
6.000000000000000	-0.438462431715301	0.022335096349382	-0.004148493539846
6.000000000000000	-0.440970943980295	-0.007882703995292	-0.002663922226202
6.000000000000000	-0.441553950869656	-0.038208689133626	-0.001160630795649
6.000000000000000	-0.440209104820409	-0.068520747026836	0.000355327527802
6.000000000000000	-0.436941821052940	-0.098696821716237	0.001877848515027
6.000000000000000	-0.431765255765813	-0.128615404799513	0.003400801511378
6.000000000000000	-0.424700253160403	-0.158156024702165	0.004918054122653
6.000000000000000	-0.415775261508653	-0.187199731774023	0.006423496908093
6.000000000000000	-0.405026218601924	-0.215629577257504	0.007911067980937
6.000000000000000	-0.392496407042194	-0.243331084198983	0.009374777417503
6.000000000000000	-0.378236279958296	-0.270192708407080	0.010808731376498
6.000000000000000	-0.362303257848972	-0.296106287601753	0.012207155831434
6.000000000000000	-0.344761497370797	-0.320967476945620	0.013564419820596
6.000000000000000	-0.325681633001961	-0.344676169203796	0.014875058120938
6.000000000000000	-0.305140492622158	-0.367136897840393	0.016133793254605
6.000000000000000	-0.283220788153830	-0.388259221428565	0.017335556739477
6.000000000000000	-0.260010782510448	-0.407958087826215	0.018475509498156
6.000000000000000	-0.235603934192911	-0.426154176650952	0.019549061343222
6.000000000000000	-0.210098520965148	-0.442774218675275	0.020551889460297
6.000000000000000	-0.183597244124252	-0.457751290855891	0.021479955814497
6.000000000000000	-0.156206814958599	-0.471025085809195	0.022329523410167
6.000000000000000	-0.128037525059160	-0.482542154647812	0.023097171338451
6.000000000000000	-0.099202802214182	-0.492256122200408	0.023779808552078
6.000000000000000	-0.069818753675528	-0.500127873748131	0.024374686311920
6.000000000000000	-0.040003698635746	-0.506125712525785	0.024879409255197
6.000000000000000	-0.009877691798442	-0.510225487353511	0.025291945040756
6.000000000000000	0.020437960039634	-0.512410689885070	0.025610632532590
6.000000000000000	0.050821186448253	-0.512672521081120	0.025834188488647
6.000000000000000	0.081149644898237	-0.511009926639846	0.025961712727997
6.000000000000000	0.111301213391649	-0.507429601242260	0.025992691755535
6.000000000000000	0.141154482203972	-0.501945961595086	0.025927000829652
6.000000000000000	0.170589242758227	-0.494581088379766	0.025764904464521
6.000000000000000	0.199486971662475	-0.485364637341352	0.025507055364993
6.000000000000000	0.227731307961693	-0.474333719875286	0.025154491798387
6.000000000000000	0.255208521682266	-0.461532753592912	0.024708633413749
6.000000000000000	0.281807971782454	-0.447013283467426	0.024171275525432
6.000000000000000	0.307422551664812	-0.430833774280468	0.023544581883995
6.000000000000000	0.331949120456661	-0.413059375205076	0.022831075963544
6.000000000000000	0.355288918321976	-0.393761657472964	0.022033630800593
6.000000000000000	0.377347964132388	-0.373018326182430	0.021155457425361
6.000000000000000	0.398037433896024	-0.350912907407351	0.020200091932084
6.000000000000000	0.417274018420363	-0.327534411867165	0.019171381240412
6.000000000000000	0.434980258768959	-0.302976976512117	0.018073467605224
6.000000000000000	0.451084858161235	-0.277339485466989	0.016910771937227
6.000000000000000	0.465522969059457	-0.250725171859627	0.015687976001511
6.000000000000000	0.478236454286879	-0.223241202137571	0.014410003565729
6.000000000000000	0.489174121125635	-0.194998244546596	0.013082000573829
6.000000000000000	0.498291927451746	-0.166110023508746	0.011709314425148
6.000000000000000	0.505553159077212	-0.136692861694221	0.010297472442327
6.000000000000000	0.510928577585082	-0.106865211631046	0.008852159614728
6.000000000000000	0.514396538062246	-0.076747178738541	0.007379195706996
6.000000000000000	0.515943076255856	-0.046460037705192	0.005884511824912
6.000000000000000	0.515561964802449	-0.016125744158284	0.004374126532930
6.000000000000000	0.513254738303337	0.014133556408372	0.002854121619541
6.000000000000000	0.509030687145310	0.044196020471223	0.001330617608054
6.000000000000000	0.502906820091529	0.073940597097849	-0.000190250888588
6.000000000000000	0.494907795793238	0.103247515376337	-0.001702359869730
6.000000000000000	0.485065823498082	0.131998766690473	-0.003199620606193
6.000000000000000	0.473420533354830	0.160078579898791	-0.004676004157443
6.000000000000000	0.460018816836757	0.187373887504096	-0.006125565647997
6.000000000000000	0.444914637926227	0.213774780936370	-0.007542468205347
6.000000000000000	0.428168815820789	0.239174953115793	-0.008921006462982
6.000000000000000	0.409848780035728	0.263472126513829	-0.010255629533884
6.000000000000000	0.390028298889206	0.286568464988741	-0.011540963361994
6.000000000000000	0.368787182463286	0.308370967737200	-0.012771832361637
6.000000000000000	0.346210961236896	0.328791843775694	-0.013943280257779
6.000000000000000	0.322390541684777	0.347748865443839	-0.015050590043197
6.000000000000000	0.297421840229197	0.365165699506138	-0.016089302972203
6.000000000000000	0.271405397018371	0.380972214518986	-0.017055236514440
6.000000000000000	0.244445971086766	0.395104763225238	-0.017944501196453
6.000000000000000	0.216652118527449	0.407506438839247	-0.018753516263227
6.000000000000000	0.188135755375007	0.418127304190412	-0.019479024096627
6.000000000000000	0.159011706959184	0.426924592802530	-0.020118103332671
6.000000000000000	0.129397245543798	0.433862881099309	-0.020668180624833
6.000000000000000	0.099411618112730	0.438914231042604	-0.021127041006005
6.000000000000000	0.069175566204404	0.442058302629034	-0.021492836807384
6.000000000000000	0.038810839728229	0.443282435792004	-0.021764095098382
6.000000000000000	0.008439706720684	0.442581701379314	-0.021939723617601
6.000000000000000	-0.021815538984912	0.439958921001126	-0.022019015170982
6.000000000000000	-0.051833070192505	0.435424655668327	-0.022001650479423
6.000000000000000	-0.081492016898420	0.428997163267073	-0.021887699464410
6.000000000000000	-0.110672952992213	0.420702325040721	-0.021677620966460
6.000000000000000	-0.139258377143465	0.410573541375196	-0.021372260897541
6.000000000000000	-0.167133185938166	0.398651597307427	-0.020972848834873
6.000000000000000	-0.194185137359539	0.384984498298401	-0.020480993069865
6.000000000000000	-0.220305302747028	0.369627276932109	-0.019898674132083
6.000000000000000	-0.245388505413569	0.352641771318758	-0.019228236814365
6.000000000000000	-0.269333744154981	0.334096376094524	-0.018472380731162
6.000000000000000	-0.292044599946177	0.314065767020493	-0.017634149448146
6.000000000000000	-0.313429624186541	0.292630600289728	-0.016716918226847


7.000000000000000	nan	nan	nan
7.000000000000000	nan	nan	nan
7.000000000000000	nan	nan	nan
7.000000000000000	nan	nan	nan
7.000000000000000	nan	nan	nan
7.000000000000000	nan	nan	nan
7.000000000000000	nan	nan	nan
7.000000000000000	nan	nan	nan
7.000000000000000	nan	nan	nan
7.000000000000000	nan	nan	nan
7.000000000000000	nan	nan	nan
7.000000000000000	nan	nan	nan
7.000000000000000	nan	nan	nan
7.000000000000000	nan	nan	nan
7.000000000000000	nan	nan	nan
7.000000000000000	nan	nan	nan
7.000000000000000	nan	nan	nan
7.000000000000000	nan	nan	nan
7.000000000000000	nan	nan	nan
7.000000000000000	nan	nan	nan
7.000000000000000	nan	nan	nan
7.000000000000000	nan	nan	nan
7.000000000000000	nan	nan	nan
7.000000000000000	nan	nan	nan
7.000000000000000	nan	nan	nan
7.000000000000000	nan	nan	nan
7.000000000000000	nan	nan	nan
7.000000000000000	nan	nan	nan
7.000000000000000	nan	nan	nan
7.000000000000000	nan	nan	nan
7.000000000000000	nan	nan	nan
7.000000000000000	nan	nan	nan
7.000000000000000	nan	nan	nan
7.000000000000000	nan	nan	nan
7.000000000000000	nan	nan	nan
7.000000000000000	nan	nan	nan
7.000000000000000	nan	nan	nan
7.000000000000000	nan	nan	nan
7.000000000000000	nan	nan	nan
7.000000000000000	nan	nan	nan
7.000000000000000	nan	nan	nan
7.000000000000000	nan	nan	nan
7.000000000000000	nan	nan	nan
7.000000000000000	nan	nan	nan
7.000000000000000	nan	nan	nan
7.000000000000000	nan	nan	nan
7.000000000000000	nan	nan	nan
7.000000000000000	nan	nan	nan
7.000000000000000	nan	nan	nan
7.000000000000000	nan	nan	nan
7.000000000000000	nan	nan	nan
7.000000000000000	nan	nan	nan
7.000000000000000	nan	nan	nan
7.000000000000000	nan	nan	nan
7.000000000000000	nan	nan	nan
7.000000000000000	nan	nan	nan
7.000000000000000	nan	nan	nan
7.000000000000000	nan	nan	nan
7.000000000000000	nan	nan	nan
7.000000000000000	nan	nan	nan
7.000000000000000	nan	nan	nan
7.000000000000000	nan	nan	nan
7.000000000000000	nan	nan	nan
7.000000000000000	nan	nan	nan
7.000000000000000	nan	nan	nan
7.000000000000000	nan	nan	nan
7.000000000000000	nan	nan	nan
7.000000000000000	nan	nan	nan
7.000000000000000	nan	nan	nan
7.000000000000000	nan	nan	nan
7.000000000000000	nan	nan	nan
7.000000000000000	nan	nan	nan
7.000000000000000	nan	nan	nan
7.000000000000000	nan	nan	nan
7.000000000000000	nan	nan	nan
7.000000000000000	nan	nan	nan
7.000000000000000	nan	nan	nan
7.000000000000000	nan	nan	nan
7.000000000000000	nan	nan	nan
7.000000000000000	nan	nan	nan
7.000000000000000	nan	nan	nan
7.000000000000000	nan	nan	nan
7.000000000000000	nan	nan	nan
7.000000000000000	nan	nan	nan
7.000000000000000	nan	nan	nan
7.000000000000000	nan	nan	nan
7.000000000000000	nan	nan	nan
7.000000000000000	nan	nan	nan
7.000000000000000	nan	nan	nan
7.000000000000000	nan	nan	nan
7.000000000000000	nan	nan	nan
7.000000000000000	nan	nan	nan
7.000000000000000	nan	nan	nan
7.000000000000000	nan	nan	nan
7.000000000000000	nan	nan	nan
7.000000000000000	nan	nan	nan
7.000000000000000	nan	nan	nan
7.000000000000000	nan	nan	nan
7.000000000000000	nan	nan	nan
7.000000000000000	nan	nan	nan


8.000000000000000	0.626271500765616	0.122148195009225	-0.024689074548988
8.000000000000000	0.616878532347768	0.164207177881501	-0.019124795768534
8.000000000000000	0.604812469165305	0.205568065963323	-0.013476051744177
8.000000000000000	0.590121896996022	0.246064313556451	-0.007765587974412
8.000000000000000	0.572865969589098	0.285532856564727	-0.002016398481369
8.000000000000000	0.553114170473829	0.323814769095633	0.003748366778005
8.000000000000000	0.530946033173977	0.360755903398768	0.009505495128649
8.000000000000000	0.506450820954343	0.396207510564439	0.015231804646637
8.000000000000000	0.479727167389104	0.430026839483012	0.020904237504606
8.000000000000000	0.450882679199219	0.462077711653253	0.026499952817485
8.000000000000000	0.420033502958146	0.492231069525089	0.031996418614684
8.000000000000000	0.387303857410585	0.520365496168809	0.037371502568379
8.000000000000000	0.352825533287429	0.546367704178191	0.042603561112593
8.000000000000000	0.316737362631015	0.570132991838897	0.047671526594189
8.000000000000000	0.279184659767480	0.591565664725327	0.052554992104881
8.000000000000000	0.240318636177263	0.610579421028298	0.057234293652645
8.000000000000000	0.200295791619841	0.627097699061962	0.061690589341679
8.000000000000000	0.159277283964433	0.641053985550703	0.065905935242065
8.000000000000000	0.117428280264141	0.652392083454614	0.069863357643642
8.000000000000000	0.074917291686521	0.661066338255147	0.073546921403147
8.000000000000000	0.031915494978586	0.667041821789745	0.076941794109411
8.000000000000000	-0.011403956801536	0.670294472895223	0.080034305808245
8.000000000000000	-0.054866631510858	0.670811194293584	0.082812004046520
8.000000000000000	-0.098297520298207	0.668589905330128	0.085263704013803
8.000000000000000	-0.141521742303095	0.663639550351522	0.087379533579637
8.000000000000000	-0.184365248839231	0.655980062690067	0.089150973045129
8.000000000000000	-0.226655524227141	0.645642284399209	0.090570889448771
8.000000000000000	-0.268222280453927	0.632667842063470	0.091633565288356
8.000000000000000	-0.308898142862992	0.617108979182886	0.092334721543342
8.000000000000000	-0.348519324112707	0.599028345806876	0.092671534904960
8.000000000000000	-0.386926283690228	0.578498746264596	0.092642649144677
8.000000000000000	-0.423964370324833	0.555602846007610	0.092248180575257
8.000000000000000	-0.459484444714007	0.530432838745287	0.091489717582403
8.000000000000000	-0.493343480054774	0.503090075213276	0.090370314228892
8.000000000000000	-0.525405137962151	0.473684655069861	0.088894477956942
8.000000000000000	-0.555540317455709	0.442334983563500	0.087068151438334
8.000000000000000	-0.583627674803650	0.409167294756678	0.084898688645366
8.000000000000000	-0.609554112131192	0.374315143225892	0.082394825239009
8.000000000000000	-0.633215232825792	0.337918866284506	0.079566643393476
8.000000000000000	-0.654515761905457	0.300125018893923	0.076425531198871
8.000000000000000	-0.673369929657472	0.261085783538483	0.072984136805365
8.000000000000000	-0.689701817002762	0.220958357440308	0.069256317493561
8.000000000000000	-0.703445661195225	0.179904319581569	0.065257083876118
8.000000000000000	-0.714546120625102	0.138088980082957	0.061002539455310
8.000000000000000	-0.722958497660106	0.095680714558169	0.056509815779902
8.000000000000000	-0.728648918627015	0.052850286124741	0.051797003462459
8.000000000000000	-0.731594470208991	0.009770157801241	0.046883079334823
8.000000000000000	-0.731783291709430	-0.033386201940435	0.041787830035119
8.000000000000000	-0.729214622810793	-0.076445017671376	0.036531772333939
8.000000000000000	-0.723898806636138	-0.119232906737973	0.031136070520553
8.000000000000000	-0.715857248101016	-0.161577577412675	0.025622451181786
8.000000000000000	-0.705122327723430	-0.203308522651961	0.020013115716715
8.000000000000000	-0.691737271238919	-0.244257706668032	0.014330650939480
8.000000000000000	-0.675755975545772	-0.284260241549612	0.008597938130147
8.000000000000000	-0.657242791681247	-0.323155051207379	0.002838060899875
8.000000000000000	-0.636272265702654	-0.360785519970523	-0.002925787758644
8.000000000000000	-0.612928838516692	-0.397000123222774	-0.008670398861175
8.000000000000000	-0.587306505865722	-0.431653037538552	-0.014372640886334
8.000000000000000	-0.559508439840086	-0.464604727862440	-0.020009552918055
8.000000000000000	-0.529646573440516	-0.495722509367596	-0.025558437101101
8.000000000000000	-0.497841149863443	-0.524881081730726	-0.030996950037310
8.000000000000000	-0.464220238324086	-0.551963033672260	-0.036303192754577
8.000000000000000	-0.428919218366923	-0.576859315730136	-0.041455798886286
8.000000000000000	-0.392080234740045	-0.599469679363494	-0.046434020706123
8.000000000000000	-0.353851625028429	-0.619703080618170	-0.051217812671853
8.000000000000000	-0.314387322350835	-0.637478046728565	-0.055787912141640
8.000000000000000	-0.273846235525463	-0.652723004179714	-0.060125916937906
8.000000000000000	-0.232391609200238	-0.665376566908576	-0.064214359446410
8.000000000000000	-0.190190366524218	-0.675387783484036	-0.068036776952159
8.000000000000000	-0.147412437006994	-0.682716342270343	-0.071577777928956
8.000000000000000	-0.104230072272527	-0.687332733747833	-0.074823104015642
8.000000000000000	-0.060817152462658	-0.689218369337352	-0.077759687429484
8.000000000000000	-0.017348486083142	-0.688365656249906	-0.080375703585522
8.000000000000000	0.026000893888508	-0.684778028060136	-0.082660618710004
8.000000000000000	0.069056434799038	-0.678469930880533	-0.084605232256169
8.000000000000000	0.111644767181385	-0.669466765192036	-0.086201713951606
8.000000000000000	0.153594402852334	-0.657804783565260	-0.087443635327995
8.000000000000000	0.194736425434900	-0.643530944684193	-0.088325995606284
8.000000000000000	0.234905170524964	-0.626702724260146	-0.088845241833053
8.000000000000000	0.273938892763355	-0.607387883597351	-0.088999283187014
8.000000000000000	0.311680417127330	-0.585664196742106	-0.088787499398001
8.000000000000000	0.347977771818909	-0.561619137314136	-0.088210743244586
8.000000000000000	0.382684800201676	-0.535349526281203	-0.087271337120234
8.000000000000000	0.415661749321962	-0.506961142095242	-0.085973063681853
8.000000000000000	0.446775832644668	-0.476568294759867	-0.084321150618359
8.000000000000000	0.475901764737777	-0.444293365544330	-0.082322249600629
8.000000000000000	0.502922265752564	-0.410266314197347	-0.079984409497560
8.000000000000000	0.527728533668162	-0.374624155645058	-0.077317043966121
8.000000000000000	0.550220682398892	-0.337510408280275	-0.074330893545878
8.000000000000000	0.570308144000278	-0.299074516064568	-0.071037982410630
8.000000000000000	0.587910033354196	-0.259471246770183	-0.067451569951305
8.000000000000000	0.602955473864696	-0.218860068784842	-0.063586097385076
8.000000000000000	0.615383882853036	-0.177404508988828	-0.059457129605672
8.000000000000000	0.625145215502749	-0.135271494289958	-0.055081292509048
8.000000000000000	0.632200166372457	-0.092630679467841	-0.050476206046767
8.000000000000000	0.636520327665008	-0.049653764033954	-0.045660413276676
8.000000000000000	0.638088303615652	-0.006513800858316	-0.040653305696557
8.000000000000000	0.636897780538641	0.036615500653346	-0.035475045161406
8.000000000000000	0.632953552250220	0.079560474026063	-0.030146482698765
8.000000000000000	0.626271500765616	0.122148195009224	-0.024689074548988


9.000000000000000	-0.669459632886499	-0.036617030523005	-0.015016636129568
9.000000000000000	-0.665522571142712	-0.082785638398686	-0.011901856644242
9.000000000000000	-0.658648337419489	-0.128606821747159	-0.008733380026586
9.000000000000000	-0.648864611829815	-0.173896074835380	-0.005523964613645
9.000000000000000	-0.636210789983535	-0.218471033825722	-0.002286533588543
9.000000000000000	-0.620737824355136	-0.262152211090787	0.000965877056613
9.000000000000000	-0.602508019116118	-0.304763717946726	0.004220171012072
9.000000000000000	-0.581594779258080	-0.346133972894896	0.007463244384659
9.000000000000000	-0.558082315016735	-0.386096392519996	0.010682038462525
9.000000000000000	-0.532065302787004	-0.424490062262681	0.013863592297971
9.000000000000000	-0.503648503894594	-0.461160384365705	0.016995094896613
9.000000000000000	-0.472946342759113	-0.495959700384520	0.020063936802729
9.000000000000000	-0.440082446147316	-0.528747885755720	0.023057760873092
9.000000000000000	-0.405189145371752	-0.559392914029201	0.025964512034822
9.000000000000000	-0.368406943439272	-0.587771388492078	0.028772485826911
9.000000000000000	-0.329883949295007	-0.613769039043694	0.031470375529955
9.000000000000000	-0.289775281439927	-0.637281182320987	0.034047317694324
9.000000000000000	-0.248242443323379	-0.658213143221443	0.036492935883436
9.000000000000000	-0.205452673025702	-0.676480636126322	0.038797382456010
9.000000000000000	-0.161578269849503	-0.692010104289093	0.040951378219038
9.000000000000000	-0.116795900531174	-0.704739016022495	0.042946249791823
9.000000000000000	-0.071285887866303	-0.714616116491565	0.044773964530617
9.000000000000000	-0.025231484613415	-0.721601634098778	0.046427162873249
9.000000000000000	0.021181864400205	-0.725667440630222	0.047899187973478
9.000000000000000	0.067767268999382	-0.726797164517998	0.049184112505769
9.000000000000000	0.114337146201822	-0.724986256762739	0.050276762532535
9.000000000000000	0.160703975548580	-0.720242009250825	0.051172738337762
9.000000000000000	0.206681054182759	-0.712583525392536	0.051868432143113
9.000000000000000	0.252083248636023	-0.702041643199353	0.052361042635174
9.000000000000000	0.296727740295731	-0.688658811110178	0.052648586245358
9.000000000000000	0.340434761550964	-0.672488917066446	0.052729905137031
9.000000000000000	0.383028319653249	-0.653597071524409	0.052604671867720
9.000000000000000	0.424336905377237	-0.632059345278304	0.052273390707599
9.000000000000000	0.464194183627826	-0.607962463150119	0.051737395608976
9.000000000000000	0.502439663212880	-0.581403454779339	0.050998844834938
9.000000000000000	0.538919343084613	-0.552489263918837	0.050060712268784
9.000000000000000	0.573486332447457	-0.521336317810125	0.048926775439250
9.000000000000000	0.606001442235452	-0.488070058371944	0.047601600309734
9.000000000000000	0.636333745577486	-0.452824437089932	0.046090522892768
9.000000000000000	0.664361104993600	-0.415741375641271	0.044399627763787
9.000000000000000	0.689970664199505	-0.376970194426179	0.042535723560683
9.000000000000000	0.713059302539015	-0.336667011307361	0.040506315567829
9.000000000000000	0.733534050214526	-0.294994112978480	0.038319575494946
9.000000000000000	0.751312462643584	-0.252119301492917	0.035984308572510
9.000000000000000	0.766322952434119	-0.208215218584126	0.033509918096200
9.000000000000000	0.778505077641600	-0.163458650498308	0.030906367563144
9.000000000000000	0.787809785147424	-0.118029816138594	0.028184140552431
9.000000000000000	0.794199608178503	-0.072111641387126	0.025354198511441
9.000000000000000	0.797648817172739	-0.025889022527093	0.022427936617962
9.000000000000000	0.798143523382890	0.020451918269338	0.019417137895833
9.000000000000000	0.795681734801649	0.066724582389328	0.016333925768866
9.000000000000000	0.790273364182761	0.112742646146114	0.013190715244095
9.000000000000000	0.781940189125858	0.158320811038737	0.010000162920928
9.000000000000000	0.770715764385752	0.203275549883702	0.006775116027483
9.000000000000000	0.756645286759279	0.247425845814176	0.003528560689341
9.000000000000000	0.739785413093755	0.290593921171019	0.000273569638996
9.000000000000000	0.720204032149843	0.332605953350673	-0.002976750423419
9.000000000000000	0.697979991237478	0.373292774727434	-0.006209311606195
9.000000000000000	0.673202778725577	0.412490553831779	-0.009411097526360
9.000000000000000	0.645972163703964	0.450041455041866	-0.012569215722064
9.000000000000000	0.616397794248453	0.485794274131879	-0.015670949565972
9.000000000000000	0.584598755906754	0.519605047118077	-0.018703809470631
9.000000000000000	0.550703092182995	0.551337629950946	-0.021655583179635
9.000000000000000	0.514847288951729	0.580864246719236	-0.024514384942067
9.000000000000000	0.477175724877485	0.608066004158456	-0.027268703372226
9.000000000000000	0.437840090052848	0.632833370392089	-0.029907447801914
9.000000000000000	0.396998775195988	0.655066615977800	-0.032419992938641
9.000000000000000	0.354816233867148	0.674676215482701	-0.034796221649929
9.000000000000000	0.311462320272192	0.691583207970671	-0.037026565701431
9.000000000000000	0.267111605319674	0.705719514950180	-0.039102044284839
9.000000000000000	0.221942673685399	0.717028214502342	-0.041014300180424
9.000000000000000	0.176137404714966	0.725463770485395	-0.042755633408614
9.000000000000000	0.129880240059834	0.730992215892673	-0.044319032235092
9.000000000000000	0.083357440995892	0.733591289625751	-0.045698201404575
9.000000000000000	0.036756338415037	0.733250526132033	-0.046887587489587
9.000000000000000	-0.009735421490205	0.729971297545837	-0.047882401252150
9.000000000000000	-0.055930632811674	0.723766808163298	-0.048678636928355
9.000000000000000	-0.101643283737689	0.714662041273321	-0.049273088358161
9.000000000000000	-0.146689305556968	0.702693658558704	-0.049663361895468
9.000000000000000	-0.190887313838356	0.687909852472471	-0.049847886046486
9.000000000000000	-0.234059338801916	0.670370152183880	-0.049825917797585
9.000000000000000	-0.276031541940417	0.650145183875463	-0.049597545607150
9.000000000000000	-0.316634916005647	0.627316386356325	-0.049163689049390
9.000000000000000	-0.355705965540954	0.601975683136791	-0.048526095111535
9.000000000000000	-0.393087365219743	0.574225112284884	-0.047687331159338
9.000000000000000	-0.428628593339039	0.544176415555032	-0.046650774599199
9.000000000000000	-0.462186537917261	0.511950588443468	-0.045420599278539
9.000000000000000	-0.493626072955660	0.477677392982065	-0.044001758679191
9.000000000000000	-0.522820602543024	0.441494835232434	-0.042399965971478
9.000000000000000	-0.549652570612732	0.403548609584225	-0.040621671009292
9.000000000000000	-0.574013934299543	0.363991512095240	-0.038674034358807
9.000000000000000	-0.595806598990083	0.322982825235636	-0.036564898465408
9.000000000000000	-0.614942813315227	0.280687676513635	-0.034302756074931
9.000000000000000	-0.631345522493896	0.237276373565332	-0.031896716036374
9.000000000000000	-0.644948678605461	0.192923718385952	-0.029356466623776
9.000000000000000	-0.655697506541410	0.147808303463908	-0.026692236524956
9.000000000000000	-0.663548724565377	0.102111792651886	-0.023914753654197
9.000000000000000	-0.668470718593418	0.056018189670629	-0.021035201954727
9.000000000000000	-0.670443669492769	0.009713097190891	-0.018065176364917
9.000000000000000	-0.669459632886499	-0.036617030523005	-0.015016636129568


10.000000000000000	0.201854387065336	0.608485683420557	-0.003546616716436
10.000000000000000	0.160362466333457	0.620791864216057	-0.004883249634464
10.000000000000000	0.118170849484050	0.630435634643446	-0.006199271113586
10.000000000000000	0.075449427266900	0.637378162642922	-0.007489381999790
10.000000000000000	0.032370223771014	0.641591493104552	-0.008748387471873
10.000000000000000	-0.010893296255665	0.643058660433636	-0.009971217959157
10.000000000000000	-0.054166925887580	0.641773756865168	-0.011152949554860
10.000000000000000	-0.097276417491361	0.637741956252318	-0.012288823842930
10.000000000000000	-0.140048184359546	0.630979493233157	-0.013374267058510
10.000000000000000	-0.182309999682985	0.621513597859493	-0.014404908504872
10.000000000000000	-0.223891690047416	0.609382385951067	-0.015376598152668
10.000000000000000	-0.264625820661739	0.594634705616599	-0.016285423350639
10.000000000000000	-0.304348369558829	0.577329940559693	-0.017127724580477
10.000000000000000	-0.342899388054101	0.557537770961625	-0.017900110192414
10.000000000000000	-0.380123644802419	0.535337892903844	-0.018599470062200
10.000000000000000	-0.415871250859925	0.510819697459979	-0.019222988114474
10.000000000000000	-0.449998263233922	0.484081910749538	-0.019768153662106
10.000000000000000	-0.482367264490495	0.455232196402669	-0.020232771515849
10.000000000000000	-0.512847916086021	0.424386722036721	-0.020614970823590
10.000000000000000	-0.541317483194482	0.391669691490247	-0.020913212603610
10.000000000000000	-0.567661328917287	0.357212844697985	-0.021126295941526
10.000000000000000	-0.591773375885608	0.321154927220638	-0.021253362825940
10.000000000000000	-0.613556533396500	0.283641131565471	-0.021293901603358
10.000000000000000	-0.632923088362895	0.244822512547327	-0.021247749038430
10.000000000000000	-0.649795058503249	0.204855379044201	-0.021115090971247
10.000000000000000	-0.664104506348665	0.163900664596561	-0.020896461569023
10.000000000000000	-0.675793812803098	0.122123279384775	-0.020592741175198
10.000000000000000	-0.684815909155124	0.079691446194023	-0.020205152764602
10.000000000000000	-0.691134466607027	0.036776023040515	-0.019735257018966
10.000000000000000	-0.694724042558043	-0.006450184813443	-0.019184946042613
10.000000000000000	-0.695570183052736	-0.049813120685243	-0.018556435743614
10.000000000000000	-0.693669480981974	-0.093138177336808	-0.017852256911115
10.000000000000000	-0.689029589802155	-0.136250900056309	-0.017075245024740
10.000000000000000	-0.681669192717440	-0.178977689125724	-0.016228528837112
10.000000000000000	-0.671617927449081	-0.221146498845623	-0.015315517775477
10.000000000000000	-0.658916266894784	-0.262587530302482	-0.014339888213138
10.000000000000000	-0.643615356158629	-0.303133915088980	-0.013305568666000
10.000000000000000	-0.625776806607789	-0.342622387224174	-0.012216723973823
10.000000000000000	-0.605472447785300	-0.380893940567986	-0.011077738529881
10.000000000000000	-0.582784038177843	-0.417794469082807	-0.009893198626560
10.000000000000000	-0.557802936003176	-0.453175387364119	-0.008667873987973
10.000000000000000	-0.530629731342831	-0.486894228941479	-0.007406698563970
10.000000000000000	-0.501373841101361	-0.518815219940709	-0.006114750662860
10.000000000000000	-0.470153068423086	-0.548809825797370	-0.004797232502855
10.000000000000000	-0.437093128340404	-0.576757268820086	-0.003459449264575
10.000000000000000	-0.402327141563727	-0.602545014519682	-0.002106787728959
10.000000000000000	-0.365995098451367	-0.626069224745848	-0.000744694586598
10.000000000000000	-0.328243295317769	-0.647235175806729	0.000621345494167
10.000000000000000	-0.289223745349889	-0.665957639887790	0.001985831952066
10.000000000000000	-0.249093566503739	-0.682161228234157	0.003343270481720
10.000000000000000	-0.208014348845838	-0.695780694714512	0.004688195157268
10.000000000000000	-0.166151503887039	-0.706761198544246	0.006015190441727
10.000000000000000	-0.123673598528761	-0.715058525109938	0.007318912993439
10.000000000000000	-0.080751676303571	-0.720639264005995	0.008594113181830
10.000000000000000	-0.037558568643243	-0.723480943566571	0.009835656225816
10.000000000000000	0.005731801052412	-0.723572121351029	0.011038542869752
10.000000000000000	0.048945117743696	-0.720912430218612	0.012197929513675
10.000000000000000	0.091907376656164	-0.715512579806787	0.013309147716769
10.000000000000000	0.134445583936437	-0.707394313407320	0.014367722995527
10.000000000000000	0.176388453237393	-0.696590320413710	0.015369392840919
10.000000000000000	0.217567095427831	-0.683144104692541	0.016310123882010
10.000000000000000	0.257815698649395	-0.667109809408763	0.017186128126924
10.000000000000000	0.296972195982406	-0.648551999010280	0.017993878215746
10.000000000000000	0.334878918032146	-0.627545399249702	0.018730121623960
10.000000000000000	0.371383227807861	-0.604174596290118	0.019391893759212
10.000000000000000	0.406338135338053	-0.578533696106466	0.019976529898683
10.000000000000000	0.439602889547217	-0.550725945553989	0.020481675918982
10.000000000000000	0.471043545010737	-0.520863316629590	0.020905297775374
10.000000000000000	0.500533501305847	-0.489066055600120	0.021245689692157
10.000000000000000	0.527954012786842	-0.455462198813098	0.021501481031223
10.000000000000000	0.553194666731887	-0.420187057139534	0.021671641811129
10.000000000000000	0.576153827936077	-0.383382671124806	0.021755486854471
10.000000000000000	0.596739047960535	-0.345197239041516	0.021752678546852
10.000000000000000	0.614867437389649	-0.305784520147355	0.021663228196336
10.000000000000000	0.630465999597489	-0.265303215550834	0.021487495987914
10.000000000000000	0.643471924679459	-0.223916329177940	0.021226189533164
10.000000000000000	0.653832842365615	-0.181790511412853	0.020880361020955
10.000000000000000	0.661507032897256	-0.139095388055668	0.020451402980646
10.000000000000000	0.666463595017668	-0.096002877299167	0.019941042674869
10.000000000000000	0.668682570400581	-0.052686497474933	0.019351335144445
10.000000000000000	0.668155024015300	-0.009320668356271	0.018684654933466
10.000000000000000	0.664883080104927	0.033919991168656	0.017943686527841
10.000000000000000	0.658879913632774	0.076861366225463	0.017131413545820
10.000000000000000	0.650169697231445	0.119330547052687	0.016251106724014
10.000000000000000	0.638787503868173	0.161156525248370	0.015306310747296
10.000000000000000	0.624779165618356	0.202170882360535	0.014300829975604
10.000000000000000	0.608201089115971	0.242208468048855	0.013238713125128
10.000000000000000	0.589120028423964	0.281108065086777	0.012124236965558
10.000000000000000	0.567612816239200	0.318713038526402	0.010961889099039
10.000000000000000	0.543766054514311	0.354871966412129	0.009756349890188
10.000000000000000	0.517675765742198	0.389439249503430	0.008512473619911
10.000000000000000	0.489447006307340	0.422275697551604	0.007235268938929
10.000000000000000	0.459193443460817	0.453249089769780	0.005929878699713
10.000000000000000	0.427036897622405	0.482234707239362	0.004601559248025
10.000000000000000	0.393106851852744	0.509115835109093	0.003255659257475
10.000000000000000	0.357539930470750	0.533784232564567	0.001897598192299
10.000000000000000	0.320479348915703	0.556140568675790	0.000532844485087
10.000000000000000	0.282074337069226	0.576094822367770	-0.000833106482664
10.000000000000000	0.242479538359214	0.593566644903619	-0.002194754508510
10.000000000000000	0.201854387065336	0.608485683420557	-0.003546616716436


11.000000000000000	nan	nan	nan
11.000000000000000	nan	nan	nan
11.000000000000000	nan	nan	nan
11.000000000000000	nan	nan	nan
11.000000000000000	nan	nan	nan
11.000000000000000	nan	nan	nan
11.000000000000000	nan	nan	nan
11.000000000000000	nan	nan	nan
11.000000000000000	nan	nan	nan
11.000000000000000	nan	nan	nan
11.000000000000000	nan	nan	nan
11.000000000000000	nan	nan	nan
11.000000000000000	nan	nan	nan
11.000000000000000	nan	nan	nan
11.000000000000000	nan	nan	nan
11.000000000000000	nan	nan	nan
11.000000000000000	nan	nan	nan
11.000000000000000	nan	nan	nan
11.000000000000000	nan	nan	nan
11.000000000000000	nan	nan	nan
11.000000000000000	nan	nan	nan
11.000000000000000	nan	nan	nan
11.000000000000000	nan	nan	nan
11.000000000000000	nan	nan	nan
11.000000000000000	nan	nan	nan
11.000000000000000	nan	nan	nan
11.000000000000000	nan	nan	nan
11.000000000000000	nan	nan	nan
11.000000000000000	nan	nan	nan
11.000000000000000	nan	nan	nan
11.000000000000000	nan	nan	nan
11.000000000000000	nan	nan	nan
11.000000000000000	nan	nan	nan
11.000000000000000	nan	nan	nan
11.000000000000000	nan	nan	nan
11.000000000000000	nan	nan	nan
11.000000000000000	nan	nan	nan
11.000000000000000	nan	nan	nan
11.000000000000000	nan	nan	nan
11.000000000000000	nan	nan	nan
11.000000000000000	nan	nan	nan
11.000000000000000	nan	nan	nan
11.000000000000000	nan	nan	nan
11.000000000000000	nan	nan	nan
11.000000000000000	nan	nan	nan
11.000000000000000	nan	nan	nan
11.000000000000000	nan	nan	nan
11.000000000000000	nan	nan	nan
11.000000000000000	nan	nan	nan
11.000000000000000	nan	nan	nan
11.000000000000000	nan	nan	nan
11.000000000000000	nan	nan	nan
11.000000000000000	nan	nan	nan
11.000000000000000	nan	nan	nan
11.000000000000000	nan	nan	nan
11.000000000000000	nan	nan	nan
11.000000000000000	nan	nan	nan
11.000000000000000	nan	nan	nan
11.000000000000000	nan	nan	nan
11.000000000000000	nan	nan	nan
11.000000000000000	nan	nan	nan
11.000000000000000	nan	nan	nan
11.000000000000000	nan	nan	nan
11.000000000000000	nan	nan	nan
11.000000000000000	nan	nan	nan
11.000000000000000	nan	nan	nan
11.000000000000000	nan	nan	nan
11.000000000000000	nan	nan	nan
11.000000000000000	nan	nan	nan
11.000000000000000	nan	nan	nan
11.000000000000000	nan	nan	nan
11.000000000000000	nan	nan	nan
11.000000000000000	nan	nan	nan
11.000000000000000	nan	nan	nan
11.000000000000000	nan	nan	nan
11.000000000000000	nan	nan	nan
11.000000000000000	nan	nan	nan
11.000000000000000	nan	nan	nan
11.000000000000000	nan	nan	nan
11.000000000000000	nan	nan	nan
11.000000000000000	nan	nan	nan
11.000000000000000	nan	nan	nan
11.000000000000000	nan	nan	nan
11.000000000000000	nan	nan	nan
11.000000000000000	nan	nan	nan
11.000000000000000	nan	nan	nan
11.000000000000000	nan	nan	nan
11.000000000000000	nan	nan	nan
11.000000000000000	nan	nan	nan
11.000000000000000	nan	nan	nan
11.000000000000000	nan	nan	nan
11.000000000000000	nan	nan	nan
11.000000000000000	nan	nan	nan
11.000000000000000	nan	nan	nan
11.000000000000000	nan	nan	nan
11.000000000000000	nan	nan	nan
11.000000000000000	nan	nan	nan
11.000000000000000	nan	nan	nan
11.000000000000000	nan	nan	nan
11.000000000000000	nan	nan	nan


12.000000000000000	nan	nan	nan
12.000000000000000	nan	nan	nan
12.000000000000000	nan	nan	nan
12.000000000000000	nan	nan	nan
12.000000000000000	nan	nan	nan
12.000000000000000	nan	nan	nan
12.000000000000000	nan	nan	nan
12.000000000000000	nan	nan	nan
12.000000000000000	nan	nan	nan
12.000000000000000	nan	nan	nan
12.000000000000000	nan	nan	nan
12.000000000000000	nan	nan	nan
12.000000000000000	nan	nan	nan
12.000000000000000	nan	nan	nan
12.000000000000000	nan	nan	nan
12.000000000000000	nan	nan	nan
12.000000000000000	nan	nan	nan
12.000000000000000	nan	nan	nan
12.000000000000000	nan	nan	nan
12.000000000000000	nan	nan	nan
12.000000000000000	nan	nan	nan
12.000000000000000	nan	nan	nan
12.000000000000000	nan	nan	nan
12.000000000000000	nan	nan	nan
12.000000000000000	nan	nan	nan
12.000000000000000	nan	nan	nan
12.000000000000000	nan	nan	nan
12.000000000000000	nan	nan	nan
12.000000000000000	nan	nan	nan
12.000000000000000	nan	nan	nan
12.000000000000000	nan	nan	nan
12.000000000000000	nan	nan	nan
12.000000000000000	nan	nan	nan
12.000000000000000	nan	nan	nan
12.000000000000000	nan	nan	nan
12.000000000000000	nan	nan	nan
12.000000000000000	nan	nan	nan
12.000000000000000	nan	nan	nan
12.000000000000000	nan	nan	nan
12.000000000000000	nan	nan	nan
12.000000000000000	nan	nan	nan
12.000000000000000	nan	nan	nan
12.000000000000000	nan	nan	nan
12.000000000000000	nan	nan	nan
12.000000000000000	nan	nan	nan
12.000000000000000	nan	nan	nan
12.000000000000000	nan	nan	nan
12.000000000000000	nan	nan	nan
12.000000000000000	nan	nan	nan
12.000000000000000	nan	nan	nan
12.000000000000000	nan	nan	nan
12.000000000000000	nan	nan	nan
12.000000000000000	nan	nan	nan
12.000000000000000	nan	nan	nan
12.000000000000000	nan	nan	nan
12.000000000000000	nan	nan	nan
12.000000000000000	nan	nan	nan
12.000000000000000	nan	nan	nan
12.000000000000000	nan	nan	nan
12.000000000000000	nan	nan	nan
12.000000000000000	nan	nan	nan
12.000000000000000	nan	nan	nan
12.000000000000000	nan	nan	nan
12.000000000000000	nan	nan	nan
12.000000000000000	nan	nan	nan
12.000000000000000	nan	nan	nan
12.000000000000000	nan	nan	nan
12.000000000000000	nan	nan	nan
12.000000000000000	nan	nan	nan
12.000000000000000	nan	nan	nan
12.000000000000000	nan	nan	nan
12.000000000000000	nan	nan	nan
12.000000000000000	nan	nan	nan
12.000000000000000	nan	nan	nan
12.000000000000000	nan	nan	nan
12.000000000000000	nan	nan	nan
12.000000000000000	nan	nan	nan
12.000000000000000	nan	nan	nan
12.000000000000000	nan	nan	nan
12.000000000000000	nan	nan	nan
12.000000000000000	nan	nan	nan
12.000000000000000	nan	nan	nan
12.000000000000000	nan	nan	nan
12.000000000000000	nan	nan	nan
12.000000000000000	nan	nan	nan
12.000000000000000	nan	nan	nan
12.000000000000000	nan	nan	nan
12.000000000000000	nan	nan	nan
12.000000000000000	nan	nan	nan
12.000000000000000	nan	nan	nan
12.000000000000000	nan	nan	nan
12.000000000000000	nan	nan	nan
12.000000000000000	nan	nan	nan
12.000000000000000	nan	nan	nan
12.000000000000000	nan	nan	nan
12.000000000000000	nan	nan	nan
12.000000000000000	nan	nan	nan
12.000000000000000	nan	nan	nan
12.000000000000000	nan	nan	nan
12.000000000000000	nan	nan	nan


13.000000000000000	nan	nan	nan
13.000000000000000	nan	nan	nan
13.000000000000000	nan	nan	nan
13.000000000000000	nan	nan	nan
13.000000000000000	nan	nan	nan
13.000000000000000	nan	nan	nan
13.000000000000000	nan	nan	nan
13.000000000000000	nan	nan	nan
13.000000000000000	nan	nan	nan
13.000000000000000	nan	nan	nan
13.000000000000000	nan	nan	nan
13.000000000000000	nan	nan	nan
13.000000000000000	nan	nan	nan
13.000000000000000	nan	nan	nan
13.000000000000000	nan	nan	nan
13.000000000000000	nan	nan	nan
13.000000000000000	nan	nan	nan
13.000000000000000	nan	nan	nan
13.000000000000000	nan	nan	nan
13.000000000000000	nan	nan	nan
13.000000000000000	nan	nan	nan
13.000000000000000	nan	nan	nan
13.000000000000000	nan	nan	nan
13.000000000000000	nan	nan	nan
13.000000000000000	nan	nan	nan
13.000000000000000	nan	nan	nan
13.000000000000000	nan	nan	nan
13.000000000000000	nan	nan	nan
13.000000000000000	nan	nan	nan
13.000000000000000	nan	nan	nan
13.000000000000000	nan	nan	nan
13.000000000000000	nan	nan	nan
13.000000000000000	nan	nan	nan
13.000000000000000	nan	nan	nan
13.000000000000000	nan	nan	nan
13.000000000000000	nan	nan	nan
13.000000000000000	nan	nan	nan
13.000000000000000	nan	nan	nan
13.000000000000000	nan	nan	nan
13.000000000000000	nan	nan	nan
13.000000000000000	nan	nan	nan
13.000000000000000	nan	nan	nan
13.000000000000000	nan	nan	nan
13.000000000000000	nan	nan	nan
13.000000000000000	nan	nan	nan
13.000000000000000	nan	nan	nan
13.000000000000000	nan	nan	nan
13.000000000000000	nan	nan	nan
13.000000000000000	nan	nan	nan
13.000000000000000	nan	nan	nan
13.000000000000000	nan	nan	nan
13.000000000000000	nan	nan	nan
13.000000000000000	nan	nan	nan
13.000000000000000	nan	nan	nan
13.000000000000000	nan	nan	nan
13.000000000000000	nan	nan	nan
13.000000000000000	nan	nan	nan
13.000000000000000	nan	nan	nan
13.000000000000000	nan	nan	nan
13.000000000000000	nan	nan	nan
13.000000000000000	nan	nan	nan
13.000000000000000	nan	nan	nan
13.000000000000000	nan	nan	nan
13.000000000000000	nan	nan	nan
13.000000000000000	nan	nan	nan
13.000000000000000	nan	nan	nan
13.000000000000000	nan	nan	nan
13.000000000000000	nan	nan	nan
13.000000000000000	nan	nan	nan
13.000000000000000	nan	nan	nan
13.000000000000000	nan	nan	nan
13.000000000000000	nan	nan	nan
13.000000000000000	nan	nan	nan
13.000000000000000	nan	nan	nan
13.000000000000000	nan	nan	nan
13.000000000000000	nan	nan	nan
13.000000000000000	nan	nan	nan
13.000000000000000	nan	nan	nan
13.000000000000000	nan	nan	nan
13.000000000000000	nan	nan	nan
13.000000000000000	nan	nan	nan
13.000000000000000	nan	nan	nan
13.000000000000000	nan	nan	nan
13.000000000000000	nan	nan	nan
13.000000000000000	nan	nan	nan
13.000000000000000	nan	nan	nan
13.000000000000000	nan	nan	nan
13.000000000000000	nan	nan	nan
13.000000000000000	nan	nan	nan
13.000000000000000	nan	nan	nan
13.000000000000000	nan	nan	nan
13.000000000000000	nan	nan	nan
13.000000000000000	nan	nan	nan
13.000000000000000	nan	nan	nan
13.000000000000000	nan	nan	nan
13.000000000000000	nan	nan	nan
13.000000000000000	nan	nan	nan
13.000000000000000	nan	nan	nan
13.000000000000000	nan	nan	nan
13.000000000000000	nan	nan	nan


14.000000000000000	-1.011471818805774	0.337170278344814	-0.023687929024612
14.000000000000000	-1.031522715052541	0.269969066905581	-0.023811426669468
14.000000000000000	-1.047269527774253	0.201630614842281	-0.023835519371831
14.000000000000000	-1.058648850113818	0.132430096981742	-0.023760110118893
14.000000000000000	-1.065614861556436	0.062646159385496	-0.023585502557099
14.000000000000000	-1.068139512432639	-0.007440202659561	-0.023312399769475
14.000000000000000	-1.066212636864406	-0.077546776110020	-0.022941901444555
14.000000000000000	-1.059841993699574	-0.147391266538274	-0.022475499448330
14.000000000000000	-1.049053235269687	-0.216692434832545	-0.021915071817025
14.000000000000000	-1.033889804097118	-0.285171229647529	-0.021262875194910
14.000000000000000	-1.014412757967360	-0.352551911045669	-0.020521535747596
14.000000000000000	-0.990700524070876	-0.418563160804566	-0.019694038587385
14.000000000000000	-0.962848583204482	-0.482939174919702	-0.018783715753281
14.000000000000000	-0.930969085303877	-0.545420733903346	-0.017794232794045
14.000000000000000	-0.895190397855438	-0.605756246569950	-0.016729574008321
14.000000000000000	-0.855656589005654	-0.663702763105047	-0.015594026401276
14.000000000000000	-0.812526847449552	-0.719026953338413	-0.014392162422337
14.000000000000000	-0.765974841434004	-0.771506046282307	-0.013128821553558
14.000000000000000	-0.716188019456996	-0.820928727151611	-0.011809090822729
14.000000000000000	-0.663366855478680	-0.867095988253893	-0.010438284319712
14.000000000000000	-0.607724041683495	-0.909821930323141	-0.009021921798478
14.000000000000000	-0.549483632043811	-0.948934511070498	-0.007565706451003
14.000000000000000	-0.488880140133657	-0.984276237937834	-0.006075501942529
14.000000000000000	-0.426157594825330	-1.015704802264698	-0.004557308800654
14.000000000000000	-0.361568557671255	-1.043093652315061	-0.003017240253323
14.000000000000000	-0.295373105927755	-1.066332502856494	-0.001461497613018
14.000000000000000	-0.227837785315726	-1.085327779239875	0.000103654693737
14.000000000000000	-0.159234536735105	-1.100002994191473	0.001671914351014
14.000000000000000	-0.089839601254835	-1.110299055800202	0.003236966530681
14.000000000000000	-0.019932407787585	-1.116174505459895	0.004792509319986
14.000000000000000	0.050205552071859	-1.117605684808476	0.006332279097135
14.000000000000000	0.120291857513900	-1.114586830991834	0.007850075752687
14.000000000000000	0.190044295723048	-1.107130099868803	0.009339787655209
14.000000000000000	0.259181998249324	-1.095265517063809	0.010795416260652
14.000000000000000	0.327426571966373	-1.079040857064276	0.012211100266378
14.000000000000000	0.394503220062337	-1.058521450849631	0.013581139212552
14.000000000000000	0.460141848549615	-1.033789922826503	0.014900016435886
14.000000000000000	0.524078153838037	-1.004945858129402	0.016162421283289
14.000000000000000	0.586054686992125	-0.972105401626531	0.017363270496000
14.000000000000000	0.645821890387100	-0.935400790245392	0.018497728678072
14.000000000000000	0.703139102589351	-0.894979820501354	0.019561227766804
14.000000000000000	0.757775527415093	-0.851005253373246	0.020549485426722
14.000000000000000	0.809511163265139	-0.803654158922344	0.021458522293029
14.000000000000000	0.858137688993690	-0.753117203293727	0.022284677995104
14.000000000000000	0.903459302744068	-0.699597880971010	0.023024625895520
14.000000000000000	0.945293510373680	-0.643311695375872	0.023675386485242
14.000000000000000	0.983471860293525	-0.584485291111849	0.024234339381058
14.000000000000000	1.017840621763287	-0.523355541346498	0.024699233876935
14.000000000000000	1.048261403910766	-0.460168594006760	0.025068198006819
14.000000000000000	1.074611712983081	-0.395178880628134	0.025339746082384
14.000000000000000	1.096785445585775	-0.328648091848679	0.025512784675370
14.000000000000000	1.114693315923737	-0.260844123673184	0.025586617020437
14.000000000000000	1.128263215323588	-0.192039998750504	0.025560945820788
14.000000000000000	1.137440502589856	-0.122512767007715	0.025435874445286
14.000000000000000	1.142188224025785	-0.052542390067842	0.025211906512215
14.000000000000000	1.142487262232833	0.017589386056787	0.024889943861394
14.000000000000000	1.138336413089684	0.087600165456291	0.024471282922783
14.000000000000000	1.129752390600819	0.157208039431897	0.023957609496218
14.000000000000000	1.116769759595125	0.226132721642770	0.023350991963291
14.000000000000000	1.099440796545522	0.294096676720184	0.022653872958704
14.000000000000000	1.077835279070063	0.360826237804498	0.021869059534646
14.000000000000000	1.052040204962088	0.426052708505006	0.020999711857779
14.000000000000000	1.022159441880819	0.489513444845476	0.020049330484367
14.000000000000000	0.988313309112955	0.550952912838734	0.019021742264771
14.000000000000000	0.950638093089372	0.610123717431850	0.017921084934070
14.000000000000000	0.909285498607762	0.666787598678693	0.016751790450863
14.000000000000000	0.864422037970962	0.720716391128648	0.015518567151341
14.000000000000000	0.816228360500680	0.771692942568348	0.014226380790471
14.000000000000000	0.764898525126429	0.819511988417003	0.012880434546660
14.000000000000000	0.710639218978715	0.863980978254413	0.011486148070389
14.000000000000000	0.653668925132911	0.904920851153558	0.010049135661191
14.000000000000000	0.594217042855026	0.942166756695745	0.008575183660856
14.000000000000000	0.532522963891819	0.975568718765065	0.007070227153865
14.000000000000000	0.468835108524736	1.004992239449281	0.005540326068907
14.000000000000000	0.403409925269106	1.030318840615444	0.003991640777683
14.000000000000000	0.336510858246491	1.051446540979526	0.002430407289262
14.000000000000000	0.268407286388182	1.068290266749049	0.000862912139874
14.000000000000000	0.199373438741321	1.080782194185229	-0.000704532920753
14.000000000000000	0.129687290245314	1.088872022705227	-0.002265616344579
14.000000000000000	0.059629442424864	1.092527177424848	-0.003814052199631
14.000000000000000	-0.010518006493337	1.091732940326101	-0.005343605481232
14.000000000000000	-0.080472597490601	1.086492509521460	-0.006848117218163
14.000000000000000	-0.149952648119018	1.076826986376200	-0.008321529272666
14.000000000000000	-0.218678386737259	1.062775290540638	-0.009757908734432
14.000000000000000	-0.286373079052229	1.044394003234449	-0.011151471810327
14.000000000000000	-0.352764142430397	1.021757139414051	-0.012496607113695
14.000000000000000	-0.417584243491849	0.994955849740509	-0.013787898259426
14.000000000000000	-0.480572374567462	0.964098053547992	-0.015020145673830
14.000000000000000	-0.541474904684664	0.929308004290700	-0.016188387531483
14.000000000000000	-0.600046600849842	0.890725789218059	-0.017287919734747
14.000000000000000	-0.656051615515051	0.848506765292817	-0.018314314855514
14.000000000000000	-0.709264436252858	0.802820933623377	-0.019263439962892
14.000000000000000	-0.759470793815283	0.753852254929344	-0.020131473265060
14.000000000000000	-0.806468524920446	0.701797908796628	-0.020914919498279
14.000000000000000	-0.850068386292741	0.646867499704848	-0.021610624001079
14.000000000000000	-0.890094816678721	0.589282213024072	-0.022215785416972
14.000000000000000	-0.926386643770303	0.529273924379394	-0.022727966974525
14.000000000000000	-0.958797733188760	0.467084265969637	-0.023145106299376
14.000000000000000	-0.987197576916298	0.402963653599762	-0.023465523718691
14.000000000000000	-1.011471818805774	0.337170278344814	-0.023687929024612


15.000000000000000	nan	nan	nan
15.000000000000000	nan	nan	nan
15.000000000000000	nan	nan	nan
15.000000000000000	nan	nan	nan
15.000000000000000	nan	nan	nan
15.000000000000000	nan	nan	nan
15.000000000000000	nan	nan	nan
15.000000000000000	nan	nan	nan
15.000000000000000	nan	nan	nan
15.000000000000000	nan	nan	nan
15.000000000000000	nan	nan	nan
15.000000000000000	nan	nan	nan
15.000000000000000	nan	nan	nan
15.000000000000000	nan	nan	nan
15.000000000000000	nan	nan	nan
15.000000000000000	nan	nan	nan
15.000000000000000	nan	nan	nan
15.000000000000000	nan	nan	nan
15.000000000000000	nan	nan	nan
15.000000000000000	nan	nan	nan
15.000000000000000	nan	nan	nan
15.000000000000000	nan	nan	nan
15.000000000000000	nan	nan	nan
15.000000000000000	nan	nan	nan
15.000000000000000	nan	nan	nan
15.000000000000000	nan	nan	nan
15.000000000000000	nan	nan	nan
15.000000000000000	nan	nan	nan
15.000000000000000	nan	nan	nan
15.000000000000000	nan	nan	nan
15.000000000000000	nan	nan	nan
15.000000000000000	nan	nan	nan
15.000000000000000	nan	nan	nan
15.000000000000000	nan	nan	nan
15.000000000000000	nan	nan	nan
15.000000000000000	nan	nan	nan
15.000000000000000	nan	nan	nan
15.000000000000000	nan	nan	nan
15.000000000000000	nan	nan	nan
15.000000000000000	nan	nan	nan
15.000000000000000	nan	nan	nan
15.000000000000000	nan	nan	nan
15.000000000000000	nan	nan	nan
15.000000000000000	nan	nan	nan
15.000000000000000	nan	nan	nan
15.000000000000000	nan	nan	nan
15.000000000000000	nan	nan	nan
15.000000000000000	nan	nan	nan
15.000000000000000	nan	nan	nan
15.000000000000000	nan	nan	nan
15.000000000000000	nan	nan	nan
15.000000000000000	nan	nan	nan
15.000000000000000	nan	nan	nan
15.000000000000000	nan	nan	nan
15.000000000000000	nan	nan	nan
15.000000000000000	nan	nan	nan
15.000000000000000	nan	nan	nan
15.000000000000000	nan	nan	nan
15.000000000000000	nan	nan	nan
15.000000000000000	nan	nan	nan
15.000000000000000	nan	nan	nan
15.000000000000000	nan	nan	nan
15.000000000000000	nan	nan	nan
15.000000000000000	nan	nan	nan
15.000000000000000	nan	nan	nan
15.000000000000000	nan	nan	nan
15.000000000000000	nan	nan	nan
15.000000000000000	nan	nan	nan
15.000000000000000	nan	nan	nan
15.000000000000000	nan	nan	nan
15.000000000000000	nan	nan	nan
15.000000000000000	nan	nan	nan
15.000000000000000	nan	nan	nan
15.000000000000000	nan	nan	nan
15.000000000000000	nan	nan	nan
15.000000000000000	nan	nan	nan
15.000000000000000	nan	nan	nan
15.000000000000000	nan	nan	nan
15.000000000000000	nan	nan	nan
15.000000000000000	nan	nan	nan
15.000000000000000	nan	nan	nan
15.000000000000000	nan	nan	nan
15.000000000000000	nan	nan	nan
15.000000000000000	nan	nan	nan
15.000000000000000	nan	nan	nan
15.000000000000000	nan	nan	nan
15.000000000000000	nan	nan	nan
15.000000000000000	nan	nan	nan
15.000000000000000	nan	nan	nan
15.000000000000000	nan	nan	nan
15.000000000000000	nan	nan	nan
15.000000000000000	nan	nan	nan
15.000000000000000	nan	nan	nan
15.000000000000000	nan	nan	nan
15.000000000000000	nan	nan	nan
15.000000000000000	nan	nan	nan
15.000000000000000	nan	nan	nan
15.000000000000000	nan	nan	nan
15.000000000000000	nan	nan	nan
15.000000000000000	nan	nan	nan


16.000000000000000	0.710183027502715	-0.284019148489888	0.004364157150323
16.000000000000000	0.729137202107452	-0.231851351710643	0.003548316972207
16.000000000000000	0.744715012792165	-0.178573850592181	0.002715482752432
16.000000000000000	0.756853733211319	-0.124401174827543	0.001869008020457
16.000000000000000	0.765504485022070	-0.069551458662126	0.001012301231271
16.000000000000000	0.770632434700106	-0.014245562544061	0.000148812040742
16.000000000000000	0.772216933801951	0.041293816202856	-0.000717982584920
16.000000000000000	0.770251602108961	0.096843040102687	-0.001584592369690
16.000000000000000	0.764744353318213	0.152178432036542	-0.002447527781826
16.000000000000000	0.755717363176837	0.207077175911383	-0.003303314084994
16.000000000000000	0.743206980188113	0.261318213861797	-0.004148505329794
16.000000000000000	0.727263579248875	0.314683136371994	-0.004979698229389
16.000000000000000	0.707951358807580	0.366957061733842	-0.005793545863335
16.000000000000000	0.685348082359819	0.417929501299665	-0.006586771154455
16.000000000000000	0.659544765322161	0.467395207045736	-0.007356180064464
16.000000000000000	0.630645308545197	0.515154998033629	-0.008098674455240
16.000000000000000	0.598766079941483	0.561016562441556	-0.008811264563929
16.000000000000000	0.564035445913033	0.604795231936200	-0.009491081041669
16.000000000000000	0.526593254465118	0.646314725266914	-0.010135386507441
16.000000000000000	0.486590272087710	0.685407858088102	-0.010741586570537
16.000000000000000	0.444187576672040	0.721917216151570	-0.011307240277259
16.000000000000000	0.399555908906780	0.755695789158148	-0.011830069939772
16.000000000000000	0.352874984765552	0.786607562716275	-0.012307970307556
16.000000000000000	0.304332771854130	0.814528066023951	-0.012739017044501
16.000000000000000	0.254124732531238	0.839344873068722	-0.013121474477533
16.000000000000000	0.202453036850614	0.860958055327557	-0.013453802585555
16.000000000000000	0.149525748493562	0.879280584143737	-0.013734663200570
16.000000000000000	0.095555986969937	0.894238681160543	-0.013962925396008
16.000000000000000	0.040761069461106	0.905772115400655	-0.014137670040572
16.000000000000000	-0.014638364239649	0.913834445795041	-0.014258193499254
16.000000000000000	-0.070419240165700	0.918393208184753	-0.014324010466624
16.000000000000000	-0.126356948417205	0.919430046042634	-0.014334855920983
16.000000000000000	-0.182226247585901	0.916940784388575	-0.014290686191515
16.000000000000000	-0.237802171722756	0.910935446600689	-0.014191679134131
16.000000000000000	-0.292860936196447	0.901438214054700	-0.014038233415307
16.000000000000000	-0.347180838795088	0.888487328754083	-0.013830966906795
16.000000000000000	-0.400543152442783	0.872134939343008	-0.013570714197672
16.000000000000000	-0.452733005936370	0.852446891122160	-0.013258523233742
16.000000000000000	-0.503540249155915	0.829502460912951	-0.012895651097831
16.000000000000000	-0.552760299265071	0.803394037837739	-0.012483558947958
16.000000000000000	-0.600194964493959	0.774226751301442	-0.012023906133764
16.000000000000000	-0.645653242187472	0.742118047672531	-0.011518543514901
16.000000000000000	-0.688952087905554	0.707197217367953	-0.010969506008269
16.000000000000000	-0.729917152478556	0.669604874246253	-0.010379004394130
16.000000000000000	-0.768383484049807	0.629492389405201	-0.009749416414069
16.000000000000000	-0.804196192278521	0.587021281663799	-0.009083277196673
16.000000000000000	-0.837211072028534	0.542362567183010	-0.008383269049461
16.000000000000000	-0.867295184031489	0.495696070844032	-0.007652210658177
16.000000000000000	-0.894327390186348	0.447209702156973	-0.006893045736941
16.000000000000000	-0.918198841339776	0.397098698615575	-0.006108831174949
16.000000000000000	-0.938813415583258	0.345564839544732	-0.005302724727458
16.000000000000000	-0.956088105302101	0.292815633606369	-0.004477972300621
16.000000000000000	-0.969953351417800	0.239063483235294	-0.003637894881371
16.000000000000000	-0.980353323477901	0.184524829369567	-0.002785875164974
16.000000000000000	-0.987246144465522	0.129419279919226	-0.001925343934114
16.000000000000000	-0.990604059423324	0.073968725482747	-0.001059766244338
16.000000000000000	-0.990413547212929	0.018396445871919	-0.000192627471502
16.000000000000000	-0.986675374959766	-0.037073788957155	0.000672580722607
16.000000000000000	-0.979404594964135	-0.092218619946692	0.001532374449960
16.000000000000000	-0.968630484090901	-0.146815998325323	0.002383291624677
16.000000000000000	-0.954396425881897	-0.200646079720121	0.003221905903620
16.000000000000000	-0.936759735865706	-0.253492109392300	0.004044840483073
16.000000000000000	-0.915791430768266	-0.305141295032048	0.004848781695933
16.000000000000000	-0.891575942553570	-0.355385663598051	0.005630492354683
16.000000000000000	-0.864210778445953	-0.404022898751532	0.006386824786399
16.000000000000000	-0.833806128302913	-0.450857155512737	0.007114733507321
16.000000000000000	-0.800484420919443	-0.495699848859546	0.007811287485942
16.000000000000000	-0.764379831050489	-0.538370413092802	0.008473681945234
16.000000000000000	-0.725637739136562	-0.578697028910646	0.009099249656497
16.000000000000000	-0.684414145908021	-0.616517315264209	0.009685471679348
16.000000000000000	-0.640875044225184	-0.651678983208779	0.010229987504605
16.000000000000000	-0.595195750683676	-0.684040449117635	0.010730604559223
16.000000000000000	-0.547560199676365	-0.713471404789339	0.011185307035012
16.000000000000000	-0.498160202754487	-0.739853342152874	0.011592264005588
16.000000000000000	-0.447194676270225	-0.763080030457818	0.011949836798861
16.000000000000000	-0.394868840410767	-0.783057944028081	0.012256585595398
16.000000000000000	-0.341393392849042	-0.799706638856795	0.012511275226058
16.000000000000000	-0.286983660338553	-0.812959076525940	0.012712880145592
16.000000000000000	-0.231858731668544	-0.822761894146386	0.012860588562143
16.000000000000000	-0.176240575470770	-0.829075619231420	0.012953805706050
16.000000000000000	-0.120353146430157	-0.831874828638513	0.012992156224775
16.000000000000000	-0.064421483498333	-0.831148250939348	0.012975485694315
16.000000000000000	-0.008670803741191	-0.826898811805876	0.012903861241012
16.000000000000000	0.046674404530741	-0.819143622229677	0.012777571271261
16.000000000000000	0.101391285697498	-0.807913909622027	0.012597124310196
16.000000000000000	0.155259514190606	-0.793254892072140	0.012363246954042
16.000000000000000	0.208062181666376	-0.775225596269882	0.012076880944367
16.000000000000000	0.259586670419257	-0.753898619826119	0.011739179376020
16.000000000000000	0.309625509518288	-0.729359838947768	0.011351502054027
16.000000000000000	0.357977210219314	-0.701708062644615	0.010915410018136
16.000000000000000	0.404447077289043	-0.671054634860311	0.010432659257060
16.000000000000000	0.448847992974036	-0.637522986129609	0.009905193637729
16.000000000000000	0.491001170457855	-0.601248136567159	0.009335137078027
16.000000000000000	0.530736873772475	-0.562376152189167	0.008724784994521
16.000000000000000	0.567895101265116	-0.521063556757100	0.008076595059633
16.000000000000000	0.602326229868430	-0.477476701511738	0.007393177305455
16.000000000000000	0.633891617579785	-0.431791095335446	0.006677283614075
16.000000000000000	0.662464161723673	-0.384190698039846	0.005931796636718
16.000000000000000	0.687928810749329	-0.334867179624583	0.005159718186328
16.000000000000000	0.710183027502714	-0.284019148489888	0.004364157150323


17.000000000000000	-1.418691698619485	0.421625508374712	0.036619192946161
17.000000000000000	-1.443745976567358	0.326383980318795	0.036095853765709
17.000000000000000	-1.462704156521637	0.229744219741641	0.035419873768933
17.000000000000000	-1.475489900582818	0.132095360850693	0.034593974888695
17.000000000000000	-1.482051725072215	0.033830601136148	0.033621482728291
17.000000000000000	-1.482363207838564	-0.064654381896557	0.032506313170417
17.000000000000000	-1.476423094650700	-0.162963023980411	0.031252956609288
17.000000000000000	-1.464255304247907	-0.260699470911165	0.029866459869412
17.000000000000000	-1.445908832027588	-0.357470172512499	0.028352405883807
17.000000000000000	-1.421457552758104	-0.452885467323680	0.026716891213494
17.000000000000000	-1.390999923111145	-0.546561151628738	0.024966501498808
17.000000000000000	-1.354658585211470	-0.638120026509225	0.023108284941341
17.000000000000000	-1.312579872800350	-0.727193416691131	0.021149723923322
17.000000000000000	-1.264933222001248	-0.813422655070093	0.019098704878710
17.000000000000000	-1.211910489060342	-0.896460526937230	0.016963486537304
17.000000000000000	-1.153725177809141	-0.975972668090233	0.014752666669751
17.000000000000000	-1.090611579959912	-1.051638911199993	0.012475147467364
17.000000000000000	-1.022823831695642	-1.123154575011437	0.010140099696133
17.000000000000000	-0.950634890353329	-1.190231691187404	0.007756925769295
17.000000000000000	-0.874335435321120	-1.252600163855503	0.005335221887124
17.000000000000000	-0.794232697575013	-1.310008857188864	0.002884739396431
17.000000000000000	-0.710649222568149	-1.362226606641474	0.000415345525321
17.000000000000000	-0.623921571454116	-1.409043149766216	-0.002063016348642
17.000000000000000	-0.534398965873963	-1.450269972867535	-0.004540366736916
17.000000000000000	-0.442441881763918	-1.485741070079551	-0.007006730223852
17.000000000000000	-0.348420597846011	-1.515313611813095	-0.009452175634175
17.000000000000000	-0.252713704646354	-1.538868519880050	-0.011866856022323
17.000000000000000	-0.155706580044709	-1.556310946979188	-0.014241048322619
17.000000000000000	-0.057789837493789	-1.567570658612777	-0.016565192500626
17.000000000000000	0.040642246843260	-1.572602315896114	-0.018829930048033
17.000000000000000	0.139193321703801	-1.571385658121210	-0.021026141666059
17.000000000000000	0.237466556692361	-1.563925584339515	-0.023144983985660
17.000000000000000	0.335066240176566	-1.550252133635158	-0.025177925176645
17.000000000000000	0.431599372678225	-1.530420364168169	-0.027116779302353
17.000000000000000	0.526677249343521	-1.504510131474692	-0.028953739281525
17.000000000000000	0.619917025120268	-1.472625766916926	-0.030681408324671
17.000000000000000	0.710943256339809	-1.434895657577560	-0.032292829718321
17.000000000000000	0.799389412496167	-1.391471729290295	-0.033781514837267
17.000000000000000	0.884899352135018	-1.342528834888140	-0.035141469271955
17.000000000000000	0.967128756909637	-1.288264050132762	-0.036367216965865
17.000000000000000	1.045746518029352	-1.228895880159954	-0.037453822265653
17.000000000000000	1.120436069517784	-1.164663379636570	-0.038396909795288
17.000000000000000	1.190896662912301	-1.095825190171758	-0.039192682074145
17.000000000000000	1.256844578271930	-1.022658498858482	-0.039837934808119
17.000000000000000	1.318014266617423	-0.945457922138933	-0.040330069792189
17.000000000000000	1.374159419203274	-0.864534319488097	-0.040667105372470
17.000000000000000	1.425053959316101	-0.780213541692369	-0.040847684425635
17.000000000000000	1.470492952605781	-0.692835118763439	-0.040871079823570
17.000000000000000	1.510293432283746	-0.602750892770772	-0.040737197361266
17.000000000000000	1.544295135865664	-0.510323601097774	-0.040446576136146
17.000000000000000	1.572361150491899	-0.415925415826375	-0.040000386377310
17.000000000000000	1.594378464227277	-0.319936445131414	-0.039400424733436
17.000000000000000	1.610258421120260	-0.222743202719167	-0.038649107038313
17.000000000000000	1.619937078189170	-0.124737051473081	-0.037749458583125
17.000000000000000	1.623375462898014	-0.026312627573563	-0.036705101934676
17.000000000000000	1.620559730085125	0.072133748562630	-0.035520242348591
17.000000000000000	1.611501217712746	0.170205668124834	-0.034199650836233
17.000000000000000	1.596236401213054	0.267508230106843	-0.032748644953529
17.000000000000000	1.574826746614471	0.363649631433890	-0.031173067389044
17.000000000000000	1.547358463039664	0.458242744615338	-0.029479262437541
17.000000000000000	1.513942155571826	0.550906676570458	-0.027674050453741
17.000000000000000	1.474712379887054	0.641268302350421	-0.025764700389165
17.000000000000000	1.429827100446126	0.728963767580785	-0.023758900522629
17.000000000000000	1.379467054427370	0.813639953574636	-0.021664727502262
17.000000000000000	1.323835023961840	0.894955899216908	-0.019490613823691
17.000000000000000	1.263155019601242	0.972584173894456	-0.017245313875360
17.000000000000000	1.197671378306505	1.046212195943571	-0.014937868687696
17.000000000000000	1.127647779589082	1.115543491306010	-0.012577569528071
17.000000000000000	1.053366183766615	1.180298887325398	-0.010173920488150
17.000000000000000	0.975125696608254	1.240217636876980	-0.007736600214261
17.000000000000000	0.893241364941293	1.295058468304260	-0.005275422934912
17.000000000000000	0.808042908068791	1.344600556934810	-0.002800298942349
17.000000000000000	0.719873390106309	1.388644414263286	-0.000321194687310
17.000000000000000	0.629087838583800	1.427012691221232	0.002151907352354
17.000000000000000	0.536051814875049	1.459550892299183	0.004609048867594
17.000000000000000	0.441139942211048	1.486127997645551	0.007040335816763
17.000000000000000	0.344734397204461	1.506636990637333	0.009435978265423
17.000000000000000	0.247223370959292	1.520995288798270	0.011786329806961
17.000000000000000	0.148999505962321	1.529145076329341	0.014081926405260
17.000000000000000	0.050458315050392	1.531053536912575	0.016313524503037
17.000000000000000	-0.048003411180194	1.526712985850782	0.018472138242379
17.000000000000000	-0.145989202109361	1.516140901011118	0.020549075647628
17.000000000000000	-0.243104503540507	1.499379852447880	0.022535973624895
17.000000000000000	-0.338958266431011	1.476497330987926	0.024424831637289
17.000000000000000	-0.433164521508703	1.447585476468931	0.026208043920254
17.000000000000000	-0.525343933433895	1.412760706724783	0.027878430107301
17.000000000000000	-0.615125328248913	1.372163248812058	0.029429264142807
17.000000000000000	-0.702147187964619	1.325956574365150	0.030854301365468
17.000000000000000	-0.786059106265764	1.274326741353700	0.032147803653346
17.000000000000000	-0.866523199473538	1.217481644892814	0.033304562529262
17.000000000000000	-0.943215467083891	1.155650180122821	0.034319920133493
17.000000000000000	-1.015827096403215	1.089081320529318	0.035189787979331
17.000000000000000	-1.084065706028064	1.018043115414824	0.035910663415976
17.000000000000000	-1.147656523161871	0.942821610558843	0.036479643732472
17.000000000000000	-1.206343490028020	0.863719696412469	0.036894437845904
17.000000000000000	-1.259890294924140	0.781055888465442	0.037153375526774
17.000000000000000	-1.308081323765927	0.695163044696687	0.037255414124433
17.000000000000000	-1.350722528288956	0.606387025272719	0.037200142765463
17.000000000000000	-1.387642207412562	0.515085299890815	0.036987784008117
17.000000000000000	-1.418691698619485	0.421625508374713	0.036619192946161


18.000000000000000	0.944859247724338	0.067517031181368	-0.040509245307312
18.000000000000000	0.937931039857374	0.135437497647580	-0.037750998666722
18.000000000000000	0.926674869318244	0.202773214638574	-0.034817108361971
18.000000000000000	0.911136060732912	0.269253044987750	-0.031719388133819
18.000000000000000	0.891377183399227	0.334609297881933	-0.028470311408302
18.000000000000000	0.867477799342439	0.398578806757801	-0.025082961070654
18.000000000000000	0.839534142947005	0.460903988980750	-0.021570976785139
18.000000000000000	0.807658733454692	0.521333883039253	-0.017948500072943
18.000000000000000	0.771979921889296	0.579625159078290	-0.014230117369255
18.000000000000000	0.732641374232378	0.635543098702796	-0.010430801288843
18.000000000000000	0.689801492931057	0.688862540105791	-0.006565850336617
18.000000000000000	0.643632779067264	0.739368784715509	-0.002650827305953
18.000000000000000	0.594321137756769	0.786858461710772	0.001298503387190
18.000000000000000	0.542065129574892	0.831140346923505	0.005266239182000
18.000000000000000	0.487075171023150	0.872036132830972	0.009236403406820
18.000000000000000	0.429572687256267	0.909381146537236	0.013193009611561
18.000000000000000	0.369789220481229	0.943025012852793	0.017120125939497
18.000000000000000	0.307965497618538	0.972832259802381	0.021001939279226
18.000000000000000	0.244350460979862	0.998682864122819	0.024822818938490
18.000000000000000	0.179200265865217	1.020472734554316	0.028567379583458
18.000000000000000	0.112777249115972	1.038114130979244	0.032220543190031
18.000000000000000	0.045348872776987	1.051536017720621	0.035767599757728
18.000000000000000	-0.022813352878646	1.060684349577710	0.039194266541661
18.000000000000000	-0.091434962625644	1.065522289446971	0.042486745564113
18.000000000000000	-0.160239641461126	1.066030356652069	0.045631779174119
18.000000000000000	-0.228950337227605	1.062206505385690	0.048616703431353
18.000000000000000	-0.297290376204240	1.054066132947279	0.051429499099341
18.000000000000000	-0.364984577174263	1.041642017743550	0.054058840042687
18.000000000000000	-0.431760359482615	1.024984187301417	0.056494138833421
18.000000000000000	-0.497348840622036	1.004159716824791	0.058725589382836
18.000000000000000	-0.561485918928023	0.979252459106415	0.060744206427147
18.000000000000000	-0.623913337023021	0.950362706882259	0.062541861707975
18.000000000000000	-0.684379721727729	0.917606788988073	0.064111316701975
18.000000000000000	-0.742641596252174	0.881116601944218	0.065446251767815
18.000000000000000	-0.798464360590813	0.841039078854937	0.066541291593142
18.000000000000000	-0.851623236173951	0.797535597760597	0.067392026839068
18.000000000000000	-0.901904170971708	0.750781331825284	0.067995031895018
18.000000000000000	-0.949104701405996	0.700964543976292	0.068347878672459
18.000000000000000	-0.993034767599889	0.648285828835763	0.068449146381953
18.000000000000000	-1.033517478681669	0.592957304996945	0.068298427254177
18.000000000000000	-1.070389825061928	0.535201760897479	0.067896328181862
18.000000000000000	-1.103503334815659	0.475251757728993	0.067244468276054
18.000000000000000	-1.132724671526291	0.413348692995268	0.066345472346524
18.000000000000000	-1.157936171184378	0.349741828489685	0.065202960332585
18.000000000000000	-1.179036315979038	0.284687286605962	0.063821532726875
18.000000000000000	-1.195940143074349	0.218447019023668	0.062206752050795
18.000000000000000	-1.208579586724699	0.151287751921270	0.060365120456202
18.000000000000000	-1.216903752351519	0.083479911963941	0.058304053543534
18.000000000000000	-1.220879121477793	0.015296537390837	0.056031850501809
18.000000000000000	-1.220489686695132	-0.052987821413533	0.053557660690715
18.000000000000000	-1.215737016119956	-0.121098207436805	0.050891446799371
18.000000000000000	-1.206640247079247	-0.188760364193597	0.048043944730095
18.000000000000000	-1.193236009051283	-0.255701840059588	0.045026620368711
18.000000000000000	-1.175578276171661	-0.321653085338041	0.041851623415477
18.000000000000000	-1.153738149898500	-0.386348537641302	0.038531738462528
18.000000000000000	-1.127803572711966	-0.449527691216802	0.035080333514837
18.000000000000000	-1.097878974000941	-0.510936145911781	0.031511306161976
18.000000000000000	-1.064084849562734	-0.570326631552913	0.027839027617430
18.000000000000000	-1.026557276409033	-0.627460003616024	0.024078284850789
18.000000000000000	-0.985447364831803	-0.682106206176684	0.020244221045844
18.000000000000000	-0.940920649935480	-0.734045198264217	0.016352274624329
18.000000000000000	-0.893156425085524	-0.783067839889029	0.012418117080844
18.000000000000000	-0.842347019957320	-0.828976734175535	0.008457589879282
18.000000000000000	-0.788697026092458	-0.871587022209701	0.004486640664839
18.000000000000000	-0.732422473080799	-0.910727127400648	0.000521259048480
18.000000000000000	-0.673749958685568	-0.946239446359028	-0.003422587777583
18.000000000000000	-0.612915736414137	-0.977980983510249	-0.007329019334137
18.000000000000000	-0.550164764208535	-1.005823926887180	-0.011182305800055
18.000000000000000	-0.485749718086267	-1.029656162783835	-0.014966931350731
18.000000000000000	-0.419929974703179	-1.049381727197698	-0.018667656634834
18.000000000000000	-0.352970566935205	-1.064921192242889	-0.022269580137791
18.000000000000000	-0.285141116684523	-1.076211985978228	-0.025758198184934
18.000000000000000	-0.216714749207311	-1.083208644362358	-0.029119463342672
18.000000000000000	-0.147966993334738	-1.085882994321395	-0.032339840982553
18.000000000000000	-0.079174672015610	-1.084224267191947	-0.035406363780433
18.000000000000000	-0.010614787648061	-1.078239142082728	-0.038306683931315
18.000000000000000	0.057436593311346	-1.067951718980140	-0.041029122869602
18.000000000000000	0.124705451969800	-1.053403421706134	-0.043562718294556
18.000000000000000	0.190920920375607	-1.034652831119104	-0.045897268311619
18.000000000000000	0.255816372207832	-1.011775449229438	-0.048023372511836
18.000000000000000	0.319130496386394	-0.984863395179576	-0.049932469823989
18.000000000000000	0.380608349279552	-0.954025034312737	-0.051616872987005
18.000000000000000	0.440002381271929	-0.919384541823922	-0.053069799503846
18.000000000000000	0.497073433559445	-0.881081402750240	-0.054285398952231
18.000000000000000	0.551591701157411	-0.839269850313885	-0.055258776542219
18.000000000000000	0.603337658244093	-0.794118244879391	-0.055986012825803
18.000000000000000	0.652102942113716	-0.745808396025865	-0.056464179479142
18.000000000000000	0.697691192179539	-0.694534830463982	-0.056691351093890
18.000000000000000	0.739918840648637	-0.640504008745572	-0.056666612930132
18.000000000000000	0.778615851684611	-0.583933493919853	-0.056390064599723
18.000000000000000	0.813626406081887	-0.525051075483819	-0.055862819665183
18.000000000000000	0.844809528694663	-0.464093852154329	-0.055087001155776
18.000000000000000	0.872039656094068	-0.401307277155258	-0.054065733018819
18.000000000000000	0.895207142167768	-0.336944169863997	-0.052803127540650
18.000000000000000	0.914218699626164	-0.271263697797050	-0.051304268787899
18.000000000000000	0.928997775637382	-0.204530333033919	-0.049575192135752
18.000000000000000	0.939484860078507	-0.137012787281377	-0.047622859965620
18.000000000000000	0.945637725161845	-0.068982929866274	-0.045455133630089
18.000000000000000	0.947431595471323	-0.000714693013707	-0.043080741798026
18.000000000000000	0.944859247724338	0.067517031181368	-0.040509245307312


