# n	x	y	z
1.000000000000000	-0.448232568222326	0.172045301146413	0.006446842792470
1.000000000000000	-0.458358948796180	0.142906664394768	0.007082883499492
1.000000000000000	-0.466616689770800	0.113183768725178	0.007690073275394
1.000000000000000	-0.472972540137800	0.082996297747995	0.008265967181252
1.000000000000000	-0.477400907131010	0.052465805754364	0.008808246295566
1.000000000000000	-0.479883959279512	0.021715228259996	0.009314727051737
1.000000000000000	-0.480411698208683	-0.009131613012763	0.009783370030518
1.000000000000000	-0.478981998900116	-0.039950508721309	0.010212288172039
1.000000000000000	-0.475600618248325	-0.070617362049959	0.010599754374328
1.000000000000000	-0.470281171879756	-0.101008688404036	0.010944208447742
1.000000000000000	-0.463045079327470	-0.131002112638739	0.011244263397299
1.000000000000000	-0.453921477782242	-0.160476861820669	0.011498711007622
1.000000000000000	-0.442947104767376	-0.189314251537798	0.011706526707989
1.000000000000000	-0.430166150209666	-0.217398163799713	0.011866873697921
1.000000000000000	-0.415630078502158	-0.244615514603776	0.011979106316684
1.000000000000000	-0.399397421275202	-0.270856709284495	0.012042772643133
1.000000000000000	-0.381533541710235	-0.296016083812556	0.012057616315443
1.000000000000000	-0.362110371345321	-0.319992330266578	0.012023577563385
1.000000000000000	-0.341206120432233	-0.342688904764360	0.011940793448999
1.000000000000000	-0.318904963011372	-0.364014416211011	0.011809597314695
1.000000000000000	-0.295296697972618	-0.383882994298644	0.011630517441002
1.000000000000000	-0.270476387466891	-0.402214635275790	0.011404274919366
1.000000000000000	-0.244543974124424	-0.418935524094272	0.011131780748570
1.000000000000000	-0.217603878621065	-0.433978331636353	0.010814132166465
1.000000000000000	-0.189764579213064	-0.447282485825324	0.010452608231780
1.000000000000000	-0.161138174933433	-0.458794415527887	0.010048664673802
1.000000000000000	-0.131839934208693	-0.468467766266191	0.009603928030668
1.000000000000000	-0.101987830713612	-0.476263586870964	0.009120189099875
1.000000000000000	-0.071702068332851	-0.482150486324115	0.008599395727364
1.000000000000000	-0.041104597142345	-0.486104760159292	0.008043644964235
1.000000000000000	-0.010318622359392	-0.488110485911396	0.007455174622662
1.000000000000000	0.020531891761275	-0.488159587230733	0.006836354265014
1.000000000000000	0.051322721087788	-0.486251866403619	0.006189675662463
1.000000000000000	0.081929881817882	-0.482395005148507	0.005517742761500
1.000000000000000	0.112230129717902	-0.476604533684416	0.004823261198762
1.000000000000000	0.142101456383840	-0.468903768196220	0.004109027406389
1.000000000000000	0.171423580526109	-0.459323716948605	0.003377917351780
1.000000000000000	0.200078432299851	-0.447902955426725	0.002632874957083
1.000000000000000	0.227950628730523	-0.434687471006341	0.001876900245064
1.000000000000000	0.254927938320418	-0.419730477778892	0.001113037259072
1.000000000000000	0.280901732965290	-0.403092202277127	0.000344361805749
1.000000000000000	0.305767425361393	-0.384839640964115	-0.000426030930151
1.000000000000000	0.329424890141639	-0.365046290462138	-0.001195038848988
1.000000000000000	0.351778867045113	-0.343791851607726	-0.001959565427288
1.000000000000000	0.372739344496522	-0.321161908524524	-0.002716532186356
1.000000000000000	0.392221922051039	-0.297247584006232	-0.003462891088220
1.000000000000000	0.410148150245105	-0.272145172597272	-0.004195636809004
1.000000000000000	0.426445846484735	-0.245955752848648	-0.004911818840309
1.000000000000000	0.441049385699341	-0.218784780310296	-0.005608553369867
1.000000000000000	0.453899964590734	-0.190741662898803	-0.006283034893635
1.000000000000000	0.464945838413251	-0.161939320350340	-0.006932547512571
1.000000000000000	0.474142529331580	-0.132493729532744	-0.007554475868601
1.000000000000000	0.481453005517308	-0.102523457447598	-0.008146315675740
1.000000000000000	0.486847830263023	-0.072149183802769	-0.008705683803971
1.000000000000000	0.490305280513542	-0.041493215077814	-0.009230327875268
1.000000000000000	0.491811434336993	-0.010678992038956	-0.009718135333124
1.000000000000000	0.491360226983517	0.020169407313317	-0.010167141949076
1.000000000000000	0.488953475305874	0.050927767362562	-0.010575539731955
1.000000000000000	0.484600870443623	0.081472235048834	-0.010941684208031
1.000000000000000	0.478319938800319	0.111679818581239	-0.011264101042728
1.000000000000000	0.470135971470874	0.141428882682471	-0.011541491977247
1.000000000000000	0.460081922403244	0.170599638371140	-0.011772740056199
1.000000000000000	0.448198275704510	0.199074625309725	-0.011956914125186
1.000000000000000	0.434532882625669	0.226739184775893	-0.012093272580236
1.000000000000000	0.419140768881533	0.253481921352708	-0.012181266353978
1.000000000000000	0.402083913081600	0.279195151478657	-0.012220541126541
1.000000000000000	0.383430997164065	0.303775337051349	-0.012210938752279
1.000000000000000	0.363257129837899	0.327123502338903	-0.012152497896562
1.000000000000000	0.341643544146581	0.349145632520298	-0.012045453880092
1.000000000000000	0.318677270371311	0.369753052249866	-0.011890237731341
1.000000000000000	0.294450785590779	0.388862782721616	-0.011687474450959
1.000000000000000	0.269061641308609	0.406397875795600	-0.011437980495110
1.000000000000000	0.242612070647886	0.422287723840910	-0.011142760487899
1.000000000000000	0.215208576694448	0.436468344047690	-0.010803003176098
1.000000000000000	0.186961503646553	0.448882636063330	-0.010420076642486
1.000000000000000	0.157984592497738	0.459480611915429	-0.009995522797063
1.000000000000000	0.128394523041978	0.468219597295720	-0.009531051168320
1.000000000000000	0.098310444045341	0.475064403394448	-0.009028532019575
1.000000000000000	0.067853493475958	0.479987468593285	-0.008489988818078
1.000000000000000	0.037146310724182	0.482968969446240	-0.007917590087226
1.000000000000000	0.006312542777044	0.483996900501679	-0.007313640674684
1.000000000000000	-0.024523653664519	0.483067122644046	-0.006680572471575
1.000000000000000	-0.055238112120878	0.480183379760614	-0.006020934620117
1.000000000000000	-0.085707156308309	0.475357283666174	-0.005337383249123
1.000000000000000	-0.115808098139726	0.468608267346358	-0.004632670778707
1.000000000000000	-0.145419731746315	0.459963506707864	-0.003909634837264
1.000000000000000	-0.174422821530784	0.449457811150668	-0.003171186835340
1.000000000000000	-0.202700582287030	0.437133483402859	-0.002420300242407
1.000000000000000	-0.230139149452948	0.423040149182483	-0.001659998613755
1.000000000000000	-0.256628037602831	0.407234557372291	-0.000893343415699
1.000000000000000	-0.282060585333188	0.389780351512017	-0.000123421698134
1.000000000000000	-0.306334384750569	0.370747813528307	0.000646666335921
1.000000000000000	-0.329351693832004	0.350213580734207	0.001413819813751
1.000000000000000	-0.351019829997641	0.328260337237748	0.002174949679063
1.000000000000000	-0.371251543310772	0.304976481002231	0.002926991130526
1.000000000000000	-0.389965367802544	0.280455767898823	0.003666915962642
1.000000000000000	-0.407085949506656	0.254796934184759	0.004391744759265
1.000000000000000	-0.422544349883187	0.228103298927280	0.005098558890655
1.000000000000000	-0.436278323409767	0.200482347974217	0.005784512265769
1.000000000000000	-0.448232568222326	0.172045301146413	0.006446842792470


2.000000000000000	nan	nan	nan
2.000000000000000	nan	nan	nan
2.000000000000000	nan	nan	nan
2.000000000000000	nan	nan	nan
2.000000000000000	nan	nan	nan
2.000000000000000	nan	nan	nan
2.000000000000000	nan	nan	nan
2.000000000000000	nan	nan	nan
2.000000000000000	nan	nan	nan
2.000000000000000	nan	nan	nan
2.000000000000000	nan	nan	nan
2.000000000000000	nan	nan	nan
2.000000000000000	nan	nan	nan
2.000000000000000	nan	nan	nan
2.000000000000000	nan	nan	nan
2.000000000000000	nan	nan	nan
2.000000000000000	nan	nan	nan
2.000000000000000	nan	nan	nan
2.000000000000000	nan	nan	nan
2.000000000000000	nan	nan	nan
2.000000000000000	nan	nan	nan
2.000000000000000	nan	nan	nan
2.000000000000000	nan	nan	nan
2.000000000000000	nan	nan	nan
2.000000000000000	nan	nan	nan
2.000000000000000	nan	nan	nan
2.000000000000000	nan	nan	nan
2.000000000000000	nan	nan	nan
2.000000000000000	nan	nan	nan
2.000000000000000	nan	nan	nan
2.000000000000000	nan	nan	nan
2.000000000000000	nan	nan	nan
2.000000000000000	nan	nan	nan
2.000000000000000	nan	nan	nan
2.000000000000000	nan	nan	nan
2.000000000000000	nan	nan	nan
2.000000000000000	nan	nan	nan
2.000000000000000	nan	nan	nan
2.000000000000000	nan	nan	nan
2.000000000000000	nan	nan	nan
2.000000000000000	nan	nan	nan
2.000000000000000	nan	nan	nan
2.000000000000000	nan	nan	nan
2.000000000000000	nan	nan	nan
2.000000000000000	nan	nan	nan
2.000000000000000	nan	nan	nan
2.000000000000000	nan	nan	nan
2.000000000000000	nan	nan	nan
2.000000000000000	nan	nan	nan
2.000000000000000	nan	nan	nan
2.000000000000000	nan	nan	nan
2.000000000000000	nan	nan	nan
2.000000000000000	nan	nan	nan
2.000000000000000	nan	nan	nan
2.000000000000000	nan	nan	nan
2.000000000000000	nan	nan	nan
2.000000000000000	nan	nan	nan
2.000000000000000	nan	nan	nan
2.000000000000000	nan	nan	nan
2.000000000000000	nan	nan	nan
2.000000000000000	nan	nan	nan
2.000000000000000	nan	nan	nan
2.000000000000000	nan	nan	nan
2.000000000000000	nan	nan	nan
2.000000000000000	nan	nan	nan
2.000000000000000	nan	nan	nan
2.000000000000000	nan	nan	nan
2.000000000000000	nan	nan	nan
2.000000000000000	nan	nan	nan
2.000000000000000	nan	nan	nan
2.000000000000000	nan	nan	nan
2.000000000000000	nan	nan	nan
2.000000000000000	nan	nan	nan
2.000000000000000	nan	nan	nan
2.000000000000000	nan	nan	nan
2.000000000000000	nan	nan	nan
2.000000000000000	nan	nan	nan
2.000000000000000	nan	nan	nan
2.000000000000000	nan	nan	nan
2.000000000000000	nan	nan	nan
2.000000000000000	nan	nan	nan
2.000000000000000	nan	nan	nan
2.000000000000000	nan	nan	nan
2.000000000000000	nan	nan	nan
2.000000000000000	nan	nan	nan
2.000000000000000	nan	nan	nan
2.000000000000000	nan	nan	nan
2.000000000000000	nan	nan	nan
2.000000000000000	nan	nan	nan
2.000000000000000	nan	nan	nan
2.000000000000000	nan	nan	nan
2.000000000000000	nan	nan	nan
2.000000000000000	nan	nan	nan
2.000000000000000	nan	nan	nan
2.000000000000000	nan	nan	nan
2.000000000000000	nan	nan	nan
2.000000000000000	nan	nan	nan
2.000000000000000	nan	nan	nan
2.000000000000000	nan	nan	nan
2.000000000000000	nan	nan	nan


3.000000000000000	nan	nan	nan
3.000000000000000	nan	nan	nan
3.000000000000000	nan	nan	nan
3.000000000000000	nan	nan	nan
3.000000000000000	nan	nan	nan
3.000000000000000	nan	nan	nan
3.000000000000000	nan	nan	nan
3.000000000000000	nan	nan	nan
3.000000000000000	nan	nan	nan
3.000000000000000	nan	nan	nan
3.000000000000000	nan	nan	nan
3.000000000000000	nan	nan	nan
3.000000000000000	nan	nan	nan
3.000000000000000	nan	nan	nan
3.000000000000000	nan	nan	nan
3.000000000000000	nan	nan	nan
3.000000000000000	nan	nan	nan
3.000000000000000	nan	nan	nan
3.000000000000000	nan	nan	nan
3.000000000000000	nan	nan	nan
3.000000000000000	nan	nan	nan
3.000000000000000	nan	nan	nan
3.000000000000000	nan	nan	nan
3.000000000000000	nan	nan	nan
3.000000000000000	nan	nan	nan
3.000000000000000	nan	nan	nan
3.000000000000000	nan	nan	nan
3.000000000000000	nan	nan	nan
3.000000000000000	nan	nan	nan
3.000000000000000	nan	nan	nan
3.000000000000000	nan	nan	nan
3.000000000000000	nan	nan	nan
3.000000000000000	nan	nan	nan
3.000000000000000	nan	nan	nan
3.000000000000000	nan	nan	nan
3.000000000000000	nan	nan	nan
3.000000000000000	nan	nan	nan
3.000000000000000	nan	nan	nan
3.000000000000000	nan	nan	nan
3.000000000000000	nan	nan	nan
3.000000000000000	nan	nan	nan
3.000000000000000	nan	nan	nan
3.000000000000000	nan	nan	nan
3.000000000000000	nan	nan	nan
3.000000000000000	nan	nan	nan
3.000000000000000	nan	nan	nan
3.000000000000000	nan	nan	nan
3.000000000000000	nan	nan	nan
3.000000000000000	nan	nan	nan
3.000000000000000	nan	nan	nan
3.000000000000000	nan	nan	nan
3.000000000000000	nan	nan	nan
3.000000000000000	nan	nan	nan
3.000000000000000	nan	nan	nan
3.000000000000000	nan	nan	nan
3.000000000000000	nan	nan	nan
3.000000000000000	nan	nan	nan
3.000000000000000	nan	nan	nan
3.000000000000000	nan	nan	nan
3.000000000000000	nan	nan	nan
3.000000000000000	nan	nan	nan
3.000000000000000	nan	nan	nan
3.000000000000000	nan	nan	nan
3.000000000000000	nan	nan	nan
3.000000000000000	nan	nan	nan
3.000000000000000	nan	nan	nan
3.000000000000000	nan	nan	nan
3.000000000000000	nan	nan	nan
3.000000000000000	nan	nan	nan
3.000000000000000	nan	nan	nan
3.000000000000000	nan	nan	nan
3.000000000000000	nan	nan	nan
3.000000000000000	nan	nan	nan
3.000000000000000	nan	nan	nan
3.000000000000000	nan	nan	nan
3.000000000000000	nan	nan	nan
3.000000000000000	nan	nan	nan
3.000000000000000	nan	nan	nan
3.000000000000000	nan	nan	nan
3.000000000000000	nan	nan	nan
3.000000000000000	nan	nan	nan
3.000000000000000	nan	nan	nan
3.000000000000000	nan	nan	nan
3.000000000000000	nan	nan	nan
3.000000000000000	nan	nan	nan
3.000000000000000	nan	nan	nan
3.000000000000000	nan	nan	nan
3.000000000000000	nan	nan	nan
3.000000000000000	nan	nan	nan
3.000000000000000	nan	nan	nan
3.000000000000000	nan	nan	nan
3.000000000000000	nan	nan	nan
3.000000000000000	nan	nan	nan
3.000000000000000	nan	nan	nan
3.000000000000000	nan	nan	nan
3.000000000000000	nan	nan	nan
3.000000000000000	nan	nan	nan
3.000000000000000	nan	nan	nan
3.000000000000000	nan	nan	nan
3.000000000000000	nan	nan	nan


4.000000000000000	nan	nan	nan
4.000000000000000	nan	nan	nan
4.000000000000000	nan	nan	nan
4.000000000000000	nan	nan	nan
4.000000000000000	nan	nan	nan
4.000000000000000	nan	nan	nan
4.000000000000000	nan	nan	nan
4.000000000000000	nan	nan	nan
4.000000000000000	nan	nan	nan
4.000000000000000	nan	nan	nan
4.000000000000000	nan	nan	nan
4.000000000000000	nan	nan	nan
4.000000000000000	nan	nan	nan
4.000000000000000	nan	nan	nan
4.000000000000000	nan	nan	nan
4.000000000000000	nan	nan	nan
4.000000000000000	nan	nan	nan
4.000000000000000	nan	nan	nan
4.000000000000000	nan	nan	nan
4.000000000000000	nan	nan	nan
4.000000000000000	nan	nan	nan
4.000000000000000	nan	nan	nan
4.000000000000000	nan	nan	nan
4.000000000000000	nan	nan	nan
4.000000000000000	nan	nan	nan
4.000000000000000	nan	nan	nan
4.000000000000000	nan	nan	nan
4.000000000000000	nan	nan	nan
4.000000000000000	nan	nan	nan
4.000000000000000	nan	nan	nan
4.000000000000000	nan	nan	nan
4.000000000000000	nan	nan	nan
4.000000000000000	nan	nan	nan
4.000000000000000	nan	nan	nan
4.000000000000000	nan	nan	nan
4.000000000000000	nan	nan	nan
4.000000000000000	nan	nan	nan
4.000000000000000	nan	nan	nan
4.000000000000000	nan	nan	nan
4.000000000000000	nan	nan	nan
4.000000000000000	nan	nan	nan
4.000000000000000	nan	nan	nan
4.000000000000000	nan	nan	nan
4.000000000000000	nan	nan	nan
4.000000000000000	nan	nan	nan
4.000000000000000	nan	nan	nan
4.000000000000000	nan	nan	nan
4.000000000000000	nan	nan	nan
4.000000000000000	nan	nan	nan
4.000000000000000	nan	nan	nan
4.000000000000000	nan	nan	nan
4.000000000000000	nan	nan	nan
4.000000000000000	nan	nan	nan
4.000000000000000	nan	nan	nan
4.000000000000000	nan	nan	nan
4.000000000000000	nan	nan	nan
4.000000000000000	nan	nan	nan
4.000000000000000	nan	nan	nan
4.000000000000000	nan	nan	nan
4.000000000000000	nan	nan	nan
4.000000000000000	nan	nan	nan
4.000000000000000	nan	nan	nan
4.000000000000000	nan	nan	nan
4.000000000000000	nan	nan	nan
4.000000000000000	nan	nan	nan
4.000000000000000	nan	nan	nan
4.000000000000000	nan	nan	nan
4.000000000000000	nan	nan	nan
4.000000000000000	nan	nan	nan
4.000000000000000	nan	nan	nan
4.000000000000000	nan	nan	nan
4.000000000000000	nan	nan	nan
4.000000000000000	nan	nan	nan
4.000000000000000	nan	nan	nan
4.000000000000000	nan	nan	nan
4.000000000000000	nan	nan	nan
4.000000000000000	nan	nan	nan
4.000000000000000	nan	nan	nan
4.000000000000000	nan	nan	nan
4.000000000000000	nan	nan	nan
4.000000000000000	nan	nan	nan
4.000000000000000	nan	nan	nan
4.000000000000000	nan	nan	nan
4.000000000000000	nan	nan	nan
4.000000000000000	nan	nan	nan
4.000000000000000	nan	nan	nan
4.000000000000000	nan	nan	nan
4.000000000000000	nan	nan	nan
4.000000000000000	nan	nan	nan
4.000000000000000	nan	nan	nan
4.000000000000000	nan	nan	nan
4.000000000000000	nan	nan	nan
4.000000000000000	nan	nan	nan
4.000000000000000	nan	nan	nan
4.000000000000000	nan	nan	nan
4.000000000000000	nan	nan	nan
4.000000000000000	nan	nan	nan
4.000000000000000	nan	nan	nan
4.000000000000000	nan	nan	nan
4.000000000000000	nan	nan	nan


5.000000000000000	nan	nan	nan
5.000000000000000	nan	nan	nan
5.000000000000000	nan	nan	nan
5.000000000000000	nan	nan	nan
5.000000000000000	nan	nan	nan
5.000000000000000	nan	nan	nan
5.000000000000000	nan	nan	nan
5.000000000000000	nan	nan	nan
5.000000000000000	nan	nan	nan
5.000000000000000	nan	nan	nan
5.000000000000000	nan	nan	nan
5.000000000000000	nan	nan	nan
5.000000000000000	nan	nan	nan
5.000000000000000	nan	nan	nan
5.000000000000000	nan	nan	nan
5.000000000000000	nan	nan	nan
5.000000000000000	nan	nan	nan
5.000000000000000	nan	nan	nan
5.000000000000000	nan	nan	nan
5.000000000000000	nan	nan	nan
5.000000000000000	nan	nan	nan
5.000000000000000	nan	nan	nan
5.000000000000000	nan	nan	nan
5.000000000000000	nan	nan	nan
5.000000000000000	nan	nan	nan
5.000000000000000	nan	nan	nan
5.000000000000000	nan	nan	nan
5.000000000000000	nan	nan	nan
5.000000000000000	nan	nan	nan
5.000000000000000	nan	nan	nan
5.000000000000000	nan	nan	nan
5.000000000000000	nan	nan	nan
5.000000000000000	nan	nan	nan
5.000000000000000	nan	nan	nan
5.000000000000000	nan	nan	nan
5.000000000000000	nan	nan	nan
5.000000000000000	nan	nan	nan
5.000000000000000	nan	nan	nan
5.000000000000000	nan	nan	nan
5.000000000000000	nan	nan	nan
5.000000000000000	nan	nan	nan
5.000000000000000	nan	nan	nan
5.000000000000000	nan	nan	nan
5.000000000000000	nan	nan	nan
5.000000000000000	nan	nan	nan
5.000000000000000	nan	nan	nan
5.000000000000000	nan	nan	nan
5.000000000000000	nan	nan	nan
5.000000000000000	nan	nan	nan
5.000000000000000	nan	nan	nan
5.000000000000000	nan	nan	nan
5.000000000000000	nan	nan	nan
5.000000000000000	nan	nan	nan
5.000000000000000	nan	nan	nan
5.000000000000000	nan	nan	nan
5.000000000000000	nan	nan	nan
5.000000000000000	nan	nan	nan
5.000000000000000	nan	nan	nan
5.000000000000000	nan	nan	nan
5.000000000000000	nan	nan	nan
5.000000000000000	nan	nan	nan
5.000000000000000	nan	nan	nan
5.000000000000000	nan	nan	nan
5.000000000000000	nan	nan	nan
5.000000000000000	nan	nan	nan
5.000000000000000	nan	nan	nan
5.000000000000000	nan	nan	nan
5.000000000000000	nan	nan	nan
5.000000000000000	nan	nan	nan
5.000000000000000	nan	nan	nan
5.000000000000000	nan	nan	nan
5.000000000000000	nan	nan	nan
5.000000000000000	nan	nan	nan
5.000000000000000	nan	nan	nan
5.000000000000000	nan	nan	nan
5.000000000000000	nan	nan	nan
5.000000000000000	nan	nan	nan
5.000000000000000	nan	nan	nan
5.000000000000000	nan	nan	nan
5.000000000000000	nan	nan	nan
5.000000000000000	nan	nan	nan
5.000000000000000	nan	nan	nan
5.000000000000000	nan	nan	nan
5.000000000000000	nan	nan	nan
5.000000000000000	nan	nan	nan
5.000000000000000	nan	nan	nan
5.000000000000000	nan	nan	nan
5.000000000000000	nan	nan	nan
5.000000000000000	nan	nan	nan
5.000000000000000	nan	nan	nan
5.000000000000000	nan	nan	nan
5.000000000000000	nan	nan	nan
5.000000000000000	nan	nan	nan
5.000000000000000	nan	nan	nan
5.000000000000000	nan	nan	nan
5.000000000000000	nan	nan	nan
5.000000000000000	nan	nan	nan
5.000000000000000	nan	nan	nan
5.000000000000000	nan	nan	nan
5.000000000000000	nan	nan	nan


6.000000000000000	nan	nan	nan
6.000000000000000	nan	nan	nan
6.000000000000000	nan	nan	nan
6.000000000000000	nan	nan	nan
6.000000000000000	nan	nan	nan
6.000000000000000	nan	nan	nan
6.000000000000000	nan	nan	nan
6.000000000000000	nan	nan	nan
6.000000000000000	nan	nan	nan
6.000000000000000	nan	nan	nan
6.000000000000000	nan	nan	nan
6.000000000000000	nan	nan	nan
6.000000000000000	nan	nan	nan
6.000000000000000	nan	nan	nan
6.000000000000000	nan	nan	nan
6.000000000000000	nan	nan	nan
6.000000000000000	nan	nan	nan
6.000000000000000	nan	nan	nan
6.000000000000000	nan	nan	nan
6.000000000000000	nan	nan	nan
6.000000000000000	nan	nan	nan
6.000000000000000	nan	nan	nan
6.000000000000000	nan	nan	nan
6.000000000000000	nan	nan	nan
6.000000000000000	nan	nan	nan
6.000000000000000	nan	nan	nan
6.000000000000000	nan	nan	nan
6.000000000000000	nan	nan	nan
6.000000000000000	nan	nan	nan
6.000000000000000	nan	nan	nan
6.000000000000000	nan	nan	nan
6.000000000000000	nan	nan	nan
6.000000000000000	nan	nan	nan
6.000000000000000	nan	nan	nan
6.000000000000000	nan	nan	nan
6.000000000000000	nan	nan	nan
6.000000000000000	nan	nan	nan
6.000000000000000	nan	nan	nan
6.000000000000000	nan	nan	nan
6.000000000000000	nan	nan	nan
6.000000000000000	nan	nan	nan
6.000000000000000	nan	nan	nan
6.000000000000000	nan	nan	nan
6.000000000000000	nan	nan	nan
6.000000000000000	nan	nan	nan
6.000000000000000	nan	nan	nan
6.000000000000000	nan	nan	nan
6.000000000000000	nan	nan	nan
6.000000000000000	nan	nan	nan
6.000000000000000	nan	nan	nan
6.000000000000000	nan	nan	nan
6.000000000000000	nan	nan	nan
6.000000000000000	nan	nan	nan
6.000000000000000	nan	nan	nan
6.000000000000000	nan	nan	nan
6.000000000000000	nan	nan	nan
6.000000000000000	nan	nan	nan
6.000000000000000	nan	nan	nan
6.000000000000000	nan	nan	nan
6.000000000000000	nan	nan	nan
6.000000000000000	nan	nan	nan
6.000000000000000	nan	nan	nan
6.000000000000000	nan	nan	nan
6.000000000000000	nan	nan	nan
6.000000000000000	nan	nan	nan
6.000000000000000	nan	nan	nan
6.000000000000000	nan	nan	nan
6.000000000000000	nan	nan	nan
6.000000000000000	nan	nan	nan
6.000000000000000	nan	nan	nan
6.000000000000000	nan	nan	nan
6.000000000000000	nan	nan	nan
6.000000000000000	nan	nan	nan
6.000000000000000	nan	nan	nan
6.000000000000000	nan	nan	nan
6.000000000000000	nan	nan	nan
6.000000000000000	nan	nan	nan
6.000000000000000	nan	nan	nan
6.000000000000000	nan	nan	nan
6.000000000000000	nan	nan	nan
6.000000000000000	nan	nan	nan
6.000000000000000	nan	nan	nan
6.000000000000000	nan	nan	nan
6.000000000000000	nan	nan	nan
6.000000000000000	nan	nan	nan
6.000000000000000	nan	nan	nan
6.000000000000000	nan	nan	nan
6.000000000000000	nan	nan	nan
6.000000000000000	nan	nan	nan
6.000000000000000	nan	nan	nan
6.000000000000000	nan	nan	nan
6.000000000000000	nan	nan	nan
6.000000000000000	nan	nan	nan
6.000000000000000	nan	nan	nan
6.000000000000000	nan	nan	nan
6.000000000000000	nan	nan	nan
6.000000000000000	nan	nan	nan
6.000000000000000	nan	nan	nan
6.000000000000000	nan	nan	nan
6.000000000000000	nan	nan	nan


7.000000000000000	nan	nan	nan
7.000000000000000	nan	nan	nan
7.000000000000000	nan	nan	nan
7.000000000000000	nan	nan	nan
7.000000000000000	nan	nan	nan
7.000000000000000	nan	nan	nan
7.000000000000000	nan	nan	nan
7.000000000000000	nan	nan	nan
7.000000000000000	nan	nan	nan
7.000000000000000	nan	nan	nan
7.000000000000000	nan	nan	nan
7.000000000000000	nan	nan	nan
7.000000000000000	nan	nan	nan
7.000000000000000	nan	nan	nan
7.000000000000000	nan	nan	nan
7.000000000000000	nan	nan	nan
7.000000000000000	nan	nan	nan
7.000000000000000	nan	nan	nan
7.000000000000000	nan	nan	nan
7.000000000000000	nan	nan	nan
7.000000000000000	nan	nan	nan
7.000000000000000	nan	nan	nan
7.000000000000000	nan	nan	nan
7.000000000000000	nan	nan	nan
7.000000000000000	nan	nan	nan
7.000000000000000	nan	nan	nan
7.000000000000000	nan	nan	nan
7.000000000000000	nan	nan	nan
7.000000000000000	nan	nan	nan
7.000000000000000	nan	nan	nan
7.000000000000000	nan	nan	nan
7.000000000000000	nan	nan	nan
7.000000000000000	nan	nan	nan
7.000000000000000	nan	nan	nan
7.000000000000000	nan	nan	nan
7.000000000000000	nan	nan	nan
7.000000000000000	nan	nan	nan
7.000000000000000	nan	nan	nan
7.000000000000000	nan	nan	nan
7.000000000000000	nan	nan	nan
7.000000000000000	nan	nan	nan
7.000000000000000	nan	nan	nan
7.000000000000000	nan	nan	nan
7.000000000000000	nan	nan	nan
7.000000000000000	nan	nan	nan
7.000000000000000	nan	nan	nan
7.000000000000000	nan	nan	nan
7.000000000000000	nan	nan	nan
7.000000000000000	nan	nan	nan
7.000000000000000	nan	nan	nan
7.000000000000000	nan	nan	nan
7.000000000000000	nan	nan	nan
7.000000000000000	nan	nan	nan
7.000000000000000	nan	nan	nan
7.000000000000000	nan	nan	nan
7.000000000000000	nan	nan	nan
7.000000000000000	nan	nan	nan
7.000000000000000	nan	nan	nan
7.000000000000000	nan	nan	nan
7.000000000000000	nan	nan	nan
7.000000000000000	nan	nan	nan
7.000000000000000	nan	nan	nan
7.000000000000000	nan	nan	nan
7.000000000000000	nan	nan	nan
7.000000000000000	nan	nan	nan
7.000000000000000	nan	nan	nan
7.000000000000000	nan	nan	nan
7.000000000000000	nan	nan	nan
7.000000000000000	nan	nan	nan
7.000000000000000	nan	nan	nan
7.000000000000000	nan	nan	nan
7.000000000000000	nan	nan	nan
7.000000000000000	nan	nan	nan
7.000000000000000	nan	nan	nan
7.000000000000000	nan	nan	nan
7.000000000000000	nan	nan	nan
7.000000000000000	nan	nan	nan
7.000000000000000	nan	nan	nan
7.000000000000000	nan	nan	nan
7.000000000000000	nan	nan	nan
7.000000000000000	nan	nan	nan
7.000000000000000	nan	nan	nan
7.000000000000000	nan	nan	nan
7.000000000000000	nan	nan	nan
7.000000000000000	nan	nan	nan
7.000000000000000	nan	nan	nan
7.000000000000000	nan	nan	nan
7.000000000000000	nan	nan	nan
7.000000000000000	nan	nan	nan
7.000000000000000	nan	nan	nan
7.000000000000000	nan	nan	nan
7.000000000000000	nan	nan	nan
7.000000000000000	nan	nan	nan
7.000000000000000	nan	nan	nan
7.000000000000000	nan	nan	nan
7.000000000000000	nan	nan	nan
7.000000000000000	nan	nan	nan
7.000000000000000	nan	nan	nan
7.000000000000000	nan	nan	nan
7.000000000000000	nan	nan	nan


8.000000000000000	nan	nan	nan
8.000000000000000	nan	nan	nan
8.000000000000000	nan	nan	nan
8.000000000000000	nan	nan	nan
8.000000000000000	nan	nan	nan
8.000000000000000	nan	nan	nan
8.000000000000000	nan	nan	nan
8.000000000000000	nan	nan	nan
8.000000000000000	nan	nan	nan
8.000000000000000	nan	nan	nan
8.000000000000000	nan	nan	nan
8.000000000000000	nan	nan	nan
8.000000000000000	nan	nan	nan
8.000000000000000	nan	nan	nan
8.000000000000000	nan	nan	nan
8.000000000000000	nan	nan	nan
8.000000000000000	nan	nan	nan
8.000000000000000	nan	nan	nan
8.000000000000000	nan	nan	nan
8.000000000000000	nan	nan	nan
8.000000000000000	nan	nan	nan
8.000000000000000	nan	nan	nan
8.000000000000000	nan	nan	nan
8.000000000000000	nan	nan	nan
8.000000000000000	nan	nan	nan
8.000000000000000	nan	nan	nan
8.000000000000000	nan	nan	nan
8.000000000000000	nan	nan	nan
8.000000000000000	nan	nan	nan
8.000000000000000	nan	nan	nan
8.000000000000000	nan	nan	nan
8.000000000000000	nan	nan	nan
8.000000000000000	nan	nan	nan
8.000000000000000	nan	nan	nan
8.000000000000000	nan	nan	nan
8.000000000000000	nan	nan	nan
8.000000000000000	nan	nan	nan
8.000000000000000	nan	nan	nan
8.000000000000000	nan	nan	nan
8.000000000000000	nan	nan	nan
8.000000000000000	nan	nan	nan
8.000000000000000	nan	nan	nan
8.000000000000000	nan	nan	nan
8.000000000000000	nan	nan	nan
8.000000000000000	nan	nan	nan
8.000000000000000	nan	nan	nan
8.000000000000000	nan	nan	nan
8.000000000000000	nan	nan	nan
8.000000000000000	nan	nan	nan
8.000000000000000	nan	nan	nan
8.000000000000000	nan	nan	nan
8.000000000000000	nan	nan	nan
8.000000000000000	nan	nan	nan
8.000000000000000	nan	nan	nan
8.000000000000000	nan	nan	nan
8.000000000000000	nan	nan	nan
8.000000000000000	nan	nan	nan
8.000000000000000	nan	nan	nan
8.000000000000000	nan	nan	nan
8.000000000000000	nan	nan	nan
8.000000000000000	nan	nan	nan
8.000000000000000	nan	nan	nan
8.000000000000000	nan	nan	nan
8.000000000000000	nan	nan	nan
8.000000000000000	nan	nan	nan
8.000000000000000	nan	nan	nan
8.000000000000000	nan	nan	nan
8.000000000000000	nan	nan	nan
8.000000000000000	nan	nan	nan
8.000000000000000	nan	nan	nan
8.000000000000000	nan	nan	nan
8.000000000000000	nan	nan	nan
8.000000000000000	nan	nan	nan
8.000000000000000	nan	nan	nan
8.000000000000000	nan	nan	nan
8.000000000000000	nan	nan	nan
8.000000000000000	nan	nan	nan
8.000000000000000	nan	nan	nan
8.000000000000000	nan	nan	nan
8.000000000000000	nan	nan	nan
8.000000000000000	nan	nan	nan
8.000000000000000	nan	nan	nan
8.000000000000000	nan	nan	nan
8.000000000000000	nan	nan	nan
8.000000000000000	nan	nan	nan
8.000000000000000	nan	nan	nan
8.000000000000000	nan	nan	nan
8.000000000000000	nan	nan	nan
8.000000000000000	nan	nan	nan
8.000000000000000	nan	nan	nan
8.000000000000000	nan	nan	nan
8.000000000000000	nan	nan	nan
8.000000000000000	nan	nan	nan
8.000000000000000	nan	nan	nan
8.000000000000000	nan	nan	nan
8.000000000000000	nan	nan	nan
8.000000000000000	nan	nan	nan
8.000000000000000	nan	nan	nan
8.000000000000000	nan	nan	nan
8.000000000000000	nan	nan	nan


9.000000000000000	nan	nan	nan
9.000000000000000	nan	nan	nan
9.000000000000000	nan	nan	nan
9.000000000000000	nan	nan	nan
9.000000000000000	nan	nan	nan
9.000000000000000	nan	nan	nan
9.000000000000000	nan	nan	nan
9.000000000000000	nan	nan	nan
9.000000000000000	nan	nan	nan
9.000000000000000	nan	nan	nan
9.000000000000000	nan	nan	nan
9.000000000000000	nan	nan	nan
9.000000000000000	nan	nan	nan
9.000000000000000	nan	nan	nan
9.000000000000000	nan	nan	nan
9.000000000000000	nan	nan	nan
9.000000000000000	nan	nan	nan
9.000000000000000	nan	nan	nan
9.000000000000000	nan	nan	nan
9.000000000000000	nan	nan	nan
9.000000000000000	nan	nan	nan
9.000000000000000	nan	nan	nan
9.000000000000000	nan	nan	nan
9.000000000000000	nan	nan	nan
9.000000000000000	nan	nan	nan
9.000000000000000	nan	nan	nan
9.000000000000000	nan	nan	nan
9.000000000000000	nan	nan	nan
9.000000000000000	nan	nan	nan
9.000000000000000	nan	nan	nan
9.000000000000000	nan	nan	nan
9.000000000000000	nan	nan	nan
9.000000000000000	nan	nan	nan
9.000000000000000	nan	nan	nan
9.000000000000000	nan	nan	nan
9.000000000000000	nan	nan	nan
9.000000000000000	nan	nan	nan
9.000000000000000	nan	nan	nan
9.000000000000000	nan	nan	nan
9.000000000000000	nan	nan	nan
9.000000000000000	nan	nan	nan
9.000000000000000	nan	nan	nan
9.000000000000000	nan	nan	nan
9.000000000000000	nan	nan	nan
9.000000000000000	nan	nan	nan
9.000000000000000	nan	nan	nan
9.000000000000000	nan	nan	nan
9.000000000000000	nan	nan	nan
9.000000000000000	nan	nan	nan
9.000000000000000	nan	nan	nan
9.000000000000000	nan	nan	nan
9.000000000000000	nan	nan	nan
9.000000000000000	nan	nan	nan
9.000000000000000	nan	nan	nan
9.000000000000000	nan	nan	nan
9.000000000000000	nan	nan	nan
9.000000000000000	nan	nan	nan
9.000000000000000	nan	nan	nan
9.000000000000000	nan	nan	nan
9.000000000000000	nan	nan	nan
9.000000000000000	nan	nan	nan
9.000000000000000	nan	nan	nan
9.000000000000000	nan	nan	nan
9.000000000000000	nan	nan	nan
9.000000000000000	nan	nan	nan
9.000000000000000	nan	nan	nan
9.000000000000000	nan	nan	nan
9.000000000000000	nan	nan	nan
9.000000000000000	nan	nan	nan
9.000000000000000	nan	nan	nan
9.000000000000000	nan	nan	nan
9.000000000000000	nan	nan	nan
9.000000000000000	nan	nan	nan
9.000000000000000	nan	nan	nan
9.000000000000000	nan	nan	nan
9.000000000000000	nan	nan	nan
9.000000000000000	nan	nan	nan
9.000000000000000	nan	nan	nan
9.000000000000000	nan	nan	nan
9.000000000000000	nan	nan	nan
9.000000000000000	nan	nan	nan
9.000000000000000	nan	nan	nan
9.000000000000000	nan	nan	nan
9.000000000000000	nan	nan	nan
9.000000000000000	nan	nan	nan
9.000000000000000	nan	nan	nan
9.000000000000000	nan	nan	nan
9.000000000000000	nan	nan	nan
9.000000000000000	nan	nan	nan
9.000000000000000	nan	nan	nan
9.000000000000000	nan	nan	nan
9.000000000000000	nan	nan	nan
9.000000000000000	nan	nan	nan
9.000000000000000	nan	nan	nan
9.000000000000000	nan	nan	nan
9.000000000000000	nan	nan	nan
9.000000000000000	nan	nan	nan
9.000000000000000	nan	nan	nan
9.000000000000000	nan	nan	nan
9.000000000000000	nan	nan	nan


10.000000000000000	nan	nan	nan
10.000000000000000	nan	nan	nan
10.000000000000000	nan	nan	nan
10.000000000000000	nan	nan	nan
10.000000000000000	nan	nan	nan
10.000000000000000	nan	nan	nan
10.000000000000000	nan	nan	nan
10.000000000000000	nan	nan	nan
10.000000000000000	nan	nan	nan
10.000000000000000	nan	nan	nan
10.000000000000000	nan	nan	nan
10.000000000000000	nan	nan	nan
10.000000000000000	nan	nan	nan
10.000000000000000	nan	nan	nan
10.000000000000000	nan	nan	nan
10.000000000000000	nan	nan	nan
10.000000000000000	nan	nan	nan
10.000000000000000	nan	nan	nan
10.000000000000000	nan	nan	nan
10.000000000000000	nan	nan	nan
10.000000000000000	nan	nan	nan
10.000000000000000	nan	nan	nan
10.000000000000000	nan	nan	nan
10.000000000000000	nan	nan	nan
10.000000000000000	nan	nan	nan
10.000000000000000	nan	nan	nan
10.000000000000000	nan	nan	nan
10.000000000000000	nan	nan	nan
10.000000000000000	nan	nan	nan
10.000000000000000	nan	nan	nan
10.000000000000000	nan	nan	nan
10.000000000000000	nan	nan	nan
10.000000000000000	nan	nan	nan
10.000000000000000	nan	nan	nan
10.000000000000000	nan	nan	nan
10.000000000000000	nan	nan	nan
10.000000000000000	nan	nan	nan
10.000000000000000	nan	nan	nan
10.000000000000000	nan	nan	nan
10.000000000000000	nan	nan	nan
10.000000000000000	nan	nan	nan
10.000000000000000	nan	nan	nan
10.000000000000000	nan	nan	nan
10.000000000000000	nan	nan	nan
10.000000000000000	nan	nan	nan
10.000000000000000	nan	nan	nan
10.000000000000000	nan	nan	nan
10.000000000000000	nan	nan	nan
10.000000000000000	nan	nan	nan
10.000000000000000	nan	nan	nan
10.000000000000000	nan	nan	nan
10.000000000000000	nan	nan	nan
10.000000000000000	nan	nan	nan
10.000000000000000	nan	nan	nan
10.000000000000000	nan	nan	nan
10.000000000000000	nan	nan	nan
10.000000000000000	nan	nan	nan
10.000000000000000	nan	nan	nan
10.000000000000000	nan	nan	nan
10.000000000000000	nan	nan	nan
10.000000000000000	nan	nan	nan
10.000000000000000	nan	nan	nan
10.000000000000000	nan	nan	nan
10.000000000000000	nan	nan	nan
10.000000000000000	nan	nan	nan
10.000000000000000	nan	nan	nan
10.000000000000000	nan	nan	nan
10.000000000000000	nan	nan	nan
10.000000000000000	nan	nan	nan
10.000000000000000	nan	nan	nan
10.000000000000000	nan	nan	nan
10.000000000000000	nan	nan	nan
10.000000000000000	nan	nan	nan
10.000000000000000	nan	nan	nan
10.000000000000000	nan	nan	nan
10.000000000000000	nan	nan	nan
10.000000000000000	nan	nan	nan
10.000000000000000	nan	nan	nan
10.000000000000000	nan	nan	nan
10.000000000000000	nan	nan	nan
10.000000000000000	nan	nan	nan
10.000000000000000	nan	nan	nan
10.000000000000000	nan	nan	nan
10.000000000000000	nan	nan	nan
10.000000000000000	nan	nan	nan
10.000000000000000	nan	nan	nan
10.000000000000000	nan	nan	nan
10.000000000000000	nan	nan	nan
10.000000000000000	nan	nan	nan
10.000000000000000	nan	nan	nan
10.000000000000000	nan	nan	nan
10.000000000000000	nan	nan	nan
10.000000000000000	nan	nan	nan
10.000000000000000	nan	nan	nan
10.000000000000000	nan	nan	nan
10.000000000000000	nan	nan	nan
10.000000000000000	nan	nan	nan
10.000000000000000	nan	nan	nan
10.000000000000000	nan	nan	nan
10.000000000000000	nan	nan	nan


11.000000000000000	nan	nan	nan
11.000000000000000	nan	nan	nan
11.000000000000000	nan	nan	nan
11.000000000000000	nan	nan	nan
11.000000000000000	nan	nan	nan
11.000000000000000	nan	nan	nan
11.000000000000000	nan	nan	nan
11.000000000000000	nan	nan	nan
11.000000000000000	nan	nan	nan
11.000000000000000	nan	nan	nan
11.000000000000000	nan	nan	nan
11.000000000000000	nan	nan	nan
11.000000000000000	nan	nan	nan
11.000000000000000	nan	nan	nan
11.000000000000000	nan	nan	nan
11.000000000000000	nan	nan	nan
11.000000000000000	nan	nan	nan
11.000000000000000	nan	nan	nan
11.000000000000000	nan	nan	nan
11.000000000000000	nan	nan	nan
11.000000000000000	nan	nan	nan
11.000000000000000	nan	nan	nan
11.000000000000000	nan	nan	nan
11.000000000000000	nan	nan	nan
11.000000000000000	nan	nan	nan
11.000000000000000	nan	nan	nan
11.000000000000000	nan	nan	nan
11.000000000000000	nan	nan	nan
11.000000000000000	nan	nan	nan
11.000000000000000	nan	nan	nan
11.000000000000000	nan	nan	nan
11.000000000000000	nan	nan	nan
11.000000000000000	nan	nan	nan
11.000000000000000	nan	nan	nan
11.000000000000000	nan	nan	nan
11.000000000000000	nan	nan	nan
11.000000000000000	nan	nan	nan
11.000000000000000	nan	nan	nan
11.000000000000000	nan	nan	nan
11.000000000000000	nan	nan	nan
11.000000000000000	nan	nan	nan
11.000000000000000	nan	nan	nan
11.000000000000000	nan	nan	nan
11.000000000000000	nan	nan	nan
11.000000000000000	nan	nan	nan
11.000000000000000	nan	nan	nan
11.000000000000000	nan	nan	nan
11.000000000000000	nan	nan	nan
11.000000000000000	nan	nan	nan
11.000000000000000	nan	nan	nan
11.000000000000000	nan	nan	nan
11.000000000000000	nan	nan	nan
11.000000000000000	nan	nan	nan
11.000000000000000	nan	nan	nan
11.000000000000000	nan	nan	nan
11.000000000000000	nan	nan	nan
11.000000000000000	nan	nan	nan
11.000000000000000	nan	nan	nan
11.000000000000000	nan	nan	nan
11.000000000000000	nan	nan	nan
11.000000000000000	nan	nan	nan
11.000000000000000	nan	nan	nan
11.000000000000000	nan	nan	nan
11.000000000000000	nan	nan	nan
11.000000000000000	nan	nan	nan
11.000000000000000	nan	nan	nan
11.000000000000000	nan	nan	nan
11.000000000000000	nan	nan	nan
11.000000000000000	nan	nan	nan
11.000000000000000	nan	nan	nan
11.000000000000000	nan	nan	nan
11.000000000000000	nan	nan	nan
11.000000000000000	nan	nan	nan
11.000000000000000	nan	nan	nan
11.000000000000000	nan	nan	nan
11.000000000000000	nan	nan	nan
11.000000000000000	nan	nan	nan
11.000000000000000	nan	nan	nan
11.000000000000000	nan	nan	nan
11.000000000000000	nan	nan	nan
11.000000000000000	nan	nan	nan
11.000000000000000	nan	nan	nan
11.000000000000000	nan	nan	nan
11.000000000000000	nan	nan	nan
11.000000000000000	nan	nan	nan
11.000000000000000	nan	nan	nan
11.000000000000000	nan	nan	nan
11.000000000000000	nan	nan	nan
11.000000000000000	nan	nan	nan
11.000000000000000	nan	nan	nan
11.000000000000000	nan	nan	nan
11.000000000000000	nan	nan	nan
11.000000000000000	nan	nan	nan
11.000000000000000	nan	nan	nan
11.000000000000000	nan	nan	nan
11.000000000000000	nan	nan	nan
11.000000000000000	nan	nan	nan
11.000000000000000	nan	nan	nan
11.000000000000000	nan	nan	nan
11.000000000000000	nan	nan	nan


12.000000000000000	nan	nan	nan
12.000000000000000	nan	nan	nan
12.000000000000000	nan	nan	nan
12.000000000000000	nan	nan	nan
12.000000000000000	nan	nan	nan
12.000000000000000	nan	nan	nan
12.000000000000000	nan	nan	nan
12.000000000000000	nan	nan	nan
12.000000000000000	nan	nan	nan
12.000000000000000	nan	nan	nan
12.000000000000000	nan	nan	nan
12.000000000000000	nan	nan	nan
12.000000000000000	nan	nan	nan
12.000000000000000	nan	nan	nan
12.000000000000000	nan	nan	nan
12.000000000000000	nan	nan	nan
12.000000000000000	nan	nan	nan
12.000000000000000	nan	nan	nan
12.000000000000000	nan	nan	nan
12.000000000000000	nan	nan	nan
12.000000000000000	nan	nan	nan
12.000000000000000	nan	nan	nan
12.000000000000000	nan	nan	nan
12.000000000000000	nan	nan	nan
12.000000000000000	nan	nan	nan
12.000000000000000	nan	nan	nan
12.000000000000000	nan	nan	nan
12.000000000000000	nan	nan	nan
12.000000000000000	nan	nan	nan
12.000000000000000	nan	nan	nan
12.000000000000000	nan	nan	nan
12.000000000000000	nan	nan	nan
12.000000000000000	nan	nan	nan
12.000000000000000	nan	nan	nan
12.000000000000000	nan	nan	nan
12.000000000000000	nan	nan	nan
12.000000000000000	nan	nan	nan
12.000000000000000	nan	nan	nan
12.000000000000000	nan	nan	nan
12.000000000000000	nan	nan	nan
12.000000000000000	nan	nan	nan
12.000000000000000	nan	nan	nan
12.000000000000000	nan	nan	nan
12.000000000000000	nan	nan	nan
12.000000000000000	nan	nan	nan
12.000000000000000	nan	nan	nan
12.000000000000000	nan	nan	nan
12.000000000000000	nan	nan	nan
12.000000000000000	nan	nan	nan
12.000000000000000	nan	nan	nan
12.000000000000000	nan	nan	nan
12.000000000000000	nan	nan	nan
12.000000000000000	nan	nan	nan
12.000000000000000	nan	nan	nan
12.000000000000000	nan	nan	nan
12.000000000000000	nan	nan	nan
12.000000000000000	nan	nan	nan
12.000000000000000	nan	nan	nan
12.000000000000000	nan	nan	nan
12.000000000000000	nan	nan	nan
12.000000000000000	nan	nan	nan
12.000000000000000	nan	nan	nan
12.000000000000000	nan	nan	nan
12.000000000000000	nan	nan	nan
12.000000000000000	nan	nan	nan
12.000000000000000	nan	nan	nan
12.000000000000000	nan	nan	nan
12.000000000000000	nan	nan	nan
12.000000000000000	nan	nan	nan
12.000000000000000	nan	nan	nan
12.000000000000000	nan	nan	nan
12.000000000000000	nan	nan	nan
12.000000000000000	nan	nan	nan
12.000000000000000	nan	nan	nan
12.000000000000000	nan	nan	nan
12.000000000000000	nan	nan	nan
12.000000000000000	nan	nan	nan
12.000000000000000	nan	nan	nan
12.000000000000000	nan	nan	nan
12.000000000000000	nan	nan	nan
12.000000000000000	nan	nan	nan
12.000000000000000	nan	nan	nan
12.000000000000000	nan	nan	nan
12.000000000000000	nan	nan	nan
12.000000000000000	nan	nan	nan
12.000000000000000	nan	nan	nan
12.000000000000000	nan	nan	nan
12.000000000000000	nan	nan	nan
12.000000000000000	nan	nan	nan
12.000000000000000	nan	nan	nan
12.000000000000000	nan	nan	nan
12.000000000000000	nan	nan	nan
12.000000000000000	nan	nan	nan
12.000000000000000	nan	nan	nan
12.000000000000000	nan	nan	nan
12.000000000000000	nan	nan	nan
12.000000000000000	nan	nan	nan
12.000000000000000	nan	nan	nan
12.000000000000000	nan	nan	nan
12.000000000000000	nan	nan	nan


13.000000000000000	nan	nan	nan
13.000000000000000	nan	nan	nan
13.000000000000000	nan	nan	nan
13.000000000000000	nan	nan	nan
13.000000000000000	nan	nan	nan
13.000000000000000	nan	nan	nan
13.000000000000000	nan	nan	nan
13.000000000000000	nan	nan	nan
13.000000000000000	nan	nan	nan
13.000000000000000	nan	nan	nan
13.000000000000000	nan	nan	nan
13.000000000000000	nan	nan	nan
13.000000000000000	nan	nan	nan
13.000000000000000	nan	nan	nan
13.000000000000000	nan	nan	nan
13.000000000000000	nan	nan	nan
13.000000000000000	nan	nan	nan
13.000000000000000	nan	nan	nan
13.000000000000000	nan	nan	nan
13.000000000000000	nan	nan	nan
13.000000000000000	nan	nan	nan
13.000000000000000	nan	nan	nan
13.000000000000000	nan	nan	nan
13.000000000000000	nan	nan	nan
13.000000000000000	nan	nan	nan
13.000000000000000	nan	nan	nan
13.000000000000000	nan	nan	nan
13.000000000000000	nan	nan	nan
13.000000000000000	nan	nan	nan
13.000000000000000	nan	nan	nan
13.000000000000000	nan	nan	nan
13.000000000000000	nan	nan	nan
13.000000000000000	nan	nan	nan
13.000000000000000	nan	nan	nan
13.000000000000000	nan	nan	nan
13.000000000000000	nan	nan	nan
13.000000000000000	nan	nan	nan
13.000000000000000	nan	nan	nan
13.000000000000000	nan	nan	nan
13.000000000000000	nan	nan	nan
13.000000000000000	nan	nan	nan
13.000000000000000	nan	nan	nan
13.000000000000000	nan	nan	nan
13.000000000000000	nan	nan	nan
13.000000000000000	nan	nan	nan
13.000000000000000	nan	nan	nan
13.000000000000000	nan	nan	nan
13.000000000000000	nan	nan	nan
13.000000000000000	nan	nan	nan
13.000000000000000	nan	nan	nan
13.000000000000000	nan	nan	nan
13.000000000000000	nan	nan	nan
13.000000000000000	nan	nan	nan
13.000000000000000	nan	nan	nan
13.000000000000000	nan	nan	nan
13.000000000000000	nan	nan	nan
13.000000000000000	nan	nan	nan
13.000000000000000	nan	nan	nan
13.000000000000000	nan	nan	nan
13.000000000000000	nan	nan	nan
13.000000000000000	nan	nan	nan
13.000000000000000	nan	nan	nan
13.000000000000000	nan	nan	nan
13.000000000000000	nan	nan	nan
13.000000000000000	nan	nan	nan
13.000000000000000	nan	nan	nan
13.000000000000000	nan	nan	nan
13.000000000000000	nan	nan	nan
13.000000000000000	nan	nan	nan
13.000000000000000	nan	nan	nan
13.000000000000000	nan	nan	nan
13.000000000000000	nan	nan	nan
13.000000000000000	nan	nan	nan
13.000000000000000	nan	nan	nan
13.000000000000000	nan	nan	nan
13.000000000000000	nan	nan	nan
13.000000000000000	nan	nan	nan
13.000000000000000	nan	nan	nan
13.000000000000000	nan	nan	nan
13.000000000000000	nan	nan	nan
13.000000000000000	nan	nan	nan
13.000000000000000	nan	nan	nan
13.000000000000000	nan	nan	nan
13.000000000000000	nan	nan	nan
13.000000000000000	nan	nan	nan
13.000000000000000	nan	nan	nan
13.000000000000000	nan	nan	nan
13.000000000000000	nan	nan	nan
13.000000000000000	nan	nan	nan
13.000000000000000	nan	nan	nan
13.000000000000000	nan	nan	nan
13.000000000000000	nan	nan	nan
13.000000000000000	nan	nan	nan
13.000000000000000	nan	nan	nan
13.000000000000000	nan	nan	nan
13.000000000000000	nan	nan	nan
13.000000000000000	nan	nan	nan
13.000000000000000	nan	nan	nan
13.000000000000000	nan	nan	nan
13.000000000000000	nan	nan	nan


14.000000000000000	nan	nan	nan
14.000000000000000	nan	nan	nan
14.000000000000000	nan	nan	nan
14.000000000000000	nan	nan	nan
14.000000000000000	nan	nan	nan
14.000000000000000	nan	nan	nan
14.000000000000000	nan	nan	nan
14.000000000000000	nan	nan	nan
14.000000000000000	nan	nan	nan
14.000000000000000	nan	nan	nan
14.000000000000000	nan	nan	nan
14.000000000000000	nan	nan	nan
14.000000000000000	nan	nan	nan
14.000000000000000	nan	nan	nan
14.000000000000000	nan	nan	nan
14.000000000000000	nan	nan	nan
14.000000000000000	nan	nan	nan
14.000000000000000	nan	nan	nan
14.000000000000000	nan	nan	nan
14.000000000000000	nan	nan	nan
14.000000000000000	nan	nan	nan
14.000000000000000	nan	nan	nan
14.000000000000000	nan	nan	nan
14.000000000000000	nan	nan	nan
14.000000000000000	nan	nan	nan
14.000000000000000	nan	nan	nan
14.000000000000000	nan	nan	nan
14.000000000000000	nan	nan	nan
14.000000000000000	nan	nan	nan
14.000000000000000	nan	nan	nan
14.000000000000000	nan	nan	nan
14.000000000000000	nan	nan	nan
14.000000000000000	nan	nan	nan
14.000000000000000	nan	nan	nan
14.000000000000000	nan	nan	nan
14.000000000000000	nan	nan	nan
14.000000000000000	nan	nan	nan
14.000000000000000	nan	nan	nan
14.000000000000000	nan	nan	nan
14.000000000000000	nan	nan	nan
14.000000000000000	nan	nan	nan
14.000000000000000	nan	nan	nan
14.000000000000000	nan	nan	nan
14.000000000000000	nan	nan	nan
14.000000000000000	nan	nan	nan
14.000000000000000	nan	nan	nan
14.000000000000000	nan	nan	nan
14.000000000000000	nan	nan	nan
14.000000000000000	nan	nan	nan
14.000000000000000	nan	nan	nan
14.000000000000000	nan	nan	nan
14.000000000000000	nan	nan	nan
14.000000000000000	nan	nan	nan
14.000000000000000	nan	nan	nan
14.000000000000000	nan	nan	nan
14.000000000000000	nan	nan	nan
14.000000000000000	nan	nan	nan
14.000000000000000	nan	nan	nan
14.000000000000000	nan	nan	nan
14.000000000000000	nan	nan	nan
14.000000000000000	nan	nan	nan
14.000000000000000	nan	nan	nan
14.000000000000000	nan	nan	nan
14.000000000000000	nan	nan	nan
14.000000000000000	nan	nan	nan
14.000000000000000	nan	nan	nan
14.000000000000000	nan	nan	nan
14.000000000000000	nan	nan	nan
14.000000000000000	nan	nan	nan
14.000000000000000	nan	nan	nan
14.000000000000000	nan	nan	nan
14.000000000000000	nan	nan	nan
14.000000000000000	nan	nan	nan
14.000000000000000	nan	nan	nan
14.000000000000000	nan	nan	nan
14.000000000000000	nan	nan	nan
14.000000000000000	nan	nan	nan
14.000000000000000	nan	nan	nan
14.000000000000000	nan	nan	nan
14.000000000000000	nan	nan	nan
14.000000000000000	nan	nan	nan
14.000000000000000	nan	nan	nan
14.000000000000000	nan	nan	nan
14.000000000000000	nan	nan	nan
14.000000000000000	nan	nan	nan
14.000000000000000	nan	nan	nan
14.000000000000000	nan	nan	nan
14.000000000000000	nan	nan	nan
14.000000000000000	nan	nan	nan
14.000000000000000	nan	nan	nan
14.000000000000000	nan	nan	nan
14.000000000000000	nan	nan	nan
14.000000000000000	nan	nan	nan
14.000000000000000	nan	nan	nan
14.000000000000000	nan	nan	nan
14.000000000000000	nan	nan	nan
14.000000000000000	nan	nan	nan
14.000000000000000	nan	nan	nan
14.000000000000000	nan	nan	nan
14.000000000000000	nan	nan	nan


15.000000000000000	nan	nan	nan
15.000000000000000	nan	nan	nan
15.000000000000000	nan	nan	nan
15.000000000000000	nan	nan	nan
15.000000000000000	nan	nan	nan
15.000000000000000	nan	nan	nan
15.000000000000000	nan	nan	nan
15.000000000000000	nan	nan	nan
15.000000000000000	nan	nan	nan
15.000000000000000	nan	nan	nan
15.000000000000000	nan	nan	nan
15.000000000000000	nan	nan	nan
15.000000000000000	nan	nan	nan
15.000000000000000	nan	nan	nan
15.000000000000000	nan	nan	nan
15.000000000000000	nan	nan	nan
15.000000000000000	nan	nan	nan
15.000000000000000	nan	nan	nan
15.000000000000000	nan	nan	nan
15.000000000000000	nan	nan	nan
15.000000000000000	nan	nan	nan
15.000000000000000	nan	nan	nan
15.000000000000000	nan	nan	nan
15.000000000000000	nan	nan	nan
15.000000000000000	nan	nan	nan
15.000000000000000	nan	nan	nan
15.000000000000000	nan	nan	nan
15.000000000000000	nan	nan	nan
15.000000000000000	nan	nan	nan
15.000000000000000	nan	nan	nan
15.000000000000000	nan	nan	nan
15.000000000000000	nan	nan	nan
15.000000000000000	nan	nan	nan
15.000000000000000	nan	nan	nan
15.000000000000000	nan	nan	nan
15.000000000000000	nan	nan	nan
15.000000000000000	nan	nan	nan
15.000000000000000	nan	nan	nan
15.000000000000000	nan	nan	nan
15.000000000000000	nan	nan	nan
15.000000000000000	nan	nan	nan
15.000000000000000	nan	nan	nan
15.000000000000000	nan	nan	nan
15.000000000000000	nan	nan	nan
15.000000000000000	nan	nan	nan
15.000000000000000	nan	nan	nan
15.000000000000000	nan	nan	nan
15.000000000000000	nan	nan	nan
15.000000000000000	nan	nan	nan
15.000000000000000	nan	nan	nan
15.000000000000000	nan	nan	nan
15.000000000000000	nan	nan	nan
15.000000000000000	nan	nan	nan
15.000000000000000	nan	nan	nan
15.000000000000000	nan	nan	nan
15.000000000000000	nan	nan	nan
15.000000000000000	nan	nan	nan
15.000000000000000	nan	nan	nan
15.000000000000000	nan	nan	nan
15.000000000000000	nan	nan	nan
15.000000000000000	nan	nan	nan
15.000000000000000	nan	nan	nan
15.000000000000000	nan	nan	nan
15.000000000000000	nan	nan	nan
15.000000000000000	nan	nan	nan
15.000000000000000	nan	nan	nan
15.000000000000000	nan	nan	nan
15.000000000000000	nan	nan	nan
15.000000000000000	nan	nan	nan
15.000000000000000	nan	nan	nan
15.000000000000000	nan	nan	nan
15.000000000000000	nan	nan	nan
15.000000000000000	nan	nan	nan
15.000000000000000	nan	nan	nan
15.000000000000000	nan	nan	nan
15.000000000000000	nan	nan	nan
15.000000000000000	nan	nan	nan
15.000000000000000	nan	nan	nan
15.000000000000000	nan	nan	nan
15.000000000000000	nan	nan	nan
15.000000000000000	nan	nan	nan
15.000000000000000	nan	nan	nan
15.000000000000000	nan	nan	nan
15.000000000000000	nan	nan	nan
15.000000000000000	nan	nan	nan
15.000000000000000	nan	nan	nan
15.000000000000000	nan	nan	nan
15.000000000000000	nan	nan	nan
15.000000000000000	nan	nan	nan
15.000000000000000	nan	nan	nan
15.000000000000000	nan	nan	nan
15.000000000000000	nan	nan	nan
15.000000000000000	nan	nan	nan
15.000000000000000	nan	nan	nan
15.000000000000000	nan	nan	nan
15.000000000000000	nan	nan	nan
15.000000000000000	nan	nan	nan
15.000000000000000	nan	nan	nan
15.000000000000000	nan	nan	nan
15.000000000000000	nan	nan	nan


16.000000000000000	nan	nan	nan
16.000000000000000	nan	nan	nan
16.000000000000000	nan	nan	nan
16.000000000000000	nan	nan	nan
16.000000000000000	nan	nan	nan
16.000000000000000	nan	nan	nan
16.000000000000000	nan	nan	nan
16.000000000000000	nan	nan	nan
16.000000000000000	nan	nan	nan
16.000000000000000	nan	nan	nan
16.000000000000000	nan	nan	nan
16.000000000000000	nan	nan	nan
16.000000000000000	nan	nan	nan
16.000000000000000	nan	nan	nan
16.000000000000000	nan	nan	nan
16.000000000000000	nan	nan	nan
16.000000000000000	nan	nan	nan
16.000000000000000	nan	nan	nan
16.000000000000000	nan	nan	nan
16.000000000000000	nan	nan	nan
16.000000000000000	nan	nan	nan
16.000000000000000	nan	nan	nan
16.000000000000000	nan	nan	nan
16.000000000000000	nan	nan	nan
16.000000000000000	nan	nan	nan
16.000000000000000	nan	nan	nan
16.000000000000000	nan	nan	nan
16.000000000000000	nan	nan	nan
16.000000000000000	nan	nan	nan
16.000000000000000	nan	nan	nan
16.000000000000000	nan	nan	nan
16.000000000000000	nan	nan	nan
16.000000000000000	nan	nan	nan
16.000000000000000	nan	nan	nan
16.000000000000000	nan	nan	nan
16.000000000000000	nan	nan	nan
16.000000000000000	nan	nan	nan
16.000000000000000	nan	nan	nan
16.000000000000000	nan	nan	nan
16.000000000000000	nan	nan	nan
16.000000000000000	nan	nan	nan
16.000000000000000	nan	nan	nan
16.000000000000000	nan	nan	nan
16.000000000000000	nan	nan	nan
16.000000000000000	nan	nan	nan
16.000000000000000	nan	nan	nan
16.000000000000000	nan	nan	nan
16.000000000000000	nan	nan	nan
16.000000000000000	nan	nan	nan
16.000000000000000	nan	nan	nan
16.000000000000000	nan	nan	nan
16.000000000000000	nan	nan	nan
16.000000000000000	nan	nan	nan
16.000000000000000	nan	nan	nan
16.000000000000000	nan	nan	nan
16.000000000000000	nan	nan	nan
16.000000000000000	nan	nan	nan
16.000000000000000	nan	nan	nan
16.000000000000000	nan	nan	nan
16.000000000000000	nan	nan	nan
16.000000000000000	nan	nan	nan
16.000000000000000	nan	nan	nan
16.000000000000000	nan	nan	nan
16.000000000000000	nan	nan	nan
16.000000000000000	nan	nan	nan
16.000000000000000	nan	nan	nan
16.000000000000000	nan	nan	nan
16.000000000000000	nan	nan	nan
16.000000000000000	nan	nan	nan
16.000000000000000	nan	nan	nan
16.000000000000000	nan	nan	nan
16.000000000000000	nan	nan	nan
16.000000000000000	nan	nan	nan
16.000000000000000	nan	nan	nan
16.000000000000000	nan	nan	nan
16.000000000000000	nan	nan	nan
16.000000000000000	nan	nan	nan
16.000000000000000	nan	nan	nan
16.000000000000000	nan	nan	nan
16.000000000000000	nan	nan	nan
16.000000000000000	nan	nan	nan
16.000000000000000	nan	nan	nan
16.000000000000000	nan	nan	nan
16.000000000000000	nan	nan	nan
16.000000000000000	nan	nan	nan
16.000000000000000	nan	nan	nan
16.000000000000000	nan	nan	nan
16.000000000000000	nan	nan	nan
16.000000000000000	nan	nan	nan
16.000000000000000	nan	nan	nan
16.000000000000000	nan	nan	nan
16.000000000000000	nan	nan	nan
16.000000000000000	nan	nan	nan
16.000000000000000	nan	nan	nan
16.000000000000000	nan	nan	nan
16.000000000000000	nan	nan	nan
16.000000000000000	nan	nan	nan
16.000000000000000	nan	nan	nan
16.000000000000000	nan	nan	nan
16.000000000000000	nan	nan	nan


17.000000000000000	nan	nan	nan
17.000000000000000	nan	nan	nan
17.000000000000000	nan	nan	nan
17.000000000000000	nan	nan	nan
17.000000000000000	nan	nan	nan
17.000000000000000	nan	nan	nan
17.000000000000000	nan	nan	nan
17.000000000000000	nan	nan	nan
17.000000000000000	nan	nan	nan
17.000000000000000	nan	nan	nan
17.000000000000000	nan	nan	nan
17.000000000000000	nan	nan	nan
17.000000000000000	nan	nan	nan
17.000000000000000	nan	nan	nan
17.000000000000000	nan	nan	nan
17.000000000000000	nan	nan	nan
17.000000000000000	nan	nan	nan
17.000000000000000	nan	nan	nan
17.000000000000000	nan	nan	nan
17.000000000000000	nan	nan	nan
17.000000000000000	nan	nan	nan
17.000000000000000	nan	nan	nan
17.000000000000000	nan	nan	nan
17.000000000000000	nan	nan	nan
17.000000000000000	nan	nan	nan
17.000000000000000	nan	nan	nan
17.000000000000000	nan	nan	nan
17.000000000000000	nan	nan	nan
17.000000000000000	nan	nan	nan
17.000000000000000	nan	nan	nan
17.000000000000000	nan	nan	nan
17.000000000000000	nan	nan	nan
17.000000000000000	nan	nan	nan
17.000000000000000	nan	nan	nan
17.000000000000000	nan	nan	nan
17.000000000000000	nan	nan	nan
17.000000000000000	nan	nan	nan
17.000000000000000	nan	nan	nan
17.000000000000000	nan	nan	nan
17.000000000000000	nan	nan	nan
17.000000000000000	nan	nan	nan
17.000000000000000	nan	nan	nan
17.000000000000000	nan	nan	nan
17.000000000000000	nan	nan	nan
17.000000000000000	nan	nan	nan
17.000000000000000	nan	nan	nan
17.000000000000000	nan	nan	nan
17.000000000000000	nan	nan	nan
17.000000000000000	nan	nan	nan
17.000000000000000	nan	nan	nan
17.000000000000000	nan	nan	nan
17.000000000000000	nan	nan	nan
17.000000000000000	nan	nan	nan
17.000000000000000	nan	nan	nan
17.000000000000000	nan	nan	nan
17.000000000000000	nan	nan	nan
17.000000000000000	nan	nan	nan
17.000000000000000	nan	nan	nan
17.000000000000000	nan	nan	nan
17.000000000000000	nan	nan	nan
17.000000000000000	nan	nan	nan
17.000000000000000	nan	nan	nan
17.000000000000000	nan	nan	nan
17.000000000000000	nan	nan	nan
17.000000000000000	nan	nan	nan
17.000000000000000	nan	nan	nan
17.000000000000000	nan	nan	nan
17.000000000000000	nan	nan	nan
17.000000000000000	nan	nan	nan
17.000000000000000	nan	nan	nan
17.000000000000000	nan	nan	nan
17.000000000000000	nan	nan	nan
17.000000000000000	nan	nan	nan
17.000000000000000	nan	nan	nan
17.000000000000000	nan	nan	nan
17.000000000000000	nan	nan	nan
17.000000000000000	nan	nan	nan
17.000000000000000	nan	nan	nan
17.000000000000000	nan	nan	nan
17.000000000000000	nan	nan	nan
17.000000000000000	nan	nan	nan
17.000000000000000	nan	nan	nan
17.000000000000000	nan	nan	nan
17.000000000000000	nan	nan	nan
17.000000000000000	nan	nan	nan
17.000000000000000	nan	nan	nan
17.000000000000000	nan	nan	nan
17.000000000000000	nan	nan	nan
17.000000000000000	nan	nan	nan
17.000000000000000	nan	nan	nan
17.000000000000000	nan	nan	nan
17.000000000000000	nan	nan	nan
17.000000000000000	nan	nan	nan
17.000000000000000	nan	nan	nan
17.000000000000000	nan	nan	nan
17.000000000000000	nan	nan	nan
17.000000000000000	nan	nan	nan
17.000000000000000	nan	nan	nan
17.000000000000000	nan	nan	nan
17.000000000000000	nan	nan	nan


18.000000000000000	nan	nan	nan
18.000000000000000	nan	nan	nan
18.000000000000000	nan	nan	nan
18.000000000000000	nan	nan	nan
18.000000000000000	nan	nan	nan
18.000000000000000	nan	nan	nan
18.000000000000000	nan	nan	nan
18.000000000000000	nan	nan	nan
18.000000000000000	nan	nan	nan
18.000000000000000	nan	nan	nan
18.000000000000000	nan	nan	nan
18.000000000000000	nan	nan	nan
18.000000000000000	nan	nan	nan
18.000000000000000	nan	nan	nan
18.000000000000000	nan	nan	nan
18.000000000000000	nan	nan	nan
18.000000000000000	nan	nan	nan
18.000000000000000	nan	nan	nan
18.000000000000000	nan	nan	nan
18.000000000000000	nan	nan	nan
18.000000000000000	nan	nan	nan
18.000000000000000	nan	nan	nan
18.000000000000000	nan	nan	nan
18.000000000000000	nan	nan	nan
18.000000000000000	nan	nan	nan
18.000000000000000	nan	nan	nan
18.000000000000000	nan	nan	nan
18.000000000000000	nan	nan	nan
18.000000000000000	nan	nan	nan
18.000000000000000	nan	nan	nan
18.000000000000000	nan	nan	nan
18.000000000000000	nan	nan	nan
18.000000000000000	nan	nan	nan
18.000000000000000	nan	nan	nan
18.000000000000000	nan	nan	nan
18.000000000000000	nan	nan	nan
18.000000000000000	nan	nan	nan
18.000000000000000	nan	nan	nan
18.000000000000000	nan	nan	nan
18.000000000000000	nan	nan	nan
18.000000000000000	nan	nan	nan
18.000000000000000	nan	nan	nan
18.000000000000000	nan	nan	nan
18.000000000000000	nan	nan	nan
18.000000000000000	nan	nan	nan
18.000000000000000	nan	nan	nan
18.000000000000000	nan	nan	nan
18.000000000000000	nan	nan	nan
18.000000000000000	nan	nan	nan
18.000000000000000	nan	nan	nan
18.000000000000000	nan	nan	nan
18.000000000000000	nan	nan	nan
18.000000000000000	nan	nan	nan
18.000000000000000	nan	nan	nan
18.000000000000000	nan	nan	nan
18.000000000000000	nan	nan	nan
18.000000000000000	nan	nan	nan
18.000000000000000	nan	nan	nan
18.000000000000000	nan	nan	nan
18.000000000000000	nan	nan	nan
18.000000000000000	nan	nan	nan
18.000000000000000	nan	nan	nan
18.000000000000000	nan	nan	nan
18.000000000000000	nan	nan	nan
18.000000000000000	nan	nan	nan
18.000000000000000	nan	nan	nan
18.000000000000000	nan	nan	nan
18.000000000000000	nan	nan	nan
18.000000000000000	nan	nan	nan
18.000000000000000	nan	nan	nan
18.000000000000000	nan	nan	nan
18.000000000000000	nan	nan	nan
18.000000000000000	nan	nan	nan
18.000000000000000	nan	nan	nan
18.000000000000000	nan	nan	nan
18.000000000000000	nan	nan	nan
18.000000000000000	nan	nan	nan
18.000000000000000	nan	nan	nan
18.000000000000000	nan	nan	nan
18.000000000000000	nan	nan	nan
18.000000000000000	nan	nan	nan
18.000000000000000	nan	nan	nan
18.000000000000000	nan	nan	nan
18.000000000000000	nan	nan	nan
18.000000000000000	nan	nan	nan
18.000000000000000	nan	nan	nan
18.000000000000000	nan	nan	nan
18.000000000000000	nan	nan	nan
18.000000000000000	nan	nan	nan
18.000000000000000	nan	nan	nan
18.000000000000000	nan	nan	nan
18.000000000000000	nan	nan	nan
18.000000000000000	nan	nan	nan
18.000000000000000	nan	nan	nan
18.000000000000000	nan	nan	nan
18.000000000000000	nan	nan	nan
18.000000000000000	nan	nan	nan
18.000000000000000	nan	nan	nan
18.000000000000000	nan	nan	nan
18.000000000000000	nan	nan	nan


19.000000000000000	nan	nan	nan
19.000000000000000	nan	nan	nan
19.000000000000000	nan	nan	nan
19.000000000000000	nan	nan	nan
19.000000000000000	nan	nan	nan
19.000000000000000	nan	nan	nan
19.000000000000000	nan	nan	nan
19.000000000000000	nan	nan	nan
19.000000000000000	nan	nan	nan
19.000000000000000	nan	nan	nan
19.000000000000000	nan	nan	nan
19.000000000000000	nan	nan	nan
19.000000000000000	nan	nan	nan
19.000000000000000	nan	nan	nan
19.000000000000000	nan	nan	nan
19.000000000000000	nan	nan	nan
19.000000000000000	nan	nan	nan
19.000000000000000	nan	nan	nan
19.000000000000000	nan	nan	nan
19.000000000000000	nan	nan	nan
19.000000000000000	nan	nan	nan
19.000000000000000	nan	nan	nan
19.000000000000000	nan	nan	nan
19.000000000000000	nan	nan	nan
19.000000000000000	nan	nan	nan
19.000000000000000	nan	nan	nan
19.000000000000000	nan	nan	nan
19.000000000000000	nan	nan	nan
19.000000000000000	nan	nan	nan
19.000000000000000	nan	nan	nan
19.000000000000000	nan	nan	nan
19.000000000000000	nan	nan	nan
19.000000000000000	nan	nan	nan
19.000000000000000	nan	nan	nan
19.000000000000000	nan	nan	nan
19.000000000000000	nan	nan	nan
19.000000000000000	nan	nan	nan
19.000000000000000	nan	nan	nan
19.000000000000000	nan	nan	nan
19.000000000000000	nan	nan	nan
19.000000000000000	nan	nan	nan
19.000000000000000	nan	nan	nan
19.000000000000000	nan	nan	nan
19.000000000000000	nan	nan	nan
19.000000000000000	nan	nan	nan
19.000000000000000	nan	nan	nan
19.000000000000000	nan	nan	nan
19.000000000000000	nan	nan	nan
19.000000000000000	nan	nan	nan
19.000000000000000	nan	nan	nan
19.000000000000000	nan	nan	nan
19.000000000000000	nan	nan	nan
19.000000000000000	nan	nan	nan
19.000000000000000	nan	nan	nan
19.000000000000000	nan	nan	nan
19.000000000000000	nan	nan	nan
19.000000000000000	nan	nan	nan
19.000000000000000	nan	nan	nan
19.000000000000000	nan	nan	nan
19.000000000000000	nan	nan	nan
19.000000000000000	nan	nan	nan
19.000000000000000	nan	nan	nan
19.000000000000000	nan	nan	nan
19.000000000000000	nan	nan	nan
19.000000000000000	nan	nan	nan
19.000000000000000	nan	nan	nan
19.000000000000000	nan	nan	nan
19.000000000000000	nan	nan	nan
19.000000000000000	nan	nan	nan
19.000000000000000	nan	nan	nan
19.000000000000000	nan	nan	nan
19.000000000000000	nan	nan	nan
19.000000000000000	nan	nan	nan
19.000000000000000	nan	nan	nan
19.000000000000000	nan	nan	nan
19.000000000000000	nan	nan	nan
19.000000000000000	nan	nan	nan
19.000000000000000	nan	nan	nan
19.000000000000000	nan	nan	nan
19.000000000000000	nan	nan	nan
19.000000000000000	nan	nan	nan
19.000000000000000	nan	nan	nan
19.000000000000000	nan	nan	nan
19.000000000000000	nan	nan	nan
19.000000000000000	nan	nan	nan
19.000000000000000	nan	nan	nan
19.000000000000000	nan	nan	nan
19.000000000000000	nan	nan	nan
19.000000000000000	nan	nan	nan
19.000000000000000	nan	nan	nan
19.000000000000000	nan	nan	nan
19.000000000000000	nan	nan	nan
19.000000000000000	nan	nan	nan
19.000000000000000	nan	nan	nan
19.000000000000000	nan	nan	nan
19.000000000000000	nan	nan	nan
19.000000000000000	nan	nan	nan
19.000000000000000	nan	nan	nan
19.000000000000000	nan	nan	nan
19.000000000000000	nan	nan	nan


20.000000000000000	-0.670621428766602	-0.200910517972124	-0.024461501464442
20.000000000000000	-0.655460969652251	-0.246016597630408	-0.026251250228014
20.000000000000000	-0.637461851768995	-0.290072332661711	-0.027928023051349
20.000000000000000	-0.616696551211876	-0.332900326170257	-0.029485068162094
20.000000000000000	-0.593248682517253	-0.374328124942063	-0.030916115889136
20.000000000000000	-0.567212661976580	-0.414188913853156	-0.032215403908359
20.000000000000000	-0.538693327455324	-0.452322187575210	-0.033377700445484
20.000000000000000	-0.507805516247880	-0.488574396873846	-0.034398325342582
20.000000000000000	-0.474673602668319	-0.522799566897212	-0.035273168903416
20.000000000000000	-0.439430997238925	-0.554859884965181	-0.035998708441736
20.000000000000000	-0.402219609493103	-0.584626255492386	-0.036572022465897
20.000000000000000	-0.363189276555779	-0.611978819810568	-0.036990802442670
20.000000000000000	-0.322497159802178	-0.636807438797134	-0.037253362092896
20.000000000000000	-0.280307112024438	-0.659012136366532	-0.037358644181531
20.000000000000000	-0.236789017654246	-0.678503502038659	-0.037306224774762
20.000000000000000	-0.192118108698189	-0.695203050963311	-0.037096314947041
20.000000000000000	-0.146474259140316	-0.709043539950969	-0.036729759931157
20.000000000000000	-0.100041260653083	-0.719969238237394	-0.036208035714786
20.000000000000000	-0.053006082533162	-0.727936151891744	-0.035533243097207
20.000000000000000	-0.005558118842067	-0.732912200964605	-0.034708099230128
20.000000000000000	0.042111574216881	-0.734877348662627	-0.033735926676672
20.000000000000000	0.089811047614453	-0.733823682029616	-0.032620640032589
20.000000000000000	0.137348232406510	-0.729755443809219	-0.031366730163563
20.000000000000000	0.184531713127847	-0.722689015360889	-0.029979246122075
20.000000000000000	0.231171498554715	-0.712652850697936	-0.028463774816657
20.000000000000000	0.277079786732423	-0.699687361913256	-0.026826418515380
20.000000000000000	0.322071721187521	-0.683844756454096	-0.025073770274174
20.000000000000000	0.365966135279583	-0.665188826901092	-0.023212887388921
20.000000000000000	0.408586281695320	-0.643794694098059	-0.021251262978212
20.000000000000000	0.449760544147630	-0.619748504666870	-0.019196795811205
20.000000000000000	0.489323128413818	-0.593147084125410	-0.017057758502072
20.000000000000000	0.527114729930412	-0.564097547005396	-0.014842764199097
20.000000000000000	0.562983175256413	-0.532716865539956	-0.012560731902568
20.000000000000000	0.596784034822040	-0.499131398657735	-0.010220850551115
20.000000000000000	0.628381204495623	-0.463476383180087	-0.007832542021093
20.000000000000000	0.657647453626911	-0.425895389270124	-0.005405423188015
20.000000000000000	0.684464937359993	-0.386539742326345	-0.002949267202785
20.000000000000000	0.708725671152940	-0.345567913648662	-0.000473964138670
20.000000000000000	0.730331965593441	-0.303144882330409	0.002010518832533
20.000000000000000	0.749196819759593	-0.259441470945758	0.004494177574783
20.000000000000000	0.765244271541901	-0.214633657707511	0.006967011270915
20.000000000000000	0.778409703515886	-0.168901867864937	0.009419062692406
20.000000000000000	0.788640103133645	-0.122430247194984	0.011840458293620
20.000000000000000	0.795894276186673	-0.075405920512220	0.014221447969086
20.000000000000000	0.800143012680402	-0.028018238183254	0.016552444313736
20.000000000000000	0.801369204452536	0.019541986320363	0.018824061228001
20.000000000000000	0.799567914061586	0.067083244760639	0.021027151712321
20.000000000000000	0.794746394668201	0.114414105269227	0.023152844698882
20.000000000000000	0.786924060829253	0.161343983175991	0.025192580772277
20.000000000000000	0.776132410322269	0.207683908426208	0.027138146635252
20.000000000000000	0.762414897314994	0.253247286496284	0.028981708180750
20.000000000000000	0.745826757390796	0.297850649744040	0.030715842037103
20.000000000000000	0.726434785134472	0.341314396168157	0.032333565459321
20.000000000000000	0.704317065174020	0.383463512602044	0.033828364446150
20.000000000000000	0.679562657761411	0.424128279430089	0.035194219969650
20.000000000000000	0.652271240158380	0.463144953988652	0.036425632211696
20.000000000000000	0.622552705271280	0.500356429899977	0.037517642709811
20.000000000000000	0.590526719151130	0.535612869684129	0.038465854323136
20.000000000000000	0.556322239140662	0.568772308101637	0.039266448938170
20.000000000000000	0.520076994608621	0.599701223797411	0.039916202842963
20.000000000000000	0.481936932362204	0.628275076944113	0.040412499707866
20.000000000000000	0.442055628970781	0.654378810720083	0.040753341120571
20.000000000000000	0.400593672367250	0.677907314602557	0.040937354633006
20.000000000000000	0.357718015217116	0.698765847610639	0.040963799287702
20.000000000000000	0.313601302659025	0.716870419793793	0.040832568601369
20.000000000000000	0.268421177123731	0.732148130429735	0.040544190993663
20.000000000000000	0.222359563030720	0.744537461569906	0.040099827659430
20.000000000000000	0.175601934242785	0.753988525750542	0.039501267892981
20.000000000000000	0.128336567228242	0.760463266871882	0.038750921883239
20.000000000000000	0.080753782938041	0.763935613436650	0.037851811008753
20.000000000000000	0.033045180450471	0.764391583530773	0.036807555671680
20.000000000000000	-0.014597134530704	0.761829341123613	0.035622360719700
20.000000000000000	-0.061981323218112	0.756259203461016	0.034300998514576
20.000000000000000	-0.108916586207864	0.747703599521405	0.032848789715542
20.000000000000000	-0.155213931761409	0.736196979702196	0.031271581854884
20.000000000000000	-0.200686936808562	0.721785677100213	0.029575725791990
20.000000000000000	-0.245152497607413	0.704527720944654	0.027768050140685
20.000000000000000	-0.288431567038466	0.684492602933870	0.025855833772809
20.000000000000000	-0.330349875564201	0.661760997416818	0.023846776508769
20.000000000000000	-0.370738632950990	0.636424436545940	0.021748968113084
20.000000000000000	-0.409435207927798	0.608584941709479	0.019570855719755
20.000000000000000	-0.446283783044907	0.578354612727367	0.017321209818638
20.000000000000000	-0.481135982095796	0.545855176464808	0.015009088939780
20.000000000000000	-0.513851467575753	0.511217496681157	0.012643803177910
20.000000000000000	-0.544298505771477	0.474581047087751	0.010234876703978
20.000000000000000	-0.572354497206248	0.436093349736495	0.007792009414680
20.000000000000000	-0.597906470304743	0.395909381000631	0.005325037874395
20.000000000000000	-0.620851536289706	0.354190947539575	0.002843895706814
20.000000000000000	-0.641097303478732	0.311106034760615	0.000358573595740
20.000000000000000	-0.658562249312970	0.266828130400959	-0.002120920943862
20.000000000000000	-0.673176048619687	0.221535525953854	-0.004584603862605
20.000000000000000	-0.684879856786927	0.175410598751666	-0.007022554778916
20.000000000000000	-0.693626546709984	0.128639077596732	-0.009424956924914
20.000000000000000	-0.699380898555630	0.081409294897026	-0.011782136675072
20.000000000000000	-0.702119741579943	0.033911428318023	-0.014084602498486
20.000000000000000	-0.701832047428723	-0.013663264995640	-0.016323083177926
20.000000000000000	-0.698518974544777	-0.061123218545181	-0.018488565141756
20.000000000000000	-0.692193863503279	-0.108277327848350	-0.020572328758398
20.000000000000000	-0.682882183293987	-0.154935719949732	-0.022565983447222
20.000000000000000	-0.670621428766602	-0.200910517972124	-0.024461501464442


21.000000000000000	nan	nan	nan
21.000000000000000	nan	nan	nan
21.000000000000000	nan	nan	nan
21.000000000000000	nan	nan	nan
21.000000000000000	nan	nan	nan
21.000000000000000	nan	nan	nan
21.000000000000000	nan	nan	nan
21.000000000000000	nan	nan	nan
21.000000000000000	nan	nan	nan
21.000000000000000	nan	nan	nan
21.000000000000000	nan	nan	nan
21.000000000000000	nan	nan	nan
21.000000000000000	nan	nan	nan
21.000000000000000	nan	nan	nan
21.000000000000000	nan	nan	nan
21.000000000000000	nan	nan	nan
21.000000000000000	nan	nan	nan
21.000000000000000	nan	nan	nan
21.000000000000000	nan	nan	nan
21.000000000000000	nan	nan	nan
21.000000000000000	nan	nan	nan
21.000000000000000	nan	nan	nan
21.000000000000000	nan	nan	nan
21.000000000000000	nan	nan	nan
21.000000000000000	nan	nan	nan
21.000000000000000	nan	nan	nan
21.000000000000000	nan	nan	nan
21.000000000000000	nan	nan	nan
21.000000000000000	nan	nan	nan
21.000000000000000	nan	nan	nan
21.000000000000000	nan	nan	nan
21.000000000000000	nan	nan	nan
21.000000000000000	nan	nan	nan
21.000000000000000	nan	nan	nan
21.000000000000000	nan	nan	nan
21.000000000000000	nan	nan	nan
21.000000000000000	nan	nan	nan
21.000000000000000	nan	nan	nan
21.000000000000000	nan	nan	nan
21.000000000000000	nan	nan	nan
21.000000000000000	nan	nan	nan
21.000000000000000	nan	nan	nan
21.000000000000000	nan	nan	nan
21.000000000000000	nan	nan	nan
21.000000000000000	nan	nan	nan
21.000000000000000	nan	nan	nan
21.000000000000000	nan	nan	nan
21.000000000000000	nan	nan	nan
21.000000000000000	nan	nan	nan
21.000000000000000	nan	nan	nan
21.000000000000000	nan	nan	nan
21.000000000000000	nan	nan	nan
21.000000000000000	nan	nan	nan
21.000000000000000	nan	nan	nan
21.000000000000000	nan	nan	nan
21.000000000000000	nan	nan	nan
21.000000000000000	nan	nan	nan
21.000000000000000	nan	nan	nan
21.000000000000000	nan	nan	nan
21.000000000000000	nan	nan	nan
21.000000000000000	nan	nan	nan
21.000000000000000	nan	nan	nan
21.000000000000000	nan	nan	nan
21.000000000000000	nan	nan	nan
21.000000000000000	nan	nan	nan
21.000000000000000	nan	nan	nan
21.000000000000000	nan	nan	nan
21.000000000000000	nan	nan	nan
21.000000000000000	nan	nan	nan
21.000000000000000	nan	nan	nan
21.000000000000000	nan	nan	nan
21.000000000000000	nan	nan	nan
21.000000000000000	nan	nan	nan
21.000000000000000	nan	nan	nan
21.000000000000000	nan	nan	nan
21.000000000000000	nan	nan	nan
21.000000000000000	nan	nan	nan
21.000000000000000	nan	nan	nan
21.000000000000000	nan	nan	nan
21.000000000000000	nan	nan	nan
21.000000000000000	nan	nan	nan
21.000000000000000	nan	nan	nan
21.000000000000000	nan	nan	nan
21.000000000000000	nan	nan	nan
21.000000000000000	nan	nan	nan
21.000000000000000	nan	nan	nan
21.000000000000000	nan	nan	nan
21.000000000000000	nan	nan	nan
21.000000000000000	nan	nan	nan
21.000000000000000	nan	nan	nan
21.000000000000000	nan	nan	nan
21.000000000000000	nan	nan	nan
21.000000000000000	nan	nan	nan
21.000000000000000	nan	nan	nan
21.000000000000000	nan	nan	nan
21.000000000000000	nan	nan	nan
21.000000000000000	nan	nan	nan
21.000000000000000	nan	nan	nan
21.000000000000000	nan	nan	nan
21.000000000000000	nan	nan	nan


22.000000000000000	-1.561081662684528	-0.180736209255511	-0.062067045412157
22.000000000000000	-1.545345847246320	-0.286089582315555	-0.065201884642668
22.000000000000000	-1.522946679697619	-0.390239940602605	-0.068056653534629
22.000000000000000	-1.493974353580498	-0.492767907383058	-0.070619856941284
22.000000000000000	-1.458545530226627	-0.593260638721297	-0.072881173747183
22.000000000000000	-1.416802869003272	-0.691313485856505	-0.074831498427665
22.000000000000000	-1.368914452874366	-0.786531624580412	-0.076462977713596
22.000000000000000	-1.315073111589741	-0.878531645055023	-0.077769042213714
22.000000000000000	-1.255495645227787	-0.966943095668723	-0.078744432867243
22.000000000000000	-1.190421951218045	-1.051409974714160	-0.079385222120279
22.000000000000000	-1.120114058358940	-1.131592163881477	-0.079688829740663
22.000000000000000	-1.044855071720281	-1.207166797794701	-0.079654033207665
22.000000000000000	-0.964948032679072	-1.277829564076659	-0.079280972634641
22.000000000000000	-0.880714698678841	-1.343295928707518	-0.078571150204850
22.000000000000000	-0.792494247625977	-1.403302281742854	-0.077527424122689
22.000000000000000	-0.700641912140010	-1.457606998777863	-0.076153997104713
22.000000000000000	-0.605527549157234	-1.505991413883556	-0.074456399456783
22.000000000000000	-0.507534150647357	-1.548260700097279	-0.072441466805470
22.000000000000000	-0.407056301440021	-1.584244653922132	-0.070117312573402
22.000000000000000	-0.304498590370952	-1.613798380676375	-0.067493295309377
22.000000000000000	-0.200273981145520	-1.636802877933171	-0.064579981004786
22.000000000000000	-0.094802149479649	-1.653165514701361	-0.061389100548098
22.000000000000000	0.011492206786166	-1.662820404417771	-0.057933502488710
22.000000000000000	0.118181077795176	-1.665728670249146	-0.054227101300375
22.000000000000000	0.224834865118999	-1.661878601635437	-0.050284821352529
22.000000000000000	0.331024111598871	-1.651285701444094	-0.046122536815117
22.000000000000000	0.436321230618051	-1.633992623545489	-0.041757007738920
22.000000000000000	0.540302227842210	-1.610069001060835	-0.037205812568740
22.000000000000000	0.642548408494973	-1.579611165974186	-0.032487277361214
22.000000000000000	0.742648063294002	-1.542741761237532	-0.027620401992242
22.000000000000000	0.840198126258971	-1.499609246930921	-0.022624783651204
22.000000000000000	0.934805797716008	-1.450387302466112	-0.017520537929986
22.000000000000000	1.026090125963343	-1.395274127240889	-0.012328217824595
22.000000000000000	1.113683541229358	-1.334491642560030	-0.007068730975499
22.000000000000000	1.197233335746328	-1.268284598036546	-0.001763255479937
22.000000000000000	1.276403083980113	-1.196919586071370	0.003566845384806
22.000000000000000	1.350873997297043	-1.120683968379849	0.008900109183773
22.000000000000000	1.420346207613237	-1.039884718887540	0.014215060745989
22.000000000000000	1.484539974857535	-0.954847187654558	0.019490298637390
22.000000000000000	1.543196813386034	-0.865913790805710	0.024704581336851
22.000000000000000	1.596080532812546	-0.773442631741621	0.029836912768289
22.000000000000000	1.642978189063920	-0.677806059182719	0.034866626844456
22.000000000000000	1.683700941830665	-0.579389167852369	0.039773470681971
22.000000000000000	1.718084814960235	-0.478588247836327	0.044537686152541
22.000000000000000	1.745991356731107	-0.375809188862445	0.049140089441967
22.000000000000000	1.767308197349012	-0.271465845925979	0.053562148296592
22.000000000000000	1.781949501420428	-0.165978372841603	0.057786056646145
22.000000000000000	1.789856313581415	-0.059771530432281	0.061794806302507
22.000000000000000	1.790996795890062	0.046727023832649	0.065572255445672
22.000000000000000	1.785366356026637	0.153088457863160	0.069103193621171
22.000000000000000	1.772987665785243	0.258884491704020	0.072373402987191
22.000000000000000	1.753910569782499	0.363689122067000	0.075369715564816
22.000000000000000	1.728211884750867	0.467080337695772	0.078080066260827
22.000000000000000	1.695995090224777	0.568641818656282	0.080493541449570
22.000000000000000	1.657389911865071	0.667964612710196	0.082600422918284
22.000000000000000	1.612551799099545	0.764648782021218	0.084392226998903
22.000000000000000	1.561661299182973	0.858305013563609	0.085861738728801
22.000000000000000	1.504923330197035	0.948556186748331	0.087003040902897
22.000000000000000	1.442566355917524	1.035038891954558	0.087811537900151
22.000000000000000	1.374841465871359	1.117404893851957	0.088283974188509
22.000000000000000	1.302021364287677	1.195322533621453	0.088418447433781
22.000000000000000	1.224399272014156	1.268478064428241	0.088214416159671
22.000000000000000	1.142287745820145	1.336576914769551	0.087672701928108
22.000000000000000	1.056017419840878	1.399344874610122	0.086795486031106
22.000000000000000	0.965935674230499	1.456529199529238	0.085586300707477
22.000000000000000	0.872405236384790	1.507899628433299	0.084050014919743
22.000000000000000	0.775802720365969	1.553249310735983	0.082192814748549
22.000000000000000	0.676517110410791	1.592395639272543	0.080022178483497
22.000000000000000	0.574948194628307	1.625180985594416	0.077546846510715
22.000000000000000	0.471504955194255	1.651473334683348	0.074776786118404
22.000000000000000	0.366603921524190	1.671166816529279	0.071723151362087
22.000000000000000	0.260667493056537	1.684182132431505	0.068398238151167
22.000000000000000	0.154122238399132	1.690466874306564	0.064815434737638
22.000000000000000	0.047397177687996	1.689995735717085	0.060989167806317
22.000000000000000	-0.059077944925333	1.682770613771883	0.056934844383680
22.000000000000000	-0.164874391701820	1.668820601486970	0.052668789799201
22.000000000000000	-0.269566157690494	1.648201870638246	0.048208181949015
22.000000000000000	-0.372731686100025	1.620997445577587	0.043570982126591
22.000000000000000	-0.473955565759140	1.587316868923080	0.038775862698942
22.000000000000000	-0.572830203830786	1.547295760469563	0.033842131919597
22.000000000000000	-0.668957467044637	1.501095271095577	0.028789656181074
22.000000000000000	-0.761950284839252	1.448901433865656	0.023638780019933
22.000000000000000	-0.851434207958604	1.390924414940837	0.018410244196505
22.000000000000000	-0.937048916227085	1.327397667313702	0.013125102179172
22.000000000000000	-1.018449669431677	1.258576990775575	0.007804635369479
22.000000000000000	-1.095308695469115	1.184739501901045	0.002470267409443
22.000000000000000	-1.167316510168458	1.106182518197330	-0.002856522083892
22.000000000000000	-1.234183163474621	1.023222360911608	-0.008154284009294
22.000000000000000	-1.295639406974911	0.936193081316996	-0.013401686149301
22.000000000000000	-1.351437778067349	0.845445115605978	-0.018577599067533
22.000000000000000	-1.401353596405233	0.751343873807547	-0.023661181189475
22.000000000000000	-1.445185868605594	0.654268268409978	-0.028631962724141
22.000000000000000	-1.482758097578609	0.554609188613974	-0.033469928088697
22.000000000000000	-1.513918993219087	0.452767926359823	-0.038155596504149
22.000000000000000	-1.538543081598328	0.349154560466387	-0.042670100437565
22.000000000000000	-1.556531210203346	0.244186305388423	-0.046995261574973
22.000000000000000	-1.567810947189049	0.138285831241239	-0.051113664019010
22.000000000000000	-1.572336873035707	0.031879561857316	-0.055008724416599
22.000000000000000	-1.570090763437332	-0.074604042271969	-0.058664758734255
22.000000000000000	-1.561081662684528	-0.180736209255511	-0.062067045412157


23.000000000000000	nan	nan	nan
23.000000000000000	nan	nan	nan
23.000000000000000	nan	nan	nan
23.000000000000000	nan	nan	nan
23.000000000000000	nan	nan	nan
23.000000000000000	nan	nan	nan
23.000000000000000	nan	nan	nan
23.000000000000000	nan	nan	nan
23.000000000000000	nan	nan	nan
23.000000000000000	nan	nan	nan
23.000000000000000	nan	nan	nan
23.000000000000000	nan	nan	nan
23.000000000000000	nan	nan	nan
23.000000000000000	nan	nan	nan
23.000000000000000	nan	nan	nan
23.000000000000000	nan	nan	nan
23.000000000000000	nan	nan	nan
23.000000000000000	nan	nan	nan
23.000000000000000	nan	nan	nan
23.000000000000000	nan	nan	nan
23.000000000000000	nan	nan	nan
23.000000000000000	nan	nan	nan
23.000000000000000	nan	nan	nan
23.000000000000000	nan	nan	nan
23.000000000000000	nan	nan	nan
23.000000000000000	nan	nan	nan
23.000000000000000	nan	nan	nan
23.000000000000000	nan	nan	nan
23.000000000000000	nan	nan	nan
23.000000000000000	nan	nan	nan
23.000000000000000	nan	nan	nan
23.000000000000000	nan	nan	nan
23.000000000000000	nan	nan	nan
23.000000000000000	nan	nan	nan
23.000000000000000	nan	nan	nan
23.000000000000000	nan	nan	nan
23.000000000000000	nan	nan	nan
23.000000000000000	nan	nan	nan
23.000000000000000	nan	nan	nan
23.000000000000000	nan	nan	nan
23.000000000000000	nan	nan	nan
23.000000000000000	nan	nan	nan
23.000000000000000	nan	nan	nan
23.000000000000000	nan	nan	nan
23.000000000000000	nan	nan	nan
23.000000000000000	nan	nan	nan
23.000000000000000	nan	nan	nan
23.000000000000000	nan	nan	nan
23.000000000000000	nan	nan	nan
23.000000000000000	nan	nan	nan
23.000000000000000	nan	nan	nan
23.000000000000000	nan	nan	nan
23.000000000000000	nan	nan	nan
23.000000000000000	nan	nan	nan
23.000000000000000	nan	nan	nan
23.000000000000000	nan	nan	nan
23.000000000000000	nan	nan	nan
23.000000000000000	nan	nan	nan
23.000000000000000	nan	nan	nan
23.000000000000000	nan	nan	nan
23.000000000000000	nan	nan	nan
23.000000000000000	nan	nan	nan
23.000000000000000	nan	nan	nan
23.000000000000000	nan	nan	nan
23.000000000000000	nan	nan	nan
23.000000000000000	nan	nan	nan
23.000000000000000	nan	nan	nan
23.000000000000000	nan	nan	nan
23.000000000000000	nan	nan	nan
23.000000000000000	nan	nan	nan
23.000000000000000	nan	nan	nan
23.000000000000000	nan	nan	nan
23.000000000000000	nan	nan	nan
23.000000000000000	nan	nan	nan
23.000000000000000	nan	nan	nan
23.000000000000000	nan	nan	nan
23.000000000000000	nan	nan	nan
23.000000000000000	nan	nan	nan
23.000000000000000	nan	nan	nan
23.000000000000000	nan	nan	nan
23.000000000000000	nan	nan	nan
23.000000000000000	nan	nan	nan
23.000000000000000	nan	nan	nan
23.000000000000000	nan	nan	nan
23.000000000000000	nan	nan	nan
23.000000000000000	nan	nan	nan
23.000000000000000	nan	nan	nan
23.000000000000000	nan	nan	nan
23.000000000000000	nan	nan	nan
23.000000000000000	nan	nan	nan
23.000000000000000	nan	nan	nan
23.000000000000000	nan	nan	nan
23.000000000000000	nan	nan	nan
23.000000000000000	nan	nan	nan
23.000000000000000	nan	nan	nan
23.000000000000000	nan	nan	nan
23.000000000000000	nan	nan	nan
23.000000000000000	nan	nan	nan
23.000000000000000	nan	nan	nan
23.000000000000000	nan	nan	nan


24.000000000000000	nan	nan	nan
24.000000000000000	nan	nan	nan
24.000000000000000	nan	nan	nan
24.000000000000000	nan	nan	nan
24.000000000000000	nan	nan	nan
24.000000000000000	nan	nan	nan
24.000000000000000	nan	nan	nan
24.000000000000000	nan	nan	nan
24.000000000000000	nan	nan	nan
24.000000000000000	nan	nan	nan
24.000000000000000	nan	nan	nan
24.000000000000000	nan	nan	nan
24.000000000000000	nan	nan	nan
24.000000000000000	nan	nan	nan
24.000000000000000	nan	nan	nan
24.000000000000000	nan	nan	nan
24.000000000000000	nan	nan	nan
24.000000000000000	nan	nan	nan
24.000000000000000	nan	nan	nan
24.000000000000000	nan	nan	nan
24.000000000000000	nan	nan	nan
24.000000000000000	nan	nan	nan
24.000000000000000	nan	nan	nan
24.000000000000000	nan	nan	nan
24.000000000000000	nan	nan	nan
24.000000000000000	nan	nan	nan
24.000000000000000	nan	nan	nan
24.000000000000000	nan	nan	nan
24.000000000000000	nan	nan	nan
24.000000000000000	nan	nan	nan
24.000000000000000	nan	nan	nan
24.000000000000000	nan	nan	nan
24.000000000000000	nan	nan	nan
24.000000000000000	nan	nan	nan
24.000000000000000	nan	nan	nan
24.000000000000000	nan	nan	nan
24.000000000000000	nan	nan	nan
24.000000000000000	nan	nan	nan
24.000000000000000	nan	nan	nan
24.000000000000000	nan	nan	nan
24.000000000000000	nan	nan	nan
24.000000000000000	nan	nan	nan
24.000000000000000	nan	nan	nan
24.000000000000000	nan	nan	nan
24.000000000000000	nan	nan	nan
24.000000000000000	nan	nan	nan
24.000000000000000	nan	nan	nan
24.000000000000000	nan	nan	nan
24.000000000000000	nan	nan	nan
24.000000000000000	nan	nan	nan
24.000000000000000	nan	nan	nan
24.000000000000000	nan	nan	nan
24.000000000000000	nan	nan	nan
24.000000000000000	nan	nan	nan
24.000000000000000	nan	nan	nan
24.000000000000000	nan	nan	nan
24.000000000000000	nan	nan	nan
24.000000000000000	nan	nan	nan
24.000000000000000	nan	nan	nan
24.000000000000000	nan	nan	nan
24.000000000000000	nan	nan	nan
24.000000000000000	nan	nan	nan
24.000000000000000	nan	nan	nan
24.000000000000000	nan	nan	nan
24.000000000000000	nan	nan	nan
24.000000000000000	nan	nan	nan
24.000000000000000	nan	nan	nan
24.000000000000000	nan	nan	nan
24.000000000000000	nan	nan	nan
24.000000000000000	nan	nan	nan
24.000000000000000	nan	nan	nan
24.000000000000000	nan	nan	nan
24.000000000000000	nan	nan	nan
24.000000000000000	nan	nan	nan
24.000000000000000	nan	nan	nan
24.000000000000000	nan	nan	nan
24.000000000000000	nan	nan	nan
24.000000000000000	nan	nan	nan
24.000000000000000	nan	nan	nan
24.000000000000000	nan	nan	nan
24.000000000000000	nan	nan	nan
24.000000000000000	nan	nan	nan
24.000000000000000	nan	nan	nan
24.000000000000000	nan	nan	nan
24.000000000000000	nan	nan	nan
24.000000000000000	nan	nan	nan
24.000000000000000	nan	nan	nan
24.000000000000000	nan	nan	nan
24.000000000000000	nan	nan	nan
24.000000000000000	nan	nan	nan
24.000000000000000	nan	nan	nan
24.000000000000000	nan	nan	nan
24.000000000000000	nan	nan	nan
24.000000000000000	nan	nan	nan
24.000000000000000	nan	nan	nan
24.000000000000000	nan	nan	nan
24.000000000000000	nan	nan	nan
24.000000000000000	nan	nan	nan
24.000000000000000	nan	nan	nan
24.000000000000000	nan	nan	nan


25.000000000000000	-0.721398572995085	-0.876297044245004	0.039017793519606
25.000000000000000	-0.662276721741370	-0.921866745013269	0.039691542152145
25.000000000000000	-0.600382205359978	-0.963595762178714	0.040199738643358
25.000000000000000	-0.535964251223092	-1.001316067717213	0.040540336665341
25.000000000000000	-0.469282247696106	-1.034875775271507	0.040711964750069
25.000000000000000	-0.400604699672227	-1.064139751743964	0.040713931811822
25.000000000000000	-0.330208147398032	-1.088990161429870	0.040546229929936
25.000000000000000	-0.258376052943507	-1.109326940500216	0.040209534380700
25.000000000000000	-0.185397658800328	-1.125068199923424	0.039705200918256
25.000000000000000	-0.111566823204442	-1.136150555203578	0.039035260315456
25.000000000000000	-0.037180836872660	-1.142529381607412	0.038202410186656
25.000000000000000	0.037460774082131	-1.144178993852365	0.037210004125375
25.000000000000000	0.112057454236907	-1.141092749532147	0.036062038200560
25.000000000000000	0.186308829089118	-1.133283075863365	0.034763134865820
25.000000000000000	0.259915914558796	-1.120781419645507	0.033318524346447
25.000000000000000	0.332582320891914	-1.103638120635781	0.031734023579135
25.000000000000000	0.404015446117326	-1.081922208848679	0.030016012789233
25.000000000000000	0.473927654251624	-1.055721126596471	0.028171409799833
25.000000000000000	0.542037433507731	-1.025140376389878	0.026207642176131
25.000000000000000	0.608070529843504	-0.990303096116698	0.024132617317249
25.000000000000000	0.671761051285968	-0.951349563208989	0.021954690615925
25.000000000000000	0.732852538584449	-0.908436629795363	0.019682631814300
25.000000000000000	0.791098997881454	-0.861737091112826	0.017325589691261
25.000000000000000	0.846265891243119	-0.811438989721340	0.014893055223532
25.000000000000000	0.898131081060688	-0.757744858322808	0.012394823368867
25.000000000000000	0.946485724520262	-0.700870904233362	0.009840953625211
25.000000000000000	0.991135114539099	-0.641046138792813	0.007241729524647
25.000000000000000	1.031899463782316	-0.578511455216811	0.004607617225250
25.000000000000000	1.068614628603035	-0.513518658604891	0.001949223367554
25.000000000000000	1.101132769990911	-0.446329452010206	-0.000722747634637
25.000000000000000	1.129322948867651	-0.377214382653701	-0.003397536697155
25.000000000000000	1.153071653332465	-0.306451752525942	-0.006064373388494
25.000000000000000	1.172283255734432	-0.234326497763223	-0.008712519298541
25.000000000000000	1.186880397731294	-0.161129041310315	-0.011331311278365
25.000000000000000	1.196804301784200	-0.087154123489768	-0.013910204376947
25.000000000000000	1.202015007834108	-0.012699615186658	-0.016438814301985
25.000000000000000	1.202491534206843	0.061934681572332	-0.018906959233767
25.000000000000000	1.198231962098888	0.136448240815864	-0.021304700823770
25.000000000000000	1.189253443303733	0.210541022739961	-0.023622384212879
25.000000000000000	1.175592131147652	0.283914681862400	-0.025850676908097
25.000000000000000	1.157303034913025	0.356273768354670	-0.027980606361202
25.000000000000000	1.134459798335365	0.427326917714157	-0.030003596098034
25.000000000000000	1.107154403065992	0.496788023986155	-0.031911500252922
25.000000000000000	1.075496798294388	0.564377391811572	-0.033696636369218
25.000000000000000	1.039614458021612	0.629822862661422	-0.035351816333835
25.000000000000000	0.999651867767495	0.692860910723163	-0.036870375321240
25.000000000000000	0.955769942778444	0.753237704026136	-0.038246198630357
25.000000000000000	0.908145380078536	0.810710126533324	-0.039473746306309
25.000000000000000	0.856969946972972	0.865046757083824	-0.040548075447859
25.000000000000000	0.802449708868819	0.916028801244184	-0.041464860110733
25.000000000000000	0.744804199522342	0.963450972316364	-0.042220408726666
25.000000000000000	0.684265537054057	1.007122317954817	-0.042811678968049
25.000000000000000	0.621077489290980	1.046866989064188	-0.043236289998304
25.000000000000000	0.555494492199625	1.082524947881550	-0.043492532058677
25.000000000000000	0.487780625362169	1.113952612392003	-0.043579373352829
25.000000000000000	0.418208548621179	1.141023434482759	-0.043496464201518
25.000000000000000	0.347058404174660	1.163628409507740	-0.043244138450636
25.000000000000000	0.274616688542298	1.181676515210802	-0.042823412126924
25.000000000000000	0.201175098945092	1.195095078240247	-0.042235979346794
25.000000000000000	0.127029358743599	1.203830066778753	-0.041484205494722
25.000000000000000	0.052478026664334	1.207846308110436	-0.040571117698676
25.000000000000000	-0.022178705390849	1.207127630248960	-0.039500392640942
25.000000000000000	-0.096640221111593	1.201676927056421	-0.038276341753422
25.000000000000000	-0.170606690254816	1.191516146590783	-0.036903893857018
25.000000000000000	-0.243780275955284	1.176686202728797	-0.035388575315014
25.000000000000000	-0.315866334009543	1.157246810420258	-0.033736487780354
25.000000000000000	-0.386574599304132	1.133276245236982	-0.031954283626447
25.000000000000000	-0.455620354610753	1.104871028184700	-0.030049139160404
25.000000000000000	-0.522725577042053	1.072145537047036	-0.028028725726579
25.000000000000000	-0.587620057551674	1.035231545826544	-0.025901178816779
25.000000000000000	-0.650042488970705	0.994277694137306	-0.023675065311505
25.000000000000000	-0.709741518199429	0.949448888685667	-0.021359348984149
25.000000000000000	-0.766476758317543	0.900925639249135	-0.018963354407045
25.000000000000000	-0.820019756537441	0.848903331827210	-0.016496729404703
25.000000000000000	-0.870154914102960	0.793591441890931	-0.013969406205428
25.000000000000000	-0.916680354429473	0.735212690899087	-0.011391561447739
25.000000000000000	-0.959408735989650	0.674002149477504	-0.008773575202643
25.000000000000000	-0.998168006671666	0.610206290872608	-0.006125989176746
25.000000000000000	-1.032802096572325	0.544081998490648	-0.003459464264525
25.000000000000000	-1.063171546435485	0.475895531518893	-0.000784737620669
25.000000000000000	-1.089154069205255	0.405921452793847	0.001887420574656
25.000000000000000	-1.110645042432810	0.334441523233620	0.004546250483519
25.000000000000000	-1.127557929554068	0.261743567286159	0.007181045936294
25.000000000000000	-1.139824628341889	0.188120313961771	0.009781197541628
25.000000000000000	-1.147395745129711	0.113868218116725	0.012336235406712
25.000000000000000	-1.150240793702407	0.039286266734174	0.014835871295850
25.000000000000000	-1.148348318053517	-0.035325224990898	0.017270040057546
25.000000000000000	-1.141725938514541	-0.109665822914975	0.019628940153322
25.000000000000000	-1.130400321070556	-0.183436183688269	0.021903073125052
25.000000000000000	-1.114417069985702	-0.256339260104736	0.024083281841898
25.000000000000000	-1.093840544170909	-0.328081497206330	0.026160787372850
25.000000000000000	-1.068753598033277	-0.398374014325221	0.028127224336378
25.000000000000000	-1.039257247850621	-0.466933768304276	0.029974674584869
25.000000000000000	-1.005470265014573	-0.533484693211961	0.031695699088221
25.000000000000000	-0.967528697780109	-0.597758811962405	0.033283367888182
25.000000000000000	-0.925585323447242	-0.659497315364551	0.034731288002853
25.000000000000000	-0.879809033180758	-0.718451604255418	0.036033629168967
25.000000000000000	-0.830384151945104	-0.774384290521191	0.037185147318302
25.000000000000000	-0.777509696292813	-0.827070152975372	0.038181205693690
25.000000000000000	-0.721398572995085	-0.876297044245004	0.039017793519606


