# n	x	y	z
1.000000000000000	-0.111963830972030	-0.459165695228944	0.010144639183583
1.000000000000000	-0.081810682764502	-0.465538484692860	0.008870377038951
1.000000000000000	-0.051315184221558	-0.469983698705465	0.007559225694346
1.000000000000000	-0.020600129952633	-0.472483437958839	0.006216464693471
1.000000000000000	0.010210801359418	-0.473027636885278	0.004847500860957
1.000000000000000	0.040993544968727	-0.471614104187775	0.003457846530990
1.000000000000000	0.071624149631359	-0.468248531663606	0.002053097351087
1.000000000000000	0.101979276713217	-0.462944471285468	0.000638909750398
1.000000000000000	0.131936696831195	-0.455723280632469	-0.000779021836738
1.000000000000000	0.161375782027764	-0.446614036890694	-0.002194987900269
1.000000000000000	0.190177991497178	-0.435653419769640	-0.003603286844613
1.000000000000000	0.218227348907465	-0.422885563805973	-0.004998247946974
1.000000000000000	0.245410909396179	-0.408361880649323	-0.006374254191333
1.000000000000000	0.271619214359500	-0.392140852045718	-0.007725764886198
1.000000000000000	0.296746732203399	-0.374287794352234	-0.009047337975008
1.000000000000000	0.320692283282119	-0.354874595531077	-0.010333651949375
1.000000000000000	0.343359447312900	-0.333979425682133	-0.011579527276921
1.000000000000000	0.364656951626424	-0.311686422279562	-0.012779947257426
1.000000000000000	0.384499038689642	-0.288085351379892	-0.013930078223309
1.000000000000000	0.402805811421091	-0.263271246165783	-0.015025289003102
1.000000000000000	0.419503554908242	-0.237344024280949	-0.016061169569542
1.000000000000000	0.434525033231438	-0.210408085497069	-0.017033548797197
1.000000000000000	0.447809760199209	-0.182571891332754	-0.017938511258111
1.000000000000000	0.459304242904817	-0.153947528317292	-0.018772412987856
1.000000000000000	0.468962197123312	-0.124650256657756	-0.019531896158486
1.000000000000000	0.476744733681771	-0.094798046126830	-0.020213902599328
1.000000000000000	0.482620515052271	-0.064511101040169	-0.020815686111154
1.000000000000000	0.486565881537053	-0.033911376236050	-0.021334823524158
1.000000000000000	0.488564946537777	-0.003122086006276	-0.021769224455204
1.000000000000000	0.488609660525240	0.027732792044285	-0.022117139725063
1.000000000000000	0.486699843451999	0.058529016211762	-0.022377168401736
1.000000000000000	0.482843185477347	0.089142580970766	-0.022548263441519
1.000000000000000	0.477055216001767	0.119450216300881	-0.022629735905072
1.000000000000000	0.469359241135507	0.149329884051523	-0.022621257731542
1.000000000000000	0.459786249853109	0.178661269346503	-0.022522863059539
1.000000000000000	0.448374789211739	0.207326265049567	-0.022334948089681
1.000000000000000	0.435170809135796	0.235209447340150	-0.022058269489227
1.000000000000000	0.420227477392782	0.262198540484365	-0.021693941345250
1.000000000000000	0.403604965505472	0.288184868929752	-0.021243430678598
1.000000000000000	0.385370206462424	0.313063794903373	-0.020708551536721
1.000000000000000	0.365596625202459	0.336735139751195	-0.020091457689141
1.000000000000000	0.344363842958349	0.359103587322170	-0.019394633954982
1.000000000000000	0.321757356650213	0.380079067772733	-0.018620886197483
1.000000000000000	0.297868194619595	0.399577120246275	-0.017773330025773
1.000000000000000	0.272792550090461	0.417519232967201	-0.016855378249417
1.000000000000000	0.246631393833039	0.433833159380140	-0.015870727136231
1.000000000000000	0.219490067590159	0.448453209061328	-0.014823341528724
1.000000000000000	0.191477859903240	0.461320512230752	-0.013717438879067
1.000000000000000	0.162707566045902	0.472383256799984	-0.012557472266910
1.000000000000000	0.133295033837214	0.481596897001171	-0.011348112468397
1.000000000000000	0.103358697163409	0.488924332757119	-0.010094229148600
1.000000000000000	0.073019099086430	0.494336059070212	-0.008800871253098
1.000000000000000	0.042398406459560	0.497810284828622	-0.007473246677653
1.000000000000000	0.011619918004625	0.499333020551426	-0.006116701297855
1.000000000000000	-0.019192432168442	0.498898134719309	-0.004736697443162
1.000000000000000	-0.049914573600521	0.496507378464027	-0.003338791902035
1.000000000000000	-0.080422799071255	0.492170378517216	-0.001928613546705
1.000000000000000	-0.110594262724359	0.485904598446946	-0.000511840667695
1.000000000000000	-0.140307474724534	0.477735268338091	0.000905821890651
1.000000000000000	-0.169442790454148	0.467695283199686	0.002318665701567
1.000000000000000	-0.197882892279886	0.455825070508333	0.003721001741680
1.000000000000000	-0.225513261949451	0.442172427421023	0.005107183298703
1.000000000000000	-0.252222641716153	0.426792328312852	0.006471628708749
1.000000000000000	-0.277903482334578	0.409746703414619	0.007808843831726
1.000000000000000	-0.302452376123451	0.391104189441642	0.009113444174294
1.000000000000000	-0.325770473351861	0.370939853217932	0.010380176571324
1.000000000000000	-0.347763880272247	0.349334889408583	0.011603940338539
1.000000000000000	-0.368344037197377	0.326376293577520	0.012779807811169
1.000000000000000	-0.387428075098951	0.302156511887061	0.013903044185915
1.000000000000000	-0.404939149291932	0.276773068849852	0.014969126586336
1.000000000000000	-0.420806748860970	0.250328174632075	0.015973762274874
1.000000000000000	-0.434966980582970	0.222928313489185	0.016912905938189
1.000000000000000	-0.447362826202553	0.194683814991395	0.017782775976215
1.000000000000000	-0.457944372024446	0.165708409765435	0.018579869729323
1.000000000000000	-0.466669009898315	0.136118771541461	0.019300977582300
1.000000000000000	-0.473501608786747	0.106034047349123	0.019943195888332
1.000000000000000	-0.478414656225543	0.075575377754528	0.020503938660967
1.000000000000000	-0.481388369106696	0.044865409069935	0.020980947986971
1.000000000000000	-0.482410773337988	0.014027799500345	0.021372303118145
1.000000000000000	-0.481477752058429	-0.016813278784447	0.021676428205502
1.000000000000000	-0.478593062215409	-0.047533639647355	0.021892098644656
1.000000000000000	-0.473768319436791	-0.078009583037745	0.022018446006866
1.000000000000000	-0.467022951258884	-0.108118393087876	0.022054961535898
1.000000000000000	-0.458384118898603	-0.137738832246394	0.022001498196606
1.000000000000000	-0.447886607884842	-0.166751629459158	0.021858271266987
1.000000000000000	-0.435572687989421	-0.195039960431677	0.021625857471336
1.000000000000000	-0.421491943021638	-0.222489918039315	0.021305192657977
1.000000000000000	-0.405701071171767	-0.248990970991078	0.020897568030940
1.000000000000000	-0.388263656707459	-0.274436408900111	0.020404624950727
1.000000000000000	-0.369249913942332	-0.298723771968762	0.019828348325141
1.000000000000000	-0.348736404507723	-0.321755263558027	0.019171058616762
1.000000000000000	-0.326805729066006	-0.343438143980099	0.018435402499257
1.000000000000000	-0.303546194706893	-0.363685103928354	0.017624342200167
1.000000000000000	-0.279051459365938	-0.382414616041121	0.016741143573058
1.000000000000000	-0.253420154697095	-0.399551263183584	0.015789362947082
1.000000000000000	-0.226755488917858	-0.415026042125975	0.014772832806894
1.000000000000000	-0.199164831226190	-0.428776641395218	0.013695646360591
1.000000000000000	-0.170759279462667	-0.440747692181246	0.012562141057805
1.000000000000000	-0.141653212758676	-0.450890991287650	0.011376881124329
1.000000000000000	-0.111963830972031	-0.459165695228944	0.010144639183583


2.000000000000000	nan	nan	nan
2.000000000000000	nan	nan	nan
2.000000000000000	nan	nan	nan
2.000000000000000	nan	nan	nan
2.000000000000000	nan	nan	nan
2.000000000000000	nan	nan	nan
2.000000000000000	nan	nan	nan
2.000000000000000	nan	nan	nan
2.000000000000000	nan	nan	nan
2.000000000000000	nan	nan	nan
2.000000000000000	nan	nan	nan
2.000000000000000	nan	nan	nan
2.000000000000000	nan	nan	nan
2.000000000000000	nan	nan	nan
2.000000000000000	nan	nan	nan
2.000000000000000	nan	nan	nan
2.000000000000000	nan	nan	nan
2.000000000000000	nan	nan	nan
2.000000000000000	nan	nan	nan
2.000000000000000	nan	nan	nan
2.000000000000000	nan	nan	nan
2.000000000000000	nan	nan	nan
2.000000000000000	nan	nan	nan
2.000000000000000	nan	nan	nan
2.000000000000000	nan	nan	nan
2.000000000000000	nan	nan	nan
2.000000000000000	nan	nan	nan
2.000000000000000	nan	nan	nan
2.000000000000000	nan	nan	nan
2.000000000000000	nan	nan	nan
2.000000000000000	nan	nan	nan
2.000000000000000	nan	nan	nan
2.000000000000000	nan	nan	nan
2.000000000000000	nan	nan	nan
2.000000000000000	nan	nan	nan
2.000000000000000	nan	nan	nan
2.000000000000000	nan	nan	nan
2.000000000000000	nan	nan	nan
2.000000000000000	nan	nan	nan
2.000000000000000	nan	nan	nan
2.000000000000000	nan	nan	nan
2.000000000000000	nan	nan	nan
2.000000000000000	nan	nan	nan
2.000000000000000	nan	nan	nan
2.000000000000000	nan	nan	nan
2.000000000000000	nan	nan	nan
2.000000000000000	nan	nan	nan
2.000000000000000	nan	nan	nan
2.000000000000000	nan	nan	nan
2.000000000000000	nan	nan	nan
2.000000000000000	nan	nan	nan
2.000000000000000	nan	nan	nan
2.000000000000000	nan	nan	nan
2.000000000000000	nan	nan	nan
2.000000000000000	nan	nan	nan
2.000000000000000	nan	nan	nan
2.000000000000000	nan	nan	nan
2.000000000000000	nan	nan	nan
2.000000000000000	nan	nan	nan
2.000000000000000	nan	nan	nan
2.000000000000000	nan	nan	nan
2.000000000000000	nan	nan	nan
2.000000000000000	nan	nan	nan
2.000000000000000	nan	nan	nan
2.000000000000000	nan	nan	nan
2.000000000000000	nan	nan	nan
2.000000000000000	nan	nan	nan
2.000000000000000	nan	nan	nan
2.000000000000000	nan	nan	nan
2.000000000000000	nan	nan	nan
2.000000000000000	nan	nan	nan
2.000000000000000	nan	nan	nan
2.000000000000000	nan	nan	nan
2.000000000000000	nan	nan	nan
2.000000000000000	nan	nan	nan
2.000000000000000	nan	nan	nan
2.000000000000000	nan	nan	nan
2.000000000000000	nan	nan	nan
2.000000000000000	nan	nan	nan
2.000000000000000	nan	nan	nan
2.000000000000000	nan	nan	nan
2.000000000000000	nan	nan	nan
2.000000000000000	nan	nan	nan
2.000000000000000	nan	nan	nan
2.000000000000000	nan	nan	nan
2.000000000000000	nan	nan	nan
2.000000000000000	nan	nan	nan
2.000000000000000	nan	nan	nan
2.000000000000000	nan	nan	nan
2.000000000000000	nan	nan	nan
2.000000000000000	nan	nan	nan
2.000000000000000	nan	nan	nan
2.000000000000000	nan	nan	nan
2.000000000000000	nan	nan	nan
2.000000000000000	nan	nan	nan
2.000000000000000	nan	nan	nan
2.000000000000000	nan	nan	nan
2.000000000000000	nan	nan	nan
2.000000000000000	nan	nan	nan
2.000000000000000	nan	nan	nan


3.000000000000000	nan	nan	nan
3.000000000000000	nan	nan	nan
3.000000000000000	nan	nan	nan
3.000000000000000	nan	nan	nan
3.000000000000000	nan	nan	nan
3.000000000000000	nan	nan	nan
3.000000000000000	nan	nan	nan
3.000000000000000	nan	nan	nan
3.000000000000000	nan	nan	nan
3.000000000000000	nan	nan	nan
3.000000000000000	nan	nan	nan
3.000000000000000	nan	nan	nan
3.000000000000000	nan	nan	nan
3.000000000000000	nan	nan	nan
3.000000000000000	nan	nan	nan
3.000000000000000	nan	nan	nan
3.000000000000000	nan	nan	nan
3.000000000000000	nan	nan	nan
3.000000000000000	nan	nan	nan
3.000000000000000	nan	nan	nan
3.000000000000000	nan	nan	nan
3.000000000000000	nan	nan	nan
3.000000000000000	nan	nan	nan
3.000000000000000	nan	nan	nan
3.000000000000000	nan	nan	nan
3.000000000000000	nan	nan	nan
3.000000000000000	nan	nan	nan
3.000000000000000	nan	nan	nan
3.000000000000000	nan	nan	nan
3.000000000000000	nan	nan	nan
3.000000000000000	nan	nan	nan
3.000000000000000	nan	nan	nan
3.000000000000000	nan	nan	nan
3.000000000000000	nan	nan	nan
3.000000000000000	nan	nan	nan
3.000000000000000	nan	nan	nan
3.000000000000000	nan	nan	nan
3.000000000000000	nan	nan	nan
3.000000000000000	nan	nan	nan
3.000000000000000	nan	nan	nan
3.000000000000000	nan	nan	nan
3.000000000000000	nan	nan	nan
3.000000000000000	nan	nan	nan
3.000000000000000	nan	nan	nan
3.000000000000000	nan	nan	nan
3.000000000000000	nan	nan	nan
3.000000000000000	nan	nan	nan
3.000000000000000	nan	nan	nan
3.000000000000000	nan	nan	nan
3.000000000000000	nan	nan	nan
3.000000000000000	nan	nan	nan
3.000000000000000	nan	nan	nan
3.000000000000000	nan	nan	nan
3.000000000000000	nan	nan	nan
3.000000000000000	nan	nan	nan
3.000000000000000	nan	nan	nan
3.000000000000000	nan	nan	nan
3.000000000000000	nan	nan	nan
3.000000000000000	nan	nan	nan
3.000000000000000	nan	nan	nan
3.000000000000000	nan	nan	nan
3.000000000000000	nan	nan	nan
3.000000000000000	nan	nan	nan
3.000000000000000	nan	nan	nan
3.000000000000000	nan	nan	nan
3.000000000000000	nan	nan	nan
3.000000000000000	nan	nan	nan
3.000000000000000	nan	nan	nan
3.000000000000000	nan	nan	nan
3.000000000000000	nan	nan	nan
3.000000000000000	nan	nan	nan
3.000000000000000	nan	nan	nan
3.000000000000000	nan	nan	nan
3.000000000000000	nan	nan	nan
3.000000000000000	nan	nan	nan
3.000000000000000	nan	nan	nan
3.000000000000000	nan	nan	nan
3.000000000000000	nan	nan	nan
3.000000000000000	nan	nan	nan
3.000000000000000	nan	nan	nan
3.000000000000000	nan	nan	nan
3.000000000000000	nan	nan	nan
3.000000000000000	nan	nan	nan
3.000000000000000	nan	nan	nan
3.000000000000000	nan	nan	nan
3.000000000000000	nan	nan	nan
3.000000000000000	nan	nan	nan
3.000000000000000	nan	nan	nan
3.000000000000000	nan	nan	nan
3.000000000000000	nan	nan	nan
3.000000000000000	nan	nan	nan
3.000000000000000	nan	nan	nan
3.000000000000000	nan	nan	nan
3.000000000000000	nan	nan	nan
3.000000000000000	nan	nan	nan
3.000000000000000	nan	nan	nan
3.000000000000000	nan	nan	nan
3.000000000000000	nan	nan	nan
3.000000000000000	nan	nan	nan
3.000000000000000	nan	nan	nan


4.000000000000000	nan	nan	nan
4.000000000000000	nan	nan	nan
4.000000000000000	nan	nan	nan
4.000000000000000	nan	nan	nan
4.000000000000000	nan	nan	nan
4.000000000000000	nan	nan	nan
4.000000000000000	nan	nan	nan
4.000000000000000	nan	nan	nan
4.000000000000000	nan	nan	nan
4.000000000000000	nan	nan	nan
4.000000000000000	nan	nan	nan
4.000000000000000	nan	nan	nan
4.000000000000000	nan	nan	nan
4.000000000000000	nan	nan	nan
4.000000000000000	nan	nan	nan
4.000000000000000	nan	nan	nan
4.000000000000000	nan	nan	nan
4.000000000000000	nan	nan	nan
4.000000000000000	nan	nan	nan
4.000000000000000	nan	nan	nan
4.000000000000000	nan	nan	nan
4.000000000000000	nan	nan	nan
4.000000000000000	nan	nan	nan
4.000000000000000	nan	nan	nan
4.000000000000000	nan	nan	nan
4.000000000000000	nan	nan	nan
4.000000000000000	nan	nan	nan
4.000000000000000	nan	nan	nan
4.000000000000000	nan	nan	nan
4.000000000000000	nan	nan	nan
4.000000000000000	nan	nan	nan
4.000000000000000	nan	nan	nan
4.000000000000000	nan	nan	nan
4.000000000000000	nan	nan	nan
4.000000000000000	nan	nan	nan
4.000000000000000	nan	nan	nan
4.000000000000000	nan	nan	nan
4.000000000000000	nan	nan	nan
4.000000000000000	nan	nan	nan
4.000000000000000	nan	nan	nan
4.000000000000000	nan	nan	nan
4.000000000000000	nan	nan	nan
4.000000000000000	nan	nan	nan
4.000000000000000	nan	nan	nan
4.000000000000000	nan	nan	nan
4.000000000000000	nan	nan	nan
4.000000000000000	nan	nan	nan
4.000000000000000	nan	nan	nan
4.000000000000000	nan	nan	nan
4.000000000000000	nan	nan	nan
4.000000000000000	nan	nan	nan
4.000000000000000	nan	nan	nan
4.000000000000000	nan	nan	nan
4.000000000000000	nan	nan	nan
4.000000000000000	nan	nan	nan
4.000000000000000	nan	nan	nan
4.000000000000000	nan	nan	nan
4.000000000000000	nan	nan	nan
4.000000000000000	nan	nan	nan
4.000000000000000	nan	nan	nan
4.000000000000000	nan	nan	nan
4.000000000000000	nan	nan	nan
4.000000000000000	nan	nan	nan
4.000000000000000	nan	nan	nan
4.000000000000000	nan	nan	nan
4.000000000000000	nan	nan	nan
4.000000000000000	nan	nan	nan
4.000000000000000	nan	nan	nan
4.000000000000000	nan	nan	nan
4.000000000000000	nan	nan	nan
4.000000000000000	nan	nan	nan
4.000000000000000	nan	nan	nan
4.000000000000000	nan	nan	nan
4.000000000000000	nan	nan	nan
4.000000000000000	nan	nan	nan
4.000000000000000	nan	nan	nan
4.000000000000000	nan	nan	nan
4.000000000000000	nan	nan	nan
4.000000000000000	nan	nan	nan
4.000000000000000	nan	nan	nan
4.000000000000000	nan	nan	nan
4.000000000000000	nan	nan	nan
4.000000000000000	nan	nan	nan
4.000000000000000	nan	nan	nan
4.000000000000000	nan	nan	nan
4.000000000000000	nan	nan	nan
4.000000000000000	nan	nan	nan
4.000000000000000	nan	nan	nan
4.000000000000000	nan	nan	nan
4.000000000000000	nan	nan	nan
4.000000000000000	nan	nan	nan
4.000000000000000	nan	nan	nan
4.000000000000000	nan	nan	nan
4.000000000000000	nan	nan	nan
4.000000000000000	nan	nan	nan
4.000000000000000	nan	nan	nan
4.000000000000000	nan	nan	nan
4.000000000000000	nan	nan	nan
4.000000000000000	nan	nan	nan
4.000000000000000	nan	nan	nan


5.000000000000000	nan	nan	nan
5.000000000000000	nan	nan	nan
5.000000000000000	nan	nan	nan
5.000000000000000	nan	nan	nan
5.000000000000000	nan	nan	nan
5.000000000000000	nan	nan	nan
5.000000000000000	nan	nan	nan
5.000000000000000	nan	nan	nan
5.000000000000000	nan	nan	nan
5.000000000000000	nan	nan	nan
5.000000000000000	nan	nan	nan
5.000000000000000	nan	nan	nan
5.000000000000000	nan	nan	nan
5.000000000000000	nan	nan	nan
5.000000000000000	nan	nan	nan
5.000000000000000	nan	nan	nan
5.000000000000000	nan	nan	nan
5.000000000000000	nan	nan	nan
5.000000000000000	nan	nan	nan
5.000000000000000	nan	nan	nan
5.000000000000000	nan	nan	nan
5.000000000000000	nan	nan	nan
5.000000000000000	nan	nan	nan
5.000000000000000	nan	nan	nan
5.000000000000000	nan	nan	nan
5.000000000000000	nan	nan	nan
5.000000000000000	nan	nan	nan
5.000000000000000	nan	nan	nan
5.000000000000000	nan	nan	nan
5.000000000000000	nan	nan	nan
5.000000000000000	nan	nan	nan
5.000000000000000	nan	nan	nan
5.000000000000000	nan	nan	nan
5.000000000000000	nan	nan	nan
5.000000000000000	nan	nan	nan
5.000000000000000	nan	nan	nan
5.000000000000000	nan	nan	nan
5.000000000000000	nan	nan	nan
5.000000000000000	nan	nan	nan
5.000000000000000	nan	nan	nan
5.000000000000000	nan	nan	nan
5.000000000000000	nan	nan	nan
5.000000000000000	nan	nan	nan
5.000000000000000	nan	nan	nan
5.000000000000000	nan	nan	nan
5.000000000000000	nan	nan	nan
5.000000000000000	nan	nan	nan
5.000000000000000	nan	nan	nan
5.000000000000000	nan	nan	nan
5.000000000000000	nan	nan	nan
5.000000000000000	nan	nan	nan
5.000000000000000	nan	nan	nan
5.000000000000000	nan	nan	nan
5.000000000000000	nan	nan	nan
5.000000000000000	nan	nan	nan
5.000000000000000	nan	nan	nan
5.000000000000000	nan	nan	nan
5.000000000000000	nan	nan	nan
5.000000000000000	nan	nan	nan
5.000000000000000	nan	nan	nan
5.000000000000000	nan	nan	nan
5.000000000000000	nan	nan	nan
5.000000000000000	nan	nan	nan
5.000000000000000	nan	nan	nan
5.000000000000000	nan	nan	nan
5.000000000000000	nan	nan	nan
5.000000000000000	nan	nan	nan
5.000000000000000	nan	nan	nan
5.000000000000000	nan	nan	nan
5.000000000000000	nan	nan	nan
5.000000000000000	nan	nan	nan
5.000000000000000	nan	nan	nan
5.000000000000000	nan	nan	nan
5.000000000000000	nan	nan	nan
5.000000000000000	nan	nan	nan
5.000000000000000	nan	nan	nan
5.000000000000000	nan	nan	nan
5.000000000000000	nan	nan	nan
5.000000000000000	nan	nan	nan
5.000000000000000	nan	nan	nan
5.000000000000000	nan	nan	nan
5.000000000000000	nan	nan	nan
5.000000000000000	nan	nan	nan
5.000000000000000	nan	nan	nan
5.000000000000000	nan	nan	nan
5.000000000000000	nan	nan	nan
5.000000000000000	nan	nan	nan
5.000000000000000	nan	nan	nan
5.000000000000000	nan	nan	nan
5.000000000000000	nan	nan	nan
5.000000000000000	nan	nan	nan
5.000000000000000	nan	nan	nan
5.000000000000000	nan	nan	nan
5.000000000000000	nan	nan	nan
5.000000000000000	nan	nan	nan
5.000000000000000	nan	nan	nan
5.000000000000000	nan	nan	nan
5.000000000000000	nan	nan	nan
5.000000000000000	nan	nan	nan
5.000000000000000	nan	nan	nan


6.000000000000000	nan	nan	nan
6.000000000000000	nan	nan	nan
6.000000000000000	nan	nan	nan
6.000000000000000	nan	nan	nan
6.000000000000000	nan	nan	nan
6.000000000000000	nan	nan	nan
6.000000000000000	nan	nan	nan
6.000000000000000	nan	nan	nan
6.000000000000000	nan	nan	nan
6.000000000000000	nan	nan	nan
6.000000000000000	nan	nan	nan
6.000000000000000	nan	nan	nan
6.000000000000000	nan	nan	nan
6.000000000000000	nan	nan	nan
6.000000000000000	nan	nan	nan
6.000000000000000	nan	nan	nan
6.000000000000000	nan	nan	nan
6.000000000000000	nan	nan	nan
6.000000000000000	nan	nan	nan
6.000000000000000	nan	nan	nan
6.000000000000000	nan	nan	nan
6.000000000000000	nan	nan	nan
6.000000000000000	nan	nan	nan
6.000000000000000	nan	nan	nan
6.000000000000000	nan	nan	nan
6.000000000000000	nan	nan	nan
6.000000000000000	nan	nan	nan
6.000000000000000	nan	nan	nan
6.000000000000000	nan	nan	nan
6.000000000000000	nan	nan	nan
6.000000000000000	nan	nan	nan
6.000000000000000	nan	nan	nan
6.000000000000000	nan	nan	nan
6.000000000000000	nan	nan	nan
6.000000000000000	nan	nan	nan
6.000000000000000	nan	nan	nan
6.000000000000000	nan	nan	nan
6.000000000000000	nan	nan	nan
6.000000000000000	nan	nan	nan
6.000000000000000	nan	nan	nan
6.000000000000000	nan	nan	nan
6.000000000000000	nan	nan	nan
6.000000000000000	nan	nan	nan
6.000000000000000	nan	nan	nan
6.000000000000000	nan	nan	nan
6.000000000000000	nan	nan	nan
6.000000000000000	nan	nan	nan
6.000000000000000	nan	nan	nan
6.000000000000000	nan	nan	nan
6.000000000000000	nan	nan	nan
6.000000000000000	nan	nan	nan
6.000000000000000	nan	nan	nan
6.000000000000000	nan	nan	nan
6.000000000000000	nan	nan	nan
6.000000000000000	nan	nan	nan
6.000000000000000	nan	nan	nan
6.000000000000000	nan	nan	nan
6.000000000000000	nan	nan	nan
6.000000000000000	nan	nan	nan
6.000000000000000	nan	nan	nan
6.000000000000000	nan	nan	nan
6.000000000000000	nan	nan	nan
6.000000000000000	nan	nan	nan
6.000000000000000	nan	nan	nan
6.000000000000000	nan	nan	nan
6.000000000000000	nan	nan	nan
6.000000000000000	nan	nan	nan
6.000000000000000	nan	nan	nan
6.000000000000000	nan	nan	nan
6.000000000000000	nan	nan	nan
6.000000000000000	nan	nan	nan
6.000000000000000	nan	nan	nan
6.000000000000000	nan	nan	nan
6.000000000000000	nan	nan	nan
6.000000000000000	nan	nan	nan
6.000000000000000	nan	nan	nan
6.000000000000000	nan	nan	nan
6.000000000000000	nan	nan	nan
6.000000000000000	nan	nan	nan
6.000000000000000	nan	nan	nan
6.000000000000000	nan	nan	nan
6.000000000000000	nan	nan	nan
6.000000000000000	nan	nan	nan
6.000000000000000	nan	nan	nan
6.000000000000000	nan	nan	nan
6.000000000000000	nan	nan	nan
6.000000000000000	nan	nan	nan
6.000000000000000	nan	nan	nan
6.000000000000000	nan	nan	nan
6.000000000000000	nan	nan	nan
6.000000000000000	nan	nan	nan
6.000000000000000	nan	nan	nan
6.000000000000000	nan	nan	nan
6.000000000000000	nan	nan	nan
6.000000000000000	nan	nan	nan
6.000000000000000	nan	nan	nan
6.000000000000000	nan	nan	nan
6.000000000000000	nan	nan	nan
6.000000000000000	nan	nan	nan
6.000000000000000	nan	nan	nan


7.000000000000000	nan	nan	nan
7.000000000000000	nan	nan	nan
7.000000000000000	nan	nan	nan
7.000000000000000	nan	nan	nan
7.000000000000000	nan	nan	nan
7.000000000000000	nan	nan	nan
7.000000000000000	nan	nan	nan
7.000000000000000	nan	nan	nan
7.000000000000000	nan	nan	nan
7.000000000000000	nan	nan	nan
7.000000000000000	nan	nan	nan
7.000000000000000	nan	nan	nan
7.000000000000000	nan	nan	nan
7.000000000000000	nan	nan	nan
7.000000000000000	nan	nan	nan
7.000000000000000	nan	nan	nan
7.000000000000000	nan	nan	nan
7.000000000000000	nan	nan	nan
7.000000000000000	nan	nan	nan
7.000000000000000	nan	nan	nan
7.000000000000000	nan	nan	nan
7.000000000000000	nan	nan	nan
7.000000000000000	nan	nan	nan
7.000000000000000	nan	nan	nan
7.000000000000000	nan	nan	nan
7.000000000000000	nan	nan	nan
7.000000000000000	nan	nan	nan
7.000000000000000	nan	nan	nan
7.000000000000000	nan	nan	nan
7.000000000000000	nan	nan	nan
7.000000000000000	nan	nan	nan
7.000000000000000	nan	nan	nan
7.000000000000000	nan	nan	nan
7.000000000000000	nan	nan	nan
7.000000000000000	nan	nan	nan
7.000000000000000	nan	nan	nan
7.000000000000000	nan	nan	nan
7.000000000000000	nan	nan	nan
7.000000000000000	nan	nan	nan
7.000000000000000	nan	nan	nan
7.000000000000000	nan	nan	nan
7.000000000000000	nan	nan	nan
7.000000000000000	nan	nan	nan
7.000000000000000	nan	nan	nan
7.000000000000000	nan	nan	nan
7.000000000000000	nan	nan	nan
7.000000000000000	nan	nan	nan
7.000000000000000	nan	nan	nan
7.000000000000000	nan	nan	nan
7.000000000000000	nan	nan	nan
7.000000000000000	nan	nan	nan
7.000000000000000	nan	nan	nan
7.000000000000000	nan	nan	nan
7.000000000000000	nan	nan	nan
7.000000000000000	nan	nan	nan
7.000000000000000	nan	nan	nan
7.000000000000000	nan	nan	nan
7.000000000000000	nan	nan	nan
7.000000000000000	nan	nan	nan
7.000000000000000	nan	nan	nan
7.000000000000000	nan	nan	nan
7.000000000000000	nan	nan	nan
7.000000000000000	nan	nan	nan
7.000000000000000	nan	nan	nan
7.000000000000000	nan	nan	nan
7.000000000000000	nan	nan	nan
7.000000000000000	nan	nan	nan
7.000000000000000	nan	nan	nan
7.000000000000000	nan	nan	nan
7.000000000000000	nan	nan	nan
7.000000000000000	nan	nan	nan
7.000000000000000	nan	nan	nan
7.000000000000000	nan	nan	nan
7.000000000000000	nan	nan	nan
7.000000000000000	nan	nan	nan
7.000000000000000	nan	nan	nan
7.000000000000000	nan	nan	nan
7.000000000000000	nan	nan	nan
7.000000000000000	nan	nan	nan
7.000000000000000	nan	nan	nan
7.000000000000000	nan	nan	nan
7.000000000000000	nan	nan	nan
7.000000000000000	nan	nan	nan
7.000000000000000	nan	nan	nan
7.000000000000000	nan	nan	nan
7.000000000000000	nan	nan	nan
7.000000000000000	nan	nan	nan
7.000000000000000	nan	nan	nan
7.000000000000000	nan	nan	nan
7.000000000000000	nan	nan	nan
7.000000000000000	nan	nan	nan
7.000000000000000	nan	nan	nan
7.000000000000000	nan	nan	nan
7.000000000000000	nan	nan	nan
7.000000000000000	nan	nan	nan
7.000000000000000	nan	nan	nan
7.000000000000000	nan	nan	nan
7.000000000000000	nan	nan	nan
7.000000000000000	nan	nan	nan
7.000000000000000	nan	nan	nan


8.000000000000000	nan	nan	nan
8.000000000000000	nan	nan	nan
8.000000000000000	nan	nan	nan
8.000000000000000	nan	nan	nan
8.000000000000000	nan	nan	nan
8.000000000000000	nan	nan	nan
8.000000000000000	nan	nan	nan
8.000000000000000	nan	nan	nan
8.000000000000000	nan	nan	nan
8.000000000000000	nan	nan	nan
8.000000000000000	nan	nan	nan
8.000000000000000	nan	nan	nan
8.000000000000000	nan	nan	nan
8.000000000000000	nan	nan	nan
8.000000000000000	nan	nan	nan
8.000000000000000	nan	nan	nan
8.000000000000000	nan	nan	nan
8.000000000000000	nan	nan	nan
8.000000000000000	nan	nan	nan
8.000000000000000	nan	nan	nan
8.000000000000000	nan	nan	nan
8.000000000000000	nan	nan	nan
8.000000000000000	nan	nan	nan
8.000000000000000	nan	nan	nan
8.000000000000000	nan	nan	nan
8.000000000000000	nan	nan	nan
8.000000000000000	nan	nan	nan
8.000000000000000	nan	nan	nan
8.000000000000000	nan	nan	nan
8.000000000000000	nan	nan	nan
8.000000000000000	nan	nan	nan
8.000000000000000	nan	nan	nan
8.000000000000000	nan	nan	nan
8.000000000000000	nan	nan	nan
8.000000000000000	nan	nan	nan
8.000000000000000	nan	nan	nan
8.000000000000000	nan	nan	nan
8.000000000000000	nan	nan	nan
8.000000000000000	nan	nan	nan
8.000000000000000	nan	nan	nan
8.000000000000000	nan	nan	nan
8.000000000000000	nan	nan	nan
8.000000000000000	nan	nan	nan
8.000000000000000	nan	nan	nan
8.000000000000000	nan	nan	nan
8.000000000000000	nan	nan	nan
8.000000000000000	nan	nan	nan
8.000000000000000	nan	nan	nan
8.000000000000000	nan	nan	nan
8.000000000000000	nan	nan	nan
8.000000000000000	nan	nan	nan
8.000000000000000	nan	nan	nan
8.000000000000000	nan	nan	nan
8.000000000000000	nan	nan	nan
8.000000000000000	nan	nan	nan
8.000000000000000	nan	nan	nan
8.000000000000000	nan	nan	nan
8.000000000000000	nan	nan	nan
8.000000000000000	nan	nan	nan
8.000000000000000	nan	nan	nan
8.000000000000000	nan	nan	nan
8.000000000000000	nan	nan	nan
8.000000000000000	nan	nan	nan
8.000000000000000	nan	nan	nan
8.000000000000000	nan	nan	nan
8.000000000000000	nan	nan	nan
8.000000000000000	nan	nan	nan
8.000000000000000	nan	nan	nan
8.000000000000000	nan	nan	nan
8.000000000000000	nan	nan	nan
8.000000000000000	nan	nan	nan
8.000000000000000	nan	nan	nan
8.000000000000000	nan	nan	nan
8.000000000000000	nan	nan	nan
8.000000000000000	nan	nan	nan
8.000000000000000	nan	nan	nan
8.000000000000000	nan	nan	nan
8.000000000000000	nan	nan	nan
8.000000000000000	nan	nan	nan
8.000000000000000	nan	nan	nan
8.000000000000000	nan	nan	nan
8.000000000000000	nan	nan	nan
8.000000000000000	nan	nan	nan
8.000000000000000	nan	nan	nan
8.000000000000000	nan	nan	nan
8.000000000000000	nan	nan	nan
8.000000000000000	nan	nan	nan
8.000000000000000	nan	nan	nan
8.000000000000000	nan	nan	nan
8.000000000000000	nan	nan	nan
8.000000000000000	nan	nan	nan
8.000000000000000	nan	nan	nan
8.000000000000000	nan	nan	nan
8.000000000000000	nan	nan	nan
8.000000000000000	nan	nan	nan
8.000000000000000	nan	nan	nan
8.000000000000000	nan	nan	nan
8.000000000000000	nan	nan	nan
8.000000000000000	nan	nan	nan
8.000000000000000	nan	nan	nan


9.000000000000000	nan	nan	nan
9.000000000000000	nan	nan	nan
9.000000000000000	nan	nan	nan
9.000000000000000	nan	nan	nan
9.000000000000000	nan	nan	nan
9.000000000000000	nan	nan	nan
9.000000000000000	nan	nan	nan
9.000000000000000	nan	nan	nan
9.000000000000000	nan	nan	nan
9.000000000000000	nan	nan	nan
9.000000000000000	nan	nan	nan
9.000000000000000	nan	nan	nan
9.000000000000000	nan	nan	nan
9.000000000000000	nan	nan	nan
9.000000000000000	nan	nan	nan
9.000000000000000	nan	nan	nan
9.000000000000000	nan	nan	nan
9.000000000000000	nan	nan	nan
9.000000000000000	nan	nan	nan
9.000000000000000	nan	nan	nan
9.000000000000000	nan	nan	nan
9.000000000000000	nan	nan	nan
9.000000000000000	nan	nan	nan
9.000000000000000	nan	nan	nan
9.000000000000000	nan	nan	nan
9.000000000000000	nan	nan	nan
9.000000000000000	nan	nan	nan
9.000000000000000	nan	nan	nan
9.000000000000000	nan	nan	nan
9.000000000000000	nan	nan	nan
9.000000000000000	nan	nan	nan
9.000000000000000	nan	nan	nan
9.000000000000000	nan	nan	nan
9.000000000000000	nan	nan	nan
9.000000000000000	nan	nan	nan
9.000000000000000	nan	nan	nan
9.000000000000000	nan	nan	nan
9.000000000000000	nan	nan	nan
9.000000000000000	nan	nan	nan
9.000000000000000	nan	nan	nan
9.000000000000000	nan	nan	nan
9.000000000000000	nan	nan	nan
9.000000000000000	nan	nan	nan
9.000000000000000	nan	nan	nan
9.000000000000000	nan	nan	nan
9.000000000000000	nan	nan	nan
9.000000000000000	nan	nan	nan
9.000000000000000	nan	nan	nan
9.000000000000000	nan	nan	nan
9.000000000000000	nan	nan	nan
9.000000000000000	nan	nan	nan
9.000000000000000	nan	nan	nan
9.000000000000000	nan	nan	nan
9.000000000000000	nan	nan	nan
9.000000000000000	nan	nan	nan
9.000000000000000	nan	nan	nan
9.000000000000000	nan	nan	nan
9.000000000000000	nan	nan	nan
9.000000000000000	nan	nan	nan
9.000000000000000	nan	nan	nan
9.000000000000000	nan	nan	nan
9.000000000000000	nan	nan	nan
9.000000000000000	nan	nan	nan
9.000000000000000	nan	nan	nan
9.000000000000000	nan	nan	nan
9.000000000000000	nan	nan	nan
9.000000000000000	nan	nan	nan
9.000000000000000	nan	nan	nan
9.000000000000000	nan	nan	nan
9.000000000000000	nan	nan	nan
9.000000000000000	nan	nan	nan
9.000000000000000	nan	nan	nan
9.000000000000000	nan	nan	nan
9.000000000000000	nan	nan	nan
9.000000000000000	nan	nan	nan
9.000000000000000	nan	nan	nan
9.000000000000000	nan	nan	nan
9.000000000000000	nan	nan	nan
9.000000000000000	nan	nan	nan
9.000000000000000	nan	nan	nan
9.000000000000000	nan	nan	nan
9.000000000000000	nan	nan	nan
9.000000000000000	nan	nan	nan
9.000000000000000	nan	nan	nan
9.000000000000000	nan	nan	nan
9.000000000000000	nan	nan	nan
9.000000000000000	nan	nan	nan
9.000000000000000	nan	nan	nan
9.000000000000000	nan	nan	nan
9.000000000000000	nan	nan	nan
9.000000000000000	nan	nan	nan
9.000000000000000	nan	nan	nan
9.000000000000000	nan	nan	nan
9.000000000000000	nan	nan	nan
9.000000000000000	nan	nan	nan
9.000000000000000	nan	nan	nan
9.000000000000000	nan	nan	nan
9.000000000000000	nan	nan	nan
9.000000000000000	nan	nan	nan
9.000000000000000	nan	nan	nan


10.000000000000000	nan	nan	nan
10.000000000000000	nan	nan	nan
10.000000000000000	nan	nan	nan
10.000000000000000	nan	nan	nan
10.000000000000000	nan	nan	nan
10.000000000000000	nan	nan	nan
10.000000000000000	nan	nan	nan
10.000000000000000	nan	nan	nan
10.000000000000000	nan	nan	nan
10.000000000000000	nan	nan	nan
10.000000000000000	nan	nan	nan
10.000000000000000	nan	nan	nan
10.000000000000000	nan	nan	nan
10.000000000000000	nan	nan	nan
10.000000000000000	nan	nan	nan
10.000000000000000	nan	nan	nan
10.000000000000000	nan	nan	nan
10.000000000000000	nan	nan	nan
10.000000000000000	nan	nan	nan
10.000000000000000	nan	nan	nan
10.000000000000000	nan	nan	nan
10.000000000000000	nan	nan	nan
10.000000000000000	nan	nan	nan
10.000000000000000	nan	nan	nan
10.000000000000000	nan	nan	nan
10.000000000000000	nan	nan	nan
10.000000000000000	nan	nan	nan
10.000000000000000	nan	nan	nan
10.000000000000000	nan	nan	nan
10.000000000000000	nan	nan	nan
10.000000000000000	nan	nan	nan
10.000000000000000	nan	nan	nan
10.000000000000000	nan	nan	nan
10.000000000000000	nan	nan	nan
10.000000000000000	nan	nan	nan
10.000000000000000	nan	nan	nan
10.000000000000000	nan	nan	nan
10.000000000000000	nan	nan	nan
10.000000000000000	nan	nan	nan
10.000000000000000	nan	nan	nan
10.000000000000000	nan	nan	nan
10.000000000000000	nan	nan	nan
10.000000000000000	nan	nan	nan
10.000000000000000	nan	nan	nan
10.000000000000000	nan	nan	nan
10.000000000000000	nan	nan	nan
10.000000000000000	nan	nan	nan
10.000000000000000	nan	nan	nan
10.000000000000000	nan	nan	nan
10.000000000000000	nan	nan	nan
10.000000000000000	nan	nan	nan
10.000000000000000	nan	nan	nan
10.000000000000000	nan	nan	nan
10.000000000000000	nan	nan	nan
10.000000000000000	nan	nan	nan
10.000000000000000	nan	nan	nan
10.000000000000000	nan	nan	nan
10.000000000000000	nan	nan	nan
10.000000000000000	nan	nan	nan
10.000000000000000	nan	nan	nan
10.000000000000000	nan	nan	nan
10.000000000000000	nan	nan	nan
10.000000000000000	nan	nan	nan
10.000000000000000	nan	nan	nan
10.000000000000000	nan	nan	nan
10.000000000000000	nan	nan	nan
10.000000000000000	nan	nan	nan
10.000000000000000	nan	nan	nan
10.000000000000000	nan	nan	nan
10.000000000000000	nan	nan	nan
10.000000000000000	nan	nan	nan
10.000000000000000	nan	nan	nan
10.000000000000000	nan	nan	nan
10.000000000000000	nan	nan	nan
10.000000000000000	nan	nan	nan
10.000000000000000	nan	nan	nan
10.000000000000000	nan	nan	nan
10.000000000000000	nan	nan	nan
10.000000000000000	nan	nan	nan
10.000000000000000	nan	nan	nan
10.000000000000000	nan	nan	nan
10.000000000000000	nan	nan	nan
10.000000000000000	nan	nan	nan
10.000000000000000	nan	nan	nan
10.000000000000000	nan	nan	nan
10.000000000000000	nan	nan	nan
10.000000000000000	nan	nan	nan
10.000000000000000	nan	nan	nan
10.000000000000000	nan	nan	nan
10.000000000000000	nan	nan	nan
10.000000000000000	nan	nan	nan
10.000000000000000	nan	nan	nan
10.000000000000000	nan	nan	nan
10.000000000000000	nan	nan	nan
10.000000000000000	nan	nan	nan
10.000000000000000	nan	nan	nan
10.000000000000000	nan	nan	nan
10.000000000000000	nan	nan	nan
10.000000000000000	nan	nan	nan
10.000000000000000	nan	nan	nan


11.000000000000000	nan	nan	nan
11.000000000000000	nan	nan	nan
11.000000000000000	nan	nan	nan
11.000000000000000	nan	nan	nan
11.000000000000000	nan	nan	nan
11.000000000000000	nan	nan	nan
11.000000000000000	nan	nan	nan
11.000000000000000	nan	nan	nan
11.000000000000000	nan	nan	nan
11.000000000000000	nan	nan	nan
11.000000000000000	nan	nan	nan
11.000000000000000	nan	nan	nan
11.000000000000000	nan	nan	nan
11.000000000000000	nan	nan	nan
11.000000000000000	nan	nan	nan
11.000000000000000	nan	nan	nan
11.000000000000000	nan	nan	nan
11.000000000000000	nan	nan	nan
11.000000000000000	nan	nan	nan
11.000000000000000	nan	nan	nan
11.000000000000000	nan	nan	nan
11.000000000000000	nan	nan	nan
11.000000000000000	nan	nan	nan
11.000000000000000	nan	nan	nan
11.000000000000000	nan	nan	nan
11.000000000000000	nan	nan	nan
11.000000000000000	nan	nan	nan
11.000000000000000	nan	nan	nan
11.000000000000000	nan	nan	nan
11.000000000000000	nan	nan	nan
11.000000000000000	nan	nan	nan
11.000000000000000	nan	nan	nan
11.000000000000000	nan	nan	nan
11.000000000000000	nan	nan	nan
11.000000000000000	nan	nan	nan
11.000000000000000	nan	nan	nan
11.000000000000000	nan	nan	nan
11.000000000000000	nan	nan	nan
11.000000000000000	nan	nan	nan
11.000000000000000	nan	nan	nan
11.000000000000000	nan	nan	nan
11.000000000000000	nan	nan	nan
11.000000000000000	nan	nan	nan
11.000000000000000	nan	nan	nan
11.000000000000000	nan	nan	nan
11.000000000000000	nan	nan	nan
11.000000000000000	nan	nan	nan
11.000000000000000	nan	nan	nan
11.000000000000000	nan	nan	nan
11.000000000000000	nan	nan	nan
11.000000000000000	nan	nan	nan
11.000000000000000	nan	nan	nan
11.000000000000000	nan	nan	nan
11.000000000000000	nan	nan	nan
11.000000000000000	nan	nan	nan
11.000000000000000	nan	nan	nan
11.000000000000000	nan	nan	nan
11.000000000000000	nan	nan	nan
11.000000000000000	nan	nan	nan
11.000000000000000	nan	nan	nan
11.000000000000000	nan	nan	nan
11.000000000000000	nan	nan	nan
11.000000000000000	nan	nan	nan
11.000000000000000	nan	nan	nan
11.000000000000000	nan	nan	nan
11.000000000000000	nan	nan	nan
11.000000000000000	nan	nan	nan
11.000000000000000	nan	nan	nan
11.000000000000000	nan	nan	nan
11.000000000000000	nan	nan	nan
11.000000000000000	nan	nan	nan
11.000000000000000	nan	nan	nan
11.000000000000000	nan	nan	nan
11.000000000000000	nan	nan	nan
11.000000000000000	nan	nan	nan
11.000000000000000	nan	nan	nan
11.000000000000000	nan	nan	nan
11.000000000000000	nan	nan	nan
11.000000000000000	nan	nan	nan
11.000000000000000	nan	nan	nan
11.000000000000000	nan	nan	nan
11.000000000000000	nan	nan	nan
11.000000000000000	nan	nan	nan
11.000000000000000	nan	nan	nan
11.000000000000000	nan	nan	nan
11.000000000000000	nan	nan	nan
11.000000000000000	nan	nan	nan
11.000000000000000	nan	nan	nan
11.000000000000000	nan	nan	nan
11.000000000000000	nan	nan	nan
11.000000000000000	nan	nan	nan
11.000000000000000	nan	nan	nan
11.000000000000000	nan	nan	nan
11.000000000000000	nan	nan	nan
11.000000000000000	nan	nan	nan
11.000000000000000	nan	nan	nan
11.000000000000000	nan	nan	nan
11.000000000000000	nan	nan	nan
11.000000000000000	nan	nan	nan
11.000000000000000	nan	nan	nan


12.000000000000000	nan	nan	nan
12.000000000000000	nan	nan	nan
12.000000000000000	nan	nan	nan
12.000000000000000	nan	nan	nan
12.000000000000000	nan	nan	nan
12.000000000000000	nan	nan	nan
12.000000000000000	nan	nan	nan
12.000000000000000	nan	nan	nan
12.000000000000000	nan	nan	nan
12.000000000000000	nan	nan	nan
12.000000000000000	nan	nan	nan
12.000000000000000	nan	nan	nan
12.000000000000000	nan	nan	nan
12.000000000000000	nan	nan	nan
12.000000000000000	nan	nan	nan
12.000000000000000	nan	nan	nan
12.000000000000000	nan	nan	nan
12.000000000000000	nan	nan	nan
12.000000000000000	nan	nan	nan
12.000000000000000	nan	nan	nan
12.000000000000000	nan	nan	nan
12.000000000000000	nan	nan	nan
12.000000000000000	nan	nan	nan
12.000000000000000	nan	nan	nan
12.000000000000000	nan	nan	nan
12.000000000000000	nan	nan	nan
12.000000000000000	nan	nan	nan
12.000000000000000	nan	nan	nan
12.000000000000000	nan	nan	nan
12.000000000000000	nan	nan	nan
12.000000000000000	nan	nan	nan
12.000000000000000	nan	nan	nan
12.000000000000000	nan	nan	nan
12.000000000000000	nan	nan	nan
12.000000000000000	nan	nan	nan
12.000000000000000	nan	nan	nan
12.000000000000000	nan	nan	nan
12.000000000000000	nan	nan	nan
12.000000000000000	nan	nan	nan
12.000000000000000	nan	nan	nan
12.000000000000000	nan	nan	nan
12.000000000000000	nan	nan	nan
12.000000000000000	nan	nan	nan
12.000000000000000	nan	nan	nan
12.000000000000000	nan	nan	nan
12.000000000000000	nan	nan	nan
12.000000000000000	nan	nan	nan
12.000000000000000	nan	nan	nan
12.000000000000000	nan	nan	nan
12.000000000000000	nan	nan	nan
12.000000000000000	nan	nan	nan
12.000000000000000	nan	nan	nan
12.000000000000000	nan	nan	nan
12.000000000000000	nan	nan	nan
12.000000000000000	nan	nan	nan
12.000000000000000	nan	nan	nan
12.000000000000000	nan	nan	nan
12.000000000000000	nan	nan	nan
12.000000000000000	nan	nan	nan
12.000000000000000	nan	nan	nan
12.000000000000000	nan	nan	nan
12.000000000000000	nan	nan	nan
12.000000000000000	nan	nan	nan
12.000000000000000	nan	nan	nan
12.000000000000000	nan	nan	nan
12.000000000000000	nan	nan	nan
12.000000000000000	nan	nan	nan
12.000000000000000	nan	nan	nan
12.000000000000000	nan	nan	nan
12.000000000000000	nan	nan	nan
12.000000000000000	nan	nan	nan
12.000000000000000	nan	nan	nan
12.000000000000000	nan	nan	nan
12.000000000000000	nan	nan	nan
12.000000000000000	nan	nan	nan
12.000000000000000	nan	nan	nan
12.000000000000000	nan	nan	nan
12.000000000000000	nan	nan	nan
12.000000000000000	nan	nan	nan
12.000000000000000	nan	nan	nan
12.000000000000000	nan	nan	nan
12.000000000000000	nan	nan	nan
12.000000000000000	nan	nan	nan
12.000000000000000	nan	nan	nan
12.000000000000000	nan	nan	nan
12.000000000000000	nan	nan	nan
12.000000000000000	nan	nan	nan
12.000000000000000	nan	nan	nan
12.000000000000000	nan	nan	nan
12.000000000000000	nan	nan	nan
12.000000000000000	nan	nan	nan
12.000000000000000	nan	nan	nan
12.000000000000000	nan	nan	nan
12.000000000000000	nan	nan	nan
12.000000000000000	nan	nan	nan
12.000000000000000	nan	nan	nan
12.000000000000000	nan	nan	nan
12.000000000000000	nan	nan	nan
12.000000000000000	nan	nan	nan
12.000000000000000	nan	nan	nan


13.000000000000000	nan	nan	nan
13.000000000000000	nan	nan	nan
13.000000000000000	nan	nan	nan
13.000000000000000	nan	nan	nan
13.000000000000000	nan	nan	nan
13.000000000000000	nan	nan	nan
13.000000000000000	nan	nan	nan
13.000000000000000	nan	nan	nan
13.000000000000000	nan	nan	nan
13.000000000000000	nan	nan	nan
13.000000000000000	nan	nan	nan
13.000000000000000	nan	nan	nan
13.000000000000000	nan	nan	nan
13.000000000000000	nan	nan	nan
13.000000000000000	nan	nan	nan
13.000000000000000	nan	nan	nan
13.000000000000000	nan	nan	nan
13.000000000000000	nan	nan	nan
13.000000000000000	nan	nan	nan
13.000000000000000	nan	nan	nan
13.000000000000000	nan	nan	nan
13.000000000000000	nan	nan	nan
13.000000000000000	nan	nan	nan
13.000000000000000	nan	nan	nan
13.000000000000000	nan	nan	nan
13.000000000000000	nan	nan	nan
13.000000000000000	nan	nan	nan
13.000000000000000	nan	nan	nan
13.000000000000000	nan	nan	nan
13.000000000000000	nan	nan	nan
13.000000000000000	nan	nan	nan
13.000000000000000	nan	nan	nan
13.000000000000000	nan	nan	nan
13.000000000000000	nan	nan	nan
13.000000000000000	nan	nan	nan
13.000000000000000	nan	nan	nan
13.000000000000000	nan	nan	nan
13.000000000000000	nan	nan	nan
13.000000000000000	nan	nan	nan
13.000000000000000	nan	nan	nan
13.000000000000000	nan	nan	nan
13.000000000000000	nan	nan	nan
13.000000000000000	nan	nan	nan
13.000000000000000	nan	nan	nan
13.000000000000000	nan	nan	nan
13.000000000000000	nan	nan	nan
13.000000000000000	nan	nan	nan
13.000000000000000	nan	nan	nan
13.000000000000000	nan	nan	nan
13.000000000000000	nan	nan	nan
13.000000000000000	nan	nan	nan
13.000000000000000	nan	nan	nan
13.000000000000000	nan	nan	nan
13.000000000000000	nan	nan	nan
13.000000000000000	nan	nan	nan
13.000000000000000	nan	nan	nan
13.000000000000000	nan	nan	nan
13.000000000000000	nan	nan	nan
13.000000000000000	nan	nan	nan
13.000000000000000	nan	nan	nan
13.000000000000000	nan	nan	nan
13.000000000000000	nan	nan	nan
13.000000000000000	nan	nan	nan
13.000000000000000	nan	nan	nan
13.000000000000000	nan	nan	nan
13.000000000000000	nan	nan	nan
13.000000000000000	nan	nan	nan
13.000000000000000	nan	nan	nan
13.000000000000000	nan	nan	nan
13.000000000000000	nan	nan	nan
13.000000000000000	nan	nan	nan
13.000000000000000	nan	nan	nan
13.000000000000000	nan	nan	nan
13.000000000000000	nan	nan	nan
13.000000000000000	nan	nan	nan
13.000000000000000	nan	nan	nan
13.000000000000000	nan	nan	nan
13.000000000000000	nan	nan	nan
13.000000000000000	nan	nan	nan
13.000000000000000	nan	nan	nan
13.000000000000000	nan	nan	nan
13.000000000000000	nan	nan	nan
13.000000000000000	nan	nan	nan
13.000000000000000	nan	nan	nan
13.000000000000000	nan	nan	nan
13.000000000000000	nan	nan	nan
13.000000000000000	nan	nan	nan
13.000000000000000	nan	nan	nan
13.000000000000000	nan	nan	nan
13.000000000000000	nan	nan	nan
13.000000000000000	nan	nan	nan
13.000000000000000	nan	nan	nan
13.000000000000000	nan	nan	nan
13.000000000000000	nan	nan	nan
13.000000000000000	nan	nan	nan
13.000000000000000	nan	nan	nan
13.000000000000000	nan	nan	nan
13.000000000000000	nan	nan	nan
13.000000000000000	nan	nan	nan
13.000000000000000	nan	nan	nan


14.000000000000000	nan	nan	nan
14.000000000000000	nan	nan	nan
14.000000000000000	nan	nan	nan
14.000000000000000	nan	nan	nan
14.000000000000000	nan	nan	nan
14.000000000000000	nan	nan	nan
14.000000000000000	nan	nan	nan
14.000000000000000	nan	nan	nan
14.000000000000000	nan	nan	nan
14.000000000000000	nan	nan	nan
14.000000000000000	nan	nan	nan
14.000000000000000	nan	nan	nan
14.000000000000000	nan	nan	nan
14.000000000000000	nan	nan	nan
14.000000000000000	nan	nan	nan
14.000000000000000	nan	nan	nan
14.000000000000000	nan	nan	nan
14.000000000000000	nan	nan	nan
14.000000000000000	nan	nan	nan
14.000000000000000	nan	nan	nan
14.000000000000000	nan	nan	nan
14.000000000000000	nan	nan	nan
14.000000000000000	nan	nan	nan
14.000000000000000	nan	nan	nan
14.000000000000000	nan	nan	nan
14.000000000000000	nan	nan	nan
14.000000000000000	nan	nan	nan
14.000000000000000	nan	nan	nan
14.000000000000000	nan	nan	nan
14.000000000000000	nan	nan	nan
14.000000000000000	nan	nan	nan
14.000000000000000	nan	nan	nan
14.000000000000000	nan	nan	nan
14.000000000000000	nan	nan	nan
14.000000000000000	nan	nan	nan
14.000000000000000	nan	nan	nan
14.000000000000000	nan	nan	nan
14.000000000000000	nan	nan	nan
14.000000000000000	nan	nan	nan
14.000000000000000	nan	nan	nan
14.000000000000000	nan	nan	nan
14.000000000000000	nan	nan	nan
14.000000000000000	nan	nan	nan
14.000000000000000	nan	nan	nan
14.000000000000000	nan	nan	nan
14.000000000000000	nan	nan	nan
14.000000000000000	nan	nan	nan
14.000000000000000	nan	nan	nan
14.000000000000000	nan	nan	nan
14.000000000000000	nan	nan	nan
14.000000000000000	nan	nan	nan
14.000000000000000	nan	nan	nan
14.000000000000000	nan	nan	nan
14.000000000000000	nan	nan	nan
14.000000000000000	nan	nan	nan
14.000000000000000	nan	nan	nan
14.000000000000000	nan	nan	nan
14.000000000000000	nan	nan	nan
14.000000000000000	nan	nan	nan
14.000000000000000	nan	nan	nan
14.000000000000000	nan	nan	nan
14.000000000000000	nan	nan	nan
14.000000000000000	nan	nan	nan
14.000000000000000	nan	nan	nan
14.000000000000000	nan	nan	nan
14.000000000000000	nan	nan	nan
14.000000000000000	nan	nan	nan
14.000000000000000	nan	nan	nan
14.000000000000000	nan	nan	nan
14.000000000000000	nan	nan	nan
14.000000000000000	nan	nan	nan
14.000000000000000	nan	nan	nan
14.000000000000000	nan	nan	nan
14.000000000000000	nan	nan	nan
14.000000000000000	nan	nan	nan
14.000000000000000	nan	nan	nan
14.000000000000000	nan	nan	nan
14.000000000000000	nan	nan	nan
14.000000000000000	nan	nan	nan
14.000000000000000	nan	nan	nan
14.000000000000000	nan	nan	nan
14.000000000000000	nan	nan	nan
14.000000000000000	nan	nan	nan
14.000000000000000	nan	nan	nan
14.000000000000000	nan	nan	nan
14.000000000000000	nan	nan	nan
14.000000000000000	nan	nan	nan
14.000000000000000	nan	nan	nan
14.000000000000000	nan	nan	nan
14.000000000000000	nan	nan	nan
14.000000000000000	nan	nan	nan
14.000000000000000	nan	nan	nan
14.000000000000000	nan	nan	nan
14.000000000000000	nan	nan	nan
14.000000000000000	nan	nan	nan
14.000000000000000	nan	nan	nan
14.000000000000000	nan	nan	nan
14.000000000000000	nan	nan	nan
14.000000000000000	nan	nan	nan
14.000000000000000	nan	nan	nan


15.000000000000000	nan	nan	nan
15.000000000000000	nan	nan	nan
15.000000000000000	nan	nan	nan
15.000000000000000	nan	nan	nan
15.000000000000000	nan	nan	nan
15.000000000000000	nan	nan	nan
15.000000000000000	nan	nan	nan
15.000000000000000	nan	nan	nan
15.000000000000000	nan	nan	nan
15.000000000000000	nan	nan	nan
15.000000000000000	nan	nan	nan
15.000000000000000	nan	nan	nan
15.000000000000000	nan	nan	nan
15.000000000000000	nan	nan	nan
15.000000000000000	nan	nan	nan
15.000000000000000	nan	nan	nan
15.000000000000000	nan	nan	nan
15.000000000000000	nan	nan	nan
15.000000000000000	nan	nan	nan
15.000000000000000	nan	nan	nan
15.000000000000000	nan	nan	nan
15.000000000000000	nan	nan	nan
15.000000000000000	nan	nan	nan
15.000000000000000	nan	nan	nan
15.000000000000000	nan	nan	nan
15.000000000000000	nan	nan	nan
15.000000000000000	nan	nan	nan
15.000000000000000	nan	nan	nan
15.000000000000000	nan	nan	nan
15.000000000000000	nan	nan	nan
15.000000000000000	nan	nan	nan
15.000000000000000	nan	nan	nan
15.000000000000000	nan	nan	nan
15.000000000000000	nan	nan	nan
15.000000000000000	nan	nan	nan
15.000000000000000	nan	nan	nan
15.000000000000000	nan	nan	nan
15.000000000000000	nan	nan	nan
15.000000000000000	nan	nan	nan
15.000000000000000	nan	nan	nan
15.000000000000000	nan	nan	nan
15.000000000000000	nan	nan	nan
15.000000000000000	nan	nan	nan
15.000000000000000	nan	nan	nan
15.000000000000000	nan	nan	nan
15.000000000000000	nan	nan	nan
15.000000000000000	nan	nan	nan
15.000000000000000	nan	nan	nan
15.000000000000000	nan	nan	nan
15.000000000000000	nan	nan	nan
15.000000000000000	nan	nan	nan
15.000000000000000	nan	nan	nan
15.000000000000000	nan	nan	nan
15.000000000000000	nan	nan	nan
15.000000000000000	nan	nan	nan
15.000000000000000	nan	nan	nan
15.000000000000000	nan	nan	nan
15.000000000000000	nan	nan	nan
15.000000000000000	nan	nan	nan
15.000000000000000	nan	nan	nan
15.000000000000000	nan	nan	nan
15.000000000000000	nan	nan	nan
15.000000000000000	nan	nan	nan
15.000000000000000	nan	nan	nan
15.000000000000000	nan	nan	nan
15.000000000000000	nan	nan	nan
15.000000000000000	nan	nan	nan
15.000000000000000	nan	nan	nan
15.000000000000000	nan	nan	nan
15.000000000000000	nan	nan	nan
15.000000000000000	nan	nan	nan
15.000000000000000	nan	nan	nan
15.000000000000000	nan	nan	nan
15.000000000000000	nan	nan	nan
15.000000000000000	nan	nan	nan
15.000000000000000	nan	nan	nan
15.000000000000000	nan	nan	nan
15.000000000000000	nan	nan	nan
15.000000000000000	nan	nan	nan
15.000000000000000	nan	nan	nan
15.000000000000000	nan	nan	nan
15.000000000000000	nan	nan	nan
15.000000000000000	nan	nan	nan
15.000000000000000	nan	nan	nan
15.000000000000000	nan	nan	nan
15.000000000000000	nan	nan	nan
15.000000000000000	nan	nan	nan
15.000000000000000	nan	nan	nan
15.000000000000000	nan	nan	nan
15.000000000000000	nan	nan	nan
15.000000000000000	nan	nan	nan
15.000000000000000	nan	nan	nan
15.000000000000000	nan	nan	nan
15.000000000000000	nan	nan	nan
15.000000000000000	nan	nan	nan
15.000000000000000	nan	nan	nan
15.000000000000000	nan	nan	nan
15.000000000000000	nan	nan	nan
15.000000000000000	nan	nan	nan
15.000000000000000	nan	nan	nan


16.000000000000000	nan	nan	nan
16.000000000000000	nan	nan	nan
16.000000000000000	nan	nan	nan
16.000000000000000	nan	nan	nan
16.000000000000000	nan	nan	nan
16.000000000000000	nan	nan	nan
16.000000000000000	nan	nan	nan
16.000000000000000	nan	nan	nan
16.000000000000000	nan	nan	nan
16.000000000000000	nan	nan	nan
16.000000000000000	nan	nan	nan
16.000000000000000	nan	nan	nan
16.000000000000000	nan	nan	nan
16.000000000000000	nan	nan	nan
16.000000000000000	nan	nan	nan
16.000000000000000	nan	nan	nan
16.000000000000000	nan	nan	nan
16.000000000000000	nan	nan	nan
16.000000000000000	nan	nan	nan
16.000000000000000	nan	nan	nan
16.000000000000000	nan	nan	nan
16.000000000000000	nan	nan	nan
16.000000000000000	nan	nan	nan
16.000000000000000	nan	nan	nan
16.000000000000000	nan	nan	nan
16.000000000000000	nan	nan	nan
16.000000000000000	nan	nan	nan
16.000000000000000	nan	nan	nan
16.000000000000000	nan	nan	nan
16.000000000000000	nan	nan	nan
16.000000000000000	nan	nan	nan
16.000000000000000	nan	nan	nan
16.000000000000000	nan	nan	nan
16.000000000000000	nan	nan	nan
16.000000000000000	nan	nan	nan
16.000000000000000	nan	nan	nan
16.000000000000000	nan	nan	nan
16.000000000000000	nan	nan	nan
16.000000000000000	nan	nan	nan
16.000000000000000	nan	nan	nan
16.000000000000000	nan	nan	nan
16.000000000000000	nan	nan	nan
16.000000000000000	nan	nan	nan
16.000000000000000	nan	nan	nan
16.000000000000000	nan	nan	nan
16.000000000000000	nan	nan	nan
16.000000000000000	nan	nan	nan
16.000000000000000	nan	nan	nan
16.000000000000000	nan	nan	nan
16.000000000000000	nan	nan	nan
16.000000000000000	nan	nan	nan
16.000000000000000	nan	nan	nan
16.000000000000000	nan	nan	nan
16.000000000000000	nan	nan	nan
16.000000000000000	nan	nan	nan
16.000000000000000	nan	nan	nan
16.000000000000000	nan	nan	nan
16.000000000000000	nan	nan	nan
16.000000000000000	nan	nan	nan
16.000000000000000	nan	nan	nan
16.000000000000000	nan	nan	nan
16.000000000000000	nan	nan	nan
16.000000000000000	nan	nan	nan
16.000000000000000	nan	nan	nan
16.000000000000000	nan	nan	nan
16.000000000000000	nan	nan	nan
16.000000000000000	nan	nan	nan
16.000000000000000	nan	nan	nan
16.000000000000000	nan	nan	nan
16.000000000000000	nan	nan	nan
16.000000000000000	nan	nan	nan
16.000000000000000	nan	nan	nan
16.000000000000000	nan	nan	nan
16.000000000000000	nan	nan	nan
16.000000000000000	nan	nan	nan
16.000000000000000	nan	nan	nan
16.000000000000000	nan	nan	nan
16.000000000000000	nan	nan	nan
16.000000000000000	nan	nan	nan
16.000000000000000	nan	nan	nan
16.000000000000000	nan	nan	nan
16.000000000000000	nan	nan	nan
16.000000000000000	nan	nan	nan
16.000000000000000	nan	nan	nan
16.000000000000000	nan	nan	nan
16.000000000000000	nan	nan	nan
16.000000000000000	nan	nan	nan
16.000000000000000	nan	nan	nan
16.000000000000000	nan	nan	nan
16.000000000000000	nan	nan	nan
16.000000000000000	nan	nan	nan
16.000000000000000	nan	nan	nan
16.000000000000000	nan	nan	nan
16.000000000000000	nan	nan	nan
16.000000000000000	nan	nan	nan
16.000000000000000	nan	nan	nan
16.000000000000000	nan	nan	nan
16.000000000000000	nan	nan	nan
16.000000000000000	nan	nan	nan
16.000000000000000	nan	nan	nan


17.000000000000000	nan	nan	nan
17.000000000000000	nan	nan	nan
17.000000000000000	nan	nan	nan
17.000000000000000	nan	nan	nan
17.000000000000000	nan	nan	nan
17.000000000000000	nan	nan	nan
17.000000000000000	nan	nan	nan
17.000000000000000	nan	nan	nan
17.000000000000000	nan	nan	nan
17.000000000000000	nan	nan	nan
17.000000000000000	nan	nan	nan
17.000000000000000	nan	nan	nan
17.000000000000000	nan	nan	nan
17.000000000000000	nan	nan	nan
17.000000000000000	nan	nan	nan
17.000000000000000	nan	nan	nan
17.000000000000000	nan	nan	nan
17.000000000000000	nan	nan	nan
17.000000000000000	nan	nan	nan
17.000000000000000	nan	nan	nan
17.000000000000000	nan	nan	nan
17.000000000000000	nan	nan	nan
17.000000000000000	nan	nan	nan
17.000000000000000	nan	nan	nan
17.000000000000000	nan	nan	nan
17.000000000000000	nan	nan	nan
17.000000000000000	nan	nan	nan
17.000000000000000	nan	nan	nan
17.000000000000000	nan	nan	nan
17.000000000000000	nan	nan	nan
17.000000000000000	nan	nan	nan
17.000000000000000	nan	nan	nan
17.000000000000000	nan	nan	nan
17.000000000000000	nan	nan	nan
17.000000000000000	nan	nan	nan
17.000000000000000	nan	nan	nan
17.000000000000000	nan	nan	nan
17.000000000000000	nan	nan	nan
17.000000000000000	nan	nan	nan
17.000000000000000	nan	nan	nan
17.000000000000000	nan	nan	nan
17.000000000000000	nan	nan	nan
17.000000000000000	nan	nan	nan
17.000000000000000	nan	nan	nan
17.000000000000000	nan	nan	nan
17.000000000000000	nan	nan	nan
17.000000000000000	nan	nan	nan
17.000000000000000	nan	nan	nan
17.000000000000000	nan	nan	nan
17.000000000000000	nan	nan	nan
17.000000000000000	nan	nan	nan
17.000000000000000	nan	nan	nan
17.000000000000000	nan	nan	nan
17.000000000000000	nan	nan	nan
17.000000000000000	nan	nan	nan
17.000000000000000	nan	nan	nan
17.000000000000000	nan	nan	nan
17.000000000000000	nan	nan	nan
17.000000000000000	nan	nan	nan
17.000000000000000	nan	nan	nan
17.000000000000000	nan	nan	nan
17.000000000000000	nan	nan	nan
17.000000000000000	nan	nan	nan
17.000000000000000	nan	nan	nan
17.000000000000000	nan	nan	nan
17.000000000000000	nan	nan	nan
17.000000000000000	nan	nan	nan
17.000000000000000	nan	nan	nan
17.000000000000000	nan	nan	nan
17.000000000000000	nan	nan	nan
17.000000000000000	nan	nan	nan
17.000000000000000	nan	nan	nan
17.000000000000000	nan	nan	nan
17.000000000000000	nan	nan	nan
17.000000000000000	nan	nan	nan
17.000000000000000	nan	nan	nan
17.000000000000000	nan	nan	nan
17.000000000000000	nan	nan	nan
17.000000000000000	nan	nan	nan
17.000000000000000	nan	nan	nan
17.000000000000000	nan	nan	nan
17.000000000000000	nan	nan	nan
17.000000000000000	nan	nan	nan
17.000000000000000	nan	nan	nan
17.000000000000000	nan	nan	nan
17.000000000000000	nan	nan	nan
17.000000000000000	nan	nan	nan
17.000000000000000	nan	nan	nan
17.000000000000000	nan	nan	nan
17.000000000000000	nan	nan	nan
17.000000000000000	nan	nan	nan
17.000000000000000	nan	nan	nan
17.000000000000000	nan	nan	nan
17.000000000000000	nan	nan	nan
17.000000000000000	nan	nan	nan
17.000000000000000	nan	nan	nan
17.000000000000000	nan	nan	nan
17.000000000000000	nan	nan	nan
17.000000000000000	nan	nan	nan
17.000000000000000	nan	nan	nan


18.000000000000000	nan	nan	nan
18.000000000000000	nan	nan	nan
18.000000000000000	nan	nan	nan
18.000000000000000	nan	nan	nan
18.000000000000000	nan	nan	nan
18.000000000000000	nan	nan	nan
18.000000000000000	nan	nan	nan
18.000000000000000	nan	nan	nan
18.000000000000000	nan	nan	nan
18.000000000000000	nan	nan	nan
18.000000000000000	nan	nan	nan
18.000000000000000	nan	nan	nan
18.000000000000000	nan	nan	nan
18.000000000000000	nan	nan	nan
18.000000000000000	nan	nan	nan
18.000000000000000	nan	nan	nan
18.000000000000000	nan	nan	nan
18.000000000000000	nan	nan	nan
18.000000000000000	nan	nan	nan
18.000000000000000	nan	nan	nan
18.000000000000000	nan	nan	nan
18.000000000000000	nan	nan	nan
18.000000000000000	nan	nan	nan
18.000000000000000	nan	nan	nan
18.000000000000000	nan	nan	nan
18.000000000000000	nan	nan	nan
18.000000000000000	nan	nan	nan
18.000000000000000	nan	nan	nan
18.000000000000000	nan	nan	nan
18.000000000000000	nan	nan	nan
18.000000000000000	nan	nan	nan
18.000000000000000	nan	nan	nan
18.000000000000000	nan	nan	nan
18.000000000000000	nan	nan	nan
18.000000000000000	nan	nan	nan
18.000000000000000	nan	nan	nan
18.000000000000000	nan	nan	nan
18.000000000000000	nan	nan	nan
18.000000000000000	nan	nan	nan
18.000000000000000	nan	nan	nan
18.000000000000000	nan	nan	nan
18.000000000000000	nan	nan	nan
18.000000000000000	nan	nan	nan
18.000000000000000	nan	nan	nan
18.000000000000000	nan	nan	nan
18.000000000000000	nan	nan	nan
18.000000000000000	nan	nan	nan
18.000000000000000	nan	nan	nan
18.000000000000000	nan	nan	nan
18.000000000000000	nan	nan	nan
18.000000000000000	nan	nan	nan
18.000000000000000	nan	nan	nan
18.000000000000000	nan	nan	nan
18.000000000000000	nan	nan	nan
18.000000000000000	nan	nan	nan
18.000000000000000	nan	nan	nan
18.000000000000000	nan	nan	nan
18.000000000000000	nan	nan	nan
18.000000000000000	nan	nan	nan
18.000000000000000	nan	nan	nan
18.000000000000000	nan	nan	nan
18.000000000000000	nan	nan	nan
18.000000000000000	nan	nan	nan
18.000000000000000	nan	nan	nan
18.000000000000000	nan	nan	nan
18.000000000000000	nan	nan	nan
18.000000000000000	nan	nan	nan
18.000000000000000	nan	nan	nan
18.000000000000000	nan	nan	nan
18.000000000000000	nan	nan	nan
18.000000000000000	nan	nan	nan
18.000000000000000	nan	nan	nan
18.000000000000000	nan	nan	nan
18.000000000000000	nan	nan	nan
18.000000000000000	nan	nan	nan
18.000000000000000	nan	nan	nan
18.000000000000000	nan	nan	nan
18.000000000000000	nan	nan	nan
18.000000000000000	nan	nan	nan
18.000000000000000	nan	nan	nan
18.000000000000000	nan	nan	nan
18.000000000000000	nan	nan	nan
18.000000000000000	nan	nan	nan
18.000000000000000	nan	nan	nan
18.000000000000000	nan	nan	nan
18.000000000000000	nan	nan	nan
18.000000000000000	nan	nan	nan
18.000000000000000	nan	nan	nan
18.000000000000000	nan	nan	nan
18.000000000000000	nan	nan	nan
18.000000000000000	nan	nan	nan
18.000000000000000	nan	nan	nan
18.000000000000000	nan	nan	nan
18.000000000000000	nan	nan	nan
18.000000000000000	nan	nan	nan
18.000000000000000	nan	nan	nan
18.000000000000000	nan	nan	nan
18.000000000000000	nan	nan	nan
18.000000000000000	nan	nan	nan
18.000000000000000	nan	nan	nan


19.000000000000000	nan	nan	nan
19.000000000000000	nan	nan	nan
19.000000000000000	nan	nan	nan
19.000000000000000	nan	nan	nan
19.000000000000000	nan	nan	nan
19.000000000000000	nan	nan	nan
19.000000000000000	nan	nan	nan
19.000000000000000	nan	nan	nan
19.000000000000000	nan	nan	nan
19.000000000000000	nan	nan	nan
19.000000000000000	nan	nan	nan
19.000000000000000	nan	nan	nan
19.000000000000000	nan	nan	nan
19.000000000000000	nan	nan	nan
19.000000000000000	nan	nan	nan
19.000000000000000	nan	nan	nan
19.000000000000000	nan	nan	nan
19.000000000000000	nan	nan	nan
19.000000000000000	nan	nan	nan
19.000000000000000	nan	nan	nan
19.000000000000000	nan	nan	nan
19.000000000000000	nan	nan	nan
19.000000000000000	nan	nan	nan
19.000000000000000	nan	nan	nan
19.000000000000000	nan	nan	nan
19.000000000000000	nan	nan	nan
19.000000000000000	nan	nan	nan
19.000000000000000	nan	nan	nan
19.000000000000000	nan	nan	nan
19.000000000000000	nan	nan	nan
19.000000000000000	nan	nan	nan
19.000000000000000	nan	nan	nan
19.000000000000000	nan	nan	nan
19.000000000000000	nan	nan	nan
19.000000000000000	nan	nan	nan
19.000000000000000	nan	nan	nan
19.000000000000000	nan	nan	nan
19.000000000000000	nan	nan	nan
19.000000000000000	nan	nan	nan
19.000000000000000	nan	nan	nan
19.000000000000000	nan	nan	nan
19.000000000000000	nan	nan	nan
19.000000000000000	nan	nan	nan
19.000000000000000	nan	nan	nan
19.000000000000000	nan	nan	nan
19.000000000000000	nan	nan	nan
19.000000000000000	nan	nan	nan
19.000000000000000	nan	nan	nan
19.000000000000000	nan	nan	nan
19.000000000000000	nan	nan	nan
19.000000000000000	nan	nan	nan
19.000000000000000	nan	nan	nan
19.000000000000000	nan	nan	nan
19.000000000000000	nan	nan	nan
19.000000000000000	nan	nan	nan
19.000000000000000	nan	nan	nan
19.000000000000000	nan	nan	nan
19.000000000000000	nan	nan	nan
19.000000000000000	nan	nan	nan
19.000000000000000	nan	nan	nan
19.000000000000000	nan	nan	nan
19.000000000000000	nan	nan	nan
19.000000000000000	nan	nan	nan
19.000000000000000	nan	nan	nan
19.000000000000000	nan	nan	nan
19.000000000000000	nan	nan	nan
19.000000000000000	nan	nan	nan
19.000000000000000	nan	nan	nan
19.000000000000000	nan	nan	nan
19.000000000000000	nan	nan	nan
19.000000000000000	nan	nan	nan
19.000000000000000	nan	nan	nan
19.000000000000000	nan	nan	nan
19.000000000000000	nan	nan	nan
19.000000000000000	nan	nan	nan
19.000000000000000	nan	nan	nan
19.000000000000000	nan	nan	nan
19.000000000000000	nan	nan	nan
19.000000000000000	nan	nan	nan
19.000000000000000	nan	nan	nan
19.000000000000000	nan	nan	nan
19.000000000000000	nan	nan	nan
19.000000000000000	nan	nan	nan
19.000000000000000	nan	nan	nan
19.000000000000000	nan	nan	nan
19.000000000000000	nan	nan	nan
19.000000000000000	nan	nan	nan
19.000000000000000	nan	nan	nan
19.000000000000000	nan	nan	nan
19.000000000000000	nan	nan	nan
19.000000000000000	nan	nan	nan
19.000000000000000	nan	nan	nan
19.000000000000000	nan	nan	nan
19.000000000000000	nan	nan	nan
19.000000000000000	nan	nan	nan
19.000000000000000	nan	nan	nan
19.000000000000000	nan	nan	nan
19.000000000000000	nan	nan	nan
19.000000000000000	nan	nan	nan
19.000000000000000	nan	nan	nan


20.000000000000000	-0.504839336979895	0.507355058168550	-0.016722542610338
20.000000000000000	-0.537474899793671	0.472670486061551	-0.018961125602845
20.000000000000000	-0.567843194476492	0.435979076823338	-0.021119945475657
20.000000000000000	-0.595821938623969	0.397428573808907	-0.023190309423087
20.000000000000000	-0.621298471708345	0.357174206287739	-0.025163880820242
20.000000000000000	-0.644170208722672	0.315378064390312	-0.027032712791664
20.000000000000000	-0.664345053254431	0.272208446428361	-0.028789280210598
20.000000000000000	-0.681741768325278	0.227839181216969	-0.030426510000016
20.000000000000000	-0.696290303503685	0.182448928127288	-0.031937809613408
20.000000000000000	-0.707932076973304	0.136220457688303	-0.033317093580633
20.000000000000000	-0.716620211421263	0.089339915634421	-0.034558808011965
20.000000000000000	-0.722319722796563	0.041996073362297	-0.035657952961645
20.000000000000000	-0.725007661178503	-0.005620432184952	-0.036610102560896
20.000000000000000	-0.724673203187911	-0.053317866145436	-0.037411422839338
20.000000000000000	-0.721317695569069	-0.100904167787110	-0.038058687163031
20.000000000000000	-0.714954649766854	-0.148187723868550	-0.038549289226990
20.000000000000000	-0.705609687520912	-0.194978140197853	-0.038881253549860
20.000000000000000	-0.693320437695963	-0.241087008282847	-0.039053243428476
20.000000000000000	-0.678136384763637	-0.286328663985591	-0.039064566320301
20.000000000000000	-0.660118669545976	-0.330520935126331	-0.038915176632045
20.000000000000000	-0.639339843022922	-0.373485875026570	-0.038605675903257
20.000000000000000	-0.615883574195124	-0.415050479037537	-0.038137310384135
20.000000000000000	-0.589844313178410	-0.455047381168848	-0.037511966017317
20.000000000000000	-0.561326910886497	-0.493315528012278	-0.036732160843859
20.000000000000000	-0.530446196833377	-0.529700827246992	-0.035801034863966
20.000000000000000	-0.497326516755385	-0.564056768114936	-0.034722337393323
20.000000000000000	-0.462101231914811	-0.596245011367951	-0.033500411965926
20.000000000000000	-0.424912182101164	-0.626135946311097	-0.032140178844200
20.000000000000000	-0.385909114492398	-0.653609212699177	-0.030647115206840
20.000000000000000	-0.345249080675886	-0.678554185384964	-0.029027233094146
20.000000000000000	-0.303095804257101	-0.700870419767625	-0.027287055199659
20.000000000000000	-0.259619021602444	-0.720468056247677	-0.025433588605575
20.000000000000000	-0.214993798370807	-0.737268182059879	-0.023474296567699
20.000000000000000	-0.169399824585949	-0.751203149027084	-0.021417068463547
20.000000000000000	-0.123020691088192	-0.762216845955576	-0.019270188024609
20.000000000000000	-0.076043150278907	-0.770264924575039	-0.017042299980685
20.000000000000000	-0.028656364134501	-0.775314978113391	-0.014742375250608
20.000000000000000	0.018948857482093	-0.777346671787420	-0.012379674819522
20.000000000000000	0.066580825145390	-0.776351824683772	-0.009963712448163
20.000000000000000	0.114047741733018	-0.772334442700610	-0.007504216364301
20.000000000000000	0.161158474725030	-0.765310702417269	-0.005011090090602
20.000000000000000	0.207723325827107	-0.755308885956886	-0.002494372566638
20.000000000000000	0.253554794818635	-0.742369267104266	0.000035802274383
20.000000000000000	0.298468334549917	-0.726543949137573	0.002569246311386
20.000000000000000	0.342283094048408	-0.707896655026811	0.005095758259396
20.000000000000000	0.384822646741755	-0.686502470843916	0.007605164746516
20.000000000000000	0.425915700865331	-0.662447543417651	0.010087361278502
20.000000000000000	0.465396789193718	-0.635828733450723	0.012532352925994
20.000000000000000	0.503106935318823	-0.606753225495926	0.014930294570573
20.000000000000000	0.538894293791759	-0.575338096361776	0.017271530547575
20.000000000000000	0.572614761550883	-0.541709843685521	0.019546633526046
20.000000000000000	0.604132558173956	-0.506003876571806	0.021746442469273
20.000000000000000	0.633320772617988	-0.468363970347999	0.023862099523053
20.000000000000000	0.660061874245211	-0.428941687631694	0.025885085683136
20.000000000000000	0.684248186077477	-0.387895768041540	0.027807255098257
20.000000000000000	0.705782318373446	-0.345391489008825	0.029620867870599
20.000000000000000	0.724577560782700	-0.301600000263592	0.031318621221632
20.000000000000000	0.740558231497720	-0.256697634675088	0.032893678897820
20.000000000000000	0.753659981997816	-0.210865198221525	0.034339698697811
20.000000000000000	0.763830056157903	-0.164287241948230	0.035650858010232
20.000000000000000	0.771027502678806	-0.117151318845715	0.036821877259299
20.000000000000000	0.775223339983676	-0.069647228639985	0.037848041163798
20.000000000000000	0.776400672916583	-0.021966253536025	0.038725217723865
20.000000000000000	0.774554760773337	0.025699612008124	0.039449874859087
20.000000000000000	0.769693036390637	0.073158434375287	0.040019094630943
20.000000000000000	0.761835076216656	0.120219113638086	0.040430584992314
20.000000000000000	0.751012521483597	0.166692153050904	0.040682689016748
20.000000000000000	0.737268950799617	0.212390422086394	0.040774391570318
20.000000000000000	0.720659704673152	0.257129909944070	0.040705323399205
20.000000000000000	0.701251662676223	0.300730466496853	0.040475762616559
20.000000000000000	0.679122974144005	0.343016527692050	0.040086633582627
20.000000000000000	0.654362743495035	0.383817822485829	0.039539503182691
20.000000000000000	0.627070671439166	0.422970058464618	0.038836574517762
20.000000000000000	0.597356653518001	0.460315583392668	0.037980678033482
20.000000000000000	0.565340337594331	0.495704020021966	0.036975260122909
20.000000000000000	0.531150642072421	0.528992871608332	0.035824369249113
20.000000000000000	0.494925236789099	0.560048095695521	0.034532639643443
20.000000000000000	0.456809988665908	0.588744643856882	0.033105272645112
20.000000000000000	0.416958374354501	0.614966965221237	0.031548015757244
20.000000000000000	0.375530862240333	0.638609471755456	0.029867139503700
20.000000000000000	0.332694266293104	0.659576963430202	0.028069412179901
20.000000000000000	0.288621074365784	0.677785011556846	0.026162072599281
20.000000000000000	0.243488753646906	0.693160298751998	0.024152800945148
20.000000000000000	0.197479036062833	0.705640914160737	0.022049687845294
20.000000000000000	0.150777186507435	0.715176602749766	0.019861201793891
20.000000000000000	0.103571256845741	0.721728967666699	0.017596155051856
20.000000000000000	0.056051328695464	0.725271624850633	0.015263668162984
20.000000000000000	0.008408748035400	0.725790309271446	0.012873133228741
20.000000000000000	-0.039164645277283	0.723282932370041	0.010434176089582
20.000000000000000	-0.086477289978450	0.717759590468239	0.007956617565091
20.000000000000000	-0.133338674746590	0.709242524114448	0.005450433909009
20.000000000000000	-0.179560105324677	0.697766028528830	0.002925716638376
20.000000000000000	-0.224955464325339	0.683376315508550	0.000392631898557
20.000000000000000	-0.269341960659889	0.666131327349181	-0.002138620472235
20.000000000000000	-0.312540865573525	0.646100503531531	-0.004657848014095
20.000000000000000	-0.354378232322943	0.623364501113358	-0.007154906686856
20.000000000000000	-0.394685596598484	0.598014869951869	-0.009619741716565
20.000000000000000	-0.433300654870440	0.570153684064759	-0.012042428082504
20.000000000000000	-0.470067917928096	0.539893130614162	-0.014413210481752
20.000000000000000	-0.504839336979895	0.507355058168550	-0.016722542610338


21.000000000000000	nan	nan	nan
21.000000000000000	nan	nan	nan
21.000000000000000	nan	nan	nan
21.000000000000000	nan	nan	nan
21.000000000000000	nan	nan	nan
21.000000000000000	nan	nan	nan
21.000000000000000	nan	nan	nan
21.000000000000000	nan	nan	nan
21.000000000000000	nan	nan	nan
21.000000000000000	nan	nan	nan
21.000000000000000	nan	nan	nan
21.000000000000000	nan	nan	nan
21.000000000000000	nan	nan	nan
21.000000000000000	nan	nan	nan
21.000000000000000	nan	nan	nan
21.000000000000000	nan	nan	nan
21.000000000000000	nan	nan	nan
21.000000000000000	nan	nan	nan
21.000000000000000	nan	nan	nan
21.000000000000000	nan	nan	nan
21.000000000000000	nan	nan	nan
21.000000000000000	nan	nan	nan
21.000000000000000	nan	nan	nan
21.000000000000000	nan	nan	nan
21.000000000000000	nan	nan	nan
21.000000000000000	nan	nan	nan
21.000000000000000	nan	nan	nan
21.000000000000000	nan	nan	nan
21.000000000000000	nan	nan	nan
21.000000000000000	nan	nan	nan
21.000000000000000	nan	nan	nan
21.000000000000000	nan	nan	nan
21.000000000000000	nan	nan	nan
21.000000000000000	nan	nan	nan
21.000000000000000	nan	nan	nan
21.000000000000000	nan	nan	nan
21.000000000000000	nan	nan	nan
21.000000000000000	nan	nan	nan
21.000000000000000	nan	nan	nan
21.000000000000000	nan	nan	nan
21.000000000000000	nan	nan	nan
21.000000000000000	nan	nan	nan
21.000000000000000	nan	nan	nan
21.000000000000000	nan	nan	nan
21.000000000000000	nan	nan	nan
21.000000000000000	nan	nan	nan
21.000000000000000	nan	nan	nan
21.000000000000000	nan	nan	nan
21.000000000000000	nan	nan	nan
21.000000000000000	nan	nan	nan
21.000000000000000	nan	nan	nan
21.000000000000000	nan	nan	nan
21.000000000000000	nan	nan	nan
21.000000000000000	nan	nan	nan
21.000000000000000	nan	nan	nan
21.000000000000000	nan	nan	nan
21.000000000000000	nan	nan	nan
21.000000000000000	nan	nan	nan
21.000000000000000	nan	nan	nan
21.000000000000000	nan	nan	nan
21.000000000000000	nan	nan	nan
21.000000000000000	nan	nan	nan
21.000000000000000	nan	nan	nan
21.000000000000000	nan	nan	nan
21.000000000000000	nan	nan	nan
21.000000000000000	nan	nan	nan
21.000000000000000	nan	nan	nan
21.000000000000000	nan	nan	nan
21.000000000000000	nan	nan	nan
21.000000000000000	nan	nan	nan
21.000000000000000	nan	nan	nan
21.000000000000000	nan	nan	nan
21.000000000000000	nan	nan	nan
21.000000000000000	nan	nan	nan
21.000000000000000	nan	nan	nan
21.000000000000000	nan	nan	nan
21.000000000000000	nan	nan	nan
21.000000000000000	nan	nan	nan
21.000000000000000	nan	nan	nan
21.000000000000000	nan	nan	nan
21.000000000000000	nan	nan	nan
21.000000000000000	nan	nan	nan
21.000000000000000	nan	nan	nan
21.000000000000000	nan	nan	nan
21.000000000000000	nan	nan	nan
21.000000000000000	nan	nan	nan
21.000000000000000	nan	nan	nan
21.000000000000000	nan	nan	nan
21.000000000000000	nan	nan	nan
21.000000000000000	nan	nan	nan
21.000000000000000	nan	nan	nan
21.000000000000000	nan	nan	nan
21.000000000000000	nan	nan	nan
21.000000000000000	nan	nan	nan
21.000000000000000	nan	nan	nan
21.000000000000000	nan	nan	nan
21.000000000000000	nan	nan	nan
21.000000000000000	nan	nan	nan
21.000000000000000	nan	nan	nan
21.000000000000000	nan	nan	nan


22.000000000000000	-1.575533651644686	-0.334119999262605	0.079822664951238
22.000000000000000	-1.550121096572627	-0.437759153847877	0.079145626841219
22.000000000000000	-1.518189016920603	-0.539576708372572	0.078135826139304
22.000000000000000	-1.479865991903143	-0.639162679480490	0.076797328956516
22.000000000000000	-1.435306334816121	-0.736116069614229	0.075135524948597
22.000000000000000	-1.384689471671572	-0.830046481690813	0.073157105613763
22.000000000000000	-1.328219218712474	-0.920575691092965	0.070870037348404
22.000000000000000	-1.266122961716668	-1.007339168646142	0.068283529369219
22.000000000000000	-1.198650740394590	-1.089987548448867	0.065407996630948
22.000000000000000	-1.126074241567603	-1.168188034645904	0.062255017889026
22.000000000000000	-1.048685705181061	-1.241625741479712	0.058837289076024
22.000000000000000	-0.966796747557191	-1.310004961224253	0.055168572179604
22.000000000000000	-0.880737106626146	-1.373050354895636	0.051263639827859
22.000000000000000	-0.790853314187743	-1.430508060945023	0.047138215805147
22.000000000000000	-0.697507300550205	-1.482146717469493	0.042808911737965
22.000000000000000	-0.601074937164559	-1.527758393824765	0.038293160205790
22.000000000000000	-0.501944523122955	-1.567159427888513	0.033609144546236
22.000000000000000	-0.400515221615277	-1.600191165602911	0.028775725637171
22.000000000000000	-0.297195452639857	-1.626720599818530	0.023812365950615
22.000000000000000	-0.192401248440291	-1.646640905867182	0.018739051184240
22.000000000000000	-0.086554578290428	-1.659871871707157	0.013576209786015
22.000000000000000	0.019918350626961	-1.666360220908803	0.008344630696058
22.000000000000000	0.126588809406082	-1.666079827179910	0.003065379636910
22.000000000000000	0.233027273758105	-1.659031819567059	-0.002240285710690
22.000000000000000	0.338805153553878	-1.645244577909357	-0.007551001304991
22.000000000000000	0.443496518605106	-1.624773618562839	-0.012845382768678
22.000000000000000	0.546679813734893	-1.597701370855695	-0.018102111496216
22.000000000000000	0.647939556231653	-1.564136845174462	-0.023300020496349
22.000000000000000	0.746868008851346	-1.524215194017667	-0.028418179624102
22.000000000000000	0.843066821631454	-1.478097167784420	-0.033435979859090
22.000000000000000	0.936148635905683	-1.425968467489294	-0.038333216290769
22.000000000000000	1.025738644060596	-1.368038997009876	-0.043090169476478
22.000000000000000	1.111476098753589	-1.304542017877941	-0.047687684844674
22.000000000000000	1.193015765515113	-1.235733210017591	-0.052107249823633
22.000000000000000	1.270029312886038	-1.161889642212440	-0.056331068385045
22.000000000000000	1.342206634492553	-1.083308656447411	-0.060342132702332
22.000000000000000	1.409257097735083	-1.000306670617511	-0.064124291635169
22.000000000000000	1.470910714063195	-0.913217904424643	-0.067662315764423
22.000000000000000	1.526919226124194	-0.822393033592829	-0.070941958715648
22.000000000000000	1.577057107407866	-0.728197777820836	-0.073950014524210
22.000000000000000	1.621122470362135	-0.631011428158031	-0.076674370811043
22.000000000000000	1.658937879322980	-0.531225319733186	-0.079104057554923
22.000000000000000	1.690351064985227	-0.429241255986046	-0.081229291264876
22.000000000000000	1.715235537537304	-0.325469890746678	-0.083041514374840
22.000000000000000	1.733491095991061	-0.220329074677447	-0.084533429701964
22.000000000000000	1.745044231655793	-0.114242172735866	-0.085699029829787
22.000000000000000	1.749848424131784	-0.007636359433345	-0.086533621297987
22.000000000000000	1.747884328631542	0.099059101245808	-0.087033843501285
22.000000000000000	1.739159853874434	0.205414584338933	-0.087197682221419
22.000000000000000	1.723710130241055	0.311001833853119	-0.087024477737687
22.000000000000000	1.701597368315594	0.415395687200936	-0.086514927483416
22.000000000000000	1.672910608385764	0.518175787180111	-0.085671083237636
22.000000000000000	1.637765361908989	0.618928274603624	-0.084496342863295
22.000000000000000	1.596303146388534	0.717247454764583	-0.082995436625264
22.000000000000000	1.548690915532471	0.812737431025623	-0.081174408143227
22.000000000000000	1.495120386990016	0.905013698954931	-0.079040590056162
22.000000000000000	1.435807270372225	0.993704694589891	-0.076602574496387
22.000000000000000	1.370990398665524	1.078453290594015	-0.073870178492078
22.000000000000000	1.300930766535564	1.158918234282682	-0.070854404437563
22.000000000000000	1.225910479393823	1.234775521727260	-0.067567395790562
22.000000000000000	1.146231617458676	1.305719702404565	-0.064022388174765
22.000000000000000	1.062215019384981	1.371465109138317	-0.060233656084654
22.000000000000000	0.974198990360042	1.431747008380031	-0.056216455407146
22.000000000000000	0.882537939868036	1.486322666197581	-0.051986961991523
22.000000000000000	0.787600954608098	1.534972325679074	-0.047562206514997
22.000000000000000	0.689770312312451	1.577500091816372	-0.042960005906183
22.000000000000000	0.589439942448903	1.613734720305150	-0.038198891602612
22.000000000000000	0.487013840005920	1.643530307085270	-0.033298034931181
22.000000000000000	0.382904438747381	1.666766875844936	-0.028277169911979
22.000000000000000	0.277530950487392	1.683350861122955	-0.023156513796354
22.000000000000000	0.171317677072257	1.693215485063826	-0.017956685659181
22.000000000000000	0.064692301866710	1.696321026308596	-0.012698623373122
22.000000000000000	-0.041915832376061	1.692654979938755	-0.007403499299201
22.000000000000000	-0.148077452326135	1.682232107829126	-0.002092635033183
22.000000000000000	-0.253365082609059	1.665094379207007	0.003212584448968
22.000000000000000	-0.357354767098293	1.641310801656903	0.008490796900842
22.000000000000000	-0.459627776036911	1.610977143251344	0.013720748823809
22.000000000000000	-0.559772292114538	1.574215546926655	0.018881381047352
22.000000000000000	-0.657385068710316	1.531174038656455	0.023951913526921
22.000000000000000	-0.752073053624709	1.482025931403320	0.028911929017833
22.000000000000000	-0.843454971762005	1.426969127248639	0.033741455288313
22.000000000000000	-0.931162860390544	1.366225320510786	0.038421045540622
22.000000000000000	-1.014843550798769	1.300039105060347	0.042931856716444
22.000000000000000	-1.094160090380986	1.228676989426929	0.047255725371238
22.000000000000000	-1.168793099426575	1.152426323663374	0.051375240812014
22.000000000000000	-1.238442057149367	1.071594142288511	0.055273815204048
22.000000000000000	-1.302826511778775	0.986505927967527	0.058935750364242
22.000000000000000	-1.361687209840100	0.897504300908134	0.062346300972163
22.000000000000000	-1.414787140076766	0.804947639249932	0.065491733944244
22.000000000000000	-1.461912487810999	0.709208636002121	0.068359383732070
22.000000000000000	-1.502873495900070	0.610672798340296	0.070937703322062
22.000000000000000	-1.537505228821339	0.509736895305110	0.073216310731235
22.000000000000000	-1.565668236809385	0.406807360153389	0.075186030811771
22.000000000000000	-1.587249117370998	0.302298653794850	0.076838932196106
22.000000000000000	-1.602160971916995	0.196631595904303	0.078168359233748
22.000000000000000	-1.610343755672164	0.090231670429343	0.079168958791229
22.000000000000000	-1.611764519454387	-0.016472687683335	0.079836701807285
22.000000000000000	-1.606417542349362	-0.123051817644245	0.080168899516468
22.000000000000000	-1.594324354746708	-0.229076562913477	0.080164214275849
22.000000000000000	-1.575533651644686	-0.334119999262604	0.079822664951238


23.000000000000000	nan	nan	nan
23.000000000000000	nan	nan	nan
23.000000000000000	nan	nan	nan
23.000000000000000	nan	nan	nan
23.000000000000000	nan	nan	nan
23.000000000000000	nan	nan	nan
23.000000000000000	nan	nan	nan
23.000000000000000	nan	nan	nan
23.000000000000000	nan	nan	nan
23.000000000000000	nan	nan	nan
23.000000000000000	nan	nan	nan
23.000000000000000	nan	nan	nan
23.000000000000000	nan	nan	nan
23.000000000000000	nan	nan	nan
23.000000000000000	nan	nan	nan
23.000000000000000	nan	nan	nan
23.000000000000000	nan	nan	nan
23.000000000000000	nan	nan	nan
23.000000000000000	nan	nan	nan
23.000000000000000	nan	nan	nan
23.000000000000000	nan	nan	nan
23.000000000000000	nan	nan	nan
23.000000000000000	nan	nan	nan
23.000000000000000	nan	nan	nan
23.000000000000000	nan	nan	nan
23.000000000000000	nan	nan	nan
23.000000000000000	nan	nan	nan
23.000000000000000	nan	nan	nan
23.000000000000000	nan	nan	nan
23.000000000000000	nan	nan	nan
23.000000000000000	nan	nan	nan
23.000000000000000	nan	nan	nan
23.000000000000000	nan	nan	nan
23.000000000000000	nan	nan	nan
23.000000000000000	nan	nan	nan
23.000000000000000	nan	nan	nan
23.000000000000000	nan	nan	nan
23.000000000000000	nan	nan	nan
23.000000000000000	nan	nan	nan
23.000000000000000	nan	nan	nan
23.000000000000000	nan	nan	nan
23.000000000000000	nan	nan	nan
23.000000000000000	nan	nan	nan
23.000000000000000	nan	nan	nan
23.000000000000000	nan	nan	nan
23.000000000000000	nan	nan	nan
23.000000000000000	nan	nan	nan
23.000000000000000	nan	nan	nan
23.000000000000000	nan	nan	nan
23.000000000000000	nan	nan	nan
23.000000000000000	nan	nan	nan
23.000000000000000	nan	nan	nan
23.000000000000000	nan	nan	nan
23.000000000000000	nan	nan	nan
23.000000000000000	nan	nan	nan
23.000000000000000	nan	nan	nan
23.000000000000000	nan	nan	nan
23.000000000000000	nan	nan	nan
23.000000000000000	nan	nan	nan
23.000000000000000	nan	nan	nan
23.000000000000000	nan	nan	nan
23.000000000000000	nan	nan	nan
23.000000000000000	nan	nan	nan
23.000000000000000	nan	nan	nan
23.000000000000000	nan	nan	nan
23.000000000000000	nan	nan	nan
23.000000000000000	nan	nan	nan
23.000000000000000	nan	nan	nan
23.000000000000000	nan	nan	nan
23.000000000000000	nan	nan	nan
23.000000000000000	nan	nan	nan
23.000000000000000	nan	nan	nan
23.000000000000000	nan	nan	nan
23.000000000000000	nan	nan	nan
23.000000000000000	nan	nan	nan
23.000000000000000	nan	nan	nan
23.000000000000000	nan	nan	nan
23.000000000000000	nan	nan	nan
23.000000000000000	nan	nan	nan
23.000000000000000	nan	nan	nan
23.000000000000000	nan	nan	nan
23.000000000000000	nan	nan	nan
23.000000000000000	nan	nan	nan
23.000000000000000	nan	nan	nan
23.000000000000000	nan	nan	nan
23.000000000000000	nan	nan	nan
23.000000000000000	nan	nan	nan
23.000000000000000	nan	nan	nan
23.000000000000000	nan	nan	nan
23.000000000000000	nan	nan	nan
23.000000000000000	nan	nan	nan
23.000000000000000	nan	nan	nan
23.000000000000000	nan	nan	nan
23.000000000000000	nan	nan	nan
23.000000000000000	nan	nan	nan
23.000000000000000	nan	nan	nan
23.000000000000000	nan	nan	nan
23.000000000000000	nan	nan	nan
23.000000000000000	nan	nan	nan
23.000000000000000	nan	nan	nan


24.000000000000000	nan	nan	nan
24.000000000000000	nan	nan	nan
24.000000000000000	nan	nan	nan
24.000000000000000	nan	nan	nan
24.000000000000000	nan	nan	nan
24.000000000000000	nan	nan	nan
24.000000000000000	nan	nan	nan
24.000000000000000	nan	nan	nan
24.000000000000000	nan	nan	nan
24.000000000000000	nan	nan	nan
24.000000000000000	nan	nan	nan
24.000000000000000	nan	nan	nan
24.000000000000000	nan	nan	nan
24.000000000000000	nan	nan	nan
24.000000000000000	nan	nan	nan
24.000000000000000	nan	nan	nan
24.000000000000000	nan	nan	nan
24.000000000000000	nan	nan	nan
24.000000000000000	nan	nan	nan
24.000000000000000	nan	nan	nan
24.000000000000000	nan	nan	nan
24.000000000000000	nan	nan	nan
24.000000000000000	nan	nan	nan
24.000000000000000	nan	nan	nan
24.000000000000000	nan	nan	nan
24.000000000000000	nan	nan	nan
24.000000000000000	nan	nan	nan
24.000000000000000	nan	nan	nan
24.000000000000000	nan	nan	nan
24.000000000000000	nan	nan	nan
24.000000000000000	nan	nan	nan
24.000000000000000	nan	nan	nan
24.000000000000000	nan	nan	nan
24.000000000000000	nan	nan	nan
24.000000000000000	nan	nan	nan
24.000000000000000	nan	nan	nan
24.000000000000000	nan	nan	nan
24.000000000000000	nan	nan	nan
24.000000000000000	nan	nan	nan
24.000000000000000	nan	nan	nan
24.000000000000000	nan	nan	nan
24.000000000000000	nan	nan	nan
24.000000000000000	nan	nan	nan
24.000000000000000	nan	nan	nan
24.000000000000000	nan	nan	nan
24.000000000000000	nan	nan	nan
24.000000000000000	nan	nan	nan
24.000000000000000	nan	nan	nan
24.000000000000000	nan	nan	nan
24.000000000000000	nan	nan	nan
24.000000000000000	nan	nan	nan
24.000000000000000	nan	nan	nan
24.000000000000000	nan	nan	nan
24.000000000000000	nan	nan	nan
24.000000000000000	nan	nan	nan
24.000000000000000	nan	nan	nan
24.000000000000000	nan	nan	nan
24.000000000000000	nan	nan	nan
24.000000000000000	nan	nan	nan
24.000000000000000	nan	nan	nan
24.000000000000000	nan	nan	nan
24.000000000000000	nan	nan	nan
24.000000000000000	nan	nan	nan
24.000000000000000	nan	nan	nan
24.000000000000000	nan	nan	nan
24.000000000000000	nan	nan	nan
24.000000000000000	nan	nan	nan
24.000000000000000	nan	nan	nan
24.000000000000000	nan	nan	nan
24.000000000000000	nan	nan	nan
24.000000000000000	nan	nan	nan
24.000000000000000	nan	nan	nan
24.000000000000000	nan	nan	nan
24.000000000000000	nan	nan	nan
24.000000000000000	nan	nan	nan
24.000000000000000	nan	nan	nan
24.000000000000000	nan	nan	nan
24.000000000000000	nan	nan	nan
24.000000000000000	nan	nan	nan
24.000000000000000	nan	nan	nan
24.000000000000000	nan	nan	nan
24.000000000000000	nan	nan	nan
24.000000000000000	nan	nan	nan
24.000000000000000	nan	nan	nan
24.000000000000000	nan	nan	nan
24.000000000000000	nan	nan	nan
24.000000000000000	nan	nan	nan
24.000000000000000	nan	nan	nan
24.000000000000000	nan	nan	nan
24.000000000000000	nan	nan	nan
24.000000000000000	nan	nan	nan
24.000000000000000	nan	nan	nan
24.000000000000000	nan	nan	nan
24.000000000000000	nan	nan	nan
24.000000000000000	nan	nan	nan
24.000000000000000	nan	nan	nan
24.000000000000000	nan	nan	nan
24.000000000000000	nan	nan	nan
24.000000000000000	nan	nan	nan
24.000000000000000	nan	nan	nan


25.000000000000000	-1.087353058179638	-0.224498294247534	-0.018996198240159
25.000000000000000	-1.069968577662414	-0.297016040468448	-0.018540196916213
25.000000000000000	-1.048012938623771	-0.368283555055877	-0.018004950089992
25.000000000000000	-1.021574548673011	-0.438013868882002	-0.017392613011551
25.000000000000000	-0.990759865875202	-0.505926202583924	-0.016705651346187
25.000000000000000	-0.955692970082120	-0.571747097163062	-0.015946831246065
25.000000000000000	-0.916515063306480	-0.635211515108020	-0.015119208211910
25.000000000000000	-0.873383901151271	-0.696063907607103	-0.014226114789574
25.000000000000000	-0.826473157583616	-0.754059243553192	-0.013271147151058
25.000000000000000	-0.775971725611009	-0.808963996197523	-0.012258150613992
25.000000000000000	-0.722082956675836	-0.860557083479489	-0.011191204157900
25.000000000000000	-0.665023841830895	-0.908630758246063	-0.010074603999589
25.000000000000000	-0.605024137993007	-0.952991444776264	-0.008912846293799
25.000000000000000	-0.542325442793006	-0.993460518242264	-0.007710609028776
25.000000000000000	-0.477180221747348	-1.029875023968521	-0.006472733189665
25.000000000000000	-0.409850791668585	-1.062088333592750	-0.005204203265569
25.000000000000000	-0.340608264408140	-1.089970735486579	-0.003910127178772
25.000000000000000	-0.269731455184573	-1.113409957058504	-0.002595715716940
25.000000000000000	-0.197505759893099	-1.132311616835980	-0.001266261551116
25.000000000000000	-0.124222005917049	-1.146599604506308	0.000072882075996
25.000000000000000	-0.050175281068638	-1.156216387385994	0.001416322905652
25.000000000000000	0.024336254625498	-1.161123242084567	0.002758651375791
25.000000000000000	0.099012569509501	-1.161300410429997	0.004094462403429
25.000000000000000	0.173552968419874	-1.156747179027890	0.005418377149025
25.000000000000000	0.247657303478775	-1.147481882134066	0.006725064675166
25.000000000000000	0.321027182683583	-1.133541827828989	0.008009263412370
25.000000000000000	0.393367171426182	-1.114983147791289	0.009265802345574
25.000000000000000	0.464385982103856	-1.091880571275308	0.010489621835981
25.000000000000000	0.533797647031650	-1.064327124202765	0.011675793994441
25.000000000000000	0.601322669933317	-1.032433754580204	0.012819542524327
25.000000000000000	0.666689151374166	-0.996328885750529	0.013916261953985
25.000000000000000	0.729633883604129	-0.956157899277529	0.014961536181354
25.000000000000000	0.789903410402464	-0.912082549545630	0.015951156256043
25.000000000000000	0.847255047656511	-0.864280312432084	0.016881137327291
25.000000000000000	0.901457860564950	-0.812943670674245	0.017747734689555
25.000000000000000	0.952293593530743	-0.758279338809523	0.018547458861118
25.000000000000000	0.999557548999393	-0.700507430808903	0.019277089634999
25.000000000000000	1.043059411703745	-0.639860573755668	0.019933689045589
25.000000000000000	1.082624014996401	-0.576582971138242	0.020514613198806
25.000000000000000	1.118092046183982	-0.510929419528928	0.021017522918116
25.000000000000000	1.149320688023115	-0.443164282608047	0.021440393163581
25.000000000000000	1.176184193795069	-0.373560426664695	0.021781521185970
25.000000000000000	1.198574393643408	-0.302398121860510	0.022039533383136
25.000000000000000	1.216401130135823	-0.229963913680645	0.022213390831026
25.000000000000000	1.229592621296295	-0.156549469116238	0.022302393467058
25.000000000000000	1.238095749645776	-0.082450402224380	0.022306182909031
25.000000000000000	1.241876276087529	-0.007965083794641	0.022224743898198
25.000000000000000	1.240918977775884	0.066606560084794	0.022058404360713
25.000000000000000	1.235227709413272	0.140964255723617	0.021807834087185
25.000000000000000	1.224825387728691	0.214808590925577	0.021474042035669
25.000000000000000	1.209753899200130	0.287842220615713	0.021058372268945
25.000000000000000	1.190073931392505	0.359771064144027	0.020562498542457
25.000000000000000	1.165864728590256	0.430305489444469	0.019988417564685
25.000000000000000	1.137223772708580	0.499161479281039	0.019338440957108
25.000000000000000	1.104266390768166	0.566061774884959	0.018615185946121
25.000000000000000	1.067125290513985	0.630736992377872	0.017821564824384
25.000000000000000	1.025950026048041	0.692926707485651	0.016960773224051
25.000000000000000	0.980906395627785	0.752380504175029	0.016036277249084
25.000000000000000	0.932175774055051	0.808858982990585	0.015051799518481
25.000000000000000	0.879954382343743	0.862134725031855	0.014011304176597
25.000000000000000	0.824452497607068	0.911993207688982	0.012918980930938
25.000000000000000	0.765893606345816	0.958233668449544	0.011779228181684
25.000000000000000	0.704513504547100	1.000669913298343	0.010596635310890
25.000000000000000	0.640559348217139	1.039131066454980	0.009375964202656
25.000000000000000	0.574288658171253	1.073462258430317	0.008122130068707
25.000000000000000	0.505968283088430	1.103525249631250	0.006840181656568
25.000000000000000	0.435873325005877	1.129198987002759	0.005535280920039
25.000000000000000	0.364286031580215	1.150380091465834	0.004212682233828
25.000000000000000	0.291494659575779	1.166983274188542	0.002877711236043
25.000000000000000	0.217792314156370	1.178941680014046	0.001535743383723
25.000000000000000	0.143475768654207	1.186207156662734	0.000192182307768
25.000000000000000	0.068844269568469	1.188750448624446	-0.001147561945570
25.000000000000000	-0.005801668394751	1.186561314960090	-0.002478094699036
25.000000000000000	-0.080161472389093	1.179648570538292	-0.003794058366837
25.000000000000000	-0.153935721728703	1.168040050541029	-0.005090154027742
25.000000000000000	-0.226827353549649	1.151782498381175	-0.006361162761974
25.000000000000000	-0.298542858977236	1.130941377483275	-0.007601966665956
25.000000000000000	-0.368793464982649	1.105600607685443	-0.008807569460299
25.000000000000000	-0.437296297170019	1.075862227323786	-0.009973116608061
25.000000000000000	-0.503775518811772	1.041845982360046	-0.011093914862251
25.000000000000000	-0.567963441545785	1.003688844206869	-0.012165451163878
25.000000000000000	-0.629601603261938	0.961544458192274	-0.013183410814446
25.000000000000000	-0.688441808837801	0.915582524884144	-0.014143694849726
25.000000000000000	-0.744247129532806	0.865988116765933	-0.015042436544835
25.000000000000000	-0.796792857016655	0.812960933015095	-0.015876016984170
25.000000000000000	-0.845867408190457	0.756714495384980	-0.016641079633510
25.000000000000000	-0.891273177157191	0.697475288428096	-0.017334543855590
25.000000000000000	-0.932827330910913	0.635481847522749	-0.017953617314742
25.000000000000000	-0.970362545540736	0.570983798375267	-0.018495807220643
25.000000000000000	-1.003727679985165	0.504240851865380	-0.018958930365906
25.000000000000000	-1.032788384623809	0.435521758282179	-0.019341121917080
25.000000000000000	-1.057427642255883	0.365103225161546	-0.019640842923681
25.000000000000000	-1.077546239287175	0.293268803082576	-0.019856886515001
25.000000000000000	-1.093063165228173	0.220307743909467	-0.019988382759748
25.000000000000000	-1.103915938894716	0.146513836076362	-0.020034802168956
25.000000000000000	-1.110060859997666	0.072184221605003	-0.019995957828046
25.000000000000000	-1.111473185108555	-0.002381800381309	-0.019872006149471
25.000000000000000	-1.108147227292631	-0.076883978829647	-0.019663446242891
25.000000000000000	-1.100096379008144	-0.151022319762479	-0.019371117905440
25.000000000000000	-1.087353058179638	-0.224498294247534	-0.018996198240159


