# n	x	y	z
1.000000000000000	-0.290672731323752	0.377392440381881	0.004117059570394
1.000000000000000	-0.314497172347141	0.357817932275405	0.003085874869838
1.000000000000000	-0.337030875161830	0.336770978239775	0.002041919278884
1.000000000000000	-0.358183104499713	0.314336326930501	0.000989396438239
1.000000000000000	-0.377868687798796	0.290604314770235	-0.000067455514099
1.000000000000000	-0.396008358163035	0.265670502195880	-0.001124381008328
1.000000000000000	-0.412529073542159	0.239635288870439	-0.002177124178516
1.000000000000000	-0.427364310846218	0.212603509409009	-0.003221445999477
1.000000000000000	-0.440454333810594	0.184684011246781	-0.004253141355825
1.000000000000000	-0.451746433532852	0.155989216348842	-0.005268055974490
1.000000000000000	-0.461195140712886	0.126634668526598	-0.006262103152511
1.000000000000000	-0.468762408741745	0.096738568183623	-0.007231280212744
1.000000000000000	-0.474417766901896	0.066421296364356	-0.008171684621233
1.000000000000000	-0.478138443062052	0.035804930022123	-0.009079529701335
1.000000000000000	-0.479909455372505	0.005012750458326	-0.009951159881331
1.000000000000000	-0.479723672591749	-0.025831253087839	-0.010783065414121
1.000000000000000	-0.477581842801472	-0.056602882700289	-0.011571896509742
1.000000000000000	-0.473492590394293	-0.087178231887232	-0.012314476823785
1.000000000000000	-0.467472381346379	-0.117434184508869	-0.013007816247413
1.000000000000000	-0.459545456914772	-0.147248910522643	-0.013649122947479
1.000000000000000	-0.449743736026398	-0.176502356549819	-0.014235814608245
1.000000000000000	-0.438106686751820	-0.205076729288067	-0.014765528829463
1.000000000000000	-0.424681167381242	-0.232856969823516	-0.015236132638923
1.000000000000000	-0.409521237742715	-0.259731216932394	-0.015645731081182
1.000000000000000	-0.392687941522291	-0.285591257506691	-0.015992674847878
1.000000000000000	-0.374249060462644	-0.310332962290153	-0.016275566918914
1.000000000000000	-0.354278841429911	-0.333856705170050	-0.016493268187764
1.000000000000000	-0.332857697447774	-0.356067764336361	-0.016644902048256
1.000000000000000	-0.310071883902589	-0.376876703693079	-0.016729857924352
1.000000000000000	-0.286013151223392	-0.396199732985801	-0.016747793728722
1.000000000000000	-0.260778375435303	-0.413959045195506	-0.016698637240214
1.000000000000000	-0.234469168073961	-0.430083129839966	-0.016582586394657
1.000000000000000	-0.207191467031743	-0.444507060921212	-0.016400108487846
1.000000000000000	-0.179055109983248	-0.457172758359616	-0.016151938293909
1.000000000000000	-0.150173392107761	-0.468029221861874	-0.015839075106625
1.000000000000000	-0.120662609889543	-0.477032736281182	-0.015462778715627
1.000000000000000	-0.090641592832940	-0.484147047642709	-0.015024564333670
1.000000000000000	-0.060231224977909	-0.489343509125553	-0.014526196495405
1.000000000000000	-0.029553958142651	-0.492601196413381	-0.013969681952221
1.000000000000000	0.001266681146638	-0.493906991949267	-0.013357261591765
1.000000000000000	0.032106589053492	-0.493255637755459	-0.012691401414679
1.000000000000000	0.062841584153524	-0.490649756605405	-0.011974782604884
1.000000000000000	0.093347907469191	-0.486099841462765	-0.011210290733401
1.000000000000000	0.123502720803518	-0.479624213229957	-0.010401004139175
1.000000000000000	0.153184601366160	-0.471248946976339	-0.009550181533687
1.000000000000000	0.182274030700128	-0.461007766943118	-0.008661248879278
1.000000000000000	0.210653875940425	-0.448941910747727	-0.007737785594003
1.000000000000000	0.238209861466758	-0.435099963334496	-0.006783510138581
1.000000000000000	0.264831029051128	-0.419537661340228	-0.005802265043467
1.000000000000000	0.290410184647445	-0.402317668662438	-0.004798001436333
1.000000000000000	0.314844330024128	-0.383509324133949	-0.003774763132277
1.000000000000000	0.338035077501624	-0.363188362319890	-0.002736670350803
1.000000000000000	0.359889046124872	-0.341436608561329	-0.001687903125156
1.000000000000000	0.380318237675446	-0.318341649493506	-0.000632684470795
1.000000000000000	0.399240391009329	-0.293996480365365	0.000424736619190
1.000000000000000	0.416579313293502	-0.268499130580510	0.001480102283280
1.000000000000000	0.432265186807591	-0.241952268967392	0.002529162936431
1.000000000000000	0.446234850075185	-0.214462790368180	0.003567694381652
1.000000000000000	0.458432052192812	-0.186141385210951	0.004591514819356
1.000000000000000	0.468807679332471	-0.157102093798412	0.005596501685992
1.000000000000000	0.477319952505683	-0.127461847107841	0.006578608254151
1.000000000000000	0.483934595792733	-0.097339995951323	0.007533879927312
1.000000000000000	0.488624974359701	-0.066857830392145	0.008458470163605
1.000000000000000	0.491372201707539	-0.036138091352524	0.009348655964475
1.000000000000000	0.492165215721334	-0.005304476379231	0.010200852865890
1.000000000000000	0.491000823213540	0.025518858442768	0.011011629371703
1.000000000000000	0.487883712781822	0.056207798423050	0.011777720771085
1.000000000000000	0.482826435929724	0.086638770031783	0.012496042284358
1.000000000000000	0.475849356526195	0.116689238486721	0.013163701484314
1.000000000000000	0.466980568807476	0.146238201157522	0.013778009943002
1.000000000000000	0.456255784251527	0.175166674800633	0.014336494057075
1.000000000000000	0.443718187780508	0.203358174662816	0.014836905008119
1.000000000000000	0.429418263870343	0.230699183524142	0.015277227817852
1.000000000000000	0.413413593267549	0.257079608791765	0.015655689461726
1.000000000000000	0.395768621131893	0.282393225803939	0.015970766008279
1.000000000000000	0.376554397538484	0.306538105559238	0.016221188755462
1.000000000000000	0.355848291384191	0.329417025148673	0.016405949339256
1.000000000000000	0.333733678850407	0.350937859238031	0.016524303794002
1.000000000000000	0.310299607676591	0.371013951024077	0.016575775548082
1.000000000000000	0.285640438596449	0.389564461170919	0.016560157342908
1.000000000000000	0.259855465380569	0.406514693321485	0.016477512067482
1.000000000000000	0.233048515015444	0.421796394873382	0.016328172505158
1.000000000000000	0.205327529628849	0.435348031808042	0.016112739993646
1.000000000000000	0.176804131844987	0.447115036466495	0.015832082003632
1.000000000000000	0.147593175319577	0.457050027274073	0.015487328645787
1.000000000000000	0.117812282264722	0.465112999529287	0.015079868120205
1.000000000000000	0.087581369825775	0.471271486488640	0.014611341126610
1.000000000000000	0.057022167217313	0.475500690098747	0.014083634257843
1.000000000000000	0.026257725562562	0.477783580849341	0.013498872403213
1.000000000000000	-0.004588077590054	0.478110966345101	0.012859410192322
1.000000000000000	-0.035391037078071	0.476481528320185	0.012167822513796
1.000000000000000	-0.066027120255346	0.472901827946419	0.011426894147128
1.000000000000000	-0.096372966427737	0.467386279413776	0.010639608549343
1.000000000000000	-0.126306383583086	0.459957091889517	0.009809135841675
1.000000000000000	-0.155706840415321	0.450644180089717	0.008938820044610
1.000000000000000	-0.184455951661487	0.439485043823261	0.008032165612688
1.000000000000000	-0.212437954797415	0.426524616993345	0.007092823323309
1.000000000000000	-0.239540176172550	0.411815086664511	0.006124575576338
1.000000000000000	-0.265653484706975	0.395415682923758	0.005131321163714
1.000000000000000	-0.290672731323752	0.377392440381881	0.004117059570394


2.000000000000000	nan	nan	nan
2.000000000000000	nan	nan	nan
2.000000000000000	nan	nan	nan
2.000000000000000	nan	nan	nan
2.000000000000000	nan	nan	nan
2.000000000000000	nan	nan	nan
2.000000000000000	nan	nan	nan
2.000000000000000	nan	nan	nan
2.000000000000000	nan	nan	nan
2.000000000000000	nan	nan	nan
2.000000000000000	nan	nan	nan
2.000000000000000	nan	nan	nan
2.000000000000000	nan	nan	nan
2.000000000000000	nan	nan	nan
2.000000000000000	nan	nan	nan
2.000000000000000	nan	nan	nan
2.000000000000000	nan	nan	nan
2.000000000000000	nan	nan	nan
2.000000000000000	nan	nan	nan
2.000000000000000	nan	nan	nan
2.000000000000000	nan	nan	nan
2.000000000000000	nan	nan	nan
2.000000000000000	nan	nan	nan
2.000000000000000	nan	nan	nan
2.000000000000000	nan	nan	nan
2.000000000000000	nan	nan	nan
2.000000000000000	nan	nan	nan
2.000000000000000	nan	nan	nan
2.000000000000000	nan	nan	nan
2.000000000000000	nan	nan	nan
2.000000000000000	nan	nan	nan
2.000000000000000	nan	nan	nan
2.000000000000000	nan	nan	nan
2.000000000000000	nan	nan	nan
2.000000000000000	nan	nan	nan
2.000000000000000	nan	nan	nan
2.000000000000000	nan	nan	nan
2.000000000000000	nan	nan	nan
2.000000000000000	nan	nan	nan
2.000000000000000	nan	nan	nan
2.000000000000000	nan	nan	nan
2.000000000000000	nan	nan	nan
2.000000000000000	nan	nan	nan
2.000000000000000	nan	nan	nan
2.000000000000000	nan	nan	nan
2.000000000000000	nan	nan	nan
2.000000000000000	nan	nan	nan
2.000000000000000	nan	nan	nan
2.000000000000000	nan	nan	nan
2.000000000000000	nan	nan	nan
2.000000000000000	nan	nan	nan
2.000000000000000	nan	nan	nan
2.000000000000000	nan	nan	nan
2.000000000000000	nan	nan	nan
2.000000000000000	nan	nan	nan
2.000000000000000	nan	nan	nan
2.000000000000000	nan	nan	nan
2.000000000000000	nan	nan	nan
2.000000000000000	nan	nan	nan
2.000000000000000	nan	nan	nan
2.000000000000000	nan	nan	nan
2.000000000000000	nan	nan	nan
2.000000000000000	nan	nan	nan
2.000000000000000	nan	nan	nan
2.000000000000000	nan	nan	nan
2.000000000000000	nan	nan	nan
2.000000000000000	nan	nan	nan
2.000000000000000	nan	nan	nan
2.000000000000000	nan	nan	nan
2.000000000000000	nan	nan	nan
2.000000000000000	nan	nan	nan
2.000000000000000	nan	nan	nan
2.000000000000000	nan	nan	nan
2.000000000000000	nan	nan	nan
2.000000000000000	nan	nan	nan
2.000000000000000	nan	nan	nan
2.000000000000000	nan	nan	nan
2.000000000000000	nan	nan	nan
2.000000000000000	nan	nan	nan
2.000000000000000	nan	nan	nan
2.000000000000000	nan	nan	nan
2.000000000000000	nan	nan	nan
2.000000000000000	nan	nan	nan
2.000000000000000	nan	nan	nan
2.000000000000000	nan	nan	nan
2.000000000000000	nan	nan	nan
2.000000000000000	nan	nan	nan
2.000000000000000	nan	nan	nan
2.000000000000000	nan	nan	nan
2.000000000000000	nan	nan	nan
2.000000000000000	nan	nan	nan
2.000000000000000	nan	nan	nan
2.000000000000000	nan	nan	nan
2.000000000000000	nan	nan	nan
2.000000000000000	nan	nan	nan
2.000000000000000	nan	nan	nan
2.000000000000000	nan	nan	nan
2.000000000000000	nan	nan	nan
2.000000000000000	nan	nan	nan
2.000000000000000	nan	nan	nan


3.000000000000000	nan	nan	nan
3.000000000000000	nan	nan	nan
3.000000000000000	nan	nan	nan
3.000000000000000	nan	nan	nan
3.000000000000000	nan	nan	nan
3.000000000000000	nan	nan	nan
3.000000000000000	nan	nan	nan
3.000000000000000	nan	nan	nan
3.000000000000000	nan	nan	nan
3.000000000000000	nan	nan	nan
3.000000000000000	nan	nan	nan
3.000000000000000	nan	nan	nan
3.000000000000000	nan	nan	nan
3.000000000000000	nan	nan	nan
3.000000000000000	nan	nan	nan
3.000000000000000	nan	nan	nan
3.000000000000000	nan	nan	nan
3.000000000000000	nan	nan	nan
3.000000000000000	nan	nan	nan
3.000000000000000	nan	nan	nan
3.000000000000000	nan	nan	nan
3.000000000000000	nan	nan	nan
3.000000000000000	nan	nan	nan
3.000000000000000	nan	nan	nan
3.000000000000000	nan	nan	nan
3.000000000000000	nan	nan	nan
3.000000000000000	nan	nan	nan
3.000000000000000	nan	nan	nan
3.000000000000000	nan	nan	nan
3.000000000000000	nan	nan	nan
3.000000000000000	nan	nan	nan
3.000000000000000	nan	nan	nan
3.000000000000000	nan	nan	nan
3.000000000000000	nan	nan	nan
3.000000000000000	nan	nan	nan
3.000000000000000	nan	nan	nan
3.000000000000000	nan	nan	nan
3.000000000000000	nan	nan	nan
3.000000000000000	nan	nan	nan
3.000000000000000	nan	nan	nan
3.000000000000000	nan	nan	nan
3.000000000000000	nan	nan	nan
3.000000000000000	nan	nan	nan
3.000000000000000	nan	nan	nan
3.000000000000000	nan	nan	nan
3.000000000000000	nan	nan	nan
3.000000000000000	nan	nan	nan
3.000000000000000	nan	nan	nan
3.000000000000000	nan	nan	nan
3.000000000000000	nan	nan	nan
3.000000000000000	nan	nan	nan
3.000000000000000	nan	nan	nan
3.000000000000000	nan	nan	nan
3.000000000000000	nan	nan	nan
3.000000000000000	nan	nan	nan
3.000000000000000	nan	nan	nan
3.000000000000000	nan	nan	nan
3.000000000000000	nan	nan	nan
3.000000000000000	nan	nan	nan
3.000000000000000	nan	nan	nan
3.000000000000000	nan	nan	nan
3.000000000000000	nan	nan	nan
3.000000000000000	nan	nan	nan
3.000000000000000	nan	nan	nan
3.000000000000000	nan	nan	nan
3.000000000000000	nan	nan	nan
3.000000000000000	nan	nan	nan
3.000000000000000	nan	nan	nan
3.000000000000000	nan	nan	nan
3.000000000000000	nan	nan	nan
3.000000000000000	nan	nan	nan
3.000000000000000	nan	nan	nan
3.000000000000000	nan	nan	nan
3.000000000000000	nan	nan	nan
3.000000000000000	nan	nan	nan
3.000000000000000	nan	nan	nan
3.000000000000000	nan	nan	nan
3.000000000000000	nan	nan	nan
3.000000000000000	nan	nan	nan
3.000000000000000	nan	nan	nan
3.000000000000000	nan	nan	nan
3.000000000000000	nan	nan	nan
3.000000000000000	nan	nan	nan
3.000000000000000	nan	nan	nan
3.000000000000000	nan	nan	nan
3.000000000000000	nan	nan	nan
3.000000000000000	nan	nan	nan
3.000000000000000	nan	nan	nan
3.000000000000000	nan	nan	nan
3.000000000000000	nan	nan	nan
3.000000000000000	nan	nan	nan
3.000000000000000	nan	nan	nan
3.000000000000000	nan	nan	nan
3.000000000000000	nan	nan	nan
3.000000000000000	nan	nan	nan
3.000000000000000	nan	nan	nan
3.000000000000000	nan	nan	nan
3.000000000000000	nan	nan	nan
3.000000000000000	nan	nan	nan
3.000000000000000	nan	nan	nan


4.000000000000000	nan	nan	nan
4.000000000000000	nan	nan	nan
4.000000000000000	nan	nan	nan
4.000000000000000	nan	nan	nan
4.000000000000000	nan	nan	nan
4.000000000000000	nan	nan	nan
4.000000000000000	nan	nan	nan
4.000000000000000	nan	nan	nan
4.000000000000000	nan	nan	nan
4.000000000000000	nan	nan	nan
4.000000000000000	nan	nan	nan
4.000000000000000	nan	nan	nan
4.000000000000000	nan	nan	nan
4.000000000000000	nan	nan	nan
4.000000000000000	nan	nan	nan
4.000000000000000	nan	nan	nan
4.000000000000000	nan	nan	nan
4.000000000000000	nan	nan	nan
4.000000000000000	nan	nan	nan
4.000000000000000	nan	nan	nan
4.000000000000000	nan	nan	nan
4.000000000000000	nan	nan	nan
4.000000000000000	nan	nan	nan
4.000000000000000	nan	nan	nan
4.000000000000000	nan	nan	nan
4.000000000000000	nan	nan	nan
4.000000000000000	nan	nan	nan
4.000000000000000	nan	nan	nan
4.000000000000000	nan	nan	nan
4.000000000000000	nan	nan	nan
4.000000000000000	nan	nan	nan
4.000000000000000	nan	nan	nan
4.000000000000000	nan	nan	nan
4.000000000000000	nan	nan	nan
4.000000000000000	nan	nan	nan
4.000000000000000	nan	nan	nan
4.000000000000000	nan	nan	nan
4.000000000000000	nan	nan	nan
4.000000000000000	nan	nan	nan
4.000000000000000	nan	nan	nan
4.000000000000000	nan	nan	nan
4.000000000000000	nan	nan	nan
4.000000000000000	nan	nan	nan
4.000000000000000	nan	nan	nan
4.000000000000000	nan	nan	nan
4.000000000000000	nan	nan	nan
4.000000000000000	nan	nan	nan
4.000000000000000	nan	nan	nan
4.000000000000000	nan	nan	nan
4.000000000000000	nan	nan	nan
4.000000000000000	nan	nan	nan
4.000000000000000	nan	nan	nan
4.000000000000000	nan	nan	nan
4.000000000000000	nan	nan	nan
4.000000000000000	nan	nan	nan
4.000000000000000	nan	nan	nan
4.000000000000000	nan	nan	nan
4.000000000000000	nan	nan	nan
4.000000000000000	nan	nan	nan
4.000000000000000	nan	nan	nan
4.000000000000000	nan	nan	nan
4.000000000000000	nan	nan	nan
4.000000000000000	nan	nan	nan
4.000000000000000	nan	nan	nan
4.000000000000000	nan	nan	nan
4.000000000000000	nan	nan	nan
4.000000000000000	nan	nan	nan
4.000000000000000	nan	nan	nan
4.000000000000000	nan	nan	nan
4.000000000000000	nan	nan	nan
4.000000000000000	nan	nan	nan
4.000000000000000	nan	nan	nan
4.000000000000000	nan	nan	nan
4.000000000000000	nan	nan	nan
4.000000000000000	nan	nan	nan
4.000000000000000	nan	nan	nan
4.000000000000000	nan	nan	nan
4.000000000000000	nan	nan	nan
4.000000000000000	nan	nan	nan
4.000000000000000	nan	nan	nan
4.000000000000000	nan	nan	nan
4.000000000000000	nan	nan	nan
4.000000000000000	nan	nan	nan
4.000000000000000	nan	nan	nan
4.000000000000000	nan	nan	nan
4.000000000000000	nan	nan	nan
4.000000000000000	nan	nan	nan
4.000000000000000	nan	nan	nan
4.000000000000000	nan	nan	nan
4.000000000000000	nan	nan	nan
4.000000000000000	nan	nan	nan
4.000000000000000	nan	nan	nan
4.000000000000000	nan	nan	nan
4.000000000000000	nan	nan	nan
4.000000000000000	nan	nan	nan
4.000000000000000	nan	nan	nan
4.000000000000000	nan	nan	nan
4.000000000000000	nan	nan	nan
4.000000000000000	nan	nan	nan
4.000000000000000	nan	nan	nan


5.000000000000000	nan	nan	nan
5.000000000000000	nan	nan	nan
5.000000000000000	nan	nan	nan
5.000000000000000	nan	nan	nan
5.000000000000000	nan	nan	nan
5.000000000000000	nan	nan	nan
5.000000000000000	nan	nan	nan
5.000000000000000	nan	nan	nan
5.000000000000000	nan	nan	nan
5.000000000000000	nan	nan	nan
5.000000000000000	nan	nan	nan
5.000000000000000	nan	nan	nan
5.000000000000000	nan	nan	nan
5.000000000000000	nan	nan	nan
5.000000000000000	nan	nan	nan
5.000000000000000	nan	nan	nan
5.000000000000000	nan	nan	nan
5.000000000000000	nan	nan	nan
5.000000000000000	nan	nan	nan
5.000000000000000	nan	nan	nan
5.000000000000000	nan	nan	nan
5.000000000000000	nan	nan	nan
5.000000000000000	nan	nan	nan
5.000000000000000	nan	nan	nan
5.000000000000000	nan	nan	nan
5.000000000000000	nan	nan	nan
5.000000000000000	nan	nan	nan
5.000000000000000	nan	nan	nan
5.000000000000000	nan	nan	nan
5.000000000000000	nan	nan	nan
5.000000000000000	nan	nan	nan
5.000000000000000	nan	nan	nan
5.000000000000000	nan	nan	nan
5.000000000000000	nan	nan	nan
5.000000000000000	nan	nan	nan
5.000000000000000	nan	nan	nan
5.000000000000000	nan	nan	nan
5.000000000000000	nan	nan	nan
5.000000000000000	nan	nan	nan
5.000000000000000	nan	nan	nan
5.000000000000000	nan	nan	nan
5.000000000000000	nan	nan	nan
5.000000000000000	nan	nan	nan
5.000000000000000	nan	nan	nan
5.000000000000000	nan	nan	nan
5.000000000000000	nan	nan	nan
5.000000000000000	nan	nan	nan
5.000000000000000	nan	nan	nan
5.000000000000000	nan	nan	nan
5.000000000000000	nan	nan	nan
5.000000000000000	nan	nan	nan
5.000000000000000	nan	nan	nan
5.000000000000000	nan	nan	nan
5.000000000000000	nan	nan	nan
5.000000000000000	nan	nan	nan
5.000000000000000	nan	nan	nan
5.000000000000000	nan	nan	nan
5.000000000000000	nan	nan	nan
5.000000000000000	nan	nan	nan
5.000000000000000	nan	nan	nan
5.000000000000000	nan	nan	nan
5.000000000000000	nan	nan	nan
5.000000000000000	nan	nan	nan
5.000000000000000	nan	nan	nan
5.000000000000000	nan	nan	nan
5.000000000000000	nan	nan	nan
5.000000000000000	nan	nan	nan
5.000000000000000	nan	nan	nan
5.000000000000000	nan	nan	nan
5.000000000000000	nan	nan	nan
5.000000000000000	nan	nan	nan
5.000000000000000	nan	nan	nan
5.000000000000000	nan	nan	nan
5.000000000000000	nan	nan	nan
5.000000000000000	nan	nan	nan
5.000000000000000	nan	nan	nan
5.000000000000000	nan	nan	nan
5.000000000000000	nan	nan	nan
5.000000000000000	nan	nan	nan
5.000000000000000	nan	nan	nan
5.000000000000000	nan	nan	nan
5.000000000000000	nan	nan	nan
5.000000000000000	nan	nan	nan
5.000000000000000	nan	nan	nan
5.000000000000000	nan	nan	nan
5.000000000000000	nan	nan	nan
5.000000000000000	nan	nan	nan
5.000000000000000	nan	nan	nan
5.000000000000000	nan	nan	nan
5.000000000000000	nan	nan	nan
5.000000000000000	nan	nan	nan
5.000000000000000	nan	nan	nan
5.000000000000000	nan	nan	nan
5.000000000000000	nan	nan	nan
5.000000000000000	nan	nan	nan
5.000000000000000	nan	nan	nan
5.000000000000000	nan	nan	nan
5.000000000000000	nan	nan	nan
5.000000000000000	nan	nan	nan
5.000000000000000	nan	nan	nan


6.000000000000000	nan	nan	nan
6.000000000000000	nan	nan	nan
6.000000000000000	nan	nan	nan
6.000000000000000	nan	nan	nan
6.000000000000000	nan	nan	nan
6.000000000000000	nan	nan	nan
6.000000000000000	nan	nan	nan
6.000000000000000	nan	nan	nan
6.000000000000000	nan	nan	nan
6.000000000000000	nan	nan	nan
6.000000000000000	nan	nan	nan
6.000000000000000	nan	nan	nan
6.000000000000000	nan	nan	nan
6.000000000000000	nan	nan	nan
6.000000000000000	nan	nan	nan
6.000000000000000	nan	nan	nan
6.000000000000000	nan	nan	nan
6.000000000000000	nan	nan	nan
6.000000000000000	nan	nan	nan
6.000000000000000	nan	nan	nan
6.000000000000000	nan	nan	nan
6.000000000000000	nan	nan	nan
6.000000000000000	nan	nan	nan
6.000000000000000	nan	nan	nan
6.000000000000000	nan	nan	nan
6.000000000000000	nan	nan	nan
6.000000000000000	nan	nan	nan
6.000000000000000	nan	nan	nan
6.000000000000000	nan	nan	nan
6.000000000000000	nan	nan	nan
6.000000000000000	nan	nan	nan
6.000000000000000	nan	nan	nan
6.000000000000000	nan	nan	nan
6.000000000000000	nan	nan	nan
6.000000000000000	nan	nan	nan
6.000000000000000	nan	nan	nan
6.000000000000000	nan	nan	nan
6.000000000000000	nan	nan	nan
6.000000000000000	nan	nan	nan
6.000000000000000	nan	nan	nan
6.000000000000000	nan	nan	nan
6.000000000000000	nan	nan	nan
6.000000000000000	nan	nan	nan
6.000000000000000	nan	nan	nan
6.000000000000000	nan	nan	nan
6.000000000000000	nan	nan	nan
6.000000000000000	nan	nan	nan
6.000000000000000	nan	nan	nan
6.000000000000000	nan	nan	nan
6.000000000000000	nan	nan	nan
6.000000000000000	nan	nan	nan
6.000000000000000	nan	nan	nan
6.000000000000000	nan	nan	nan
6.000000000000000	nan	nan	nan
6.000000000000000	nan	nan	nan
6.000000000000000	nan	nan	nan
6.000000000000000	nan	nan	nan
6.000000000000000	nan	nan	nan
6.000000000000000	nan	nan	nan
6.000000000000000	nan	nan	nan
6.000000000000000	nan	nan	nan
6.000000000000000	nan	nan	nan
6.000000000000000	nan	nan	nan
6.000000000000000	nan	nan	nan
6.000000000000000	nan	nan	nan
6.000000000000000	nan	nan	nan
6.000000000000000	nan	nan	nan
6.000000000000000	nan	nan	nan
6.000000000000000	nan	nan	nan
6.000000000000000	nan	nan	nan
6.000000000000000	nan	nan	nan
6.000000000000000	nan	nan	nan
6.000000000000000	nan	nan	nan
6.000000000000000	nan	nan	nan
6.000000000000000	nan	nan	nan
6.000000000000000	nan	nan	nan
6.000000000000000	nan	nan	nan
6.000000000000000	nan	nan	nan
6.000000000000000	nan	nan	nan
6.000000000000000	nan	nan	nan
6.000000000000000	nan	nan	nan
6.000000000000000	nan	nan	nan
6.000000000000000	nan	nan	nan
6.000000000000000	nan	nan	nan
6.000000000000000	nan	nan	nan
6.000000000000000	nan	nan	nan
6.000000000000000	nan	nan	nan
6.000000000000000	nan	nan	nan
6.000000000000000	nan	nan	nan
6.000000000000000	nan	nan	nan
6.000000000000000	nan	nan	nan
6.000000000000000	nan	nan	nan
6.000000000000000	nan	nan	nan
6.000000000000000	nan	nan	nan
6.000000000000000	nan	nan	nan
6.000000000000000	nan	nan	nan
6.000000000000000	nan	nan	nan
6.000000000000000	nan	nan	nan
6.000000000000000	nan	nan	nan
6.000000000000000	nan	nan	nan


7.000000000000000	nan	nan	nan
7.000000000000000	nan	nan	nan
7.000000000000000	nan	nan	nan
7.000000000000000	nan	nan	nan
7.000000000000000	nan	nan	nan
7.000000000000000	nan	nan	nan
7.000000000000000	nan	nan	nan
7.000000000000000	nan	nan	nan
7.000000000000000	nan	nan	nan
7.000000000000000	nan	nan	nan
7.000000000000000	nan	nan	nan
7.000000000000000	nan	nan	nan
7.000000000000000	nan	nan	nan
7.000000000000000	nan	nan	nan
7.000000000000000	nan	nan	nan
7.000000000000000	nan	nan	nan
7.000000000000000	nan	nan	nan
7.000000000000000	nan	nan	nan
7.000000000000000	nan	nan	nan
7.000000000000000	nan	nan	nan
7.000000000000000	nan	nan	nan
7.000000000000000	nan	nan	nan
7.000000000000000	nan	nan	nan
7.000000000000000	nan	nan	nan
7.000000000000000	nan	nan	nan
7.000000000000000	nan	nan	nan
7.000000000000000	nan	nan	nan
7.000000000000000	nan	nan	nan
7.000000000000000	nan	nan	nan
7.000000000000000	nan	nan	nan
7.000000000000000	nan	nan	nan
7.000000000000000	nan	nan	nan
7.000000000000000	nan	nan	nan
7.000000000000000	nan	nan	nan
7.000000000000000	nan	nan	nan
7.000000000000000	nan	nan	nan
7.000000000000000	nan	nan	nan
7.000000000000000	nan	nan	nan
7.000000000000000	nan	nan	nan
7.000000000000000	nan	nan	nan
7.000000000000000	nan	nan	nan
7.000000000000000	nan	nan	nan
7.000000000000000	nan	nan	nan
7.000000000000000	nan	nan	nan
7.000000000000000	nan	nan	nan
7.000000000000000	nan	nan	nan
7.000000000000000	nan	nan	nan
7.000000000000000	nan	nan	nan
7.000000000000000	nan	nan	nan
7.000000000000000	nan	nan	nan
7.000000000000000	nan	nan	nan
7.000000000000000	nan	nan	nan
7.000000000000000	nan	nan	nan
7.000000000000000	nan	nan	nan
7.000000000000000	nan	nan	nan
7.000000000000000	nan	nan	nan
7.000000000000000	nan	nan	nan
7.000000000000000	nan	nan	nan
7.000000000000000	nan	nan	nan
7.000000000000000	nan	nan	nan
7.000000000000000	nan	nan	nan
7.000000000000000	nan	nan	nan
7.000000000000000	nan	nan	nan
7.000000000000000	nan	nan	nan
7.000000000000000	nan	nan	nan
7.000000000000000	nan	nan	nan
7.000000000000000	nan	nan	nan
7.000000000000000	nan	nan	nan
7.000000000000000	nan	nan	nan
7.000000000000000	nan	nan	nan
7.000000000000000	nan	nan	nan
7.000000000000000	nan	nan	nan
7.000000000000000	nan	nan	nan
7.000000000000000	nan	nan	nan
7.000000000000000	nan	nan	nan
7.000000000000000	nan	nan	nan
7.000000000000000	nan	nan	nan
7.000000000000000	nan	nan	nan
7.000000000000000	nan	nan	nan
7.000000000000000	nan	nan	nan
7.000000000000000	nan	nan	nan
7.000000000000000	nan	nan	nan
7.000000000000000	nan	nan	nan
7.000000000000000	nan	nan	nan
7.000000000000000	nan	nan	nan
7.000000000000000	nan	nan	nan
7.000000000000000	nan	nan	nan
7.000000000000000	nan	nan	nan
7.000000000000000	nan	nan	nan
7.000000000000000	nan	nan	nan
7.000000000000000	nan	nan	nan
7.000000000000000	nan	nan	nan
7.000000000000000	nan	nan	nan
7.000000000000000	nan	nan	nan
7.000000000000000	nan	nan	nan
7.000000000000000	nan	nan	nan
7.000000000000000	nan	nan	nan
7.000000000000000	nan	nan	nan
7.000000000000000	nan	nan	nan
7.000000000000000	nan	nan	nan


8.000000000000000	nan	nan	nan
8.000000000000000	nan	nan	nan
8.000000000000000	nan	nan	nan
8.000000000000000	nan	nan	nan
8.000000000000000	nan	nan	nan
8.000000000000000	nan	nan	nan
8.000000000000000	nan	nan	nan
8.000000000000000	nan	nan	nan
8.000000000000000	nan	nan	nan
8.000000000000000	nan	nan	nan
8.000000000000000	nan	nan	nan
8.000000000000000	nan	nan	nan
8.000000000000000	nan	nan	nan
8.000000000000000	nan	nan	nan
8.000000000000000	nan	nan	nan
8.000000000000000	nan	nan	nan
8.000000000000000	nan	nan	nan
8.000000000000000	nan	nan	nan
8.000000000000000	nan	nan	nan
8.000000000000000	nan	nan	nan
8.000000000000000	nan	nan	nan
8.000000000000000	nan	nan	nan
8.000000000000000	nan	nan	nan
8.000000000000000	nan	nan	nan
8.000000000000000	nan	nan	nan
8.000000000000000	nan	nan	nan
8.000000000000000	nan	nan	nan
8.000000000000000	nan	nan	nan
8.000000000000000	nan	nan	nan
8.000000000000000	nan	nan	nan
8.000000000000000	nan	nan	nan
8.000000000000000	nan	nan	nan
8.000000000000000	nan	nan	nan
8.000000000000000	nan	nan	nan
8.000000000000000	nan	nan	nan
8.000000000000000	nan	nan	nan
8.000000000000000	nan	nan	nan
8.000000000000000	nan	nan	nan
8.000000000000000	nan	nan	nan
8.000000000000000	nan	nan	nan
8.000000000000000	nan	nan	nan
8.000000000000000	nan	nan	nan
8.000000000000000	nan	nan	nan
8.000000000000000	nan	nan	nan
8.000000000000000	nan	nan	nan
8.000000000000000	nan	nan	nan
8.000000000000000	nan	nan	nan
8.000000000000000	nan	nan	nan
8.000000000000000	nan	nan	nan
8.000000000000000	nan	nan	nan
8.000000000000000	nan	nan	nan
8.000000000000000	nan	nan	nan
8.000000000000000	nan	nan	nan
8.000000000000000	nan	nan	nan
8.000000000000000	nan	nan	nan
8.000000000000000	nan	nan	nan
8.000000000000000	nan	nan	nan
8.000000000000000	nan	nan	nan
8.000000000000000	nan	nan	nan
8.000000000000000	nan	nan	nan
8.000000000000000	nan	nan	nan
8.000000000000000	nan	nan	nan
8.000000000000000	nan	nan	nan
8.000000000000000	nan	nan	nan
8.000000000000000	nan	nan	nan
8.000000000000000	nan	nan	nan
8.000000000000000	nan	nan	nan
8.000000000000000	nan	nan	nan
8.000000000000000	nan	nan	nan
8.000000000000000	nan	nan	nan
8.000000000000000	nan	nan	nan
8.000000000000000	nan	nan	nan
8.000000000000000	nan	nan	nan
8.000000000000000	nan	nan	nan
8.000000000000000	nan	nan	nan
8.000000000000000	nan	nan	nan
8.000000000000000	nan	nan	nan
8.000000000000000	nan	nan	nan
8.000000000000000	nan	nan	nan
8.000000000000000	nan	nan	nan
8.000000000000000	nan	nan	nan
8.000000000000000	nan	nan	nan
8.000000000000000	nan	nan	nan
8.000000000000000	nan	nan	nan
8.000000000000000	nan	nan	nan
8.000000000000000	nan	nan	nan
8.000000000000000	nan	nan	nan
8.000000000000000	nan	nan	nan
8.000000000000000	nan	nan	nan
8.000000000000000	nan	nan	nan
8.000000000000000	nan	nan	nan
8.000000000000000	nan	nan	nan
8.000000000000000	nan	nan	nan
8.000000000000000	nan	nan	nan
8.000000000000000	nan	nan	nan
8.000000000000000	nan	nan	nan
8.000000000000000	nan	nan	nan
8.000000000000000	nan	nan	nan
8.000000000000000	nan	nan	nan
8.000000000000000	nan	nan	nan


9.000000000000000	nan	nan	nan
9.000000000000000	nan	nan	nan
9.000000000000000	nan	nan	nan
9.000000000000000	nan	nan	nan
9.000000000000000	nan	nan	nan
9.000000000000000	nan	nan	nan
9.000000000000000	nan	nan	nan
9.000000000000000	nan	nan	nan
9.000000000000000	nan	nan	nan
9.000000000000000	nan	nan	nan
9.000000000000000	nan	nan	nan
9.000000000000000	nan	nan	nan
9.000000000000000	nan	nan	nan
9.000000000000000	nan	nan	nan
9.000000000000000	nan	nan	nan
9.000000000000000	nan	nan	nan
9.000000000000000	nan	nan	nan
9.000000000000000	nan	nan	nan
9.000000000000000	nan	nan	nan
9.000000000000000	nan	nan	nan
9.000000000000000	nan	nan	nan
9.000000000000000	nan	nan	nan
9.000000000000000	nan	nan	nan
9.000000000000000	nan	nan	nan
9.000000000000000	nan	nan	nan
9.000000000000000	nan	nan	nan
9.000000000000000	nan	nan	nan
9.000000000000000	nan	nan	nan
9.000000000000000	nan	nan	nan
9.000000000000000	nan	nan	nan
9.000000000000000	nan	nan	nan
9.000000000000000	nan	nan	nan
9.000000000000000	nan	nan	nan
9.000000000000000	nan	nan	nan
9.000000000000000	nan	nan	nan
9.000000000000000	nan	nan	nan
9.000000000000000	nan	nan	nan
9.000000000000000	nan	nan	nan
9.000000000000000	nan	nan	nan
9.000000000000000	nan	nan	nan
9.000000000000000	nan	nan	nan
9.000000000000000	nan	nan	nan
9.000000000000000	nan	nan	nan
9.000000000000000	nan	nan	nan
9.000000000000000	nan	nan	nan
9.000000000000000	nan	nan	nan
9.000000000000000	nan	nan	nan
9.000000000000000	nan	nan	nan
9.000000000000000	nan	nan	nan
9.000000000000000	nan	nan	nan
9.000000000000000	nan	nan	nan
9.000000000000000	nan	nan	nan
9.000000000000000	nan	nan	nan
9.000000000000000	nan	nan	nan
9.000000000000000	nan	nan	nan
9.000000000000000	nan	nan	nan
9.000000000000000	nan	nan	nan
9.000000000000000	nan	nan	nan
9.000000000000000	nan	nan	nan
9.000000000000000	nan	nan	nan
9.000000000000000	nan	nan	nan
9.000000000000000	nan	nan	nan
9.000000000000000	nan	nan	nan
9.000000000000000	nan	nan	nan
9.000000000000000	nan	nan	nan
9.000000000000000	nan	nan	nan
9.000000000000000	nan	nan	nan
9.000000000000000	nan	nan	nan
9.000000000000000	nan	nan	nan
9.000000000000000	nan	nan	nan
9.000000000000000	nan	nan	nan
9.000000000000000	nan	nan	nan
9.000000000000000	nan	nan	nan
9.000000000000000	nan	nan	nan
9.000000000000000	nan	nan	nan
9.000000000000000	nan	nan	nan
9.000000000000000	nan	nan	nan
9.000000000000000	nan	nan	nan
9.000000000000000	nan	nan	nan
9.000000000000000	nan	nan	nan
9.000000000000000	nan	nan	nan
9.000000000000000	nan	nan	nan
9.000000000000000	nan	nan	nan
9.000000000000000	nan	nan	nan
9.000000000000000	nan	nan	nan
9.000000000000000	nan	nan	nan
9.000000000000000	nan	nan	nan
9.000000000000000	nan	nan	nan
9.000000000000000	nan	nan	nan
9.000000000000000	nan	nan	nan
9.000000000000000	nan	nan	nan
9.000000000000000	nan	nan	nan
9.000000000000000	nan	nan	nan
9.000000000000000	nan	nan	nan
9.000000000000000	nan	nan	nan
9.000000000000000	nan	nan	nan
9.000000000000000	nan	nan	nan
9.000000000000000	nan	nan	nan
9.000000000000000	nan	nan	nan
9.000000000000000	nan	nan	nan


10.000000000000000	nan	nan	nan
10.000000000000000	nan	nan	nan
10.000000000000000	nan	nan	nan
10.000000000000000	nan	nan	nan
10.000000000000000	nan	nan	nan
10.000000000000000	nan	nan	nan
10.000000000000000	nan	nan	nan
10.000000000000000	nan	nan	nan
10.000000000000000	nan	nan	nan
10.000000000000000	nan	nan	nan
10.000000000000000	nan	nan	nan
10.000000000000000	nan	nan	nan
10.000000000000000	nan	nan	nan
10.000000000000000	nan	nan	nan
10.000000000000000	nan	nan	nan
10.000000000000000	nan	nan	nan
10.000000000000000	nan	nan	nan
10.000000000000000	nan	nan	nan
10.000000000000000	nan	nan	nan
10.000000000000000	nan	nan	nan
10.000000000000000	nan	nan	nan
10.000000000000000	nan	nan	nan
10.000000000000000	nan	nan	nan
10.000000000000000	nan	nan	nan
10.000000000000000	nan	nan	nan
10.000000000000000	nan	nan	nan
10.000000000000000	nan	nan	nan
10.000000000000000	nan	nan	nan
10.000000000000000	nan	nan	nan
10.000000000000000	nan	nan	nan
10.000000000000000	nan	nan	nan
10.000000000000000	nan	nan	nan
10.000000000000000	nan	nan	nan
10.000000000000000	nan	nan	nan
10.000000000000000	nan	nan	nan
10.000000000000000	nan	nan	nan
10.000000000000000	nan	nan	nan
10.000000000000000	nan	nan	nan
10.000000000000000	nan	nan	nan
10.000000000000000	nan	nan	nan
10.000000000000000	nan	nan	nan
10.000000000000000	nan	nan	nan
10.000000000000000	nan	nan	nan
10.000000000000000	nan	nan	nan
10.000000000000000	nan	nan	nan
10.000000000000000	nan	nan	nan
10.000000000000000	nan	nan	nan
10.000000000000000	nan	nan	nan
10.000000000000000	nan	nan	nan
10.000000000000000	nan	nan	nan
10.000000000000000	nan	nan	nan
10.000000000000000	nan	nan	nan
10.000000000000000	nan	nan	nan
10.000000000000000	nan	nan	nan
10.000000000000000	nan	nan	nan
10.000000000000000	nan	nan	nan
10.000000000000000	nan	nan	nan
10.000000000000000	nan	nan	nan
10.000000000000000	nan	nan	nan
10.000000000000000	nan	nan	nan
10.000000000000000	nan	nan	nan
10.000000000000000	nan	nan	nan
10.000000000000000	nan	nan	nan
10.000000000000000	nan	nan	nan
10.000000000000000	nan	nan	nan
10.000000000000000	nan	nan	nan
10.000000000000000	nan	nan	nan
10.000000000000000	nan	nan	nan
10.000000000000000	nan	nan	nan
10.000000000000000	nan	nan	nan
10.000000000000000	nan	nan	nan
10.000000000000000	nan	nan	nan
10.000000000000000	nan	nan	nan
10.000000000000000	nan	nan	nan
10.000000000000000	nan	nan	nan
10.000000000000000	nan	nan	nan
10.000000000000000	nan	nan	nan
10.000000000000000	nan	nan	nan
10.000000000000000	nan	nan	nan
10.000000000000000	nan	nan	nan
10.000000000000000	nan	nan	nan
10.000000000000000	nan	nan	nan
10.000000000000000	nan	nan	nan
10.000000000000000	nan	nan	nan
10.000000000000000	nan	nan	nan
10.000000000000000	nan	nan	nan
10.000000000000000	nan	nan	nan
10.000000000000000	nan	nan	nan
10.000000000000000	nan	nan	nan
10.000000000000000	nan	nan	nan
10.000000000000000	nan	nan	nan
10.000000000000000	nan	nan	nan
10.000000000000000	nan	nan	nan
10.000000000000000	nan	nan	nan
10.000000000000000	nan	nan	nan
10.000000000000000	nan	nan	nan
10.000000000000000	nan	nan	nan
10.000000000000000	nan	nan	nan
10.000000000000000	nan	nan	nan
10.000000000000000	nan	nan	nan


11.000000000000000	nan	nan	nan
11.000000000000000	nan	nan	nan
11.000000000000000	nan	nan	nan
11.000000000000000	nan	nan	nan
11.000000000000000	nan	nan	nan
11.000000000000000	nan	nan	nan
11.000000000000000	nan	nan	nan
11.000000000000000	nan	nan	nan
11.000000000000000	nan	nan	nan
11.000000000000000	nan	nan	nan
11.000000000000000	nan	nan	nan
11.000000000000000	nan	nan	nan
11.000000000000000	nan	nan	nan
11.000000000000000	nan	nan	nan
11.000000000000000	nan	nan	nan
11.000000000000000	nan	nan	nan
11.000000000000000	nan	nan	nan
11.000000000000000	nan	nan	nan
11.000000000000000	nan	nan	nan
11.000000000000000	nan	nan	nan
11.000000000000000	nan	nan	nan
11.000000000000000	nan	nan	nan
11.000000000000000	nan	nan	nan
11.000000000000000	nan	nan	nan
11.000000000000000	nan	nan	nan
11.000000000000000	nan	nan	nan
11.000000000000000	nan	nan	nan
11.000000000000000	nan	nan	nan
11.000000000000000	nan	nan	nan
11.000000000000000	nan	nan	nan
11.000000000000000	nan	nan	nan
11.000000000000000	nan	nan	nan
11.000000000000000	nan	nan	nan
11.000000000000000	nan	nan	nan
11.000000000000000	nan	nan	nan
11.000000000000000	nan	nan	nan
11.000000000000000	nan	nan	nan
11.000000000000000	nan	nan	nan
11.000000000000000	nan	nan	nan
11.000000000000000	nan	nan	nan
11.000000000000000	nan	nan	nan
11.000000000000000	nan	nan	nan
11.000000000000000	nan	nan	nan
11.000000000000000	nan	nan	nan
11.000000000000000	nan	nan	nan
11.000000000000000	nan	nan	nan
11.000000000000000	nan	nan	nan
11.000000000000000	nan	nan	nan
11.000000000000000	nan	nan	nan
11.000000000000000	nan	nan	nan
11.000000000000000	nan	nan	nan
11.000000000000000	nan	nan	nan
11.000000000000000	nan	nan	nan
11.000000000000000	nan	nan	nan
11.000000000000000	nan	nan	nan
11.000000000000000	nan	nan	nan
11.000000000000000	nan	nan	nan
11.000000000000000	nan	nan	nan
11.000000000000000	nan	nan	nan
11.000000000000000	nan	nan	nan
11.000000000000000	nan	nan	nan
11.000000000000000	nan	nan	nan
11.000000000000000	nan	nan	nan
11.000000000000000	nan	nan	nan
11.000000000000000	nan	nan	nan
11.000000000000000	nan	nan	nan
11.000000000000000	nan	nan	nan
11.000000000000000	nan	nan	nan
11.000000000000000	nan	nan	nan
11.000000000000000	nan	nan	nan
11.000000000000000	nan	nan	nan
11.000000000000000	nan	nan	nan
11.000000000000000	nan	nan	nan
11.000000000000000	nan	nan	nan
11.000000000000000	nan	nan	nan
11.000000000000000	nan	nan	nan
11.000000000000000	nan	nan	nan
11.000000000000000	nan	nan	nan
11.000000000000000	nan	nan	nan
11.000000000000000	nan	nan	nan
11.000000000000000	nan	nan	nan
11.000000000000000	nan	nan	nan
11.000000000000000	nan	nan	nan
11.000000000000000	nan	nan	nan
11.000000000000000	nan	nan	nan
11.000000000000000	nan	nan	nan
11.000000000000000	nan	nan	nan
11.000000000000000	nan	nan	nan
11.000000000000000	nan	nan	nan
11.000000000000000	nan	nan	nan
11.000000000000000	nan	nan	nan
11.000000000000000	nan	nan	nan
11.000000000000000	nan	nan	nan
11.000000000000000	nan	nan	nan
11.000000000000000	nan	nan	nan
11.000000000000000	nan	nan	nan
11.000000000000000	nan	nan	nan
11.000000000000000	nan	nan	nan
11.000000000000000	nan	nan	nan
11.000000000000000	nan	nan	nan


12.000000000000000	nan	nan	nan
12.000000000000000	nan	nan	nan
12.000000000000000	nan	nan	nan
12.000000000000000	nan	nan	nan
12.000000000000000	nan	nan	nan
12.000000000000000	nan	nan	nan
12.000000000000000	nan	nan	nan
12.000000000000000	nan	nan	nan
12.000000000000000	nan	nan	nan
12.000000000000000	nan	nan	nan
12.000000000000000	nan	nan	nan
12.000000000000000	nan	nan	nan
12.000000000000000	nan	nan	nan
12.000000000000000	nan	nan	nan
12.000000000000000	nan	nan	nan
12.000000000000000	nan	nan	nan
12.000000000000000	nan	nan	nan
12.000000000000000	nan	nan	nan
12.000000000000000	nan	nan	nan
12.000000000000000	nan	nan	nan
12.000000000000000	nan	nan	nan
12.000000000000000	nan	nan	nan
12.000000000000000	nan	nan	nan
12.000000000000000	nan	nan	nan
12.000000000000000	nan	nan	nan
12.000000000000000	nan	nan	nan
12.000000000000000	nan	nan	nan
12.000000000000000	nan	nan	nan
12.000000000000000	nan	nan	nan
12.000000000000000	nan	nan	nan
12.000000000000000	nan	nan	nan
12.000000000000000	nan	nan	nan
12.000000000000000	nan	nan	nan
12.000000000000000	nan	nan	nan
12.000000000000000	nan	nan	nan
12.000000000000000	nan	nan	nan
12.000000000000000	nan	nan	nan
12.000000000000000	nan	nan	nan
12.000000000000000	nan	nan	nan
12.000000000000000	nan	nan	nan
12.000000000000000	nan	nan	nan
12.000000000000000	nan	nan	nan
12.000000000000000	nan	nan	nan
12.000000000000000	nan	nan	nan
12.000000000000000	nan	nan	nan
12.000000000000000	nan	nan	nan
12.000000000000000	nan	nan	nan
12.000000000000000	nan	nan	nan
12.000000000000000	nan	nan	nan
12.000000000000000	nan	nan	nan
12.000000000000000	nan	nan	nan
12.000000000000000	nan	nan	nan
12.000000000000000	nan	nan	nan
12.000000000000000	nan	nan	nan
12.000000000000000	nan	nan	nan
12.000000000000000	nan	nan	nan
12.000000000000000	nan	nan	nan
12.000000000000000	nan	nan	nan
12.000000000000000	nan	nan	nan
12.000000000000000	nan	nan	nan
12.000000000000000	nan	nan	nan
12.000000000000000	nan	nan	nan
12.000000000000000	nan	nan	nan
12.000000000000000	nan	nan	nan
12.000000000000000	nan	nan	nan
12.000000000000000	nan	nan	nan
12.000000000000000	nan	nan	nan
12.000000000000000	nan	nan	nan
12.000000000000000	nan	nan	nan
12.000000000000000	nan	nan	nan
12.000000000000000	nan	nan	nan
12.000000000000000	nan	nan	nan
12.000000000000000	nan	nan	nan
12.000000000000000	nan	nan	nan
12.000000000000000	nan	nan	nan
12.000000000000000	nan	nan	nan
12.000000000000000	nan	nan	nan
12.000000000000000	nan	nan	nan
12.000000000000000	nan	nan	nan
12.000000000000000	nan	nan	nan
12.000000000000000	nan	nan	nan
12.000000000000000	nan	nan	nan
12.000000000000000	nan	nan	nan
12.000000000000000	nan	nan	nan
12.000000000000000	nan	nan	nan
12.000000000000000	nan	nan	nan
12.000000000000000	nan	nan	nan
12.000000000000000	nan	nan	nan
12.000000000000000	nan	nan	nan
12.000000000000000	nan	nan	nan
12.000000000000000	nan	nan	nan
12.000000000000000	nan	nan	nan
12.000000000000000	nan	nan	nan
12.000000000000000	nan	nan	nan
12.000000000000000	nan	nan	nan
12.000000000000000	nan	nan	nan
12.000000000000000	nan	nan	nan
12.000000000000000	nan	nan	nan
12.000000000000000	nan	nan	nan
12.000000000000000	nan	nan	nan


13.000000000000000	nan	nan	nan
13.000000000000000	nan	nan	nan
13.000000000000000	nan	nan	nan
13.000000000000000	nan	nan	nan
13.000000000000000	nan	nan	nan
13.000000000000000	nan	nan	nan
13.000000000000000	nan	nan	nan
13.000000000000000	nan	nan	nan
13.000000000000000	nan	nan	nan
13.000000000000000	nan	nan	nan
13.000000000000000	nan	nan	nan
13.000000000000000	nan	nan	nan
13.000000000000000	nan	nan	nan
13.000000000000000	nan	nan	nan
13.000000000000000	nan	nan	nan
13.000000000000000	nan	nan	nan
13.000000000000000	nan	nan	nan
13.000000000000000	nan	nan	nan
13.000000000000000	nan	nan	nan
13.000000000000000	nan	nan	nan
13.000000000000000	nan	nan	nan
13.000000000000000	nan	nan	nan
13.000000000000000	nan	nan	nan
13.000000000000000	nan	nan	nan
13.000000000000000	nan	nan	nan
13.000000000000000	nan	nan	nan
13.000000000000000	nan	nan	nan
13.000000000000000	nan	nan	nan
13.000000000000000	nan	nan	nan
13.000000000000000	nan	nan	nan
13.000000000000000	nan	nan	nan
13.000000000000000	nan	nan	nan
13.000000000000000	nan	nan	nan
13.000000000000000	nan	nan	nan
13.000000000000000	nan	nan	nan
13.000000000000000	nan	nan	nan
13.000000000000000	nan	nan	nan
13.000000000000000	nan	nan	nan
13.000000000000000	nan	nan	nan
13.000000000000000	nan	nan	nan
13.000000000000000	nan	nan	nan
13.000000000000000	nan	nan	nan
13.000000000000000	nan	nan	nan
13.000000000000000	nan	nan	nan
13.000000000000000	nan	nan	nan
13.000000000000000	nan	nan	nan
13.000000000000000	nan	nan	nan
13.000000000000000	nan	nan	nan
13.000000000000000	nan	nan	nan
13.000000000000000	nan	nan	nan
13.000000000000000	nan	nan	nan
13.000000000000000	nan	nan	nan
13.000000000000000	nan	nan	nan
13.000000000000000	nan	nan	nan
13.000000000000000	nan	nan	nan
13.000000000000000	nan	nan	nan
13.000000000000000	nan	nan	nan
13.000000000000000	nan	nan	nan
13.000000000000000	nan	nan	nan
13.000000000000000	nan	nan	nan
13.000000000000000	nan	nan	nan
13.000000000000000	nan	nan	nan
13.000000000000000	nan	nan	nan
13.000000000000000	nan	nan	nan
13.000000000000000	nan	nan	nan
13.000000000000000	nan	nan	nan
13.000000000000000	nan	nan	nan
13.000000000000000	nan	nan	nan
13.000000000000000	nan	nan	nan
13.000000000000000	nan	nan	nan
13.000000000000000	nan	nan	nan
13.000000000000000	nan	nan	nan
13.000000000000000	nan	nan	nan
13.000000000000000	nan	nan	nan
13.000000000000000	nan	nan	nan
13.000000000000000	nan	nan	nan
13.000000000000000	nan	nan	nan
13.000000000000000	nan	nan	nan
13.000000000000000	nan	nan	nan
13.000000000000000	nan	nan	nan
13.000000000000000	nan	nan	nan
13.000000000000000	nan	nan	nan
13.000000000000000	nan	nan	nan
13.000000000000000	nan	nan	nan
13.000000000000000	nan	nan	nan
13.000000000000000	nan	nan	nan
13.000000000000000	nan	nan	nan
13.000000000000000	nan	nan	nan
13.000000000000000	nan	nan	nan
13.000000000000000	nan	nan	nan
13.000000000000000	nan	nan	nan
13.000000000000000	nan	nan	nan
13.000000000000000	nan	nan	nan
13.000000000000000	nan	nan	nan
13.000000000000000	nan	nan	nan
13.000000000000000	nan	nan	nan
13.000000000000000	nan	nan	nan
13.000000000000000	nan	nan	nan
13.000000000000000	nan	nan	nan
13.000000000000000	nan	nan	nan


14.000000000000000	nan	nan	nan
14.000000000000000	nan	nan	nan
14.000000000000000	nan	nan	nan
14.000000000000000	nan	nan	nan
14.000000000000000	nan	nan	nan
14.000000000000000	nan	nan	nan
14.000000000000000	nan	nan	nan
14.000000000000000	nan	nan	nan
14.000000000000000	nan	nan	nan
14.000000000000000	nan	nan	nan
14.000000000000000	nan	nan	nan
14.000000000000000	nan	nan	nan
14.000000000000000	nan	nan	nan
14.000000000000000	nan	nan	nan
14.000000000000000	nan	nan	nan
14.000000000000000	nan	nan	nan
14.000000000000000	nan	nan	nan
14.000000000000000	nan	nan	nan
14.000000000000000	nan	nan	nan
14.000000000000000	nan	nan	nan
14.000000000000000	nan	nan	nan
14.000000000000000	nan	nan	nan
14.000000000000000	nan	nan	nan
14.000000000000000	nan	nan	nan
14.000000000000000	nan	nan	nan
14.000000000000000	nan	nan	nan
14.000000000000000	nan	nan	nan
14.000000000000000	nan	nan	nan
14.000000000000000	nan	nan	nan
14.000000000000000	nan	nan	nan
14.000000000000000	nan	nan	nan
14.000000000000000	nan	nan	nan
14.000000000000000	nan	nan	nan
14.000000000000000	nan	nan	nan
14.000000000000000	nan	nan	nan
14.000000000000000	nan	nan	nan
14.000000000000000	nan	nan	nan
14.000000000000000	nan	nan	nan
14.000000000000000	nan	nan	nan
14.000000000000000	nan	nan	nan
14.000000000000000	nan	nan	nan
14.000000000000000	nan	nan	nan
14.000000000000000	nan	nan	nan
14.000000000000000	nan	nan	nan
14.000000000000000	nan	nan	nan
14.000000000000000	nan	nan	nan
14.000000000000000	nan	nan	nan
14.000000000000000	nan	nan	nan
14.000000000000000	nan	nan	nan
14.000000000000000	nan	nan	nan
14.000000000000000	nan	nan	nan
14.000000000000000	nan	nan	nan
14.000000000000000	nan	nan	nan
14.000000000000000	nan	nan	nan
14.000000000000000	nan	nan	nan
14.000000000000000	nan	nan	nan
14.000000000000000	nan	nan	nan
14.000000000000000	nan	nan	nan
14.000000000000000	nan	nan	nan
14.000000000000000	nan	nan	nan
14.000000000000000	nan	nan	nan
14.000000000000000	nan	nan	nan
14.000000000000000	nan	nan	nan
14.000000000000000	nan	nan	nan
14.000000000000000	nan	nan	nan
14.000000000000000	nan	nan	nan
14.000000000000000	nan	nan	nan
14.000000000000000	nan	nan	nan
14.000000000000000	nan	nan	nan
14.000000000000000	nan	nan	nan
14.000000000000000	nan	nan	nan
14.000000000000000	nan	nan	nan
14.000000000000000	nan	nan	nan
14.000000000000000	nan	nan	nan
14.000000000000000	nan	nan	nan
14.000000000000000	nan	nan	nan
14.000000000000000	nan	nan	nan
14.000000000000000	nan	nan	nan
14.000000000000000	nan	nan	nan
14.000000000000000	nan	nan	nan
14.000000000000000	nan	nan	nan
14.000000000000000	nan	nan	nan
14.000000000000000	nan	nan	nan
14.000000000000000	nan	nan	nan
14.000000000000000	nan	nan	nan
14.000000000000000	nan	nan	nan
14.000000000000000	nan	nan	nan
14.000000000000000	nan	nan	nan
14.000000000000000	nan	nan	nan
14.000000000000000	nan	nan	nan
14.000000000000000	nan	nan	nan
14.000000000000000	nan	nan	nan
14.000000000000000	nan	nan	nan
14.000000000000000	nan	nan	nan
14.000000000000000	nan	nan	nan
14.000000000000000	nan	nan	nan
14.000000000000000	nan	nan	nan
14.000000000000000	nan	nan	nan
14.000000000000000	nan	nan	nan
14.000000000000000	nan	nan	nan


15.000000000000000	nan	nan	nan
15.000000000000000	nan	nan	nan
15.000000000000000	nan	nan	nan
15.000000000000000	nan	nan	nan
15.000000000000000	nan	nan	nan
15.000000000000000	nan	nan	nan
15.000000000000000	nan	nan	nan
15.000000000000000	nan	nan	nan
15.000000000000000	nan	nan	nan
15.000000000000000	nan	nan	nan
15.000000000000000	nan	nan	nan
15.000000000000000	nan	nan	nan
15.000000000000000	nan	nan	nan
15.000000000000000	nan	nan	nan
15.000000000000000	nan	nan	nan
15.000000000000000	nan	nan	nan
15.000000000000000	nan	nan	nan
15.000000000000000	nan	nan	nan
15.000000000000000	nan	nan	nan
15.000000000000000	nan	nan	nan
15.000000000000000	nan	nan	nan
15.000000000000000	nan	nan	nan
15.000000000000000	nan	nan	nan
15.000000000000000	nan	nan	nan
15.000000000000000	nan	nan	nan
15.000000000000000	nan	nan	nan
15.000000000000000	nan	nan	nan
15.000000000000000	nan	nan	nan
15.000000000000000	nan	nan	nan
15.000000000000000	nan	nan	nan
15.000000000000000	nan	nan	nan
15.000000000000000	nan	nan	nan
15.000000000000000	nan	nan	nan
15.000000000000000	nan	nan	nan
15.000000000000000	nan	nan	nan
15.000000000000000	nan	nan	nan
15.000000000000000	nan	nan	nan
15.000000000000000	nan	nan	nan
15.000000000000000	nan	nan	nan
15.000000000000000	nan	nan	nan
15.000000000000000	nan	nan	nan
15.000000000000000	nan	nan	nan
15.000000000000000	nan	nan	nan
15.000000000000000	nan	nan	nan
15.000000000000000	nan	nan	nan
15.000000000000000	nan	nan	nan
15.000000000000000	nan	nan	nan
15.000000000000000	nan	nan	nan
15.000000000000000	nan	nan	nan
15.000000000000000	nan	nan	nan
15.000000000000000	nan	nan	nan
15.000000000000000	nan	nan	nan
15.000000000000000	nan	nan	nan
15.000000000000000	nan	nan	nan
15.000000000000000	nan	nan	nan
15.000000000000000	nan	nan	nan
15.000000000000000	nan	nan	nan
15.000000000000000	nan	nan	nan
15.000000000000000	nan	nan	nan
15.000000000000000	nan	nan	nan
15.000000000000000	nan	nan	nan
15.000000000000000	nan	nan	nan
15.000000000000000	nan	nan	nan
15.000000000000000	nan	nan	nan
15.000000000000000	nan	nan	nan
15.000000000000000	nan	nan	nan
15.000000000000000	nan	nan	nan
15.000000000000000	nan	nan	nan
15.000000000000000	nan	nan	nan
15.000000000000000	nan	nan	nan
15.000000000000000	nan	nan	nan
15.000000000000000	nan	nan	nan
15.000000000000000	nan	nan	nan
15.000000000000000	nan	nan	nan
15.000000000000000	nan	nan	nan
15.000000000000000	nan	nan	nan
15.000000000000000	nan	nan	nan
15.000000000000000	nan	nan	nan
15.000000000000000	nan	nan	nan
15.000000000000000	nan	nan	nan
15.000000000000000	nan	nan	nan
15.000000000000000	nan	nan	nan
15.000000000000000	nan	nan	nan
15.000000000000000	nan	nan	nan
15.000000000000000	nan	nan	nan
15.000000000000000	nan	nan	nan
15.000000000000000	nan	nan	nan
15.000000000000000	nan	nan	nan
15.000000000000000	nan	nan	nan
15.000000000000000	nan	nan	nan
15.000000000000000	nan	nan	nan
15.000000000000000	nan	nan	nan
15.000000000000000	nan	nan	nan
15.000000000000000	nan	nan	nan
15.000000000000000	nan	nan	nan
15.000000000000000	nan	nan	nan
15.000000000000000	nan	nan	nan
15.000000000000000	nan	nan	nan
15.000000000000000	nan	nan	nan
15.000000000000000	nan	nan	nan


16.000000000000000	nan	nan	nan
16.000000000000000	nan	nan	nan
16.000000000000000	nan	nan	nan
16.000000000000000	nan	nan	nan
16.000000000000000	nan	nan	nan
16.000000000000000	nan	nan	nan
16.000000000000000	nan	nan	nan
16.000000000000000	nan	nan	nan
16.000000000000000	nan	nan	nan
16.000000000000000	nan	nan	nan
16.000000000000000	nan	nan	nan
16.000000000000000	nan	nan	nan
16.000000000000000	nan	nan	nan
16.000000000000000	nan	nan	nan
16.000000000000000	nan	nan	nan
16.000000000000000	nan	nan	nan
16.000000000000000	nan	nan	nan
16.000000000000000	nan	nan	nan
16.000000000000000	nan	nan	nan
16.000000000000000	nan	nan	nan
16.000000000000000	nan	nan	nan
16.000000000000000	nan	nan	nan
16.000000000000000	nan	nan	nan
16.000000000000000	nan	nan	nan
16.000000000000000	nan	nan	nan
16.000000000000000	nan	nan	nan
16.000000000000000	nan	nan	nan
16.000000000000000	nan	nan	nan
16.000000000000000	nan	nan	nan
16.000000000000000	nan	nan	nan
16.000000000000000	nan	nan	nan
16.000000000000000	nan	nan	nan
16.000000000000000	nan	nan	nan
16.000000000000000	nan	nan	nan
16.000000000000000	nan	nan	nan
16.000000000000000	nan	nan	nan
16.000000000000000	nan	nan	nan
16.000000000000000	nan	nan	nan
16.000000000000000	nan	nan	nan
16.000000000000000	nan	nan	nan
16.000000000000000	nan	nan	nan
16.000000000000000	nan	nan	nan
16.000000000000000	nan	nan	nan
16.000000000000000	nan	nan	nan
16.000000000000000	nan	nan	nan
16.000000000000000	nan	nan	nan
16.000000000000000	nan	nan	nan
16.000000000000000	nan	nan	nan
16.000000000000000	nan	nan	nan
16.000000000000000	nan	nan	nan
16.000000000000000	nan	nan	nan
16.000000000000000	nan	nan	nan
16.000000000000000	nan	nan	nan
16.000000000000000	nan	nan	nan
16.000000000000000	nan	nan	nan
16.000000000000000	nan	nan	nan
16.000000000000000	nan	nan	nan
16.000000000000000	nan	nan	nan
16.000000000000000	nan	nan	nan
16.000000000000000	nan	nan	nan
16.000000000000000	nan	nan	nan
16.000000000000000	nan	nan	nan
16.000000000000000	nan	nan	nan
16.000000000000000	nan	nan	nan
16.000000000000000	nan	nan	nan
16.000000000000000	nan	nan	nan
16.000000000000000	nan	nan	nan
16.000000000000000	nan	nan	nan
16.000000000000000	nan	nan	nan
16.000000000000000	nan	nan	nan
16.000000000000000	nan	nan	nan
16.000000000000000	nan	nan	nan
16.000000000000000	nan	nan	nan
16.000000000000000	nan	nan	nan
16.000000000000000	nan	nan	nan
16.000000000000000	nan	nan	nan
16.000000000000000	nan	nan	nan
16.000000000000000	nan	nan	nan
16.000000000000000	nan	nan	nan
16.000000000000000	nan	nan	nan
16.000000000000000	nan	nan	nan
16.000000000000000	nan	nan	nan
16.000000000000000	nan	nan	nan
16.000000000000000	nan	nan	nan
16.000000000000000	nan	nan	nan
16.000000000000000	nan	nan	nan
16.000000000000000	nan	nan	nan
16.000000000000000	nan	nan	nan
16.000000000000000	nan	nan	nan
16.000000000000000	nan	nan	nan
16.000000000000000	nan	nan	nan
16.000000000000000	nan	nan	nan
16.000000000000000	nan	nan	nan
16.000000000000000	nan	nan	nan
16.000000000000000	nan	nan	nan
16.000000000000000	nan	nan	nan
16.000000000000000	nan	nan	nan
16.000000000000000	nan	nan	nan
16.000000000000000	nan	nan	nan
16.000000000000000	nan	nan	nan


17.000000000000000	nan	nan	nan
17.000000000000000	nan	nan	nan
17.000000000000000	nan	nan	nan
17.000000000000000	nan	nan	nan
17.000000000000000	nan	nan	nan
17.000000000000000	nan	nan	nan
17.000000000000000	nan	nan	nan
17.000000000000000	nan	nan	nan
17.000000000000000	nan	nan	nan
17.000000000000000	nan	nan	nan
17.000000000000000	nan	nan	nan
17.000000000000000	nan	nan	nan
17.000000000000000	nan	nan	nan
17.000000000000000	nan	nan	nan
17.000000000000000	nan	nan	nan
17.000000000000000	nan	nan	nan
17.000000000000000	nan	nan	nan
17.000000000000000	nan	nan	nan
17.000000000000000	nan	nan	nan
17.000000000000000	nan	nan	nan
17.000000000000000	nan	nan	nan
17.000000000000000	nan	nan	nan
17.000000000000000	nan	nan	nan
17.000000000000000	nan	nan	nan
17.000000000000000	nan	nan	nan
17.000000000000000	nan	nan	nan
17.000000000000000	nan	nan	nan
17.000000000000000	nan	nan	nan
17.000000000000000	nan	nan	nan
17.000000000000000	nan	nan	nan
17.000000000000000	nan	nan	nan
17.000000000000000	nan	nan	nan
17.000000000000000	nan	nan	nan
17.000000000000000	nan	nan	nan
17.000000000000000	nan	nan	nan
17.000000000000000	nan	nan	nan
17.000000000000000	nan	nan	nan
17.000000000000000	nan	nan	nan
17.000000000000000	nan	nan	nan
17.000000000000000	nan	nan	nan
17.000000000000000	nan	nan	nan
17.000000000000000	nan	nan	nan
17.000000000000000	nan	nan	nan
17.000000000000000	nan	nan	nan
17.000000000000000	nan	nan	nan
17.000000000000000	nan	nan	nan
17.000000000000000	nan	nan	nan
17.000000000000000	nan	nan	nan
17.000000000000000	nan	nan	nan
17.000000000000000	nan	nan	nan
17.000000000000000	nan	nan	nan
17.000000000000000	nan	nan	nan
17.000000000000000	nan	nan	nan
17.000000000000000	nan	nan	nan
17.000000000000000	nan	nan	nan
17.000000000000000	nan	nan	nan
17.000000000000000	nan	nan	nan
17.000000000000000	nan	nan	nan
17.000000000000000	nan	nan	nan
17.000000000000000	nan	nan	nan
17.000000000000000	nan	nan	nan
17.000000000000000	nan	nan	nan
17.000000000000000	nan	nan	nan
17.000000000000000	nan	nan	nan
17.000000000000000	nan	nan	nan
17.000000000000000	nan	nan	nan
17.000000000000000	nan	nan	nan
17.000000000000000	nan	nan	nan
17.000000000000000	nan	nan	nan
17.000000000000000	nan	nan	nan
17.000000000000000	nan	nan	nan
17.000000000000000	nan	nan	nan
17.000000000000000	nan	nan	nan
17.000000000000000	nan	nan	nan
17.000000000000000	nan	nan	nan
17.000000000000000	nan	nan	nan
17.000000000000000	nan	nan	nan
17.000000000000000	nan	nan	nan
17.000000000000000	nan	nan	nan
17.000000000000000	nan	nan	nan
17.000000000000000	nan	nan	nan
17.000000000000000	nan	nan	nan
17.000000000000000	nan	nan	nan
17.000000000000000	nan	nan	nan
17.000000000000000	nan	nan	nan
17.000000000000000	nan	nan	nan
17.000000000000000	nan	nan	nan
17.000000000000000	nan	nan	nan
17.000000000000000	nan	nan	nan
17.000000000000000	nan	nan	nan
17.000000000000000	nan	nan	nan
17.000000000000000	nan	nan	nan
17.000000000000000	nan	nan	nan
17.000000000000000	nan	nan	nan
17.000000000000000	nan	nan	nan
17.000000000000000	nan	nan	nan
17.000000000000000	nan	nan	nan
17.000000000000000	nan	nan	nan
17.000000000000000	nan	nan	nan
17.000000000000000	nan	nan	nan


18.000000000000000	nan	nan	nan
18.000000000000000	nan	nan	nan
18.000000000000000	nan	nan	nan
18.000000000000000	nan	nan	nan
18.000000000000000	nan	nan	nan
18.000000000000000	nan	nan	nan
18.000000000000000	nan	nan	nan
18.000000000000000	nan	nan	nan
18.000000000000000	nan	nan	nan
18.000000000000000	nan	nan	nan
18.000000000000000	nan	nan	nan
18.000000000000000	nan	nan	nan
18.000000000000000	nan	nan	nan
18.000000000000000	nan	nan	nan
18.000000000000000	nan	nan	nan
18.000000000000000	nan	nan	nan
18.000000000000000	nan	nan	nan
18.000000000000000	nan	nan	nan
18.000000000000000	nan	nan	nan
18.000000000000000	nan	nan	nan
18.000000000000000	nan	nan	nan
18.000000000000000	nan	nan	nan
18.000000000000000	nan	nan	nan
18.000000000000000	nan	nan	nan
18.000000000000000	nan	nan	nan
18.000000000000000	nan	nan	nan
18.000000000000000	nan	nan	nan
18.000000000000000	nan	nan	nan
18.000000000000000	nan	nan	nan
18.000000000000000	nan	nan	nan
18.000000000000000	nan	nan	nan
18.000000000000000	nan	nan	nan
18.000000000000000	nan	nan	nan
18.000000000000000	nan	nan	nan
18.000000000000000	nan	nan	nan
18.000000000000000	nan	nan	nan
18.000000000000000	nan	nan	nan
18.000000000000000	nan	nan	nan
18.000000000000000	nan	nan	nan
18.000000000000000	nan	nan	nan
18.000000000000000	nan	nan	nan
18.000000000000000	nan	nan	nan
18.000000000000000	nan	nan	nan
18.000000000000000	nan	nan	nan
18.000000000000000	nan	nan	nan
18.000000000000000	nan	nan	nan
18.000000000000000	nan	nan	nan
18.000000000000000	nan	nan	nan
18.000000000000000	nan	nan	nan
18.000000000000000	nan	nan	nan
18.000000000000000	nan	nan	nan
18.000000000000000	nan	nan	nan
18.000000000000000	nan	nan	nan
18.000000000000000	nan	nan	nan
18.000000000000000	nan	nan	nan
18.000000000000000	nan	nan	nan
18.000000000000000	nan	nan	nan
18.000000000000000	nan	nan	nan
18.000000000000000	nan	nan	nan
18.000000000000000	nan	nan	nan
18.000000000000000	nan	nan	nan
18.000000000000000	nan	nan	nan
18.000000000000000	nan	nan	nan
18.000000000000000	nan	nan	nan
18.000000000000000	nan	nan	nan
18.000000000000000	nan	nan	nan
18.000000000000000	nan	nan	nan
18.000000000000000	nan	nan	nan
18.000000000000000	nan	nan	nan
18.000000000000000	nan	nan	nan
18.000000000000000	nan	nan	nan
18.000000000000000	nan	nan	nan
18.000000000000000	nan	nan	nan
18.000000000000000	nan	nan	nan
18.000000000000000	nan	nan	nan
18.000000000000000	nan	nan	nan
18.000000000000000	nan	nan	nan
18.000000000000000	nan	nan	nan
18.000000000000000	nan	nan	nan
18.000000000000000	nan	nan	nan
18.000000000000000	nan	nan	nan
18.000000000000000	nan	nan	nan
18.000000000000000	nan	nan	nan
18.000000000000000	nan	nan	nan
18.000000000000000	nan	nan	nan
18.000000000000000	nan	nan	nan
18.000000000000000	nan	nan	nan
18.000000000000000	nan	nan	nan
18.000000000000000	nan	nan	nan
18.000000000000000	nan	nan	nan
18.000000000000000	nan	nan	nan
18.000000000000000	nan	nan	nan
18.000000000000000	nan	nan	nan
18.000000000000000	nan	nan	nan
18.000000000000000	nan	nan	nan
18.000000000000000	nan	nan	nan
18.000000000000000	nan	nan	nan
18.000000000000000	nan	nan	nan
18.000000000000000	nan	nan	nan
18.000000000000000	nan	nan	nan


19.000000000000000	0.973675840857800	-1.173248893670314	0.093015754519791
19.000000000000000	1.055754062481564	-1.100407924330692	0.094979668272161
19.000000000000000	1.133027926037527	-1.022469401046464	0.096508284074566
19.000000000000000	1.205186276950476	-0.939747154742979	0.097595446730685
19.000000000000000	1.271938559009127	-0.852574278709799	0.098236778620209
19.000000000000000	1.333015984333430	-0.761301787351588	0.098429697325972
19.000000000000000	1.388172615688502	-0.666297202776987	0.098173426032437
19.000000000000000	1.437186356787065	-0.567943074916803	0.097468996653653
19.000000000000000	1.479859846592809	-0.466635441130451	0.096319245678104
19.000000000000000	1.516021254023630	-0.362782231503291	0.094728802747171
19.000000000000000	1.545524969854746	-0.256801626256149	0.092704072013201
19.000000000000000	1.568252193035659	-0.149120371881160	0.090253206352243
19.000000000000000	1.584111409060050	-0.040172062784265	0.087386074535295
19.000000000000000	1.593038758462401	0.069604604646429	0.084114221490249
19.000000000000000	1.594998293957522	0.179767598516171	0.080450821814537
19.000000000000000	1.589982125187578	0.289873331329988	0.076410626725679
19.000000000000000	1.578010450493781	0.399478446162972	0.072009904663335
19.000000000000000	1.559131475584796	0.508141601902133	0.067266375782044
19.000000000000000	1.533421219429363	0.615425250371293	0.062199140598411
19.000000000000000	1.500983208154746	0.720897398183161	0.056828603080072
19.000000000000000	1.461948058183555	0.824133346224238	0.051176388486115
19.000000000000000	1.416472950287509	0.924717399768245	0.045265256289797
19.000000000000000	1.364740996675951	1.022244542332076	0.039119008534175
19.000000000000000	1.306960503667604	1.116322066534224	0.032762393989681
19.000000000000000	1.243364132914547	1.206571155388804	0.026221008499557
19.000000000000000	1.174207964555860	1.292628407667850	0.019521191914432
19.000000000000000	1.099770466073285	1.374147301189806	0.012689922031035
19.000000000000000	1.020351371000959	1.450799588142044	0.005754705962132
19.000000000000000	0.936270472004265	1.522276616818956	-0.001256530624908
19.000000000000000	0.847866333187633	1.588290574453431	-0.008315555954921
19.000000000000000	0.755494926816387	1.648575646137290	-0.015393945824343
19.000000000000000	0.659528199942072	1.702889085164102	-0.022463198055443
19.000000000000000	0.560352576702953	1.751012190484497	-0.029494847264535
19.000000000000000	0.458367402330394	1.792751187338099	-0.036460579482031
19.000000000000000	0.353983335126565	1.827938007516098	-0.043332346162802
19.000000000000000	0.247620692888386	1.856430966112606	-0.050082477127773
19.000000000000000	0.139707760436120	1.878115332039767	-0.056683791981964
19.000000000000000	0.030679065061555	1.892903790009353	-0.063109709560350
19.000000000000000	-0.079026373160033	1.900736792120617	-0.069334354960831
19.000000000000000	-0.188966809148779	1.901582797638664	-0.075332663733328
19.000000000000000	-0.298699551571745	1.895438399997867	-0.081080482805481
19.000000000000000	-0.407782745404685	1.882328340518897	-0.086554667738543
19.000000000000000	-0.515777151126265	1.862305408784162	-0.091733175921868
19.000000000000000	-0.622247913380597	1.835450230072791	-0.096595155330724
19.000000000000000	-0.726766311986275	1.801870940711084	-0.101121028490036
19.000000000000000	-0.828911488241232	1.761702752645702	-0.105292571305972
19.000000000000000	-0.928272139572192	1.715107408992871	-0.109092986447931
19.000000000000000	-1.024448175704968	1.662272532755945	-0.112506970985469
19.000000000000000	-1.117052329686787	1.603410871333789	-0.115520778007798
19.000000000000000	-1.205711717273622	1.538759439862096	-0.118122271977744
19.000000000000000	-1.290069338403441	1.468578566837080	-0.120300977597271
19.000000000000000	-1.369785514709448	1.393150845864513	-0.122048121987810
19.000000000000000	-1.444539257284990	1.312779997755006	-0.123356670015544
19.000000000000000	-1.514029559192580	1.227789647547506	-0.124221352619408
19.000000000000000	-1.577976607512606	1.138522021385484	-0.124638688027741
19.000000000000000	-1.636122910051197	1.045336568493043	-0.124606995778151
19.000000000000000	-1.688234332170403	0.948608513799755	-0.124126403484140
19.000000000000000	-1.734101039565753	0.848727347042307	-0.123198846321255
19.000000000000000	-1.773538343194934	0.746095254426794	-0.121828059234815
19.000000000000000	-1.806387442955382	0.641125499166822	-0.120019561900605
19.000000000000000	-1.832516067116247	0.534240757418402	-0.117780636499094
19.000000000000000	-1.851819004929969	0.425871416312252	-0.115120298392658
19.000000000000000	-1.864218530278822	0.316453840936721	-0.112049259823903
19.000000000000000	-1.869664714650562	0.206428617249596	-0.108579886781240
19.000000000000000	-1.868135628182921	0.096238777993948	-0.104726149205419
19.000000000000000	-1.859637427967423	-0.013671981238358	-0.100503564737505
19.000000000000000	-1.844204333256949	-0.122861088612212	-0.095929136234815
19.000000000000000	-1.821898487676883	-0.230888878129833	-0.091021283306414
19.000000000000000	-1.792809708994667	-0.337320360010569	-0.085799768143848
19.000000000000000	-1.757055127455351	-0.441726972241214	-0.080285615945776
19.000000000000000	-1.714778714139437	-0.543688306243981	-0.074501030256913
19.000000000000000	-1.666150701242151	-0.642793799713455	-0.068469303562196
19.000000000000000	-1.611366896608478	-0.738644389806103	-0.062214723496164
19.000000000000000	-1.550647895284074	-0.830854120025490	-0.055762475045226
19.000000000000000	-1.484238191256879	-0.919051694332873	-0.049138539136615
19.000000000000000	-1.412405192966120	-1.002881972225298	-0.042369588022358
19.000000000000000	-1.335438146542904	-1.082007398761068	-0.035482877879532
19.000000000000000	-1.253646971118139	-1.156109363774350	-0.028506139059261
19.000000000000000	-1.167361010887572	-1.224889484805863	-0.021467464426378
19.000000000000000	-1.076927708958964	-1.288070808583726	-0.014395196239374
19.000000000000000	-0.982711208321308	-1.345398926216542	-0.007317812026123
19.000000000000000	-0.885090885569545	-1.396642997608204	-0.000263809914935
19.000000000000000	-0.784459823288913	-1.441596680969495	0.006738406117355
19.000000000000000	-0.681223227250110	-1.480078963683640	0.013660640618173
19.000000000000000	-0.575796794788669	-1.511934891180232	0.020475020192344
19.000000000000000	-0.468605040938511	-1.537036190882594	0.027154105738417
19.000000000000000	-0.360079589059729	-1.555281788716170	0.033671002936238
19.000000000000000	-0.250657432843657	-1.566598216098156	0.039999470540889
19.000000000000000	-0.140779176693510	-1.570939905769546	0.046114026046921
19.000000000000000	-0.030887261565955	-1.568289375278407	0.051990048297405
19.000000000000000	0.078575816582452	-1.558657297375537	0.057603876624643
19.000000000000000	0.187169288570319	-1.542082457039070	0.062932906123328
19.000000000000000	0.294455886813343	-1.518631595301054	0.067955678672516
19.000000000000000	0.400003606046534	-1.488399140504873	0.072651969339907
19.000000000000000	0.503387442856949	-1.451506828075634	0.077002867820511
19.000000000000000	0.604191107022434	-1.408103210334578	0.080990854581769
19.000000000000000	0.702008697765421	-1.358363058331312	0.084599871408528
19.000000000000000	0.796446338172095	-1.302486658102476	0.087815386063807
19.000000000000000	0.887123761195717	-1.240699004190565	0.090624450804985
19.000000000000000	0.973675840857800	-1.173248893670314	0.093015754519791


20.000000000000000	0.344781803123890	0.627414291813206	-0.035471313325309
20.000000000000000	0.302273189964339	0.648960356582476	-0.036946772862819
20.000000000000000	0.258478789042546	0.667768379311784	-0.038266399038741
20.000000000000000	0.213574944954060	0.683762626731773	-0.039424878184217
20.000000000000000	0.167742469630494	0.696878695653152	-0.040417545512607
20.000000000000000	0.121165914273691	0.707063772295611	-0.041240403902936
20.000000000000000	0.074032826233166	0.714276844950269	-0.041890139994888
20.000000000000000	0.026532993819128	0.718488869119355	-0.042364137530541
20.000000000000000	-0.021142317908059	0.719682884468148	-0.042660487889114
20.000000000000000	-0.068801137294776	0.717854083118258	-0.042777997772307
20.000000000000000	-0.116251559096235	0.713009829007258	-0.042716194009296
20.000000000000000	-0.163302517211173	0.705169628236702	-0.042475325462020
20.000000000000000	-0.209764554037603	0.694365050527945	-0.042056362023108
20.000000000000000	-0.255450583351712	0.680639602102012	-0.041460990710455
20.000000000000000	-0.300176643638050	0.664048550495400	-0.040691608874207
20.000000000000000	-0.343762638837630	0.644658702017223	-0.039751314543469
20.000000000000000	-0.386033063531187	0.622548132743776	-0.038643893951640
20.000000000000000	-0.426817709637565	0.597805874133735	-0.037373806290586
20.000000000000000	-0.465952351781579	0.570531554529897	-0.035946165755048
20.000000000000000	-0.503279408571643	0.540834997991005	-0.034366720949587
20.000000000000000	-0.538648577124416	0.508835782069027	-0.032641831740979
20.000000000000000	-0.571917438281464	0.474662756312556	-0.030778443649277
20.000000000000000	-0.602952030080944	0.438453523435159	-0.028784059880657
20.000000000000000	-0.631627387175145	0.400353885237808	-0.026666711114648
20.000000000000000	-0.657828044021839	0.360517255516494	-0.024434923167427
20.000000000000000	-0.681448499823261	0.319104042319016	-0.022097682661361
20.000000000000000	-0.702393643340593	0.276281002038384	-0.019664400839054
20.000000000000000	-0.720579135873347	0.232220567943682	-0.017144875667593
20.000000000000000	-0.735931750861551	0.187100155852155	-0.014549252385592
20.000000000000000	-0.748389668743257	0.141101449738326	-0.011887982651899
20.000000000000000	-0.757902725880100	0.094409670156760	-0.009171782460453
20.000000000000000	-0.764432616548564	0.047212828424258	-0.006411588990759
20.000000000000000	-0.767953047183611	-0.000299030435353	-0.003618516567726
20.000000000000000	-0.768449842253588	-0.047934592935461	-0.000803811908205
20.000000000000000	-0.765921001340089	-0.095502047478552	0.002021191165574
20.000000000000000	-0.760376707192934	-0.142809856713819	0.004845117363299
20.000000000000000	-0.751839284727830	-0.189667528790467	0.007656595730859
20.000000000000000	-0.740343111131812	-0.235886384401167	0.010444305437162
20.000000000000000	-0.725934477438451	-0.281280316527032	0.013197021359125
20.000000000000000	-0.708671402130191	-0.325666539824897	0.015903659281285
20.000000000000000	-0.688623397518404	-0.368866326639381	0.018553320528020
20.000000000000000	-0.665871189841844	-0.410705726676079	0.021135335848671
20.000000000000000	-0.640506394210573	-0.451016267437998	0.023639308378847
20.000000000000000	-0.612631145704252	-0.489635632604845	0.026055155504932
20.000000000000000	-0.582357688110222	-0.526408315623556	0.028373149463206
20.000000000000000	-0.549807921957385	-0.561186245878305	0.030583956510122
20.000000000000000	-0.515112913665801	-0.593829384918609	0.032678674505991
20.000000000000000	-0.478412367788474	-0.624206290344746	0.034648868760763
20.000000000000000	-0.439854064470422	-0.652194645079905	0.036486605997541
20.000000000000000	-0.399593264390195	-0.677681749897881	0.038184486297090
20.000000000000000	-0.357792083579917	-0.700564977223088	0.039735672894700
20.000000000000000	-0.314618840641245	-0.720752184375580	0.041133919709425
20.000000000000000	-0.270247378985766	-0.738162084597103	0.042373596494844
20.000000000000000	-0.224856366828935	-0.752724574364180	0.043449711510079
20.000000000000000	-0.178628577756233	-0.764381015670259	0.044357931619770
20.000000000000000	-0.131750154758447	-0.773084472140270	0.045094599742088
20.000000000000000	-0.084409860699539	-0.778799898026838	0.045656749574505
20.000000000000000	-0.036798318235225	-0.781504279327142	0.046042117538055
20.000000000000000	0.010892757757190	-0.781186726452180	0.046249151891960
20.000000000000000	0.058471332146952	-0.777848518075301	0.046277018981950
20.000000000000000	0.105745822807554	-0.771503095983439	0.046125606597088
20.000000000000000	0.152525872050344	-0.762176010951781	0.045795524421608
20.000000000000000	0.198623113127748	-0.749904819859813	0.045288101579931
20.000000000000000	0.243851928719681	-0.734738934463022	0.044605381284748
20.000000000000000	0.288030198348983	-0.716739422429195	0.043750112609726
20.000000000000000	0.330980031716301	-0.695978761440478	0.042725739419958
20.000000000000000	0.372528485001542	-0.672540547351326	0.041536386504732
20.000000000000000	0.412508257247594	-0.646519157577505	0.040186842968463
20.000000000000000	0.450758364022232	-0.618019371071546	0.038682542946660
20.000000000000000	0.487124785645613	-0.587155946414886	0.037029543724576
20.000000000000000	0.521461087373162	-0.554053159725565	0.035234501346664
20.000000000000000	0.553629009036604	-0.518844304242159	0.033304643815029
20.000000000000000	0.583499021768869	-0.481671153598952	0.031247741984821
20.000000000000000	0.610950849571119	-0.442683390953554	0.029072078273739
20.000000000000000	0.635873953621747	-0.402038006265649	0.026786413311661
20.000000000000000	0.658167977377193	-0.359898664153840	0.024399950664678
20.000000000000000	0.677743150672331	-0.316435044875993	0.021922299775582
20.000000000000000	0.694520651193239	-0.271822161086727	0.019363437270032
20.000000000000000	0.708432921866832	-0.226239653123221	0.016733666784204
20.000000000000000	0.719423942889357	-0.179871065656983	0.014043577475682
20.000000000000000	0.727449457298368	-0.132903108624235	0.011304001384662
20.000000000000000	0.732477149179896	-0.085524905410899	0.008525969817146
20.000000000000000	0.734486773793227	-0.037927231319475	0.005720668925768
20.000000000000000	0.733470239089326	0.009698254615773	0.002899394667103
20.000000000000000	0.729431638294668	0.057159781372103	0.000073507316841
20.000000000000000	0.722387233429253	0.104266238132518	-0.002745614274039
20.000000000000000	0.712365389825195	0.150827943821573	-0.005546618497882
20.000000000000000	0.699406461909541	0.196657410884123	-0.008318226699275
20.000000000000000	0.683562630711234	0.241570100231531	-0.011049278590213
20.000000000000000	0.664897693746528	0.285385164315450	-0.013728777188639
20.000000000000000	0.643486808128908	0.327926175337067	-0.016345933099410
20.000000000000000	0.619416187937915	0.369021835659583	-0.018890207959381
20.000000000000000	0.592782757065485	0.408506667563336	-0.021351356871677
20.000000000000000	0.563693758937637	0.446221679566176	-0.023719469658277
20.000000000000000	0.532266324683051	0.482015006626046	-0.025985010764798
20.000000000000000	0.498627001487353	0.515742521647906	-0.028138857656814
20.000000000000000	0.462911243032262	0.547268415832681	-0.030172337553077
20.000000000000000	0.425262864071425	0.576465745531356	-0.032077262347749
20.000000000000000	0.385833461339154	0.603216943402250	-0.033845961581013
20.000000000000000	0.344781803123890	0.627414291813206	-0.035471313325309


21.000000000000000	nan	nan	nan
21.000000000000000	nan	nan	nan
21.000000000000000	nan	nan	nan
21.000000000000000	nan	nan	nan
21.000000000000000	nan	nan	nan
21.000000000000000	nan	nan	nan
21.000000000000000	nan	nan	nan
21.000000000000000	nan	nan	nan
21.000000000000000	nan	nan	nan
21.000000000000000	nan	nan	nan
21.000000000000000	nan	nan	nan
21.000000000000000	nan	nan	nan
21.000000000000000	nan	nan	nan
21.000000000000000	nan	nan	nan
21.000000000000000	nan	nan	nan
21.000000000000000	nan	nan	nan
21.000000000000000	nan	nan	nan
21.000000000000000	nan	nan	nan
21.000000000000000	nan	nan	nan
21.000000000000000	nan	nan	nan
21.000000000000000	nan	nan	nan
21.000000000000000	nan	nan	nan
21.000000000000000	nan	nan	nan
21.000000000000000	nan	nan	nan
21.000000000000000	nan	nan	nan
21.000000000000000	nan	nan	nan
21.000000000000000	nan	nan	nan
21.000000000000000	nan	nan	nan
21.000000000000000	nan	nan	nan
21.000000000000000	nan	nan	nan
21.000000000000000	nan	nan	nan
21.000000000000000	nan	nan	nan
21.000000000000000	nan	nan	nan
21.000000000000000	nan	nan	nan
21.000000000000000	nan	nan	nan
21.000000000000000	nan	nan	nan
21.000000000000000	nan	nan	nan
21.000000000000000	nan	nan	nan
21.000000000000000	nan	nan	nan
21.000000000000000	nan	nan	nan
21.000000000000000	nan	nan	nan
21.000000000000000	nan	nan	nan
21.000000000000000	nan	nan	nan
21.000000000000000	nan	nan	nan
21.000000000000000	nan	nan	nan
21.000000000000000	nan	nan	nan
21.000000000000000	nan	nan	nan
21.000000000000000	nan	nan	nan
21.000000000000000	nan	nan	nan
21.000000000000000	nan	nan	nan
21.000000000000000	nan	nan	nan
21.000000000000000	nan	nan	nan
21.000000000000000	nan	nan	nan
21.000000000000000	nan	nan	nan
21.000000000000000	nan	nan	nan
21.000000000000000	nan	nan	nan
21.000000000000000	nan	nan	nan
21.000000000000000	nan	nan	nan
21.000000000000000	nan	nan	nan
21.000000000000000	nan	nan	nan
21.000000000000000	nan	nan	nan
21.000000000000000	nan	nan	nan
21.000000000000000	nan	nan	nan
21.000000000000000	nan	nan	nan
21.000000000000000	nan	nan	nan
21.000000000000000	nan	nan	nan
21.000000000000000	nan	nan	nan
21.000000000000000	nan	nan	nan
21.000000000000000	nan	nan	nan
21.000000000000000	nan	nan	nan
21.000000000000000	nan	nan	nan
21.000000000000000	nan	nan	nan
21.000000000000000	nan	nan	nan
21.000000000000000	nan	nan	nan
21.000000000000000	nan	nan	nan
21.000000000000000	nan	nan	nan
21.000000000000000	nan	nan	nan
21.000000000000000	nan	nan	nan
21.000000000000000	nan	nan	nan
21.000000000000000	nan	nan	nan
21.000000000000000	nan	nan	nan
21.000000000000000	nan	nan	nan
21.000000000000000	nan	nan	nan
21.000000000000000	nan	nan	nan
21.000000000000000	nan	nan	nan
21.000000000000000	nan	nan	nan
21.000000000000000	nan	nan	nan
21.000000000000000	nan	nan	nan
21.000000000000000	nan	nan	nan
21.000000000000000	nan	nan	nan
21.000000000000000	nan	nan	nan
21.000000000000000	nan	nan	nan
21.000000000000000	nan	nan	nan
21.000000000000000	nan	nan	nan
21.000000000000000	nan	nan	nan
21.000000000000000	nan	nan	nan
21.000000000000000	nan	nan	nan
21.000000000000000	nan	nan	nan
21.000000000000000	nan	nan	nan
21.000000000000000	nan	nan	nan


22.000000000000000	-1.462391974876592	0.060709685241601	-0.104311901664997
22.000000000000000	-1.462034308456016	-0.046590896705327	-0.122601233386415
22.000000000000000	-1.454710407000373	-0.153748672886367	-0.140319918617419
22.000000000000000	-1.440449761275898	-0.260332156757506	-0.157396610466286
22.000000000000000	-1.419309793869719	-0.365912174247173	-0.173762547122050
22.000000000000000	-1.391375627969359	-0.470063591888745	-0.189351828734055
22.000000000000000	-1.356759744601712	-0.572367028682974	-0.204101682767389
22.000000000000000	-1.315601529711636	-0.672410544797250	-0.217952716765728
22.000000000000000	-1.268066712903960	-0.769791300301916	-0.230849157503799
22.000000000000000	-1.214346700108850	-0.864117177264487	-0.242739075566466
22.000000000000000	-1.154657802857689	-0.955008358670163	-0.253574594450164
22.000000000000000	-1.089240367272882	-1.042098857810902	-0.263312083344677
22.000000000000000	-1.018357806278853	-1.125037991984712	-0.271912332819013
22.000000000000000	-0.942295538931168	-1.203491794571125	-0.279340712703944
22.000000000000000	-0.861359841134731	-1.277144359796907	-0.285567311535472
22.000000000000000	-0.775876612378820	-1.345699114777107	-0.290567056997743
22.000000000000000	-0.686190063454860	-1.408880013709395	-0.294319816880410
22.000000000000000	-0.592661330441060	-1.466432649413074	-0.296810480143937
22.000000000000000	-0.495667020534884	-1.518125277737009	-0.298029017766427
22.000000000000000	-0.395597695588786	-1.563749750711532	-0.297970523126950
22.000000000000000	-0.292856299455480	-1.603122354686847	-0.296635231762772
22.000000000000000	-0.187856535475258	-1.636084550083061	-0.294028520420936
22.000000000000000	-0.081021200638657	-1.662503609773115	-0.290160885407991
22.000000000000000	0.027219516867803	-1.682273153528079	-0.285047900325078
22.000000000000000	0.136429769877609	-1.695313576372790	-0.278710153358529
22.000000000000000	0.246169807246969	-1.701572369126987	-0.271173164378510
22.000000000000000	0.355997744577459	-1.701024329841252	-0.262467282179510
22.000000000000000	0.465471343528535	-1.693671665276361	-0.252627562276458
22.000000000000000	0.574149792555246	-1.679543982017441	-0.241693625748535
22.000000000000000	0.681595481900743	-1.658698167258696	-0.229709499699076
22.000000000000000	0.787375765696319	-1.631218159738759	-0.216723439973957
22.000000000000000	0.891064704073619	-1.597214611749017	-0.202787736852344
22.000000000000000	0.992244778274164	-1.556824443575884	-0.187958504492188
22.000000000000000	1.090508571850025	-1.510210292171134	-0.172295454978318
22.000000000000000	1.185460411186065	-1.457559856270300	-0.155861657882950
22.000000000000000	1.276717958737938	-1.399085140596111	-0.138723286306781
22.000000000000000	1.363913752570435	-1.335021602190302	-0.120949350423267
22.000000000000000	1.446696685997006	-1.265627202311205	-0.102611419599012
22.000000000000000	1.524733421362461	-1.191181367714813	-0.083783334209185
22.000000000000000	1.597709732276065	-1.111983865501851	-0.064540908308396
22.000000000000000	1.665331768890301	-1.028353596061467	-0.044961624354254
22.000000000000000	1.727327241130501	-0.940627308971915	-0.025124321212855
22.000000000000000	1.783446515110868	-0.849158247028857	-0.005108876702498
22.000000000000000	1.833463618322033	-0.754314723861303	0.015004114046101
22.000000000000000	1.877177149542588	-0.656478640862619	0.035133663117952
22.000000000000000	1.914411089810728	-0.556043949408403	0.055198715923542
22.000000000000000	1.945015511190479	-0.453415064553344	0.075118477577057
22.000000000000000	1.968867180478584	-0.349005236594527	0.094812738228875
22.000000000000000	1.985870055421120	-0.243234887058345	0.114202196042318
22.000000000000000	1.995955671441751	-0.136529915811394	0.133208776514159
22.000000000000000	1.999083417324417	-0.029319986112030	0.151755946853092
22.000000000000000	1.995240698740367	0.077963205491922	0.169769024150271
22.000000000000000	1.984442988961075	0.184887667452810	0.187175476101023
22.000000000000000	1.966733766552839	0.291022852700638	0.203905213066841
22.000000000000000	1.942184340303936	0.395941392304166	0.219890870301620
22.000000000000000	1.910893562089304	0.499220816334755	0.235068079205714
22.000000000000000	1.872987428828929	0.600445255003663	0.249375726515568
22.000000000000000	1.828618575142716	0.699207113222905	0.262756200385259
22.000000000000000	1.777965658744748	0.795108711846816	0.275155622369070
22.000000000000000	1.721232641051730	0.887763888985607	0.286524064370969
22.000000000000000	1.658647965902346	0.976799554943010	0.296815749687437
22.000000000000000	1.590463639694552	1.061857194516795	0.305989237334091
22.000000000000000	1.516954216644752	1.142594310612965	0.314007588913901
22.000000000000000	1.438415693254878	1.218685803360661	0.320838517355084
22.000000000000000	1.355164316438935	1.289825279174607	0.326454516919741
22.000000000000000	1.267535310108308	1.355726284493935	0.330832973959756
22.000000000000000	1.175881525343378	1.416123459229573	0.333956257973980
22.000000000000000	1.080572019586763	1.470773605275667	0.335811792600029
22.000000000000000	0.981990570579246	1.519456665782518	0.336392106254865
22.000000000000000	0.880534131022274	1.561976611247848	0.335694862220218
22.000000000000000	0.776611230189523	1.598162228858418	0.333722868051726
22.000000000000000	0.670640328923709	1.627867811903598	0.330484064273904
22.000000000000000	0.563048134642459	1.650973746484865	0.325991492406450
22.000000000000000	0.454267883138148	1.667386993158757	0.320263242450647
22.000000000000000	0.344737594090271	1.677041461573871	0.313322380047319
22.000000000000000	0.234898307314793	1.679898276593384	0.305196853599629
22.000000000000000	0.125192306852468	1.675945934831507	0.295919381734728
22.000000000000000	0.016061340047106	1.665200350973561	0.285527321557390
22.000000000000000	-0.092055161215064	1.647704793693155	0.274062518226136
22.000000000000000	-0.198721849942500	1.623529711424509	0.261571136457551
22.000000000000000	-0.303509217027042	1.592772448691474	0.248103474637261
22.000000000000000	-0.405995320725490	1.555556854135492	0.233713762286090
22.000000000000000	-0.505767485670080	1.512032781820829	0.218459941696915
22.000000000000000	-0.602423964566545	1.462375487825145	0.202403434621510
22.000000000000000	-0.695575555888671	1.406784924545128	0.185608894946821
22.000000000000000	-0.784847171055478	1.345484935558762	0.168143948356592
22.000000000000000	-0.869879344780548	1.278722354286249	0.150078920026596
22.000000000000000	-0.950329682511867	1.206766010078936	0.131486551449981
22.000000000000000	-1.025874239133837	1.129905645738401	0.112441707532942
22.000000000000000	-1.096208823379921	1.048450750824456	0.093021075140175
22.000000000000000	-1.161050222703513	0.962729315449924	0.073302854303934
22.000000000000000	-1.220137343674905	0.873086509580212	0.053366443340105
22.000000000000000	-1.273232263312377	0.779883293155686	0.033292119139205
22.000000000000000	-1.320121187114070	0.683494962633392	0.013160713919685
22.000000000000000	-1.360615309932987	0.584309639800686	-0.006946710254890
22.000000000000000	-1.394551576228684	0.482726708945771	-0.026949187884160
22.000000000000000	-1.421793336634385	0.379155208678138	-0.046766176050462
22.000000000000000	-1.442230898195743	0.274012184874450	-0.066317878736732
22.000000000000000	-1.455781966065661	0.167721011381989	-0.085525568136904
22.000000000000000	-1.462391974876592	0.060709685241601	-0.104311901664997


23.000000000000000	nan	nan	nan
23.000000000000000	nan	nan	nan
23.000000000000000	nan	nan	nan
23.000000000000000	nan	nan	nan
23.000000000000000	nan	nan	nan
23.000000000000000	nan	nan	nan
23.000000000000000	nan	nan	nan
23.000000000000000	nan	nan	nan
23.000000000000000	nan	nan	nan
23.000000000000000	nan	nan	nan
23.000000000000000	nan	nan	nan
23.000000000000000	nan	nan	nan
23.000000000000000	nan	nan	nan
23.000000000000000	nan	nan	nan
23.000000000000000	nan	nan	nan
23.000000000000000	nan	nan	nan
23.000000000000000	nan	nan	nan
23.000000000000000	nan	nan	nan
23.000000000000000	nan	nan	nan
23.000000000000000	nan	nan	nan
23.000000000000000	nan	nan	nan
23.000000000000000	nan	nan	nan
23.000000000000000	nan	nan	nan
23.000000000000000	nan	nan	nan
23.000000000000000	nan	nan	nan
23.000000000000000	nan	nan	nan
23.000000000000000	nan	nan	nan
23.000000000000000	nan	nan	nan
23.000000000000000	nan	nan	nan
23.000000000000000	nan	nan	nan
23.000000000000000	nan	nan	nan
23.000000000000000	nan	nan	nan
23.000000000000000	nan	nan	nan
23.000000000000000	nan	nan	nan
23.000000000000000	nan	nan	nan
23.000000000000000	nan	nan	nan
23.000000000000000	nan	nan	nan
23.000000000000000	nan	nan	nan
23.000000000000000	nan	nan	nan
23.000000000000000	nan	nan	nan
23.000000000000000	nan	nan	nan
23.000000000000000	nan	nan	nan
23.000000000000000	nan	nan	nan
23.000000000000000	nan	nan	nan
23.000000000000000	nan	nan	nan
23.000000000000000	nan	nan	nan
23.000000000000000	nan	nan	nan
23.000000000000000	nan	nan	nan
23.000000000000000	nan	nan	nan
23.000000000000000	nan	nan	nan
23.000000000000000	nan	nan	nan
23.000000000000000	nan	nan	nan
23.000000000000000	nan	nan	nan
23.000000000000000	nan	nan	nan
23.000000000000000	nan	nan	nan
23.000000000000000	nan	nan	nan
23.000000000000000	nan	nan	nan
23.000000000000000	nan	nan	nan
23.000000000000000	nan	nan	nan
23.000000000000000	nan	nan	nan
23.000000000000000	nan	nan	nan
23.000000000000000	nan	nan	nan
23.000000000000000	nan	nan	nan
23.000000000000000	nan	nan	nan
23.000000000000000	nan	nan	nan
23.000000000000000	nan	nan	nan
23.000000000000000	nan	nan	nan
23.000000000000000	nan	nan	nan
23.000000000000000	nan	nan	nan
23.000000000000000	nan	nan	nan
23.000000000000000	nan	nan	nan
23.000000000000000	nan	nan	nan
23.000000000000000	nan	nan	nan
23.000000000000000	nan	nan	nan
23.000000000000000	nan	nan	nan
23.000000000000000	nan	nan	nan
23.000000000000000	nan	nan	nan
23.000000000000000	nan	nan	nan
23.000000000000000	nan	nan	nan
23.000000000000000	nan	nan	nan
23.000000000000000	nan	nan	nan
23.000000000000000	nan	nan	nan
23.000000000000000	nan	nan	nan
23.000000000000000	nan	nan	nan
23.000000000000000	nan	nan	nan
23.000000000000000	nan	nan	nan
23.000000000000000	nan	nan	nan
23.000000000000000	nan	nan	nan
23.000000000000000	nan	nan	nan
23.000000000000000	nan	nan	nan
23.000000000000000	nan	nan	nan
23.000000000000000	nan	nan	nan
23.000000000000000	nan	nan	nan
23.000000000000000	nan	nan	nan
23.000000000000000	nan	nan	nan
23.000000000000000	nan	nan	nan
23.000000000000000	nan	nan	nan
23.000000000000000	nan	nan	nan
23.000000000000000	nan	nan	nan
23.000000000000000	nan	nan	nan


24.000000000000000	nan	nan	nan
24.000000000000000	nan	nan	nan
24.000000000000000	nan	nan	nan
24.000000000000000	nan	nan	nan
24.000000000000000	nan	nan	nan
24.000000000000000	nan	nan	nan
24.000000000000000	nan	nan	nan
24.000000000000000	nan	nan	nan
24.000000000000000	nan	nan	nan
24.000000000000000	nan	nan	nan
24.000000000000000	nan	nan	nan
24.000000000000000	nan	nan	nan
24.000000000000000	nan	nan	nan
24.000000000000000	nan	nan	nan
24.000000000000000	nan	nan	nan
24.000000000000000	nan	nan	nan
24.000000000000000	nan	nan	nan
24.000000000000000	nan	nan	nan
24.000000000000000	nan	nan	nan
24.000000000000000	nan	nan	nan
24.000000000000000	nan	nan	nan
24.000000000000000	nan	nan	nan
24.000000000000000	nan	nan	nan
24.000000000000000	nan	nan	nan
24.000000000000000	nan	nan	nan
24.000000000000000	nan	nan	nan
24.000000000000000	nan	nan	nan
24.000000000000000	nan	nan	nan
24.000000000000000	nan	nan	nan
24.000000000000000	nan	nan	nan
24.000000000000000	nan	nan	nan
24.000000000000000	nan	nan	nan
24.000000000000000	nan	nan	nan
24.000000000000000	nan	nan	nan
24.000000000000000	nan	nan	nan
24.000000000000000	nan	nan	nan
24.000000000000000	nan	nan	nan
24.000000000000000	nan	nan	nan
24.000000000000000	nan	nan	nan
24.000000000000000	nan	nan	nan
24.000000000000000	nan	nan	nan
24.000000000000000	nan	nan	nan
24.000000000000000	nan	nan	nan
24.000000000000000	nan	nan	nan
24.000000000000000	nan	nan	nan
24.000000000000000	nan	nan	nan
24.000000000000000	nan	nan	nan
24.000000000000000	nan	nan	nan
24.000000000000000	nan	nan	nan
24.000000000000000	nan	nan	nan
24.000000000000000	nan	nan	nan
24.000000000000000	nan	nan	nan
24.000000000000000	nan	nan	nan
24.000000000000000	nan	nan	nan
24.000000000000000	nan	nan	nan
24.000000000000000	nan	nan	nan
24.000000000000000	nan	nan	nan
24.000000000000000	nan	nan	nan
24.000000000000000	nan	nan	nan
24.000000000000000	nan	nan	nan
24.000000000000000	nan	nan	nan
24.000000000000000	nan	nan	nan
24.000000000000000	nan	nan	nan
24.000000000000000	nan	nan	nan
24.000000000000000	nan	nan	nan
24.000000000000000	nan	nan	nan
24.000000000000000	nan	nan	nan
24.000000000000000	nan	nan	nan
24.000000000000000	nan	nan	nan
24.000000000000000	nan	nan	nan
24.000000000000000	nan	nan	nan
24.000000000000000	nan	nan	nan
24.000000000000000	nan	nan	nan
24.000000000000000	nan	nan	nan
24.000000000000000	nan	nan	nan
24.000000000000000	nan	nan	nan
24.000000000000000	nan	nan	nan
24.000000000000000	nan	nan	nan
24.000000000000000	nan	nan	nan
24.000000000000000	nan	nan	nan
24.000000000000000	nan	nan	nan
24.000000000000000	nan	nan	nan
24.000000000000000	nan	nan	nan
24.000000000000000	nan	nan	nan
24.000000000000000	nan	nan	nan
24.000000000000000	nan	nan	nan
24.000000000000000	nan	nan	nan
24.000000000000000	nan	nan	nan
24.000000000000000	nan	nan	nan
24.000000000000000	nan	nan	nan
24.000000000000000	nan	nan	nan
24.000000000000000	nan	nan	nan
24.000000000000000	nan	nan	nan
24.000000000000000	nan	nan	nan
24.000000000000000	nan	nan	nan
24.000000000000000	nan	nan	nan
24.000000000000000	nan	nan	nan
24.000000000000000	nan	nan	nan
24.000000000000000	nan	nan	nan
24.000000000000000	nan	nan	nan


25.000000000000000	-0.747324832879156	-0.871190127905349	0.041815429495468
25.000000000000000	-0.689194545231478	-0.918023117331144	0.039895821586045
25.000000000000000	-0.628214301501878	-0.961072338921422	0.037811381241800
25.000000000000000	-0.564629647609257	-1.000164448654794	0.035570501768310
25.000000000000000	-0.498696616513034	-1.035142036402679	0.033182206396310
25.000000000000000	-0.430680697258781	-1.065864259764338	0.030656111948328
25.000000000000000	-0.360855765947539	-1.092207411189512	0.028002390115139
25.000000000000000	-0.289502982933426	-1.114065416105062	0.025231726497948
25.000000000000000	-0.216909660690117	-1.131350260039840	0.022355277581255
25.000000000000000	-0.143368106904927	-1.143992343027899	0.019384625809622
25.000000000000000	-0.069174447458915	-1.151940759862990	0.016331732949261
25.000000000000000	0.005372565967520	-1.155163505075862	0.013208891922220
25.000000000000000	0.079972758862213	-1.153647601808991	0.010028677307128
25.000000000000000	0.154325742578050	-1.147399154069805	0.006803894705804
25.000000000000000	0.228132123892030	-1.136443322151997	0.003547529179615
25.000000000000000	0.301094710556104	-1.120824221323909	0.000272692963223
25.000000000000000	0.372919707985467	-1.100604744191911	-0.003007427333764
25.000000000000000	0.443317902265655	-1.075866307454075	-0.006279623824606
25.000000000000000	0.512005824714906	-1.046708524063867	-0.009530720528936
25.000000000000000	0.578706893312491	-1.013248802123942	-0.012747626427781
25.000000000000000	0.643152526396894	-0.975621872125151	-0.015917388176473
25.000000000000000	0.705083224149369	-0.933979244434409	-0.019027242263197
25.000000000000000	0.764249613508121	-0.888488599215920	-0.022064666403150
25.000000000000000	0.820413452305610	-0.839333111242341	-0.025017429961360
25.000000000000000	0.873348588585676	-0.786710712314616	-0.027873643201138
25.000000000000000	0.922841871237645	-0.730833294260480	-0.030621805159850
25.000000000000000	0.968694008280624	-0.671925855720852	-0.033250849959234
25.000000000000000	1.010720369341966	-0.610225596159715	-0.035750191363789
25.000000000000000	1.048751729098621	-0.545980960745602	-0.038109765407805
25.000000000000000	1.082634948687779	-0.479450639950581	-0.040320070919405
25.000000000000000	1.112233592343026	-0.410902527895031	-0.042372207778406
25.000000000000000	1.137428476773019	-0.340612643632571	-0.044257912753965
25.000000000000000	1.158118151070536	-0.268864019718749	-0.045969592777696
25.000000000000000	1.174219305219472	-0.195945562538837	-0.047500355518268
25.000000000000000	1.185667105554872	-0.122150888983783	-0.048844037134398
25.000000000000000	1.192415455825216	-0.047777144158622	-0.049995227094463
25.000000000000000	1.194437182805751	0.026876195115983	-0.050949289962799
25.000000000000000	1.191724145715485	0.101508526191206	-0.051702384064964
25.000000000000000	1.184287268997229	0.175819331010822	-0.052251476956811
25.000000000000000	1.172156498328729	0.249509386191358	-0.052594357635062
25.000000000000000	1.155380680041987	0.322281967889048	-0.052729645440243
25.000000000000000	1.134027364436323	0.393844046602025	-0.052656795616112
25.000000000000000	1.108182533777162	0.463907467096701	-0.052376101503200
25.000000000000000	1.077950256075796	0.532190108707193	-0.051888693357628
25.000000000000000	1.043452266044234	0.598417021335666	-0.051196533799973
25.000000000000000	1.004827474912483	0.662321532579343	-0.050302409912478
25.000000000000000	0.962231411082051	0.723646321526144	-0.049209922016465
25.000000000000000	0.915835593867968	0.782144454895183	-0.047923469175102
25.000000000000000	0.865826842851040	0.837580381349935	-0.046448231479937
25.000000000000000	0.812406525621336	0.889730879980330	-0.044790149192493
25.000000000000000	0.755789746941971	0.938385959134578	-0.042955898824931
25.000000000000000	0.696204482598149	0.983349701981432	-0.040952866256093
25.000000000000000	0.633890661419133	1.024441055398120	-0.038789116991177
25.000000000000000	0.569099199169537	1.061494559007369	-0.036473363684791
25.000000000000000	0.502090988200097	1.094361011427951	-0.034014931058169
25.000000000000000	0.433135846926257	1.122908071055974	-0.031423718351810
25.000000000000000	0.362511433364638	1.147020788957826	-0.028710159464729
25.000000000000000	0.290502127102208	1.166602071728948	-0.025885180940832
25.000000000000000	0.217397884200048	1.181573072454714	-0.022960157971576
25.000000000000000	0.143493069642639	1.191873508199120	-0.019946868592089
25.000000000000000	0.069085272033958	1.197461902742901	-0.016857446255181
25.000000000000000	-0.005525894686790	1.198315753593616	-0.013704330974210
25.000000000000000	-0.080039997684770	1.194431622595252	-0.010500219231540
25.000000000000000	-0.154156994966495	1.185825149772458	-0.007258012854287
25.000000000000000	-0.227578443543046	1.172530990353692	-0.003990767063217
25.000000000000000	-0.300008701154646	1.154602675226842	-0.000711637903976
25.000000000000000	-0.371156116717704	1.132112395389236	0.002566170727660
25.000000000000000	-0.440734204700782	1.105150711259977	0.005829460253214
25.000000000000000	-0.508462798700725	1.073826188025095	0.009065090557524
25.000000000000000	-0.574069179573881	1.038264958483861	0.012260032899350
25.000000000000000	-0.637289173579838	0.998610215156523	0.015401422373516
25.000000000000000	-0.697868216115835	0.955021633698566	0.018476609713344
25.000000000000000	-0.755562376758577	0.907674729943204	0.021473212224784
25.000000000000000	-0.810139341485949	0.856760153161064	0.024379163647156
25.000000000000000	-0.861379348123594	0.802482918382865	0.027182762739718
25.000000000000000	-0.909076071249623	0.745061580876248	0.029872720398438
25.000000000000000	-0.953037452994269	0.684727356100848	0.032438205113229
25.000000000000000	-0.993086476389141	0.621723188685247	0.034868886582614
25.000000000000000	-1.029061878152083	0.556302774174698	0.037154977310211
25.000000000000000	-1.060818798037488	0.488729537488711	0.039287272015522
25.000000000000000	-1.088229362137386	0.419275572201864	0.041257184700348
25.000000000000000	-1.111183197784532	0.348220544919024	0.043056783221576
25.000000000000000	-1.129587877984191	0.275850569156631	0.044678821231118
25.000000000000000	-1.143369293585013	0.202457053264547	0.046116767354397
25.000000000000000	-1.152471951690442	0.128335527027486	0.047364831489890
25.000000000000000	-1.156859199109011	0.053784451670872	0.048417988123820
25.000000000000000	-1.156513369943818	-0.020895981937169	0.049271996566125
25.000000000000000	-1.151435856726854	-0.095405062048491	0.049923418026227
25.000000000000000	-1.141647104811765	-0.169442766895004	0.050369629459821
25.000000000000000	-1.127186530047636	-0.242710972770436	0.050608834130951
25.000000000000000	-1.108112360065271	-0.314914654469283	0.050640068846832
25.000000000000000	-1.084501399815080	-0.385763073249183	0.050463207836287
25.000000000000000	-1.056448722300650	-0.454970947533218	0.050078963256184
25.000000000000000	-1.024067285753312	-0.522259601638135	0.049488882323831
25.000000000000000	-0.987487478789218	-0.587358087902964	0.048695341086876
25.000000000000000	-0.946856595380397	-0.650004277699620	0.047701534855805
25.000000000000000	-0.902338241753917	-0.709945916932377	0.046511465337554
25.000000000000000	-0.854111677607360	-0.766941641776071	0.045129924522044
25.000000000000000	-0.802371094293276	-0.820761950563042	0.043562475386533
25.000000000000000	-0.747324832879156	-0.871190127905348	0.041815429495468


