# n	x	y	z
1.000000000000000	-0.181211882831753	-0.422372963900457	0.025277618743514
1.000000000000000	-0.152581258556888	-0.433675656683576	0.023837071805998
1.000000000000000	-0.123295024470946	-0.443136016585781	0.022294791679266
1.000000000000000	-0.093471105902198	-0.450715950076721	0.020656988581049
1.000000000000000	-0.063229593244555	-0.456384935439518	0.018930257366373
1.000000000000000	-0.032692258395935	-0.460120145670949	0.017121550972398
1.000000000000000	-0.001982064425812	-0.461906540397732	0.015238152421403
1.000000000000000	0.028777329553669	-0.461736926438799	0.013287645494618
1.000000000000000	0.059462066319289	-0.459611986769698	0.011277884195018
1.000000000000000	0.089948589266078	-0.455540277772492	0.009216961122024
1.000000000000000	0.120114139926159	-0.449538194782229	0.007113174885460
1.000000000000000	0.149837252273767	-0.441629906068713	0.004974996689984
1.000000000000000	0.178998241826065	-0.431847255519411	0.002811036224532
1.000000000000000	0.207479687570315	-0.420229634415361	0.000630006994142
1.000000000000000	0.235166904776854	-0.406823822816382	-0.001559308766256
1.000000000000000	0.261948406794023	-0.391683801194284	-0.003748095454801
1.000000000000000	0.287716353965562	-0.374870533072564	-0.005927539600016
1.000000000000000	0.312366987862848	-0.356451719547810	-0.008088865349549
1.000000000000000	0.335801049083464	-0.336501526681280	-0.010223369807434
1.000000000000000	0.357924176933781	-0.315100286858352	-0.012322458077579
1.000000000000000	0.378647289386166	-0.292334175318358	-0.014377677872380
1.000000000000000	0.397886941780865	-0.268294863157313	-0.016380753547101
1.000000000000000	0.415565662828202	-0.243079148200763	-0.018323619422972
1.000000000000000	0.431612266558113	-0.216788565233110	-0.020198452264833
1.000000000000000	0.445962138960927	-0.189528977152867	-0.021997702782542
1.000000000000000	0.458557498165175	-0.161410148700130	-0.023714126029297
1.000000000000000	0.469347627104795	-0.132545304472715	-0.025340810574485
1.000000000000000	0.478289077738856	-0.103050673010657	-0.026871206333571
1.000000000000000	0.485345846001485	-0.073045018784909	-0.028299150942976
1.000000000000000	0.490489516777530	-0.042649163974728	-0.029618894573742
1.000000000000000	0.493699378320203	-0.011985501959408	-0.030825123084063
1.000000000000000	0.494962505649971	0.018822495516665	-0.031912979417460
1.000000000000000	0.494273812598891	0.049650775521144	-0.032878083160430
1.000000000000000	0.491636072290809	0.080375203451101	-0.033716548180827
1.000000000000000	0.487059905974972	0.110872062879258	-0.034424998275945
1.000000000000000	0.480563740258005	0.141018553716374	-0.035000580767294
1.000000000000000	0.472173732906469	0.170693286683863	-0.035440977987330
1.000000000000000	0.461923667518767	0.199776772105578	-0.035744416611883
1.000000000000000	0.449854817490519	0.228151901050561	-0.035909674800709
1.000000000000000	0.436015779821164	0.255704416889375	-0.035936087117408
1.000000000000000	0.420462279430993	0.282323375365225	-0.035823547208903
1.000000000000000	0.403256944776567	0.307901591327326	-0.035572508233685
1.000000000000000	0.384469055668024	0.332336070327670	-0.035183981037105
1.000000000000000	0.364174264303735	0.355528423343320	-0.034659530081055
1.000000000000000	0.342454290645604	0.377385262954277	-0.034001267144433
1.000000000000000	0.319396593361623	0.397818579381664	-0.033211842819756
1.000000000000000	0.295094017660685	0.416746094872040	-0.032294435840157
1.000000000000000	0.269644421437693	0.434091595000873	-0.031252740279748
1.000000000000000	0.243150281234363	0.449785235561131	-0.030090950678893
1.000000000000000	0.215718279602350	0.463763823801251	-0.028813745154268
1.000000000000000	0.187458875530273	0.475971072880044	-0.027426266561737
1.000000000000000	0.158485859664350	0.486357828513944	-0.025934101787892
1.000000000000000	0.128915896113626	0.494882266903953	-0.024343259253627
1.000000000000000	0.098868052684788	0.501510063145322	-0.022660144720348
1.000000000000000	0.068463321438123	0.506214529441826	-0.020891535496237
1.000000000000000	0.037824131495202	0.508976722568102	-0.019044553146420
1.000000000000000	0.007073856060012	0.509785520147328	-0.017126634816939
1.000000000000000	-0.023663684361385	0.508637665437114	-0.015145503287988
1.000000000000000	-0.054264720542338	0.505537780443249	-0.013109135877007
1.000000000000000	-0.084606032910589	0.500498347308519	-0.011025732316837
1.000000000000000	-0.114565447710009	0.493539658051520	-0.008903681738291
1.000000000000000	-0.144022328951190	0.484689732857864	-0.006751528890083
1.000000000000000	-0.172858064169997	0.473984207252780	-0.004577939732144
1.000000000000000	-0.200956542038095	0.461466188609432	-0.002391666540860
1.000000000000000	-0.228204619902293	0.447186082570739	-0.000201512666738
1.000000000000000	-0.254492579370072	0.431201390083645	0.001983702913570
1.000000000000000	-0.279714568106825	0.413576475863098	0.004155181108181
1.000000000000000	-0.303769026065854	0.394382309218060	0.006304178140815
1.000000000000000	-0.326559094434829	0.373696178283150	0.008422040758896
1.000000000000000	-0.347993005652040	0.351601378806600	0.010500241077149
1.000000000000000	-0.367984452921981	0.328186878747682	0.012530410916379
1.000000000000000	-0.386452937742353	0.303546960034131	0.014504375499179
1.000000000000000	-0.403324094043121	0.277780838922100	0.016414186366873
1.000000000000000	-0.418529987632431	0.250992266487316	0.018252153385153
1.000000000000000	-0.432009389743625	0.223289110856113	0.020010875709535
1.000000000000000	-0.443708023581871	0.194782922858564	0.021683271585949
1.000000000000000	-0.453578782877664	0.165588486852652	0.023262606866462
1.000000000000000	-0.461581921567140	0.135823358528178	0.024742522125317
1.000000000000000	-0.467685213835457	0.105607391551490	0.026117058266092
1.000000000000000	-0.471864083878769	0.075062254957064	0.027380680516883
1.000000000000000	-0.474101704862317	0.044310943229251	0.028528300716873
1.000000000000000	-0.474389066676155	0.013477281046895	0.029555297804562
1.000000000000000	-0.472725012215681	-0.017314575314944	0.030457536425151
1.000000000000000	-0.469116242040890	-0.047940637918492	0.031231383582154
1.000000000000000	-0.463577287395583	-0.078277586418921	0.031873723266194
1.000000000000000	-0.456130451695177	-0.108203264631859	0.032381969002074
1.000000000000000	-0.446805720718723	-0.137597172413222	0.032754074263597
1.000000000000000	-0.435640641866758	-0.166340950870771	0.032988540714206
1.000000000000000	-0.422680172971173	-0.194318858953596	0.033084424240260
1.000000000000000	-0.407976501265895	-0.221418239500476	0.033041338752640
1.000000000000000	-0.391588833247310	-0.247529972870505	0.032859457741398
1.000000000000000	-0.373583156270606	-0.272548916329376	0.032539513577173
1.000000000000000	-0.354031972841975	-0.296374327422061	0.032082794562191
1.000000000000000	-0.333014008676616	-0.318910269627120	0.031491139742730
1.000000000000000	-0.310613895698064	-0.340065998659213	0.030766931503927
1.000000000000000	-0.286921831255303	-0.359756327864310	0.029913085976754
1.000000000000000	-0.262033214929876	-0.377901971236282	0.028933041295791
1.000000000000000	-0.236048264395446	-0.394429862673662	0.027830743755066
1.000000000000000	-0.209071611876588	-0.409273450191047	0.026610631917728
1.000000000000000	-0.181211882831753	-0.422372963900457	0.025277618743514


2.000000000000000	nan	nan	nan
2.000000000000000	nan	nan	nan
2.000000000000000	nan	nan	nan
2.000000000000000	nan	nan	nan
2.000000000000000	nan	nan	nan
2.000000000000000	nan	nan	nan
2.000000000000000	nan	nan	nan
2.000000000000000	nan	nan	nan
2.000000000000000	nan	nan	nan
2.000000000000000	nan	nan	nan
2.000000000000000	nan	nan	nan
2.000000000000000	nan	nan	nan
2.000000000000000	nan	nan	nan
2.000000000000000	nan	nan	nan
2.000000000000000	nan	nan	nan
2.000000000000000	nan	nan	nan
2.000000000000000	nan	nan	nan
2.000000000000000	nan	nan	nan
2.000000000000000	nan	nan	nan
2.000000000000000	nan	nan	nan
2.000000000000000	nan	nan	nan
2.000000000000000	nan	nan	nan
2.000000000000000	nan	nan	nan
2.000000000000000	nan	nan	nan
2.000000000000000	nan	nan	nan
2.000000000000000	nan	nan	nan
2.000000000000000	nan	nan	nan
2.000000000000000	nan	nan	nan
2.000000000000000	nan	nan	nan
2.000000000000000	nan	nan	nan
2.000000000000000	nan	nan	nan
2.000000000000000	nan	nan	nan
2.000000000000000	nan	nan	nan
2.000000000000000	nan	nan	nan
2.000000000000000	nan	nan	nan
2.000000000000000	nan	nan	nan
2.000000000000000	nan	nan	nan
2.000000000000000	nan	nan	nan
2.000000000000000	nan	nan	nan
2.000000000000000	nan	nan	nan
2.000000000000000	nan	nan	nan
2.000000000000000	nan	nan	nan
2.000000000000000	nan	nan	nan
2.000000000000000	nan	nan	nan
2.000000000000000	nan	nan	nan
2.000000000000000	nan	nan	nan
2.000000000000000	nan	nan	nan
2.000000000000000	nan	nan	nan
2.000000000000000	nan	nan	nan
2.000000000000000	nan	nan	nan
2.000000000000000	nan	nan	nan
2.000000000000000	nan	nan	nan
2.000000000000000	nan	nan	nan
2.000000000000000	nan	nan	nan
2.000000000000000	nan	nan	nan
2.000000000000000	nan	nan	nan
2.000000000000000	nan	nan	nan
2.000000000000000	nan	nan	nan
2.000000000000000	nan	nan	nan
2.000000000000000	nan	nan	nan
2.000000000000000	nan	nan	nan
2.000000000000000	nan	nan	nan
2.000000000000000	nan	nan	nan
2.000000000000000	nan	nan	nan
2.000000000000000	nan	nan	nan
2.000000000000000	nan	nan	nan
2.000000000000000	nan	nan	nan
2.000000000000000	nan	nan	nan
2.000000000000000	nan	nan	nan
2.000000000000000	nan	nan	nan
2.000000000000000	nan	nan	nan
2.000000000000000	nan	nan	nan
2.000000000000000	nan	nan	nan
2.000000000000000	nan	nan	nan
2.000000000000000	nan	nan	nan
2.000000000000000	nan	nan	nan
2.000000000000000	nan	nan	nan
2.000000000000000	nan	nan	nan
2.000000000000000	nan	nan	nan
2.000000000000000	nan	nan	nan
2.000000000000000	nan	nan	nan
2.000000000000000	nan	nan	nan
2.000000000000000	nan	nan	nan
2.000000000000000	nan	nan	nan
2.000000000000000	nan	nan	nan
2.000000000000000	nan	nan	nan
2.000000000000000	nan	nan	nan
2.000000000000000	nan	nan	nan
2.000000000000000	nan	nan	nan
2.000000000000000	nan	nan	nan
2.000000000000000	nan	nan	nan
2.000000000000000	nan	nan	nan
2.000000000000000	nan	nan	nan
2.000000000000000	nan	nan	nan
2.000000000000000	nan	nan	nan
2.000000000000000	nan	nan	nan
2.000000000000000	nan	nan	nan
2.000000000000000	nan	nan	nan
2.000000000000000	nan	nan	nan
2.000000000000000	nan	nan	nan


3.000000000000000	nan	nan	nan
3.000000000000000	nan	nan	nan
3.000000000000000	nan	nan	nan
3.000000000000000	nan	nan	nan
3.000000000000000	nan	nan	nan
3.000000000000000	nan	nan	nan
3.000000000000000	nan	nan	nan
3.000000000000000	nan	nan	nan
3.000000000000000	nan	nan	nan
3.000000000000000	nan	nan	nan
3.000000000000000	nan	nan	nan
3.000000000000000	nan	nan	nan
3.000000000000000	nan	nan	nan
3.000000000000000	nan	nan	nan
3.000000000000000	nan	nan	nan
3.000000000000000	nan	nan	nan
3.000000000000000	nan	nan	nan
3.000000000000000	nan	nan	nan
3.000000000000000	nan	nan	nan
3.000000000000000	nan	nan	nan
3.000000000000000	nan	nan	nan
3.000000000000000	nan	nan	nan
3.000000000000000	nan	nan	nan
3.000000000000000	nan	nan	nan
3.000000000000000	nan	nan	nan
3.000000000000000	nan	nan	nan
3.000000000000000	nan	nan	nan
3.000000000000000	nan	nan	nan
3.000000000000000	nan	nan	nan
3.000000000000000	nan	nan	nan
3.000000000000000	nan	nan	nan
3.000000000000000	nan	nan	nan
3.000000000000000	nan	nan	nan
3.000000000000000	nan	nan	nan
3.000000000000000	nan	nan	nan
3.000000000000000	nan	nan	nan
3.000000000000000	nan	nan	nan
3.000000000000000	nan	nan	nan
3.000000000000000	nan	nan	nan
3.000000000000000	nan	nan	nan
3.000000000000000	nan	nan	nan
3.000000000000000	nan	nan	nan
3.000000000000000	nan	nan	nan
3.000000000000000	nan	nan	nan
3.000000000000000	nan	nan	nan
3.000000000000000	nan	nan	nan
3.000000000000000	nan	nan	nan
3.000000000000000	nan	nan	nan
3.000000000000000	nan	nan	nan
3.000000000000000	nan	nan	nan
3.000000000000000	nan	nan	nan
3.000000000000000	nan	nan	nan
3.000000000000000	nan	nan	nan
3.000000000000000	nan	nan	nan
3.000000000000000	nan	nan	nan
3.000000000000000	nan	nan	nan
3.000000000000000	nan	nan	nan
3.000000000000000	nan	nan	nan
3.000000000000000	nan	nan	nan
3.000000000000000	nan	nan	nan
3.000000000000000	nan	nan	nan
3.000000000000000	nan	nan	nan
3.000000000000000	nan	nan	nan
3.000000000000000	nan	nan	nan
3.000000000000000	nan	nan	nan
3.000000000000000	nan	nan	nan
3.000000000000000	nan	nan	nan
3.000000000000000	nan	nan	nan
3.000000000000000	nan	nan	nan
3.000000000000000	nan	nan	nan
3.000000000000000	nan	nan	nan
3.000000000000000	nan	nan	nan
3.000000000000000	nan	nan	nan
3.000000000000000	nan	nan	nan
3.000000000000000	nan	nan	nan
3.000000000000000	nan	nan	nan
3.000000000000000	nan	nan	nan
3.000000000000000	nan	nan	nan
3.000000000000000	nan	nan	nan
3.000000000000000	nan	nan	nan
3.000000000000000	nan	nan	nan
3.000000000000000	nan	nan	nan
3.000000000000000	nan	nan	nan
3.000000000000000	nan	nan	nan
3.000000000000000	nan	nan	nan
3.000000000000000	nan	nan	nan
3.000000000000000	nan	nan	nan
3.000000000000000	nan	nan	nan
3.000000000000000	nan	nan	nan
3.000000000000000	nan	nan	nan
3.000000000000000	nan	nan	nan
3.000000000000000	nan	nan	nan
3.000000000000000	nan	nan	nan
3.000000000000000	nan	nan	nan
3.000000000000000	nan	nan	nan
3.000000000000000	nan	nan	nan
3.000000000000000	nan	nan	nan
3.000000000000000	nan	nan	nan
3.000000000000000	nan	nan	nan
3.000000000000000	nan	nan	nan


4.000000000000000	nan	nan	nan
4.000000000000000	nan	nan	nan
4.000000000000000	nan	nan	nan
4.000000000000000	nan	nan	nan
4.000000000000000	nan	nan	nan
4.000000000000000	nan	nan	nan
4.000000000000000	nan	nan	nan
4.000000000000000	nan	nan	nan
4.000000000000000	nan	nan	nan
4.000000000000000	nan	nan	nan
4.000000000000000	nan	nan	nan
4.000000000000000	nan	nan	nan
4.000000000000000	nan	nan	nan
4.000000000000000	nan	nan	nan
4.000000000000000	nan	nan	nan
4.000000000000000	nan	nan	nan
4.000000000000000	nan	nan	nan
4.000000000000000	nan	nan	nan
4.000000000000000	nan	nan	nan
4.000000000000000	nan	nan	nan
4.000000000000000	nan	nan	nan
4.000000000000000	nan	nan	nan
4.000000000000000	nan	nan	nan
4.000000000000000	nan	nan	nan
4.000000000000000	nan	nan	nan
4.000000000000000	nan	nan	nan
4.000000000000000	nan	nan	nan
4.000000000000000	nan	nan	nan
4.000000000000000	nan	nan	nan
4.000000000000000	nan	nan	nan
4.000000000000000	nan	nan	nan
4.000000000000000	nan	nan	nan
4.000000000000000	nan	nan	nan
4.000000000000000	nan	nan	nan
4.000000000000000	nan	nan	nan
4.000000000000000	nan	nan	nan
4.000000000000000	nan	nan	nan
4.000000000000000	nan	nan	nan
4.000000000000000	nan	nan	nan
4.000000000000000	nan	nan	nan
4.000000000000000	nan	nan	nan
4.000000000000000	nan	nan	nan
4.000000000000000	nan	nan	nan
4.000000000000000	nan	nan	nan
4.000000000000000	nan	nan	nan
4.000000000000000	nan	nan	nan
4.000000000000000	nan	nan	nan
4.000000000000000	nan	nan	nan
4.000000000000000	nan	nan	nan
4.000000000000000	nan	nan	nan
4.000000000000000	nan	nan	nan
4.000000000000000	nan	nan	nan
4.000000000000000	nan	nan	nan
4.000000000000000	nan	nan	nan
4.000000000000000	nan	nan	nan
4.000000000000000	nan	nan	nan
4.000000000000000	nan	nan	nan
4.000000000000000	nan	nan	nan
4.000000000000000	nan	nan	nan
4.000000000000000	nan	nan	nan
4.000000000000000	nan	nan	nan
4.000000000000000	nan	nan	nan
4.000000000000000	nan	nan	nan
4.000000000000000	nan	nan	nan
4.000000000000000	nan	nan	nan
4.000000000000000	nan	nan	nan
4.000000000000000	nan	nan	nan
4.000000000000000	nan	nan	nan
4.000000000000000	nan	nan	nan
4.000000000000000	nan	nan	nan
4.000000000000000	nan	nan	nan
4.000000000000000	nan	nan	nan
4.000000000000000	nan	nan	nan
4.000000000000000	nan	nan	nan
4.000000000000000	nan	nan	nan
4.000000000000000	nan	nan	nan
4.000000000000000	nan	nan	nan
4.000000000000000	nan	nan	nan
4.000000000000000	nan	nan	nan
4.000000000000000	nan	nan	nan
4.000000000000000	nan	nan	nan
4.000000000000000	nan	nan	nan
4.000000000000000	nan	nan	nan
4.000000000000000	nan	nan	nan
4.000000000000000	nan	nan	nan
4.000000000000000	nan	nan	nan
4.000000000000000	nan	nan	nan
4.000000000000000	nan	nan	nan
4.000000000000000	nan	nan	nan
4.000000000000000	nan	nan	nan
4.000000000000000	nan	nan	nan
4.000000000000000	nan	nan	nan
4.000000000000000	nan	nan	nan
4.000000000000000	nan	nan	nan
4.000000000000000	nan	nan	nan
4.000000000000000	nan	nan	nan
4.000000000000000	nan	nan	nan
4.000000000000000	nan	nan	nan
4.000000000000000	nan	nan	nan
4.000000000000000	nan	nan	nan


5.000000000000000	nan	nan	nan
5.000000000000000	nan	nan	nan
5.000000000000000	nan	nan	nan
5.000000000000000	nan	nan	nan
5.000000000000000	nan	nan	nan
5.000000000000000	nan	nan	nan
5.000000000000000	nan	nan	nan
5.000000000000000	nan	nan	nan
5.000000000000000	nan	nan	nan
5.000000000000000	nan	nan	nan
5.000000000000000	nan	nan	nan
5.000000000000000	nan	nan	nan
5.000000000000000	nan	nan	nan
5.000000000000000	nan	nan	nan
5.000000000000000	nan	nan	nan
5.000000000000000	nan	nan	nan
5.000000000000000	nan	nan	nan
5.000000000000000	nan	nan	nan
5.000000000000000	nan	nan	nan
5.000000000000000	nan	nan	nan
5.000000000000000	nan	nan	nan
5.000000000000000	nan	nan	nan
5.000000000000000	nan	nan	nan
5.000000000000000	nan	nan	nan
5.000000000000000	nan	nan	nan
5.000000000000000	nan	nan	nan
5.000000000000000	nan	nan	nan
5.000000000000000	nan	nan	nan
5.000000000000000	nan	nan	nan
5.000000000000000	nan	nan	nan
5.000000000000000	nan	nan	nan
5.000000000000000	nan	nan	nan
5.000000000000000	nan	nan	nan
5.000000000000000	nan	nan	nan
5.000000000000000	nan	nan	nan
5.000000000000000	nan	nan	nan
5.000000000000000	nan	nan	nan
5.000000000000000	nan	nan	nan
5.000000000000000	nan	nan	nan
5.000000000000000	nan	nan	nan
5.000000000000000	nan	nan	nan
5.000000000000000	nan	nan	nan
5.000000000000000	nan	nan	nan
5.000000000000000	nan	nan	nan
5.000000000000000	nan	nan	nan
5.000000000000000	nan	nan	nan
5.000000000000000	nan	nan	nan
5.000000000000000	nan	nan	nan
5.000000000000000	nan	nan	nan
5.000000000000000	nan	nan	nan
5.000000000000000	nan	nan	nan
5.000000000000000	nan	nan	nan
5.000000000000000	nan	nan	nan
5.000000000000000	nan	nan	nan
5.000000000000000	nan	nan	nan
5.000000000000000	nan	nan	nan
5.000000000000000	nan	nan	nan
5.000000000000000	nan	nan	nan
5.000000000000000	nan	nan	nan
5.000000000000000	nan	nan	nan
5.000000000000000	nan	nan	nan
5.000000000000000	nan	nan	nan
5.000000000000000	nan	nan	nan
5.000000000000000	nan	nan	nan
5.000000000000000	nan	nan	nan
5.000000000000000	nan	nan	nan
5.000000000000000	nan	nan	nan
5.000000000000000	nan	nan	nan
5.000000000000000	nan	nan	nan
5.000000000000000	nan	nan	nan
5.000000000000000	nan	nan	nan
5.000000000000000	nan	nan	nan
5.000000000000000	nan	nan	nan
5.000000000000000	nan	nan	nan
5.000000000000000	nan	nan	nan
5.000000000000000	nan	nan	nan
5.000000000000000	nan	nan	nan
5.000000000000000	nan	nan	nan
5.000000000000000	nan	nan	nan
5.000000000000000	nan	nan	nan
5.000000000000000	nan	nan	nan
5.000000000000000	nan	nan	nan
5.000000000000000	nan	nan	nan
5.000000000000000	nan	nan	nan
5.000000000000000	nan	nan	nan
5.000000000000000	nan	nan	nan
5.000000000000000	nan	nan	nan
5.000000000000000	nan	nan	nan
5.000000000000000	nan	nan	nan
5.000000000000000	nan	nan	nan
5.000000000000000	nan	nan	nan
5.000000000000000	nan	nan	nan
5.000000000000000	nan	nan	nan
5.000000000000000	nan	nan	nan
5.000000000000000	nan	nan	nan
5.000000000000000	nan	nan	nan
5.000000000000000	nan	nan	nan
5.000000000000000	nan	nan	nan
5.000000000000000	nan	nan	nan
5.000000000000000	nan	nan	nan


6.000000000000000	nan	nan	nan
6.000000000000000	nan	nan	nan
6.000000000000000	nan	nan	nan
6.000000000000000	nan	nan	nan
6.000000000000000	nan	nan	nan
6.000000000000000	nan	nan	nan
6.000000000000000	nan	nan	nan
6.000000000000000	nan	nan	nan
6.000000000000000	nan	nan	nan
6.000000000000000	nan	nan	nan
6.000000000000000	nan	nan	nan
6.000000000000000	nan	nan	nan
6.000000000000000	nan	nan	nan
6.000000000000000	nan	nan	nan
6.000000000000000	nan	nan	nan
6.000000000000000	nan	nan	nan
6.000000000000000	nan	nan	nan
6.000000000000000	nan	nan	nan
6.000000000000000	nan	nan	nan
6.000000000000000	nan	nan	nan
6.000000000000000	nan	nan	nan
6.000000000000000	nan	nan	nan
6.000000000000000	nan	nan	nan
6.000000000000000	nan	nan	nan
6.000000000000000	nan	nan	nan
6.000000000000000	nan	nan	nan
6.000000000000000	nan	nan	nan
6.000000000000000	nan	nan	nan
6.000000000000000	nan	nan	nan
6.000000000000000	nan	nan	nan
6.000000000000000	nan	nan	nan
6.000000000000000	nan	nan	nan
6.000000000000000	nan	nan	nan
6.000000000000000	nan	nan	nan
6.000000000000000	nan	nan	nan
6.000000000000000	nan	nan	nan
6.000000000000000	nan	nan	nan
6.000000000000000	nan	nan	nan
6.000000000000000	nan	nan	nan
6.000000000000000	nan	nan	nan
6.000000000000000	nan	nan	nan
6.000000000000000	nan	nan	nan
6.000000000000000	nan	nan	nan
6.000000000000000	nan	nan	nan
6.000000000000000	nan	nan	nan
6.000000000000000	nan	nan	nan
6.000000000000000	nan	nan	nan
6.000000000000000	nan	nan	nan
6.000000000000000	nan	nan	nan
6.000000000000000	nan	nan	nan
6.000000000000000	nan	nan	nan
6.000000000000000	nan	nan	nan
6.000000000000000	nan	nan	nan
6.000000000000000	nan	nan	nan
6.000000000000000	nan	nan	nan
6.000000000000000	nan	nan	nan
6.000000000000000	nan	nan	nan
6.000000000000000	nan	nan	nan
6.000000000000000	nan	nan	nan
6.000000000000000	nan	nan	nan
6.000000000000000	nan	nan	nan
6.000000000000000	nan	nan	nan
6.000000000000000	nan	nan	nan
6.000000000000000	nan	nan	nan
6.000000000000000	nan	nan	nan
6.000000000000000	nan	nan	nan
6.000000000000000	nan	nan	nan
6.000000000000000	nan	nan	nan
6.000000000000000	nan	nan	nan
6.000000000000000	nan	nan	nan
6.000000000000000	nan	nan	nan
6.000000000000000	nan	nan	nan
6.000000000000000	nan	nan	nan
6.000000000000000	nan	nan	nan
6.000000000000000	nan	nan	nan
6.000000000000000	nan	nan	nan
6.000000000000000	nan	nan	nan
6.000000000000000	nan	nan	nan
6.000000000000000	nan	nan	nan
6.000000000000000	nan	nan	nan
6.000000000000000	nan	nan	nan
6.000000000000000	nan	nan	nan
6.000000000000000	nan	nan	nan
6.000000000000000	nan	nan	nan
6.000000000000000	nan	nan	nan
6.000000000000000	nan	nan	nan
6.000000000000000	nan	nan	nan
6.000000000000000	nan	nan	nan
6.000000000000000	nan	nan	nan
6.000000000000000	nan	nan	nan
6.000000000000000	nan	nan	nan
6.000000000000000	nan	nan	nan
6.000000000000000	nan	nan	nan
6.000000000000000	nan	nan	nan
6.000000000000000	nan	nan	nan
6.000000000000000	nan	nan	nan
6.000000000000000	nan	nan	nan
6.000000000000000	nan	nan	nan
6.000000000000000	nan	nan	nan
6.000000000000000	nan	nan	nan


7.000000000000000	nan	nan	nan
7.000000000000000	nan	nan	nan
7.000000000000000	nan	nan	nan
7.000000000000000	nan	nan	nan
7.000000000000000	nan	nan	nan
7.000000000000000	nan	nan	nan
7.000000000000000	nan	nan	nan
7.000000000000000	nan	nan	nan
7.000000000000000	nan	nan	nan
7.000000000000000	nan	nan	nan
7.000000000000000	nan	nan	nan
7.000000000000000	nan	nan	nan
7.000000000000000	nan	nan	nan
7.000000000000000	nan	nan	nan
7.000000000000000	nan	nan	nan
7.000000000000000	nan	nan	nan
7.000000000000000	nan	nan	nan
7.000000000000000	nan	nan	nan
7.000000000000000	nan	nan	nan
7.000000000000000	nan	nan	nan
7.000000000000000	nan	nan	nan
7.000000000000000	nan	nan	nan
7.000000000000000	nan	nan	nan
7.000000000000000	nan	nan	nan
7.000000000000000	nan	nan	nan
7.000000000000000	nan	nan	nan
7.000000000000000	nan	nan	nan
7.000000000000000	nan	nan	nan
7.000000000000000	nan	nan	nan
7.000000000000000	nan	nan	nan
7.000000000000000	nan	nan	nan
7.000000000000000	nan	nan	nan
7.000000000000000	nan	nan	nan
7.000000000000000	nan	nan	nan
7.000000000000000	nan	nan	nan
7.000000000000000	nan	nan	nan
7.000000000000000	nan	nan	nan
7.000000000000000	nan	nan	nan
7.000000000000000	nan	nan	nan
7.000000000000000	nan	nan	nan
7.000000000000000	nan	nan	nan
7.000000000000000	nan	nan	nan
7.000000000000000	nan	nan	nan
7.000000000000000	nan	nan	nan
7.000000000000000	nan	nan	nan
7.000000000000000	nan	nan	nan
7.000000000000000	nan	nan	nan
7.000000000000000	nan	nan	nan
7.000000000000000	nan	nan	nan
7.000000000000000	nan	nan	nan
7.000000000000000	nan	nan	nan
7.000000000000000	nan	nan	nan
7.000000000000000	nan	nan	nan
7.000000000000000	nan	nan	nan
7.000000000000000	nan	nan	nan
7.000000000000000	nan	nan	nan
7.000000000000000	nan	nan	nan
7.000000000000000	nan	nan	nan
7.000000000000000	nan	nan	nan
7.000000000000000	nan	nan	nan
7.000000000000000	nan	nan	nan
7.000000000000000	nan	nan	nan
7.000000000000000	nan	nan	nan
7.000000000000000	nan	nan	nan
7.000000000000000	nan	nan	nan
7.000000000000000	nan	nan	nan
7.000000000000000	nan	nan	nan
7.000000000000000	nan	nan	nan
7.000000000000000	nan	nan	nan
7.000000000000000	nan	nan	nan
7.000000000000000	nan	nan	nan
7.000000000000000	nan	nan	nan
7.000000000000000	nan	nan	nan
7.000000000000000	nan	nan	nan
7.000000000000000	nan	nan	nan
7.000000000000000	nan	nan	nan
7.000000000000000	nan	nan	nan
7.000000000000000	nan	nan	nan
7.000000000000000	nan	nan	nan
7.000000000000000	nan	nan	nan
7.000000000000000	nan	nan	nan
7.000000000000000	nan	nan	nan
7.000000000000000	nan	nan	nan
7.000000000000000	nan	nan	nan
7.000000000000000	nan	nan	nan
7.000000000000000	nan	nan	nan
7.000000000000000	nan	nan	nan
7.000000000000000	nan	nan	nan
7.000000000000000	nan	nan	nan
7.000000000000000	nan	nan	nan
7.000000000000000	nan	nan	nan
7.000000000000000	nan	nan	nan
7.000000000000000	nan	nan	nan
7.000000000000000	nan	nan	nan
7.000000000000000	nan	nan	nan
7.000000000000000	nan	nan	nan
7.000000000000000	nan	nan	nan
7.000000000000000	nan	nan	nan
7.000000000000000	nan	nan	nan
7.000000000000000	nan	nan	nan


8.000000000000000	nan	nan	nan
8.000000000000000	nan	nan	nan
8.000000000000000	nan	nan	nan
8.000000000000000	nan	nan	nan
8.000000000000000	nan	nan	nan
8.000000000000000	nan	nan	nan
8.000000000000000	nan	nan	nan
8.000000000000000	nan	nan	nan
8.000000000000000	nan	nan	nan
8.000000000000000	nan	nan	nan
8.000000000000000	nan	nan	nan
8.000000000000000	nan	nan	nan
8.000000000000000	nan	nan	nan
8.000000000000000	nan	nan	nan
8.000000000000000	nan	nan	nan
8.000000000000000	nan	nan	nan
8.000000000000000	nan	nan	nan
8.000000000000000	nan	nan	nan
8.000000000000000	nan	nan	nan
8.000000000000000	nan	nan	nan
8.000000000000000	nan	nan	nan
8.000000000000000	nan	nan	nan
8.000000000000000	nan	nan	nan
8.000000000000000	nan	nan	nan
8.000000000000000	nan	nan	nan
8.000000000000000	nan	nan	nan
8.000000000000000	nan	nan	nan
8.000000000000000	nan	nan	nan
8.000000000000000	nan	nan	nan
8.000000000000000	nan	nan	nan
8.000000000000000	nan	nan	nan
8.000000000000000	nan	nan	nan
8.000000000000000	nan	nan	nan
8.000000000000000	nan	nan	nan
8.000000000000000	nan	nan	nan
8.000000000000000	nan	nan	nan
8.000000000000000	nan	nan	nan
8.000000000000000	nan	nan	nan
8.000000000000000	nan	nan	nan
8.000000000000000	nan	nan	nan
8.000000000000000	nan	nan	nan
8.000000000000000	nan	nan	nan
8.000000000000000	nan	nan	nan
8.000000000000000	nan	nan	nan
8.000000000000000	nan	nan	nan
8.000000000000000	nan	nan	nan
8.000000000000000	nan	nan	nan
8.000000000000000	nan	nan	nan
8.000000000000000	nan	nan	nan
8.000000000000000	nan	nan	nan
8.000000000000000	nan	nan	nan
8.000000000000000	nan	nan	nan
8.000000000000000	nan	nan	nan
8.000000000000000	nan	nan	nan
8.000000000000000	nan	nan	nan
8.000000000000000	nan	nan	nan
8.000000000000000	nan	nan	nan
8.000000000000000	nan	nan	nan
8.000000000000000	nan	nan	nan
8.000000000000000	nan	nan	nan
8.000000000000000	nan	nan	nan
8.000000000000000	nan	nan	nan
8.000000000000000	nan	nan	nan
8.000000000000000	nan	nan	nan
8.000000000000000	nan	nan	nan
8.000000000000000	nan	nan	nan
8.000000000000000	nan	nan	nan
8.000000000000000	nan	nan	nan
8.000000000000000	nan	nan	nan
8.000000000000000	nan	nan	nan
8.000000000000000	nan	nan	nan
8.000000000000000	nan	nan	nan
8.000000000000000	nan	nan	nan
8.000000000000000	nan	nan	nan
8.000000000000000	nan	nan	nan
8.000000000000000	nan	nan	nan
8.000000000000000	nan	nan	nan
8.000000000000000	nan	nan	nan
8.000000000000000	nan	nan	nan
8.000000000000000	nan	nan	nan
8.000000000000000	nan	nan	nan
8.000000000000000	nan	nan	nan
8.000000000000000	nan	nan	nan
8.000000000000000	nan	nan	nan
8.000000000000000	nan	nan	nan
8.000000000000000	nan	nan	nan
8.000000000000000	nan	nan	nan
8.000000000000000	nan	nan	nan
8.000000000000000	nan	nan	nan
8.000000000000000	nan	nan	nan
8.000000000000000	nan	nan	nan
8.000000000000000	nan	nan	nan
8.000000000000000	nan	nan	nan
8.000000000000000	nan	nan	nan
8.000000000000000	nan	nan	nan
8.000000000000000	nan	nan	nan
8.000000000000000	nan	nan	nan
8.000000000000000	nan	nan	nan
8.000000000000000	nan	nan	nan
8.000000000000000	nan	nan	nan


9.000000000000000	nan	nan	nan
9.000000000000000	nan	nan	nan
9.000000000000000	nan	nan	nan
9.000000000000000	nan	nan	nan
9.000000000000000	nan	nan	nan
9.000000000000000	nan	nan	nan
9.000000000000000	nan	nan	nan
9.000000000000000	nan	nan	nan
9.000000000000000	nan	nan	nan
9.000000000000000	nan	nan	nan
9.000000000000000	nan	nan	nan
9.000000000000000	nan	nan	nan
9.000000000000000	nan	nan	nan
9.000000000000000	nan	nan	nan
9.000000000000000	nan	nan	nan
9.000000000000000	nan	nan	nan
9.000000000000000	nan	nan	nan
9.000000000000000	nan	nan	nan
9.000000000000000	nan	nan	nan
9.000000000000000	nan	nan	nan
9.000000000000000	nan	nan	nan
9.000000000000000	nan	nan	nan
9.000000000000000	nan	nan	nan
9.000000000000000	nan	nan	nan
9.000000000000000	nan	nan	nan
9.000000000000000	nan	nan	nan
9.000000000000000	nan	nan	nan
9.000000000000000	nan	nan	nan
9.000000000000000	nan	nan	nan
9.000000000000000	nan	nan	nan
9.000000000000000	nan	nan	nan
9.000000000000000	nan	nan	nan
9.000000000000000	nan	nan	nan
9.000000000000000	nan	nan	nan
9.000000000000000	nan	nan	nan
9.000000000000000	nan	nan	nan
9.000000000000000	nan	nan	nan
9.000000000000000	nan	nan	nan
9.000000000000000	nan	nan	nan
9.000000000000000	nan	nan	nan
9.000000000000000	nan	nan	nan
9.000000000000000	nan	nan	nan
9.000000000000000	nan	nan	nan
9.000000000000000	nan	nan	nan
9.000000000000000	nan	nan	nan
9.000000000000000	nan	nan	nan
9.000000000000000	nan	nan	nan
9.000000000000000	nan	nan	nan
9.000000000000000	nan	nan	nan
9.000000000000000	nan	nan	nan
9.000000000000000	nan	nan	nan
9.000000000000000	nan	nan	nan
9.000000000000000	nan	nan	nan
9.000000000000000	nan	nan	nan
9.000000000000000	nan	nan	nan
9.000000000000000	nan	nan	nan
9.000000000000000	nan	nan	nan
9.000000000000000	nan	nan	nan
9.000000000000000	nan	nan	nan
9.000000000000000	nan	nan	nan
9.000000000000000	nan	nan	nan
9.000000000000000	nan	nan	nan
9.000000000000000	nan	nan	nan
9.000000000000000	nan	nan	nan
9.000000000000000	nan	nan	nan
9.000000000000000	nan	nan	nan
9.000000000000000	nan	nan	nan
9.000000000000000	nan	nan	nan
9.000000000000000	nan	nan	nan
9.000000000000000	nan	nan	nan
9.000000000000000	nan	nan	nan
9.000000000000000	nan	nan	nan
9.000000000000000	nan	nan	nan
9.000000000000000	nan	nan	nan
9.000000000000000	nan	nan	nan
9.000000000000000	nan	nan	nan
9.000000000000000	nan	nan	nan
9.000000000000000	nan	nan	nan
9.000000000000000	nan	nan	nan
9.000000000000000	nan	nan	nan
9.000000000000000	nan	nan	nan
9.000000000000000	nan	nan	nan
9.000000000000000	nan	nan	nan
9.000000000000000	nan	nan	nan
9.000000000000000	nan	nan	nan
9.000000000000000	nan	nan	nan
9.000000000000000	nan	nan	nan
9.000000000000000	nan	nan	nan
9.000000000000000	nan	nan	nan
9.000000000000000	nan	nan	nan
9.000000000000000	nan	nan	nan
9.000000000000000	nan	nan	nan
9.000000000000000	nan	nan	nan
9.000000000000000	nan	nan	nan
9.000000000000000	nan	nan	nan
9.000000000000000	nan	nan	nan
9.000000000000000	nan	nan	nan
9.000000000000000	nan	nan	nan
9.000000000000000	nan	nan	nan
9.000000000000000	nan	nan	nan


10.000000000000000	nan	nan	nan
10.000000000000000	nan	nan	nan
10.000000000000000	nan	nan	nan
10.000000000000000	nan	nan	nan
10.000000000000000	nan	nan	nan
10.000000000000000	nan	nan	nan
10.000000000000000	nan	nan	nan
10.000000000000000	nan	nan	nan
10.000000000000000	nan	nan	nan
10.000000000000000	nan	nan	nan
10.000000000000000	nan	nan	nan
10.000000000000000	nan	nan	nan
10.000000000000000	nan	nan	nan
10.000000000000000	nan	nan	nan
10.000000000000000	nan	nan	nan
10.000000000000000	nan	nan	nan
10.000000000000000	nan	nan	nan
10.000000000000000	nan	nan	nan
10.000000000000000	nan	nan	nan
10.000000000000000	nan	nan	nan
10.000000000000000	nan	nan	nan
10.000000000000000	nan	nan	nan
10.000000000000000	nan	nan	nan
10.000000000000000	nan	nan	nan
10.000000000000000	nan	nan	nan
10.000000000000000	nan	nan	nan
10.000000000000000	nan	nan	nan
10.000000000000000	nan	nan	nan
10.000000000000000	nan	nan	nan
10.000000000000000	nan	nan	nan
10.000000000000000	nan	nan	nan
10.000000000000000	nan	nan	nan
10.000000000000000	nan	nan	nan
10.000000000000000	nan	nan	nan
10.000000000000000	nan	nan	nan
10.000000000000000	nan	nan	nan
10.000000000000000	nan	nan	nan
10.000000000000000	nan	nan	nan
10.000000000000000	nan	nan	nan
10.000000000000000	nan	nan	nan
10.000000000000000	nan	nan	nan
10.000000000000000	nan	nan	nan
10.000000000000000	nan	nan	nan
10.000000000000000	nan	nan	nan
10.000000000000000	nan	nan	nan
10.000000000000000	nan	nan	nan
10.000000000000000	nan	nan	nan
10.000000000000000	nan	nan	nan
10.000000000000000	nan	nan	nan
10.000000000000000	nan	nan	nan
10.000000000000000	nan	nan	nan
10.000000000000000	nan	nan	nan
10.000000000000000	nan	nan	nan
10.000000000000000	nan	nan	nan
10.000000000000000	nan	nan	nan
10.000000000000000	nan	nan	nan
10.000000000000000	nan	nan	nan
10.000000000000000	nan	nan	nan
10.000000000000000	nan	nan	nan
10.000000000000000	nan	nan	nan
10.000000000000000	nan	nan	nan
10.000000000000000	nan	nan	nan
10.000000000000000	nan	nan	nan
10.000000000000000	nan	nan	nan
10.000000000000000	nan	nan	nan
10.000000000000000	nan	nan	nan
10.000000000000000	nan	nan	nan
10.000000000000000	nan	nan	nan
10.000000000000000	nan	nan	nan
10.000000000000000	nan	nan	nan
10.000000000000000	nan	nan	nan
10.000000000000000	nan	nan	nan
10.000000000000000	nan	nan	nan
10.000000000000000	nan	nan	nan
10.000000000000000	nan	nan	nan
10.000000000000000	nan	nan	nan
10.000000000000000	nan	nan	nan
10.000000000000000	nan	nan	nan
10.000000000000000	nan	nan	nan
10.000000000000000	nan	nan	nan
10.000000000000000	nan	nan	nan
10.000000000000000	nan	nan	nan
10.000000000000000	nan	nan	nan
10.000000000000000	nan	nan	nan
10.000000000000000	nan	nan	nan
10.000000000000000	nan	nan	nan
10.000000000000000	nan	nan	nan
10.000000000000000	nan	nan	nan
10.000000000000000	nan	nan	nan
10.000000000000000	nan	nan	nan
10.000000000000000	nan	nan	nan
10.000000000000000	nan	nan	nan
10.000000000000000	nan	nan	nan
10.000000000000000	nan	nan	nan
10.000000000000000	nan	nan	nan
10.000000000000000	nan	nan	nan
10.000000000000000	nan	nan	nan
10.000000000000000	nan	nan	nan
10.000000000000000	nan	nan	nan
10.000000000000000	nan	nan	nan


11.000000000000000	nan	nan	nan
11.000000000000000	nan	nan	nan
11.000000000000000	nan	nan	nan
11.000000000000000	nan	nan	nan
11.000000000000000	nan	nan	nan
11.000000000000000	nan	nan	nan
11.000000000000000	nan	nan	nan
11.000000000000000	nan	nan	nan
11.000000000000000	nan	nan	nan
11.000000000000000	nan	nan	nan
11.000000000000000	nan	nan	nan
11.000000000000000	nan	nan	nan
11.000000000000000	nan	nan	nan
11.000000000000000	nan	nan	nan
11.000000000000000	nan	nan	nan
11.000000000000000	nan	nan	nan
11.000000000000000	nan	nan	nan
11.000000000000000	nan	nan	nan
11.000000000000000	nan	nan	nan
11.000000000000000	nan	nan	nan
11.000000000000000	nan	nan	nan
11.000000000000000	nan	nan	nan
11.000000000000000	nan	nan	nan
11.000000000000000	nan	nan	nan
11.000000000000000	nan	nan	nan
11.000000000000000	nan	nan	nan
11.000000000000000	nan	nan	nan
11.000000000000000	nan	nan	nan
11.000000000000000	nan	nan	nan
11.000000000000000	nan	nan	nan
11.000000000000000	nan	nan	nan
11.000000000000000	nan	nan	nan
11.000000000000000	nan	nan	nan
11.000000000000000	nan	nan	nan
11.000000000000000	nan	nan	nan
11.000000000000000	nan	nan	nan
11.000000000000000	nan	nan	nan
11.000000000000000	nan	nan	nan
11.000000000000000	nan	nan	nan
11.000000000000000	nan	nan	nan
11.000000000000000	nan	nan	nan
11.000000000000000	nan	nan	nan
11.000000000000000	nan	nan	nan
11.000000000000000	nan	nan	nan
11.000000000000000	nan	nan	nan
11.000000000000000	nan	nan	nan
11.000000000000000	nan	nan	nan
11.000000000000000	nan	nan	nan
11.000000000000000	nan	nan	nan
11.000000000000000	nan	nan	nan
11.000000000000000	nan	nan	nan
11.000000000000000	nan	nan	nan
11.000000000000000	nan	nan	nan
11.000000000000000	nan	nan	nan
11.000000000000000	nan	nan	nan
11.000000000000000	nan	nan	nan
11.000000000000000	nan	nan	nan
11.000000000000000	nan	nan	nan
11.000000000000000	nan	nan	nan
11.000000000000000	nan	nan	nan
11.000000000000000	nan	nan	nan
11.000000000000000	nan	nan	nan
11.000000000000000	nan	nan	nan
11.000000000000000	nan	nan	nan
11.000000000000000	nan	nan	nan
11.000000000000000	nan	nan	nan
11.000000000000000	nan	nan	nan
11.000000000000000	nan	nan	nan
11.000000000000000	nan	nan	nan
11.000000000000000	nan	nan	nan
11.000000000000000	nan	nan	nan
11.000000000000000	nan	nan	nan
11.000000000000000	nan	nan	nan
11.000000000000000	nan	nan	nan
11.000000000000000	nan	nan	nan
11.000000000000000	nan	nan	nan
11.000000000000000	nan	nan	nan
11.000000000000000	nan	nan	nan
11.000000000000000	nan	nan	nan
11.000000000000000	nan	nan	nan
11.000000000000000	nan	nan	nan
11.000000000000000	nan	nan	nan
11.000000000000000	nan	nan	nan
11.000000000000000	nan	nan	nan
11.000000000000000	nan	nan	nan
11.000000000000000	nan	nan	nan
11.000000000000000	nan	nan	nan
11.000000000000000	nan	nan	nan
11.000000000000000	nan	nan	nan
11.000000000000000	nan	nan	nan
11.000000000000000	nan	nan	nan
11.000000000000000	nan	nan	nan
11.000000000000000	nan	nan	nan
11.000000000000000	nan	nan	nan
11.000000000000000	nan	nan	nan
11.000000000000000	nan	nan	nan
11.000000000000000	nan	nan	nan
11.000000000000000	nan	nan	nan
11.000000000000000	nan	nan	nan
11.000000000000000	nan	nan	nan


12.000000000000000	nan	nan	nan
12.000000000000000	nan	nan	nan
12.000000000000000	nan	nan	nan
12.000000000000000	nan	nan	nan
12.000000000000000	nan	nan	nan
12.000000000000000	nan	nan	nan
12.000000000000000	nan	nan	nan
12.000000000000000	nan	nan	nan
12.000000000000000	nan	nan	nan
12.000000000000000	nan	nan	nan
12.000000000000000	nan	nan	nan
12.000000000000000	nan	nan	nan
12.000000000000000	nan	nan	nan
12.000000000000000	nan	nan	nan
12.000000000000000	nan	nan	nan
12.000000000000000	nan	nan	nan
12.000000000000000	nan	nan	nan
12.000000000000000	nan	nan	nan
12.000000000000000	nan	nan	nan
12.000000000000000	nan	nan	nan
12.000000000000000	nan	nan	nan
12.000000000000000	nan	nan	nan
12.000000000000000	nan	nan	nan
12.000000000000000	nan	nan	nan
12.000000000000000	nan	nan	nan
12.000000000000000	nan	nan	nan
12.000000000000000	nan	nan	nan
12.000000000000000	nan	nan	nan
12.000000000000000	nan	nan	nan
12.000000000000000	nan	nan	nan
12.000000000000000	nan	nan	nan
12.000000000000000	nan	nan	nan
12.000000000000000	nan	nan	nan
12.000000000000000	nan	nan	nan
12.000000000000000	nan	nan	nan
12.000000000000000	nan	nan	nan
12.000000000000000	nan	nan	nan
12.000000000000000	nan	nan	nan
12.000000000000000	nan	nan	nan
12.000000000000000	nan	nan	nan
12.000000000000000	nan	nan	nan
12.000000000000000	nan	nan	nan
12.000000000000000	nan	nan	nan
12.000000000000000	nan	nan	nan
12.000000000000000	nan	nan	nan
12.000000000000000	nan	nan	nan
12.000000000000000	nan	nan	nan
12.000000000000000	nan	nan	nan
12.000000000000000	nan	nan	nan
12.000000000000000	nan	nan	nan
12.000000000000000	nan	nan	nan
12.000000000000000	nan	nan	nan
12.000000000000000	nan	nan	nan
12.000000000000000	nan	nan	nan
12.000000000000000	nan	nan	nan
12.000000000000000	nan	nan	nan
12.000000000000000	nan	nan	nan
12.000000000000000	nan	nan	nan
12.000000000000000	nan	nan	nan
12.000000000000000	nan	nan	nan
12.000000000000000	nan	nan	nan
12.000000000000000	nan	nan	nan
12.000000000000000	nan	nan	nan
12.000000000000000	nan	nan	nan
12.000000000000000	nan	nan	nan
12.000000000000000	nan	nan	nan
12.000000000000000	nan	nan	nan
12.000000000000000	nan	nan	nan
12.000000000000000	nan	nan	nan
12.000000000000000	nan	nan	nan
12.000000000000000	nan	nan	nan
12.000000000000000	nan	nan	nan
12.000000000000000	nan	nan	nan
12.000000000000000	nan	nan	nan
12.000000000000000	nan	nan	nan
12.000000000000000	nan	nan	nan
12.000000000000000	nan	nan	nan
12.000000000000000	nan	nan	nan
12.000000000000000	nan	nan	nan
12.000000000000000	nan	nan	nan
12.000000000000000	nan	nan	nan
12.000000000000000	nan	nan	nan
12.000000000000000	nan	nan	nan
12.000000000000000	nan	nan	nan
12.000000000000000	nan	nan	nan
12.000000000000000	nan	nan	nan
12.000000000000000	nan	nan	nan
12.000000000000000	nan	nan	nan
12.000000000000000	nan	nan	nan
12.000000000000000	nan	nan	nan
12.000000000000000	nan	nan	nan
12.000000000000000	nan	nan	nan
12.000000000000000	nan	nan	nan
12.000000000000000	nan	nan	nan
12.000000000000000	nan	nan	nan
12.000000000000000	nan	nan	nan
12.000000000000000	nan	nan	nan
12.000000000000000	nan	nan	nan
12.000000000000000	nan	nan	nan
12.000000000000000	nan	nan	nan


13.000000000000000	nan	nan	nan
13.000000000000000	nan	nan	nan
13.000000000000000	nan	nan	nan
13.000000000000000	nan	nan	nan
13.000000000000000	nan	nan	nan
13.000000000000000	nan	nan	nan
13.000000000000000	nan	nan	nan
13.000000000000000	nan	nan	nan
13.000000000000000	nan	nan	nan
13.000000000000000	nan	nan	nan
13.000000000000000	nan	nan	nan
13.000000000000000	nan	nan	nan
13.000000000000000	nan	nan	nan
13.000000000000000	nan	nan	nan
13.000000000000000	nan	nan	nan
13.000000000000000	nan	nan	nan
13.000000000000000	nan	nan	nan
13.000000000000000	nan	nan	nan
13.000000000000000	nan	nan	nan
13.000000000000000	nan	nan	nan
13.000000000000000	nan	nan	nan
13.000000000000000	nan	nan	nan
13.000000000000000	nan	nan	nan
13.000000000000000	nan	nan	nan
13.000000000000000	nan	nan	nan
13.000000000000000	nan	nan	nan
13.000000000000000	nan	nan	nan
13.000000000000000	nan	nan	nan
13.000000000000000	nan	nan	nan
13.000000000000000	nan	nan	nan
13.000000000000000	nan	nan	nan
13.000000000000000	nan	nan	nan
13.000000000000000	nan	nan	nan
13.000000000000000	nan	nan	nan
13.000000000000000	nan	nan	nan
13.000000000000000	nan	nan	nan
13.000000000000000	nan	nan	nan
13.000000000000000	nan	nan	nan
13.000000000000000	nan	nan	nan
13.000000000000000	nan	nan	nan
13.000000000000000	nan	nan	nan
13.000000000000000	nan	nan	nan
13.000000000000000	nan	nan	nan
13.000000000000000	nan	nan	nan
13.000000000000000	nan	nan	nan
13.000000000000000	nan	nan	nan
13.000000000000000	nan	nan	nan
13.000000000000000	nan	nan	nan
13.000000000000000	nan	nan	nan
13.000000000000000	nan	nan	nan
13.000000000000000	nan	nan	nan
13.000000000000000	nan	nan	nan
13.000000000000000	nan	nan	nan
13.000000000000000	nan	nan	nan
13.000000000000000	nan	nan	nan
13.000000000000000	nan	nan	nan
13.000000000000000	nan	nan	nan
13.000000000000000	nan	nan	nan
13.000000000000000	nan	nan	nan
13.000000000000000	nan	nan	nan
13.000000000000000	nan	nan	nan
13.000000000000000	nan	nan	nan
13.000000000000000	nan	nan	nan
13.000000000000000	nan	nan	nan
13.000000000000000	nan	nan	nan
13.000000000000000	nan	nan	nan
13.000000000000000	nan	nan	nan
13.000000000000000	nan	nan	nan
13.000000000000000	nan	nan	nan
13.000000000000000	nan	nan	nan
13.000000000000000	nan	nan	nan
13.000000000000000	nan	nan	nan
13.000000000000000	nan	nan	nan
13.000000000000000	nan	nan	nan
13.000000000000000	nan	nan	nan
13.000000000000000	nan	nan	nan
13.000000000000000	nan	nan	nan
13.000000000000000	nan	nan	nan
13.000000000000000	nan	nan	nan
13.000000000000000	nan	nan	nan
13.000000000000000	nan	nan	nan
13.000000000000000	nan	nan	nan
13.000000000000000	nan	nan	nan
13.000000000000000	nan	nan	nan
13.000000000000000	nan	nan	nan
13.000000000000000	nan	nan	nan
13.000000000000000	nan	nan	nan
13.000000000000000	nan	nan	nan
13.000000000000000	nan	nan	nan
13.000000000000000	nan	nan	nan
13.000000000000000	nan	nan	nan
13.000000000000000	nan	nan	nan
13.000000000000000	nan	nan	nan
13.000000000000000	nan	nan	nan
13.000000000000000	nan	nan	nan
13.000000000000000	nan	nan	nan
13.000000000000000	nan	nan	nan
13.000000000000000	nan	nan	nan
13.000000000000000	nan	nan	nan
13.000000000000000	nan	nan	nan


14.000000000000000	nan	nan	nan
14.000000000000000	nan	nan	nan
14.000000000000000	nan	nan	nan
14.000000000000000	nan	nan	nan
14.000000000000000	nan	nan	nan
14.000000000000000	nan	nan	nan
14.000000000000000	nan	nan	nan
14.000000000000000	nan	nan	nan
14.000000000000000	nan	nan	nan
14.000000000000000	nan	nan	nan
14.000000000000000	nan	nan	nan
14.000000000000000	nan	nan	nan
14.000000000000000	nan	nan	nan
14.000000000000000	nan	nan	nan
14.000000000000000	nan	nan	nan
14.000000000000000	nan	nan	nan
14.000000000000000	nan	nan	nan
14.000000000000000	nan	nan	nan
14.000000000000000	nan	nan	nan
14.000000000000000	nan	nan	nan
14.000000000000000	nan	nan	nan
14.000000000000000	nan	nan	nan
14.000000000000000	nan	nan	nan
14.000000000000000	nan	nan	nan
14.000000000000000	nan	nan	nan
14.000000000000000	nan	nan	nan
14.000000000000000	nan	nan	nan
14.000000000000000	nan	nan	nan
14.000000000000000	nan	nan	nan
14.000000000000000	nan	nan	nan
14.000000000000000	nan	nan	nan
14.000000000000000	nan	nan	nan
14.000000000000000	nan	nan	nan
14.000000000000000	nan	nan	nan
14.000000000000000	nan	nan	nan
14.000000000000000	nan	nan	nan
14.000000000000000	nan	nan	nan
14.000000000000000	nan	nan	nan
14.000000000000000	nan	nan	nan
14.000000000000000	nan	nan	nan
14.000000000000000	nan	nan	nan
14.000000000000000	nan	nan	nan
14.000000000000000	nan	nan	nan
14.000000000000000	nan	nan	nan
14.000000000000000	nan	nan	nan
14.000000000000000	nan	nan	nan
14.000000000000000	nan	nan	nan
14.000000000000000	nan	nan	nan
14.000000000000000	nan	nan	nan
14.000000000000000	nan	nan	nan
14.000000000000000	nan	nan	nan
14.000000000000000	nan	nan	nan
14.000000000000000	nan	nan	nan
14.000000000000000	nan	nan	nan
14.000000000000000	nan	nan	nan
14.000000000000000	nan	nan	nan
14.000000000000000	nan	nan	nan
14.000000000000000	nan	nan	nan
14.000000000000000	nan	nan	nan
14.000000000000000	nan	nan	nan
14.000000000000000	nan	nan	nan
14.000000000000000	nan	nan	nan
14.000000000000000	nan	nan	nan
14.000000000000000	nan	nan	nan
14.000000000000000	nan	nan	nan
14.000000000000000	nan	nan	nan
14.000000000000000	nan	nan	nan
14.000000000000000	nan	nan	nan
14.000000000000000	nan	nan	nan
14.000000000000000	nan	nan	nan
14.000000000000000	nan	nan	nan
14.000000000000000	nan	nan	nan
14.000000000000000	nan	nan	nan
14.000000000000000	nan	nan	nan
14.000000000000000	nan	nan	nan
14.000000000000000	nan	nan	nan
14.000000000000000	nan	nan	nan
14.000000000000000	nan	nan	nan
14.000000000000000	nan	nan	nan
14.000000000000000	nan	nan	nan
14.000000000000000	nan	nan	nan
14.000000000000000	nan	nan	nan
14.000000000000000	nan	nan	nan
14.000000000000000	nan	nan	nan
14.000000000000000	nan	nan	nan
14.000000000000000	nan	nan	nan
14.000000000000000	nan	nan	nan
14.000000000000000	nan	nan	nan
14.000000000000000	nan	nan	nan
14.000000000000000	nan	nan	nan
14.000000000000000	nan	nan	nan
14.000000000000000	nan	nan	nan
14.000000000000000	nan	nan	nan
14.000000000000000	nan	nan	nan
14.000000000000000	nan	nan	nan
14.000000000000000	nan	nan	nan
14.000000000000000	nan	nan	nan
14.000000000000000	nan	nan	nan
14.000000000000000	nan	nan	nan
14.000000000000000	nan	nan	nan


15.000000000000000	nan	nan	nan
15.000000000000000	nan	nan	nan
15.000000000000000	nan	nan	nan
15.000000000000000	nan	nan	nan
15.000000000000000	nan	nan	nan
15.000000000000000	nan	nan	nan
15.000000000000000	nan	nan	nan
15.000000000000000	nan	nan	nan
15.000000000000000	nan	nan	nan
15.000000000000000	nan	nan	nan
15.000000000000000	nan	nan	nan
15.000000000000000	nan	nan	nan
15.000000000000000	nan	nan	nan
15.000000000000000	nan	nan	nan
15.000000000000000	nan	nan	nan
15.000000000000000	nan	nan	nan
15.000000000000000	nan	nan	nan
15.000000000000000	nan	nan	nan
15.000000000000000	nan	nan	nan
15.000000000000000	nan	nan	nan
15.000000000000000	nan	nan	nan
15.000000000000000	nan	nan	nan
15.000000000000000	nan	nan	nan
15.000000000000000	nan	nan	nan
15.000000000000000	nan	nan	nan
15.000000000000000	nan	nan	nan
15.000000000000000	nan	nan	nan
15.000000000000000	nan	nan	nan
15.000000000000000	nan	nan	nan
15.000000000000000	nan	nan	nan
15.000000000000000	nan	nan	nan
15.000000000000000	nan	nan	nan
15.000000000000000	nan	nan	nan
15.000000000000000	nan	nan	nan
15.000000000000000	nan	nan	nan
15.000000000000000	nan	nan	nan
15.000000000000000	nan	nan	nan
15.000000000000000	nan	nan	nan
15.000000000000000	nan	nan	nan
15.000000000000000	nan	nan	nan
15.000000000000000	nan	nan	nan
15.000000000000000	nan	nan	nan
15.000000000000000	nan	nan	nan
15.000000000000000	nan	nan	nan
15.000000000000000	nan	nan	nan
15.000000000000000	nan	nan	nan
15.000000000000000	nan	nan	nan
15.000000000000000	nan	nan	nan
15.000000000000000	nan	nan	nan
15.000000000000000	nan	nan	nan
15.000000000000000	nan	nan	nan
15.000000000000000	nan	nan	nan
15.000000000000000	nan	nan	nan
15.000000000000000	nan	nan	nan
15.000000000000000	nan	nan	nan
15.000000000000000	nan	nan	nan
15.000000000000000	nan	nan	nan
15.000000000000000	nan	nan	nan
15.000000000000000	nan	nan	nan
15.000000000000000	nan	nan	nan
15.000000000000000	nan	nan	nan
15.000000000000000	nan	nan	nan
15.000000000000000	nan	nan	nan
15.000000000000000	nan	nan	nan
15.000000000000000	nan	nan	nan
15.000000000000000	nan	nan	nan
15.000000000000000	nan	nan	nan
15.000000000000000	nan	nan	nan
15.000000000000000	nan	nan	nan
15.000000000000000	nan	nan	nan
15.000000000000000	nan	nan	nan
15.000000000000000	nan	nan	nan
15.000000000000000	nan	nan	nan
15.000000000000000	nan	nan	nan
15.000000000000000	nan	nan	nan
15.000000000000000	nan	nan	nan
15.000000000000000	nan	nan	nan
15.000000000000000	nan	nan	nan
15.000000000000000	nan	nan	nan
15.000000000000000	nan	nan	nan
15.000000000000000	nan	nan	nan
15.000000000000000	nan	nan	nan
15.000000000000000	nan	nan	nan
15.000000000000000	nan	nan	nan
15.000000000000000	nan	nan	nan
15.000000000000000	nan	nan	nan
15.000000000000000	nan	nan	nan
15.000000000000000	nan	nan	nan
15.000000000000000	nan	nan	nan
15.000000000000000	nan	nan	nan
15.000000000000000	nan	nan	nan
15.000000000000000	nan	nan	nan
15.000000000000000	nan	nan	nan
15.000000000000000	nan	nan	nan
15.000000000000000	nan	nan	nan
15.000000000000000	nan	nan	nan
15.000000000000000	nan	nan	nan
15.000000000000000	nan	nan	nan
15.000000000000000	nan	nan	nan
15.000000000000000	nan	nan	nan


16.000000000000000	nan	nan	nan
16.000000000000000	nan	nan	nan
16.000000000000000	nan	nan	nan
16.000000000000000	nan	nan	nan
16.000000000000000	nan	nan	nan
16.000000000000000	nan	nan	nan
16.000000000000000	nan	nan	nan
16.000000000000000	nan	nan	nan
16.000000000000000	nan	nan	nan
16.000000000000000	nan	nan	nan
16.000000000000000	nan	nan	nan
16.000000000000000	nan	nan	nan
16.000000000000000	nan	nan	nan
16.000000000000000	nan	nan	nan
16.000000000000000	nan	nan	nan
16.000000000000000	nan	nan	nan
16.000000000000000	nan	nan	nan
16.000000000000000	nan	nan	nan
16.000000000000000	nan	nan	nan
16.000000000000000	nan	nan	nan
16.000000000000000	nan	nan	nan
16.000000000000000	nan	nan	nan
16.000000000000000	nan	nan	nan
16.000000000000000	nan	nan	nan
16.000000000000000	nan	nan	nan
16.000000000000000	nan	nan	nan
16.000000000000000	nan	nan	nan
16.000000000000000	nan	nan	nan
16.000000000000000	nan	nan	nan
16.000000000000000	nan	nan	nan
16.000000000000000	nan	nan	nan
16.000000000000000	nan	nan	nan
16.000000000000000	nan	nan	nan
16.000000000000000	nan	nan	nan
16.000000000000000	nan	nan	nan
16.000000000000000	nan	nan	nan
16.000000000000000	nan	nan	nan
16.000000000000000	nan	nan	nan
16.000000000000000	nan	nan	nan
16.000000000000000	nan	nan	nan
16.000000000000000	nan	nan	nan
16.000000000000000	nan	nan	nan
16.000000000000000	nan	nan	nan
16.000000000000000	nan	nan	nan
16.000000000000000	nan	nan	nan
16.000000000000000	nan	nan	nan
16.000000000000000	nan	nan	nan
16.000000000000000	nan	nan	nan
16.000000000000000	nan	nan	nan
16.000000000000000	nan	nan	nan
16.000000000000000	nan	nan	nan
16.000000000000000	nan	nan	nan
16.000000000000000	nan	nan	nan
16.000000000000000	nan	nan	nan
16.000000000000000	nan	nan	nan
16.000000000000000	nan	nan	nan
16.000000000000000	nan	nan	nan
16.000000000000000	nan	nan	nan
16.000000000000000	nan	nan	nan
16.000000000000000	nan	nan	nan
16.000000000000000	nan	nan	nan
16.000000000000000	nan	nan	nan
16.000000000000000	nan	nan	nan
16.000000000000000	nan	nan	nan
16.000000000000000	nan	nan	nan
16.000000000000000	nan	nan	nan
16.000000000000000	nan	nan	nan
16.000000000000000	nan	nan	nan
16.000000000000000	nan	nan	nan
16.000000000000000	nan	nan	nan
16.000000000000000	nan	nan	nan
16.000000000000000	nan	nan	nan
16.000000000000000	nan	nan	nan
16.000000000000000	nan	nan	nan
16.000000000000000	nan	nan	nan
16.000000000000000	nan	nan	nan
16.000000000000000	nan	nan	nan
16.000000000000000	nan	nan	nan
16.000000000000000	nan	nan	nan
16.000000000000000	nan	nan	nan
16.000000000000000	nan	nan	nan
16.000000000000000	nan	nan	nan
16.000000000000000	nan	nan	nan
16.000000000000000	nan	nan	nan
16.000000000000000	nan	nan	nan
16.000000000000000	nan	nan	nan
16.000000000000000	nan	nan	nan
16.000000000000000	nan	nan	nan
16.000000000000000	nan	nan	nan
16.000000000000000	nan	nan	nan
16.000000000000000	nan	nan	nan
16.000000000000000	nan	nan	nan
16.000000000000000	nan	nan	nan
16.000000000000000	nan	nan	nan
16.000000000000000	nan	nan	nan
16.000000000000000	nan	nan	nan
16.000000000000000	nan	nan	nan
16.000000000000000	nan	nan	nan
16.000000000000000	nan	nan	nan
16.000000000000000	nan	nan	nan


17.000000000000000	nan	nan	nan
17.000000000000000	nan	nan	nan
17.000000000000000	nan	nan	nan
17.000000000000000	nan	nan	nan
17.000000000000000	nan	nan	nan
17.000000000000000	nan	nan	nan
17.000000000000000	nan	nan	nan
17.000000000000000	nan	nan	nan
17.000000000000000	nan	nan	nan
17.000000000000000	nan	nan	nan
17.000000000000000	nan	nan	nan
17.000000000000000	nan	nan	nan
17.000000000000000	nan	nan	nan
17.000000000000000	nan	nan	nan
17.000000000000000	nan	nan	nan
17.000000000000000	nan	nan	nan
17.000000000000000	nan	nan	nan
17.000000000000000	nan	nan	nan
17.000000000000000	nan	nan	nan
17.000000000000000	nan	nan	nan
17.000000000000000	nan	nan	nan
17.000000000000000	nan	nan	nan
17.000000000000000	nan	nan	nan
17.000000000000000	nan	nan	nan
17.000000000000000	nan	nan	nan
17.000000000000000	nan	nan	nan
17.000000000000000	nan	nan	nan
17.000000000000000	nan	nan	nan
17.000000000000000	nan	nan	nan
17.000000000000000	nan	nan	nan
17.000000000000000	nan	nan	nan
17.000000000000000	nan	nan	nan
17.000000000000000	nan	nan	nan
17.000000000000000	nan	nan	nan
17.000000000000000	nan	nan	nan
17.000000000000000	nan	nan	nan
17.000000000000000	nan	nan	nan
17.000000000000000	nan	nan	nan
17.000000000000000	nan	nan	nan
17.000000000000000	nan	nan	nan
17.000000000000000	nan	nan	nan
17.000000000000000	nan	nan	nan
17.000000000000000	nan	nan	nan
17.000000000000000	nan	nan	nan
17.000000000000000	nan	nan	nan
17.000000000000000	nan	nan	nan
17.000000000000000	nan	nan	nan
17.000000000000000	nan	nan	nan
17.000000000000000	nan	nan	nan
17.000000000000000	nan	nan	nan
17.000000000000000	nan	nan	nan
17.000000000000000	nan	nan	nan
17.000000000000000	nan	nan	nan
17.000000000000000	nan	nan	nan
17.000000000000000	nan	nan	nan
17.000000000000000	nan	nan	nan
17.000000000000000	nan	nan	nan
17.000000000000000	nan	nan	nan
17.000000000000000	nan	nan	nan
17.000000000000000	nan	nan	nan
17.000000000000000	nan	nan	nan
17.000000000000000	nan	nan	nan
17.000000000000000	nan	nan	nan
17.000000000000000	nan	nan	nan
17.000000000000000	nan	nan	nan
17.000000000000000	nan	nan	nan
17.000000000000000	nan	nan	nan
17.000000000000000	nan	nan	nan
17.000000000000000	nan	nan	nan
17.000000000000000	nan	nan	nan
17.000000000000000	nan	nan	nan
17.000000000000000	nan	nan	nan
17.000000000000000	nan	nan	nan
17.000000000000000	nan	nan	nan
17.000000000000000	nan	nan	nan
17.000000000000000	nan	nan	nan
17.000000000000000	nan	nan	nan
17.000000000000000	nan	nan	nan
17.000000000000000	nan	nan	nan
17.000000000000000	nan	nan	nan
17.000000000000000	nan	nan	nan
17.000000000000000	nan	nan	nan
17.000000000000000	nan	nan	nan
17.000000000000000	nan	nan	nan
17.000000000000000	nan	nan	nan
17.000000000000000	nan	nan	nan
17.000000000000000	nan	nan	nan
17.000000000000000	nan	nan	nan
17.000000000000000	nan	nan	nan
17.000000000000000	nan	nan	nan
17.000000000000000	nan	nan	nan
17.000000000000000	nan	nan	nan
17.000000000000000	nan	nan	nan
17.000000000000000	nan	nan	nan
17.000000000000000	nan	nan	nan
17.000000000000000	nan	nan	nan
17.000000000000000	nan	nan	nan
17.000000000000000	nan	nan	nan
17.000000000000000	nan	nan	nan
17.000000000000000	nan	nan	nan


18.000000000000000	nan	nan	nan
18.000000000000000	nan	nan	nan
18.000000000000000	nan	nan	nan
18.000000000000000	nan	nan	nan
18.000000000000000	nan	nan	nan
18.000000000000000	nan	nan	nan
18.000000000000000	nan	nan	nan
18.000000000000000	nan	nan	nan
18.000000000000000	nan	nan	nan
18.000000000000000	nan	nan	nan
18.000000000000000	nan	nan	nan
18.000000000000000	nan	nan	nan
18.000000000000000	nan	nan	nan
18.000000000000000	nan	nan	nan
18.000000000000000	nan	nan	nan
18.000000000000000	nan	nan	nan
18.000000000000000	nan	nan	nan
18.000000000000000	nan	nan	nan
18.000000000000000	nan	nan	nan
18.000000000000000	nan	nan	nan
18.000000000000000	nan	nan	nan
18.000000000000000	nan	nan	nan
18.000000000000000	nan	nan	nan
18.000000000000000	nan	nan	nan
18.000000000000000	nan	nan	nan
18.000000000000000	nan	nan	nan
18.000000000000000	nan	nan	nan
18.000000000000000	nan	nan	nan
18.000000000000000	nan	nan	nan
18.000000000000000	nan	nan	nan
18.000000000000000	nan	nan	nan
18.000000000000000	nan	nan	nan
18.000000000000000	nan	nan	nan
18.000000000000000	nan	nan	nan
18.000000000000000	nan	nan	nan
18.000000000000000	nan	nan	nan
18.000000000000000	nan	nan	nan
18.000000000000000	nan	nan	nan
18.000000000000000	nan	nan	nan
18.000000000000000	nan	nan	nan
18.000000000000000	nan	nan	nan
18.000000000000000	nan	nan	nan
18.000000000000000	nan	nan	nan
18.000000000000000	nan	nan	nan
18.000000000000000	nan	nan	nan
18.000000000000000	nan	nan	nan
18.000000000000000	nan	nan	nan
18.000000000000000	nan	nan	nan
18.000000000000000	nan	nan	nan
18.000000000000000	nan	nan	nan
18.000000000000000	nan	nan	nan
18.000000000000000	nan	nan	nan
18.000000000000000	nan	nan	nan
18.000000000000000	nan	nan	nan
18.000000000000000	nan	nan	nan
18.000000000000000	nan	nan	nan
18.000000000000000	nan	nan	nan
18.000000000000000	nan	nan	nan
18.000000000000000	nan	nan	nan
18.000000000000000	nan	nan	nan
18.000000000000000	nan	nan	nan
18.000000000000000	nan	nan	nan
18.000000000000000	nan	nan	nan
18.000000000000000	nan	nan	nan
18.000000000000000	nan	nan	nan
18.000000000000000	nan	nan	nan
18.000000000000000	nan	nan	nan
18.000000000000000	nan	nan	nan
18.000000000000000	nan	nan	nan
18.000000000000000	nan	nan	nan
18.000000000000000	nan	nan	nan
18.000000000000000	nan	nan	nan
18.000000000000000	nan	nan	nan
18.000000000000000	nan	nan	nan
18.000000000000000	nan	nan	nan
18.000000000000000	nan	nan	nan
18.000000000000000	nan	nan	nan
18.000000000000000	nan	nan	nan
18.000000000000000	nan	nan	nan
18.000000000000000	nan	nan	nan
18.000000000000000	nan	nan	nan
18.000000000000000	nan	nan	nan
18.000000000000000	nan	nan	nan
18.000000000000000	nan	nan	nan
18.000000000000000	nan	nan	nan
18.000000000000000	nan	nan	nan
18.000000000000000	nan	nan	nan
18.000000000000000	nan	nan	nan
18.000000000000000	nan	nan	nan
18.000000000000000	nan	nan	nan
18.000000000000000	nan	nan	nan
18.000000000000000	nan	nan	nan
18.000000000000000	nan	nan	nan
18.000000000000000	nan	nan	nan
18.000000000000000	nan	nan	nan
18.000000000000000	nan	nan	nan
18.000000000000000	nan	nan	nan
18.000000000000000	nan	nan	nan
18.000000000000000	nan	nan	nan
18.000000000000000	nan	nan	nan


19.000000000000000	-1.468528947512022	0.587078106225173	-0.105175025943499
19.000000000000000	-1.505583463403539	0.485349876943409	-0.103718588863556
19.000000000000000	-1.536105681444404	0.381479483848549	-0.101810863686171
19.000000000000000	-1.559972699435193	0.275885176353177	-0.099459532147314
19.000000000000000	-1.577088413318172	0.168992145464724	-0.096674062229203
19.000000000000000	-1.587383904154420	0.061230811691350	-0.093465670036085
19.000000000000000	-1.590817715636068	-0.046964908109532	-0.089847274630940
19.000000000000000	-1.587376021016222	-0.155159347961289	-0.085833446014973
19.000000000000000	-1.577072678784391	-0.262916847041190	-0.081440346459366
19.000000000000000	-1.559949176863242	-0.369803503932780	-0.076685665425511
19.000000000000000	-1.536074465551379	-0.475388923793735	-0.071588548335798
19.000000000000000	-1.505544679884825	-0.579247951403990	-0.066169519481750
19.000000000000000	-1.468482752535159	-0.680962383115758	-0.060450399379951
19.000000000000000	-1.425037918803045	-0.780122650812008	-0.054454216908522
19.000000000000000	-1.375385115700336	-0.876329471092727	-0.048205116577961
19.000000000000000	-1.319724277540480	-0.969195453048241	-0.041728261309718
19.000000000000000	-1.258279530873602	-1.058346658145687	-0.035049731113992
19.000000000000000	-1.191298292007988	-1.143424105947498	-0.028196418074736
19.000000000000000	-1.119050270751939	-1.224085219598931	-0.021195918064726
19.000000000000000	-1.041826384387564	-1.300005205264151	-0.014076419626718
19.000000000000000	-0.959937586249563	-1.370878359956368	-0.006866590468139
19.000000000000000	-0.873713613625898	-1.436419302495876	0.000404537973653
19.000000000000000	-0.783501660022108	-1.496364122639336	0.007707687430722
19.000000000000000	-0.689664977135611	-1.550471443753180	0.015013450697806
19.000000000000000	-0.592581412169317	-1.598523394752125	0.022292410044751
19.000000000000000	-0.492641886374307	-1.640326487389135	0.029515255671332
19.000000000000000	-0.390248820947923	-1.675712395364301	0.036652903727469
19.000000000000000	-0.285814516625644	-1.704538632115443	0.043676613423627
19.000000000000000	-0.179759493491539	-1.726689124561205	0.050558102759834
19.000000000000000	-0.072510797692309	-1.742074680486387	0.057269662407314
19.000000000000000	0.035499718126822	-1.750633347687513	0.063784267284167
19.000000000000000	0.143837133740288	-1.752330663432494	0.070075685375845
19.000000000000000	0.252065212612429	-1.747159793229880	0.076118583362210
19.000000000000000	0.359748158468054	-1.735141558348951	0.081888628625872
19.000000000000000	0.466452370090226	-1.716324351979813	0.087362587231057
19.000000000000000	0.571748187279331	-1.690783944371097	0.092518417478462
19.000000000000000	0.675211620943049	-1.658623177729917	0.097335358659398
19.000000000000000	0.776426060350792	-1.619971552112593	0.101794014651840
19.000000000000000	0.874983950678069	-1.574984703973637	0.105876432021759
19.000000000000000	0.970488434085927	-1.523843779472676	0.109566172315272
19.000000000000000	1.062554947727393	-1.466754705062806	0.112848378250488
19.000000000000000	1.150812772246338	-1.403947358297441	0.115709833542539
19.000000000000000	1.234906524533470	-1.335674642194545	0.118139016120896
19.000000000000000	1.314497588728698	-1.262211466885433	0.120126144524683
19.000000000000000	1.389265479707674	-1.183853642648706	0.121663217289161
19.000000000000000	1.458909133562291	-1.100916688786658	0.122744045164809
19.000000000000000	1.523148119878768	-1.013734563140413	0.123364276039241
19.000000000000000	1.581723770931958	-0.922658317359558	0.123521412461635
19.000000000000000	1.634400223248982	-0.828054683341060	0.123214821699076
19.000000000000000	1.680965367348184	-0.730304596529348	0.122445738284357
19.000000000000000	1.721231701829155	-0.629801662023730	0.121217259044945
19.000000000000000	1.755037088374692	-0.526950569669574	0.119534330633153
19.000000000000000	1.782245404624575	-0.422165464515139	0.117403729607718
19.000000000000000	1.802747092292273	-0.315868279195632	0.114834035146984
19.000000000000000	1.816459598317491	-0.208487034959405	0.111835594503590
19.000000000000000	1.823327707278208	-0.100454118177456	0.108420481339723
19.000000000000000	1.823323763723696	0.007795460723878	0.104602447110753
19.000000000000000	1.816447783533258	0.115825818896376	0.100396865692968
19.000000000000000	1.802727453852285	0.223201956216320	0.095820671478404
19.000000000000000	1.782218021605898	0.329491506876460	0.090892291186023
19.000000000000000	1.755002071039078	0.434266480370523	0.085631569663822
19.000000000000000	1.721189191179056	0.537104984859921	0.080059689980632
19.000000000000000	1.680915534558983	0.637592925983286	0.074199088129377
19.000000000000000	1.634343268979733	0.735325674268307	0.068073362685249
19.000000000000000	1.581659924517403	0.829909694431804	0.061707179782574
19.000000000000000	1.523077638405883	0.920964130007419	0.055126173792998
19.000000000000000	1.458832300835091	1.008122336920186	0.048356844104915
19.000000000000000	1.389182605104435	1.091033359832811	0.041426448419787
19.000000000000000	1.314409005956196	1.169363345318955	0.034362892994997
19.000000000000000	1.234812590283267	1.242796886173146	0.027194620275204
19.000000000000000	1.150713864758503	1.311038291444276	0.019950494364652
19.000000000000000	1.062451465267473	1.373812777078694	0.012659684801614
19.000000000000000	0.970380793341264	1.430867572378615	0.005351549102955
19.000000000000000	0.874872585079951	1.481972937820501	-0.001944485448227
19.000000000000000	0.776311418329175	1.526923090135039	-0.009199040295885
19.000000000000000	0.675094164120894	1.565537030923732	-0.016382903908097
19.000000000000000	0.571628388613805	1.597659275475574	-0.023467149401597
19.000000000000000	0.466330711968273	1.623160478849103	-0.030423251020123
19.000000000000000	0.359625130763990	1.641937956698823	-0.037223198997570
19.000000000000000	0.251941310715399	1.653916098748828	-0.043839612343431
19.000000000000000	0.143712856559500	1.659046673248691	-0.050245849096386
19.000000000000000	0.035375566082620	1.657309021185708	-0.056416113602070
19.000000000000000	-0.072634324683460	1.648710139471442	-0.062325560383076
19.000000000000000	-0.179881898030045	1.633284652767634	-0.067950394182920
19.000000000000000	-0.285935305831630	1.611094674064913	-0.073267965781139
19.000000000000000	-0.390367508445889	1.582229554575697	-0.078256863193712
19.000000000000000	-0.492757994251588	1.546805523948407	-0.082896997891557
19.000000000000000	-0.592694472900471	1.504965222251688	-0.087169685689954
19.000000000000000	-0.689774535464977	1.456877125613200	-0.091057721983157
19.000000000000000	-0.783607274796963	1.402734867825709	-0.094545451021271
19.000000000000000	-0.873814859572818	1.342756460652156	-0.097618828950431
19.000000000000000	-0.960034055686856	1.277183415969222	-0.100265480362448
19.000000000000000	-1.041917688866852	1.206279773284248	-0.102474748126204
19.000000000000000	-1.119136042622311	1.130331036541327	-0.104237736300161
19.000000000000000	-1.191378185896394	1.049643024497691	-0.105547345953178
19.000000000000000	-1.258353225075552	0.964540639299508	-0.106398303749402
19.000000000000000	-1.319791475315433	0.875366558215613	-0.106787183182128
19.000000000000000	-1.375445546466568	0.782479853797097	-0.106712418371131
19.000000000000000	-1.425091339227189	0.686254548018868	-0.106174310367920
19.000000000000000	-1.468528947512022	0.587078106225173	-0.105175025943499


20.000000000000000	0.734775660374044	0.014167113767587	0.016223095090099
20.000000000000000	0.732387938698140	0.061783327357551	0.014163375756294
20.000000000000000	0.726982200650971	0.109149431904660	0.012045103191875
20.000000000000000	0.718580213231731	0.156074700823475	0.009876806932827
20.000000000000000	0.707215808278328	0.202370182618040	0.007667217942899
20.000000000000000	0.692934746238514	0.247849461722872	0.005425233457093
20.000000000000000	0.675794531908712	0.292329409132643	0.003159881155638
20.000000000000000	0.655864182882495	0.335630919798054	0.000880282812710
20.000000000000000	0.633223951641100	0.377579633818654	-0.001404382433733
20.000000000000000	0.607965002405007	0.418006638528619	-0.003684915043102
20.000000000000000	0.580189044047801	0.456749148648441	-0.005952132115480
20.000000000000000	0.550007920550435	0.493651161763796	-0.008196904367915
20.000000000000000	0.517543160644994	0.528564086492204	-0.010410192894827
20.000000000000000	0.482925488461382	0.561347340808083	-0.012583085564483
20.000000000000000	0.446294297147391	0.591868918116947	-0.014706832905011
20.000000000000000	0.407797087581691	0.620005918799374	-0.016772883335435
20.000000000000000	0.367588874439854	0.645645045084397	-0.018772917599871
20.000000000000000	0.325831562004963	0.668683057259633	-0.020698882266236
20.000000000000000	0.282693292236211	0.689027189381178	-0.022543022154575
20.000000000000000	0.238347767720573	0.706595522809311	-0.024297911564436
20.000000000000000	0.192973552233795	0.721317316065952	-0.025956484175543
20.000000000000000	0.146753351727099	0.733133289685622	-0.027512061501373
20.000000000000000	0.099873278634791	0.741995864912927	-0.028958379781067
20.000000000000000	0.052522102465185	0.747869355285419	-0.030289615201381
20.000000000000000	0.004890489692413	0.750730110330380	-0.031500407347129
20.000000000000000	-0.042829763990169	0.750566610796929	-0.032585880785682
20.000000000000000	-0.090446505963548	0.747379515039980	-0.033541664698614
20.000000000000000	-0.137768000413830	0.741181656369282	-0.034363910481445
20.000000000000000	-0.184603700384690	0.731997991374206	-0.035049307240615
20.000000000000000	-0.230765015042713	0.719865499432370	-0.035595095125280
20.000000000000000	-0.276066069066120	0.704833033806736	-0.035999076440262
20.000000000000000	-0.320324451099085	0.686961124930764	-0.036259624495387
20.000000000000000	-0.363361948257879	0.666321736673718	-0.036375690155598
20.000000000000000	-0.405005263731261	0.642997976567565	-0.036346806065444
20.000000000000000	-0.445086714585569	0.617083761162278	-0.036173088530962
20.000000000000000	-0.483444906964710	0.588683437857033	-0.035855237051352
20.000000000000000	-0.519925385966259	0.557911364730063	-0.035394531502337
20.000000000000000	-0.554381257576834	0.524891450059038	-0.034792826982560
20.000000000000000	-0.586673780162445	0.489756653386166	-0.034052546343756
20.000000000000000	-0.616672923132084	0.452648450137041	-0.033176670434778
20.000000000000000	-0.644257890525022	0.413716261949038	-0.032168726098778
20.000000000000000	-0.669317607413511	0.373116855003117	-0.031032771971849
20.000000000000000	-0.691751167162312	0.331013708781741	-0.029773382140331
20.000000000000000	-0.711468237744102	0.287576357794701	-0.028395627722583
20.000000000000000	-0.728389425474664	0.242979708923480	-0.026905056449375
20.000000000000000	-0.742446594703236	0.197403337132971	-0.025307670325137
20.000000000000000	-0.753583142170724	0.151030762386480	-0.023609901460003
20.000000000000000	-0.761754224931052	0.104048710675598	-0.021818586169976
20.000000000000000	-0.766926940917877	0.056646362140544	-0.019940937449496
20.000000000000000	-0.769080461429597	0.009014589308505	-0.017984515927255
20.000000000000000	-0.768206114999184	-0.038654811482663	-0.015957199422218
20.000000000000000	-0.764307422311118	-0.086169892380591	-0.013867151222420
20.000000000000000	-0.757400082024835	-0.133339326924655	-0.011722787214293
20.000000000000000	-0.747511907561764	-0.179973180450104	-0.009532741994858
20.000000000000000	-0.734682715110499	-0.225883674887920	-0.007305834103251
20.000000000000000	-0.718964163301057	-0.270885944880823	-0.005051030511578
20.000000000000000	-0.700419545193810	-0.314798782170823	-0.002777410518083
20.000000000000000	-0.679123533420669	-0.357445365260917	-0.000494129188021
20.000000000000000	-0.655161879504749	-0.398653971412845	0.001789619510562
20.000000000000000	-0.628631068569254	-0.438258668113954	0.004064639727692
20.000000000000000	-0.599637930825936	-0.476099981228861	0.006321770759909
20.000000000000000	-0.568299211407540	-0.512025537145507	0.008551923937187
20.000000000000000	-0.534741100276358	-0.545890676329917	0.010746119219798
20.000000000000000	-0.499098724101791	-0.577559035819085	0.012895521357768
20.000000000000000	-0.461515602152936	-0.606903098306498	0.014991475467306
20.000000000000000	-0.422143068397156	-0.633804705609325	0.017025541880965
20.000000000000000	-0.381139662131591	-0.658155534449710	0.018989530131209
20.000000000000000	-0.338670489601380	-0.679857532634386	0.020875531930532
20.000000000000000	-0.294906559175070	-0.698823313876250	0.022675953015341
20.000000000000000	-0.250024092754281	-0.714976509668095	0.024383543725374
20.000000000000000	-0.204203816190303	-0.728252076791636	0.025991428195526
20.000000000000000	-0.157630231564878	-0.738596559223596	0.027493132042528
20.000000000000000	-0.110490874265438	-0.745968303384242	0.028882608435005
20.000000000000000	-0.062975557846282	-0.750337625861649	0.030154262441932
20.000000000000000	-0.015275609716397	-0.751686932936328	0.031302973561445
20.000000000000000	0.032416899268497	-0.750010791424917	0.032324116339297
20.000000000000000	0.079909928207492	-0.745315950557700	0.033213578993927
20.000000000000000	0.127012239435420	-0.737621314801833	0.033967779973155
20.000000000000000	0.173534168569433	-0.726957867739732	0.034583682375828
20.000000000000000	0.219288388220533	-0.713368547309119	0.035058806180350
20.000000000000000	0.264090662294852	-0.696908072907102	0.035391238230851
20.000000000000000	0.307760587847377	-0.677642725054475	0.035579639940795
20.000000000000000	0.350122321500934	-0.655650078507458	0.035623252682991
20.000000000000000	0.391005287505412	-0.631018689891527	0.035521900844318
20.000000000000000	0.430244864586098	-0.603847741115144	0.035275992532859
20.000000000000000	0.467683048815454	-0.574246639999213	0.034886517934594
20.000000000000000	0.503169089839160	-0.542334579730405	0.034355045326265
20.000000000000000	0.536560097894591	-0.508240058912259	0.033683714760488
20.000000000000000	0.567721619177457	-0.472100364146662	0.032875229448509
20.000000000000000	0.596528177239817	-0.434061017229153	0.031932844875328
20.000000000000000	0.622863778239447	-0.394275189184020	0.030860355691015
20.000000000000000	0.646622378006109	-0.352903083498641	0.029662080430984
20.000000000000000	0.667708309043993	-0.310111291040583	0.028342844126786
20.000000000000000	0.686036665750957	-0.266072119254978	0.026907958877400
20.000000000000000	0.701533646303421	-0.220962898343256	0.025363202459292
20.000000000000000	0.714136849830262	-0.174965267217011	0.023714795061346
20.000000000000000	0.723795527679102	-0.128264442102208	0.021969374238357
20.000000000000000	0.730470787763212	-0.081048470738822	0.020133968183946
20.000000000000000	0.734135751166225	-0.033507475178950	0.018215967430497
20.000000000000000	0.734775660374044	0.014167113767587	0.016223095090099


21.000000000000000	nan	nan	nan
21.000000000000000	nan	nan	nan
21.000000000000000	nan	nan	nan
21.000000000000000	nan	nan	nan
21.000000000000000	nan	nan	nan
21.000000000000000	nan	nan	nan
21.000000000000000	nan	nan	nan
21.000000000000000	nan	nan	nan
21.000000000000000	nan	nan	nan
21.000000000000000	nan	nan	nan
21.000000000000000	nan	nan	nan
21.000000000000000	nan	nan	nan
21.000000000000000	nan	nan	nan
21.000000000000000	nan	nan	nan
21.000000000000000	nan	nan	nan
21.000000000000000	nan	nan	nan
21.000000000000000	nan	nan	nan
21.000000000000000	nan	nan	nan
21.000000000000000	nan	nan	nan
21.000000000000000	nan	nan	nan
21.000000000000000	nan	nan	nan
21.000000000000000	nan	nan	nan
21.000000000000000	nan	nan	nan
21.000000000000000	nan	nan	nan
21.000000000000000	nan	nan	nan
21.000000000000000	nan	nan	nan
21.000000000000000	nan	nan	nan
21.000000000000000	nan	nan	nan
21.000000000000000	nan	nan	nan
21.000000000000000	nan	nan	nan
21.000000000000000	nan	nan	nan
21.000000000000000	nan	nan	nan
21.000000000000000	nan	nan	nan
21.000000000000000	nan	nan	nan
21.000000000000000	nan	nan	nan
21.000000000000000	nan	nan	nan
21.000000000000000	nan	nan	nan
21.000000000000000	nan	nan	nan
21.000000000000000	nan	nan	nan
21.000000000000000	nan	nan	nan
21.000000000000000	nan	nan	nan
21.000000000000000	nan	nan	nan
21.000000000000000	nan	nan	nan
21.000000000000000	nan	nan	nan
21.000000000000000	nan	nan	nan
21.000000000000000	nan	nan	nan
21.000000000000000	nan	nan	nan
21.000000000000000	nan	nan	nan
21.000000000000000	nan	nan	nan
21.000000000000000	nan	nan	nan
21.000000000000000	nan	nan	nan
21.000000000000000	nan	nan	nan
21.000000000000000	nan	nan	nan
21.000000000000000	nan	nan	nan
21.000000000000000	nan	nan	nan
21.000000000000000	nan	nan	nan
21.000000000000000	nan	nan	nan
21.000000000000000	nan	nan	nan
21.000000000000000	nan	nan	nan
21.000000000000000	nan	nan	nan
21.000000000000000	nan	nan	nan
21.000000000000000	nan	nan	nan
21.000000000000000	nan	nan	nan
21.000000000000000	nan	nan	nan
21.000000000000000	nan	nan	nan
21.000000000000000	nan	nan	nan
21.000000000000000	nan	nan	nan
21.000000000000000	nan	nan	nan
21.000000000000000	nan	nan	nan
21.000000000000000	nan	nan	nan
21.000000000000000	nan	nan	nan
21.000000000000000	nan	nan	nan
21.000000000000000	nan	nan	nan
21.000000000000000	nan	nan	nan
21.000000000000000	nan	nan	nan
21.000000000000000	nan	nan	nan
21.000000000000000	nan	nan	nan
21.000000000000000	nan	nan	nan
21.000000000000000	nan	nan	nan
21.000000000000000	nan	nan	nan
21.000000000000000	nan	nan	nan
21.000000000000000	nan	nan	nan
21.000000000000000	nan	nan	nan
21.000000000000000	nan	nan	nan
21.000000000000000	nan	nan	nan
21.000000000000000	nan	nan	nan
21.000000000000000	nan	nan	nan
21.000000000000000	nan	nan	nan
21.000000000000000	nan	nan	nan
21.000000000000000	nan	nan	nan
21.000000000000000	nan	nan	nan
21.000000000000000	nan	nan	nan
21.000000000000000	nan	nan	nan
21.000000000000000	nan	nan	nan
21.000000000000000	nan	nan	nan
21.000000000000000	nan	nan	nan
21.000000000000000	nan	nan	nan
21.000000000000000	nan	nan	nan
21.000000000000000	nan	nan	nan
21.000000000000000	nan	nan	nan


22.000000000000000	0.927351762878604	1.253526404431063	-0.207166463770200
22.000000000000000	0.835718824052515	1.316988680346602	-0.206333651855989
22.000000000000000	0.740259402044995	1.374524304051519	-0.204566946092868
22.000000000000000	0.641357878256661	1.425901599895995	-0.201873460381397
22.000000000000000	0.539412494217131	1.470913689642960	-0.198264040437887
22.000000000000000	0.434833748006946	1.509379325493740	-0.193753220122529
22.000000000000000	0.328042741326676	1.541143619908970	-0.188359162916666
22.000000000000000	0.219469483869002	1.566078669286050	-0.182103588784868
22.000000000000000	0.109551161821453	1.584084068981809	-0.175011686716297
22.000000000000000	-0.001269622528074	1.595087317606565	-0.167112013297541
22.000000000000000	-0.112546632994508	1.599044108961634	-0.158436377725316
22.000000000000000	-0.223831796331228	1.595938510444755	-0.149019713722062
22.000000000000000	-0.334677006462883	1.585783027205053	-0.138899938870165
22.000000000000000	-0.444635928850398	1.568618551789221	-0.128117801931243
22.000000000000000	-0.553265797722635	1.544514199481662	-0.116716718765260
22.000000000000000	-0.660129198937881	1.513567030001640	-0.104742597510186
22.000000000000000	-0.764795831296215	1.475901656678038	-0.092243653726123
22.000000000000000	-0.866844239210564	1.431669744675473	-0.079270216248264
22.000000000000000	-0.965863509759606	1.381049400292200	-0.065874524530440
22.000000000000000	-1.061454927289077	1.324244453788917	-0.052110518295271
22.000000000000000	-1.153233578898980	1.261483638636240	-0.038033620337948
22.000000000000000	-1.240829904351984	1.193019670485751	-0.023700513358190
22.000000000000000	-1.323891184162068	1.119128229573260	-0.009168911719024
22.000000000000000	-1.402082959871397	1.040106850651798	0.005502670948587
22.000000000000000	-1.475090380796491	0.956273724924179	0.020255157359484
22.000000000000000	-1.542619471820799	0.867966418799328	0.035029144457689
22.000000000000000	-1.604398317128736	0.775540514631498	0.049765142611544
22.000000000000000	-1.660178155114707	0.679368178915624	0.064403815157462
22.000000000000000	-1.709734380058288	0.579836663704208	0.078886217327730
22.000000000000000	-1.752867446532193	0.477346747279979	0.093154033600280
22.000000000000000	-1.789403672901277	0.372311120363199	0.107149812514720
22.000000000000000	-1.819195940677187	0.265152724351792	0.120817198009085
22.000000000000000	-1.842124286912584	0.156303048285608	0.134101156345808
22.000000000000000	-1.858096387249594	0.046200391392351	0.146948197713156
22.000000000000000	-1.867047927677415	-0.064711901788717	0.159306591609827
22.000000000000000	-1.868942863502133	-0.175987226598760	0.171126575145418
22.000000000000000	-1.863773564485987	-0.287177516578697	0.182360553418018
22.000000000000000	-1.851560845571646	-0.397835047674702	0.192963291162088
22.000000000000000	-1.832353883067772	-0.507514241064936	0.202892094894903
22.000000000000000	-1.806230016633393	-0.615773457348205	0.212106984828139
22.000000000000000	-1.773294437858382	-0.722176774869950	0.220570855852374
22.000000000000000	-1.733679766694060	-0.826295745024903	0.228249626946263
22.000000000000000	-1.687545517439454	-0.927711117468388	0.235112378408786
22.000000000000000	-1.635077456433517	-1.026014528289501	0.241131476361969
22.000000000000000	-1.576486854039645	-1.120810144348440	0.246282684022757
22.000000000000000	-1.512009633934488	-1.211716257156859	0.250545259295987
22.000000000000000	-1.441905423126579	-1.298366819883223	0.253902038295483
22.000000000000000	-1.366456506529995	-1.380412921294211	0.256339504456968
22.000000000000000	-1.285966690302646	-1.457524190697101	0.257847842964499
22.000000000000000	-1.200760078526102	-1.529390128225948	0.258420980271264
22.000000000000000	-1.111179768152842	-1.595721355114960	0.258056608555614
22.000000000000000	-1.017586467475930	-1.656250778924646	0.256756195013845
22.000000000000000	-0.920357043684016	-1.710734669028809	0.254524975952318
22.000000000000000	-0.819883005350193	-1.758953638031750	0.251371935702698
22.000000000000000	-0.716568925965145	-1.800713525163876	0.247309770445224
22.000000000000000	-0.610830814862495	-1.835846178098600	0.242354837085673
22.000000000000000	-0.503094442096046	-1.864210130042404	0.236527087391870
22.000000000000000	-0.393793624014047	-1.885691169371690	0.229849987654964
22.000000000000000	-0.283368476433872	-1.900202799522680	0.222350424198956
22.000000000000000	-0.172263642450958	-1.907686587282543	0.214058595118958
22.000000000000000	-0.060926502017995	-1.908112398079327	0.205007888684126
22.000000000000000	0.050194629496242	-1.901478517323241	0.195234748894884
22.000000000000000	0.160652306514658	-1.887811657310703	0.184778528735792
22.000000000000000	0.270001754957246	-1.867166849663350	0.173681331714974
22.000000000000000	0.377802663189337	-1.839627223735121	0.161987842328147
22.000000000000000	0.483620955001138	-1.805303671879691	0.149745146129927
22.000000000000000	0.587030537479430	-1.764334402926097	0.137002540136921
22.000000000000000	0.687615016733340	-1.716884385660568	0.123811334326039
22.000000000000000	0.784969374565577	-1.663144684555444	0.110224645027328
22.000000000000000	0.878701599337766	-1.603331690419982	0.096297181043256
22.000000000000000	0.968434264462954	-1.537686249070942	0.082085023355676
22.000000000000000	1.053806048169266	-1.466472691531488	0.067645399307503
22.000000000000000	1.134473188415156	-1.389977769663450	0.053036452168404
22.000000000000000	1.210110867097818	-1.308509501518784	0.038317007012371
22.000000000000000	1.280414517981047	-1.222395931059589	0.023546333849910
22.000000000000000	1.345101053075968	-1.131983807240860	0.008783908968631
22.000000000000000	1.403910002536464	-1.037637187774817	-0.005910824556776
22.000000000000000	1.456604563479312	-0.939735973199000	-0.020478696220818
22.000000000000000	1.502972553505810	-0.838674377150878	-0.034861046345945
22.000000000000000	1.542827265085416	-0.734859339008681	-0.048999962284363
22.000000000000000	1.576008217361069	-0.628708885290135	-0.062838511611831
22.000000000000000	1.602381802348968	-0.520650446407222	-0.076320971374436
22.000000000000000	1.621841822930756	-0.411119135554773	-0.089393052465264
22.000000000000000	1.634309920471846	-0.300555996663197	-0.102002118227472
22.000000000000000	1.639735890343976	-0.189406228470238	-0.114097396403528
22.000000000000000	1.638097884081533	-0.078117391862791	-0.125630183577169
22.000000000000000	1.629402497357612	0.032862392292826	-0.136554041284873
22.000000000000000	1.613684743425568	0.143086247575441	-0.146824983007157
22.000000000000000	1.591007912133002	0.252110341422656	-0.156401651286771
22.000000000000000	1.561463315075883	0.359495672287923	-0.165245484260580
22.000000000000000	1.525169917918978	0.464809837344828	-0.173320870934571
22.000000000000000	1.482273861363110	0.567628773620667	-0.180595294576768
22.000000000000000	1.432947872688133	0.667538465548360	-0.187039463650625
22.000000000000000	1.377390570241141	0.764136612061019	-0.192627429761712
22.000000000000000	1.315825663670485	0.857034246516349	-0.197336692142736
22.000000000000000	1.248501053125975	0.945857302928039	-0.201148288256195
22.000000000000000	1.175687831052469	1.030248122197467	-0.204046870149817
22.000000000000000	1.097679190596289	1.109866892280645	-0.206020766257355
22.000000000000000	1.014789245019885	1.184393016491399	-0.207062028395858
22.000000000000000	0.927351762878604	1.253526404431062	-0.207166463770200


23.000000000000000	nan	nan	nan
23.000000000000000	nan	nan	nan
23.000000000000000	nan	nan	nan
23.000000000000000	nan	nan	nan
23.000000000000000	nan	nan	nan
23.000000000000000	nan	nan	nan
23.000000000000000	nan	nan	nan
23.000000000000000	nan	nan	nan
23.000000000000000	nan	nan	nan
23.000000000000000	nan	nan	nan
23.000000000000000	nan	nan	nan
23.000000000000000	nan	nan	nan
23.000000000000000	nan	nan	nan
23.000000000000000	nan	nan	nan
23.000000000000000	nan	nan	nan
23.000000000000000	nan	nan	nan
23.000000000000000	nan	nan	nan
23.000000000000000	nan	nan	nan
23.000000000000000	nan	nan	nan
23.000000000000000	nan	nan	nan
23.000000000000000	nan	nan	nan
23.000000000000000	nan	nan	nan
23.000000000000000	nan	nan	nan
23.000000000000000	nan	nan	nan
23.000000000000000	nan	nan	nan
23.000000000000000	nan	nan	nan
23.000000000000000	nan	nan	nan
23.000000000000000	nan	nan	nan
23.000000000000000	nan	nan	nan
23.000000000000000	nan	nan	nan
23.000000000000000	nan	nan	nan
23.000000000000000	nan	nan	nan
23.000000000000000	nan	nan	nan
23.000000000000000	nan	nan	nan
23.000000000000000	nan	nan	nan
23.000000000000000	nan	nan	nan
23.000000000000000	nan	nan	nan
23.000000000000000	nan	nan	nan
23.000000000000000	nan	nan	nan
23.000000000000000	nan	nan	nan
23.000000000000000	nan	nan	nan
23.000000000000000	nan	nan	nan
23.000000000000000	nan	nan	nan
23.000000000000000	nan	nan	nan
23.000000000000000	nan	nan	nan
23.000000000000000	nan	nan	nan
23.000000000000000	nan	nan	nan
23.000000000000000	nan	nan	nan
23.000000000000000	nan	nan	nan
23.000000000000000	nan	nan	nan
23.000000000000000	nan	nan	nan
23.000000000000000	nan	nan	nan
23.000000000000000	nan	nan	nan
23.000000000000000	nan	nan	nan
23.000000000000000	nan	nan	nan
23.000000000000000	nan	nan	nan
23.000000000000000	nan	nan	nan
23.000000000000000	nan	nan	nan
23.000000000000000	nan	nan	nan
23.000000000000000	nan	nan	nan
23.000000000000000	nan	nan	nan
23.000000000000000	nan	nan	nan
23.000000000000000	nan	nan	nan
23.000000000000000	nan	nan	nan
23.000000000000000	nan	nan	nan
23.000000000000000	nan	nan	nan
23.000000000000000	nan	nan	nan
23.000000000000000	nan	nan	nan
23.000000000000000	nan	nan	nan
23.000000000000000	nan	nan	nan
23.000000000000000	nan	nan	nan
23.000000000000000	nan	nan	nan
23.000000000000000	nan	nan	nan
23.000000000000000	nan	nan	nan
23.000000000000000	nan	nan	nan
23.000000000000000	nan	nan	nan
23.000000000000000	nan	nan	nan
23.000000000000000	nan	nan	nan
23.000000000000000	nan	nan	nan
23.000000000000000	nan	nan	nan
23.000000000000000	nan	nan	nan
23.000000000000000	nan	nan	nan
23.000000000000000	nan	nan	nan
23.000000000000000	nan	nan	nan
23.000000000000000	nan	nan	nan
23.000000000000000	nan	nan	nan
23.000000000000000	nan	nan	nan
23.000000000000000	nan	nan	nan
23.000000000000000	nan	nan	nan
23.000000000000000	nan	nan	nan
23.000000000000000	nan	nan	nan
23.000000000000000	nan	nan	nan
23.000000000000000	nan	nan	nan
23.000000000000000	nan	nan	nan
23.000000000000000	nan	nan	nan
23.000000000000000	nan	nan	nan
23.000000000000000	nan	nan	nan
23.000000000000000	nan	nan	nan
23.000000000000000	nan	nan	nan
23.000000000000000	nan	nan	nan


24.000000000000000	nan	nan	nan
24.000000000000000	nan	nan	nan
24.000000000000000	nan	nan	nan
24.000000000000000	nan	nan	nan
24.000000000000000	nan	nan	nan
24.000000000000000	nan	nan	nan
24.000000000000000	nan	nan	nan
24.000000000000000	nan	nan	nan
24.000000000000000	nan	nan	nan
24.000000000000000	nan	nan	nan
24.000000000000000	nan	nan	nan
24.000000000000000	nan	nan	nan
24.000000000000000	nan	nan	nan
24.000000000000000	nan	nan	nan
24.000000000000000	nan	nan	nan
24.000000000000000	nan	nan	nan
24.000000000000000	nan	nan	nan
24.000000000000000	nan	nan	nan
24.000000000000000	nan	nan	nan
24.000000000000000	nan	nan	nan
24.000000000000000	nan	nan	nan
24.000000000000000	nan	nan	nan
24.000000000000000	nan	nan	nan
24.000000000000000	nan	nan	nan
24.000000000000000	nan	nan	nan
24.000000000000000	nan	nan	nan
24.000000000000000	nan	nan	nan
24.000000000000000	nan	nan	nan
24.000000000000000	nan	nan	nan
24.000000000000000	nan	nan	nan
24.000000000000000	nan	nan	nan
24.000000000000000	nan	nan	nan
24.000000000000000	nan	nan	nan
24.000000000000000	nan	nan	nan
24.000000000000000	nan	nan	nan
24.000000000000000	nan	nan	nan
24.000000000000000	nan	nan	nan
24.000000000000000	nan	nan	nan
24.000000000000000	nan	nan	nan
24.000000000000000	nan	nan	nan
24.000000000000000	nan	nan	nan
24.000000000000000	nan	nan	nan
24.000000000000000	nan	nan	nan
24.000000000000000	nan	nan	nan
24.000000000000000	nan	nan	nan
24.000000000000000	nan	nan	nan
24.000000000000000	nan	nan	nan
24.000000000000000	nan	nan	nan
24.000000000000000	nan	nan	nan
24.000000000000000	nan	nan	nan
24.000000000000000	nan	nan	nan
24.000000000000000	nan	nan	nan
24.000000000000000	nan	nan	nan
24.000000000000000	nan	nan	nan
24.000000000000000	nan	nan	nan
24.000000000000000	nan	nan	nan
24.000000000000000	nan	nan	nan
24.000000000000000	nan	nan	nan
24.000000000000000	nan	nan	nan
24.000000000000000	nan	nan	nan
24.000000000000000	nan	nan	nan
24.000000000000000	nan	nan	nan
24.000000000000000	nan	nan	nan
24.000000000000000	nan	nan	nan
24.000000000000000	nan	nan	nan
24.000000000000000	nan	nan	nan
24.000000000000000	nan	nan	nan
24.000000000000000	nan	nan	nan
24.000000000000000	nan	nan	nan
24.000000000000000	nan	nan	nan
24.000000000000000	nan	nan	nan
24.000000000000000	nan	nan	nan
24.000000000000000	nan	nan	nan
24.000000000000000	nan	nan	nan
24.000000000000000	nan	nan	nan
24.000000000000000	nan	nan	nan
24.000000000000000	nan	nan	nan
24.000000000000000	nan	nan	nan
24.000000000000000	nan	nan	nan
24.000000000000000	nan	nan	nan
24.000000000000000	nan	nan	nan
24.000000000000000	nan	nan	nan
24.000000000000000	nan	nan	nan
24.000000000000000	nan	nan	nan
24.000000000000000	nan	nan	nan
24.000000000000000	nan	nan	nan
24.000000000000000	nan	nan	nan
24.000000000000000	nan	nan	nan
24.000000000000000	nan	nan	nan
24.000000000000000	nan	nan	nan
24.000000000000000	nan	nan	nan
24.000000000000000	nan	nan	nan
24.000000000000000	nan	nan	nan
24.000000000000000	nan	nan	nan
24.000000000000000	nan	nan	nan
24.000000000000000	nan	nan	nan
24.000000000000000	nan	nan	nan
24.000000000000000	nan	nan	nan
24.000000000000000	nan	nan	nan
24.000000000000000	nan	nan	nan


25.000000000000000	0.772678946166417	-0.837318394078678	-0.035171016044378
25.000000000000000	0.825866608976458	-0.785250994460468	-0.029450732514790
25.000000000000000	0.875627544670922	-0.729911941957718	-0.023607252382635
25.000000000000000	0.921761383524580	-0.671524067403284	-0.017664105279985
25.000000000000000	0.964082360851018	-0.610322478160360	-0.011645222162626
25.000000000000000	1.002420065011469	-0.546553611428109	-0.005574838948544
25.000000000000000	1.036620123602333	-0.480474241926035	0.000522601071562
25.000000000000000	1.066544825058360	-0.412350447952824	0.006622545658784
25.000000000000000	1.092073673168526	-0.342456539982935	0.012700432489206
25.000000000000000	1.113103872271738	-0.271073956115146	0.018731788057717
25.000000000000000	1.129550741178685	-0.198490128820652	0.024692326224169
25.000000000000000	1.141348054153099	-0.124997327553959	0.030558046005101
25.000000000000000	1.148448307579419	-0.050891481886942	0.036305328217226
25.000000000000000	1.150822911243089	0.023529010095093	0.041911030583542
25.000000000000000	1.148462303453257	0.097964483337186	0.047352580919118
25.000000000000000	1.141375989544330	0.172115212460125	0.052608068021313
25.000000000000000	1.129592503601348	0.245682618648771	0.057656329898459
25.000000000000000	1.113159293563297	0.318370471923560	0.062477038981729
25.000000000000000	1.092142530167001	0.389886083954080	0.067050783977084
25.000000000000000	1.066626840500921	0.459941486611672	0.071359148027702
25.000000000000000	1.036714967241739	0.528254591515452	0.075384782872162
25.000000000000000	1.002527354945859	0.594550325902658	0.079111478699768
25.000000000000000	0.964201665061693	0.658561740249579	0.082524229421735
25.000000000000000	0.921892221615591	0.720031083183069	0.085609293095417
25.000000000000000	0.875769389803456	0.778710839354358	0.088354247258252
25.000000000000000	0.826018889990229	0.834364726095997	0.090748038948643
25.000000000000000	0.772841049879530	0.886768644848770	0.092781029212324
25.000000000000000	0.716449997864696	0.935711583527497	0.094445031915037
25.000000000000000	0.657072800809321	0.980996466192223	0.095733346705195
25.000000000000000	0.594948549729135	1.022440946603475	0.096640785993843
25.000000000000000	0.530327397056871	1.059878142466208	0.097163695843239
25.000000000000000	0.463469549366708	1.093157307405908	0.097299970679978
25.000000000000000	0.394644219614231	1.122144437971036	0.097049061773390
25.000000000000000	0.324128543110885	1.146722813217634	0.096411979445084
25.000000000000000	0.252206461597878	1.166793464703367	0.095391289000744
25.000000000000000	0.179167579913013	1.182275574998515	0.093991100400541
25.000000000000000	0.105305999854217	1.193106803109234	0.092217051709781
25.000000000000000	0.030919135935403	1.199243535502735	0.090076286396402
25.000000000000000	-0.043693482196810	1.200661061723592	0.087577424566751
25.000000000000000	-0.118231415863260	1.197353673894020	0.084730528255459
25.000000000000000	-0.192394527112772	1.189334689697487	0.081547060909177
25.000000000000000	-0.265884187271754	1.176636398753102	0.078039841227323
25.000000000000000	-0.338404479416461	1.159309932596715	0.074222991545705
25.000000000000000	-0.409663389926013	1.137425058792270	0.070111880970857
25.000000000000000	-0.479373984318175	1.111069900002448	0.065723063494074
25.000000000000000	-0.547255562633252	1.080350579149805	0.061074211334329
25.000000000000000	-0.613034789713747	1.045390792097224	0.056184043778486
25.000000000000000	-0.676446795828576	1.006331309568325	0.051072251805337
25.000000000000000	-0.737236243209988	0.963329410313451	0.045759418796983
25.000000000000000	-0.795158354208633	0.916558247803650	0.040266937656819
25.000000000000000	-0.849979896926768	0.866206153002757	0.034616924667858
25.000000000000000	-0.901480124360790	0.812475876025080	0.028832130438270
25.000000000000000	-0.949451663271506	0.755583769732238	0.022935848292711
25.000000000000000	-0.993701349202978	0.695758918556560	0.016951820478324
25.000000000000000	-1.034051004287611	0.633242216058922	0.010904142563093
25.000000000000000	-1.070338154705538	0.568285394935401	0.004817166411492
25.000000000000000	-1.102416684909352	0.501150013378556	-0.001284597871876
25.000000000000000	-1.130157425979836	0.432106401874902	-0.007376580635823
25.000000000000000	-1.153448675743623	0.361432574679451	-0.013434251615884
25.000000000000000	-1.172196648558416	0.289413110350434	-0.019433218709041
25.000000000000000	-1.186325852954669	0.216338005851882	-0.025349326192108
25.000000000000000	-1.195779395613094	0.142501508838207	-0.031158751988303
25.000000000000000	-1.200519210453973	0.068200932822752	-0.036838103590346
25.000000000000000	-1.200526211915831	-0.006264539998794	-0.042364512253827
25.000000000000000	-1.195800371806252	-0.080595063449503	-0.047715725081570
25.000000000000000	-1.186360719415402	-0.154491334745934	-0.052870194628195
25.000000000000000	-1.172245264891791	-0.227655799684806	-0.057807165664075
25.000000000000000	-1.153510846188825	-0.299793850788750	-0.062506758749322
25.000000000000000	-1.130232900198424	-0.370615013586648	-0.066950050281274
25.000000000000000	-1.102505158993286	-0.439834116251800	-0.071119148693163
25.000000000000000	-1.070439272400910	-0.507172437888225	-0.074997266497144
25.000000000000000	-1.034164358429149	-0.572358830841333	-0.078568787881575
25.000000000000000	-0.993826483353562	-0.635130812513834	-0.081819331590388
25.000000000000000	-0.949588073560077	-0.695235622290513	-0.084735808831328
25.000000000000000	-0.901627261511261	-0.752431239316017	-0.087306475979897
25.000000000000000	-0.850137168469766	-0.806487357027420	-0.089520981866789
25.000000000000000	-0.795325126867162	-0.857186310517469	-0.091370409458394
25.000000000000000	-0.737411845449413	-0.904323952994339	-0.092847311762544
25.000000000000000	-0.676630520560657	-0.947710477808713	-0.093945741814923
25.000000000000000	-0.613225897143832	-0.987171182738167	-0.094661276625396
25.000000000000000	-0.547453283239170	-1.022547173451361	-0.094991034987823
25.000000000000000	-0.479577521948831	-1.053696003319427	-0.094933689081665
25.000000000000000	-0.409871925007205	-1.080492246998272	-0.094489469818647
25.000000000000000	-0.338617172251019	-1.102828005472168	-0.093660165912956
25.000000000000000	-0.266100181420701	-1.120613340525009	-0.092449116678722
25.000000000000000	-0.192612952843904	-1.133776636889760	-0.090861198583781
25.000000000000000	-0.118451393653250	-1.142264890617863	-0.088902805613854
25.000000000000000	-0.043914126272738	-1.146043922507430	-0.086581823526229
25.000000000000000	0.030698714029356	-1.145098515730830	-0.083907598096596
25.000000000000000	0.105086687679271	-1.139432477107476	-0.080890897486909
25.000000000000000	0.178950260561891	-1.129068621775110	-0.077543868885798
25.000000000000000	0.251992010138905	-1.114048681321298	-0.073879989596127
25.000000000000000	0.323917823064397	-1.094433135745054	-0.069914012766651
25.000000000000000	0.394438079475485	-1.070300969925228	-0.065661907986297
25.000000000000000	0.463268819189284	-1.041749355576280	-0.061140796980260
25.000000000000000	0.530132885110349	-1.008893259972077	-0.056368884666865
25.000000000000000	0.594761039244471	-0.971864983013264	-0.051365385852780
25.000000000000000	0.656893046825056	-0.930813624502255	-0.046150447861776
25.000000000000000	0.716278724186681	-0.885904483770952	-0.040745069408563
25.000000000000000	0.772678946166417	-0.837318394078678	-0.035171016044378


