# n	x	y	z
1.000000000000000	-0.311672833498731	0.333003577665128	0.029469798976975
1.000000000000000	-0.333429940095145	0.311216456193923	0.030371866074289
1.000000000000000	-0.353764103138884	0.288090338674881	0.031144040054771
1.000000000000000	-0.372593444132187	0.263718345821031	0.031783211646334
1.000000000000000	-0.389842143964573	0.238198615045654	0.032286807130571
1.000000000000000	-0.405440748209637	0.211633905297551	0.032652798706209
1.000000000000000	-0.419326446793516	0.184131183287029	0.032879712654346
1.000000000000000	-0.431443326908882	0.155801192768711	0.032966635272601
1.000000000000000	-0.441742598156088	0.126758008615520	0.032913216554270
1.000000000000000	-0.450182789004886	0.097118577479431	0.032719671597676
1.000000000000000	-0.456729913785641	0.067002246888575	0.032386779740050
1.000000000000000	-0.461357609537626	0.036530284676870	0.031915881419411
1.000000000000000	-0.464047242163365	0.005825390681255	0.031308872777095
1.000000000000000	-0.464787981461563	-0.024988797327251	0.030568198022664
1.000000000000000	-0.463576844736506	-0.055788201489215	0.029696839591939
1.000000000000000	-0.460418708808323	-0.086448803474533	0.028698306137779
1.000000000000000	-0.455326290375751	-0.116847143860479	0.027576618401978
1.000000000000000	-0.448320094810482	-0.146860819259223	0.026336293025155
1.000000000000000	-0.439428333589264	-0.176368975193076	0.024982324359838
1.000000000000000	-0.428686810696242	-0.205252792732809	0.023520164359967
1.000000000000000	-0.416138778452954	-0.233395966939556	0.021955700627801
1.000000000000000	-0.401834763356493	-0.260685175183743	0.020295232706623
1.000000000000000	-0.385832362627140	-0.287010533455326	0.018545446714698
1.000000000000000	-0.368196012284684	-0.312266038827917	0.016713388422640
1.000000000000000	-0.348996727687315	-0.336349996295155	0.014806434882579
1.000000000000000	-0.328311817577837	-0.359165428260600	0.012832264723371
1.000000000000000	-0.306224572788653	-0.380620465032294	0.010798827231478
1.000000000000000	-0.282823930858972	-0.400628714749577	0.008714310341990
1.000000000000000	-0.258204117914735	-0.419109611252626	0.006587107668704
1.000000000000000	-0.232464269253258	-0.435988738493939	0.004425784706002
1.000000000000000	-0.205708030160383	-0.451198130185500	0.002239044338630
1.000000000000000	-0.178043138567487	-0.464676543475025	0.000035691798250
1.000000000000000	-0.149580991228865	-0.476369705549320	-0.002175400792117
1.000000000000000	-0.120436195166312	-0.486230532171741	-0.004385330143000
1.000000000000000	-0.090726106187098	-0.494219317273796	-0.006585197648885
1.000000000000000	-0.060570356333550	-0.500303892837472	-0.008766145219755
1.000000000000000	-0.030090372167046	-0.504459758424486	-0.010919390949494
1.000000000000000	0.000591114173897	-0.506670179830906	-0.013036264477523
1.000000000000000	0.031350559172623	-0.506926256469884	-0.015108241901282
1.000000000000000	0.062064105400477	-0.505226957211174	-0.017126980098976
1.000000000000000	0.092608080246954	-0.501579124533134	-0.019084350324386
1.000000000000000	0.122859493905653	-0.495997446970480	-0.020972470938454
1.000000000000000	0.152696534610818	-0.488504399968737	-0.022783739145868
1.000000000000000	0.181999059130327	-0.479130155383558	-0.024510861608833
1.000000000000000	0.210649076540083	-0.467912459989305	-0.026146883814768
1.000000000000000	0.238531223331823	-0.454896483486115	-0.027685218079673
1.000000000000000	0.265533227941245	-0.440134636617460	-0.029119670074409
1.000000000000000	0.291546362825978	-0.423686360130578	-0.030444463767074
1.000000000000000	0.316465882273015	-0.405617885429563	-0.031654264681046
1.000000000000000	0.340191444172730	-0.386001967884882	-0.032744201375034
1.000000000000000	0.362627514061144	-0.364917593873172	-0.033709885058660
1.000000000000000	0.383683749803486	-0.342449662726979	-0.034547427264561
1.000000000000000	0.403275365370089	-0.318688644875112	-0.035253455505879
1.000000000000000	0.421323472239806	-0.293730217550158	-0.035825126856075
1.000000000000000	0.437755397056239	-0.267674879530032	-0.036260139396389
1.000000000000000	0.452504974257698	-0.240627546464874	-0.036556741484857
1.000000000000000	0.465512812502563	-0.212697128418748	-0.036713738809552
1.000000000000000	0.476726533817258	-0.183996091327260	-0.036730499197659
1.000000000000000	0.486100984503862	-0.154640004136923	-0.036606955161010
1.000000000000000	0.493598416958113	-0.124747073449807	-0.036343604167837
1.000000000000000	0.499188641665692	-0.094437667547264	-0.035941506639642
1.000000000000000	0.502849148764734	-0.063833831709348	-0.035402281681251
1.000000000000000	0.504565198685106	-0.033058796781545	-0.034728100561258
1.000000000000000	0.504329881499448	-0.002236482967653	-0.033921677969084
1.000000000000000	0.502144144747011	0.028508999153144	-0.032986261083885
1.000000000000000	0.498016789618257	0.059053848375772	-0.031925616499310
1.000000000000000	0.491964435515564	0.089275071373025	-0.030744015056751
1.000000000000000	0.484011453132763	0.119050977946285	-0.029446214648181
1.000000000000000	0.474189866322954	0.148261671029003	-0.028037441057792
1.000000000000000	0.462539223149753	0.176789529469866	-0.026523366919617
1.000000000000000	0.449106436641195	0.204519681651665	-0.024910088875825
1.000000000000000	0.433945595887534	0.231340468038745	-0.023204103027704
1.000000000000000	0.417117748243559	0.257143890790557	-0.021412278778147
1.000000000000000	0.398690653512448	0.281826048630835	-0.019541831170992
1.000000000000000	0.378738511100956	0.305287555221372	-0.017600291838593
1.000000000000000	0.357341661244589	0.327433939355719	-0.015595478674585
1.000000000000000	0.334586261505834	0.348176025361395	-0.013535464353994
1.000000000000000	0.310563939848063	0.367430292178846	-0.011428543827420
1.000000000000000	0.285371425682062	0.385119209671272	-0.009283200920198
1.000000000000000	0.259110160370838	0.401171550811124	-0.007108074171032
1.000000000000000	0.231885888761048	0.415522678486204	-0.004911922047641
1.000000000000000	0.203808233385829	0.428114805770508	-0.002703587679510
1.000000000000000	0.174990253053542	0.438897228611773	-0.000491963249720
1.000000000000000	0.145547987599859	0.447826529998808	0.001714045810728
1.000000000000000	0.115599990636298	0.454866754786466	0.003905556681946
1.000000000000000	0.085266852176673	0.459989554474333	0.006073744923135
1.000000000000000	0.054670713063668	0.463174301356126	0.008209880005497
1.000000000000000	0.023934773150774	0.464408171580187	0.010305360466990
1.000000000000000	-0.006817204780037	0.463686196786612	0.012351748547383
1.000000000000000	-0.037461393367359	0.461011284113078	0.014340804164135
1.000000000000000	-0.067874399279423	0.456394204488826	0.016264518092304
1.000000000000000	-0.097933760075504	0.449853549263936	0.018115144214862
1.000000000000000	-0.127518437318940	0.441415655348513	0.019885230713582
1.000000000000000	-0.156509303956199	0.431114499163253	0.021567650074875
1.000000000000000	-0.184789623999479	0.418991559828386	0.023155627789770
1.000000000000000	-0.212245522581328	0.405095652141897	0.024642769632479
1.000000000000000	-0.238766444488545	0.389482730019564	0.026023087407677
1.000000000000000	-0.264245599329004	0.372215661188292	0.027291023062858
1.000000000000000	-0.288580391538871	0.353363974039960	0.028441471068649
1.000000000000000	-0.311672833498731	0.333003577665129	0.029469798976975


2.000000000000000	nan	nan	nan
2.000000000000000	nan	nan	nan
2.000000000000000	nan	nan	nan
2.000000000000000	nan	nan	nan
2.000000000000000	nan	nan	nan
2.000000000000000	nan	nan	nan
2.000000000000000	nan	nan	nan
2.000000000000000	nan	nan	nan
2.000000000000000	nan	nan	nan
2.000000000000000	nan	nan	nan
2.000000000000000	nan	nan	nan
2.000000000000000	nan	nan	nan
2.000000000000000	nan	nan	nan
2.000000000000000	nan	nan	nan
2.000000000000000	nan	nan	nan
2.000000000000000	nan	nan	nan
2.000000000000000	nan	nan	nan
2.000000000000000	nan	nan	nan
2.000000000000000	nan	nan	nan
2.000000000000000	nan	nan	nan
2.000000000000000	nan	nan	nan
2.000000000000000	nan	nan	nan
2.000000000000000	nan	nan	nan
2.000000000000000	nan	nan	nan
2.000000000000000	nan	nan	nan
2.000000000000000	nan	nan	nan
2.000000000000000	nan	nan	nan
2.000000000000000	nan	nan	nan
2.000000000000000	nan	nan	nan
2.000000000000000	nan	nan	nan
2.000000000000000	nan	nan	nan
2.000000000000000	nan	nan	nan
2.000000000000000	nan	nan	nan
2.000000000000000	nan	nan	nan
2.000000000000000	nan	nan	nan
2.000000000000000	nan	nan	nan
2.000000000000000	nan	nan	nan
2.000000000000000	nan	nan	nan
2.000000000000000	nan	nan	nan
2.000000000000000	nan	nan	nan
2.000000000000000	nan	nan	nan
2.000000000000000	nan	nan	nan
2.000000000000000	nan	nan	nan
2.000000000000000	nan	nan	nan
2.000000000000000	nan	nan	nan
2.000000000000000	nan	nan	nan
2.000000000000000	nan	nan	nan
2.000000000000000	nan	nan	nan
2.000000000000000	nan	nan	nan
2.000000000000000	nan	nan	nan
2.000000000000000	nan	nan	nan
2.000000000000000	nan	nan	nan
2.000000000000000	nan	nan	nan
2.000000000000000	nan	nan	nan
2.000000000000000	nan	nan	nan
2.000000000000000	nan	nan	nan
2.000000000000000	nan	nan	nan
2.000000000000000	nan	nan	nan
2.000000000000000	nan	nan	nan
2.000000000000000	nan	nan	nan
2.000000000000000	nan	nan	nan
2.000000000000000	nan	nan	nan
2.000000000000000	nan	nan	nan
2.000000000000000	nan	nan	nan
2.000000000000000	nan	nan	nan
2.000000000000000	nan	nan	nan
2.000000000000000	nan	nan	nan
2.000000000000000	nan	nan	nan
2.000000000000000	nan	nan	nan
2.000000000000000	nan	nan	nan
2.000000000000000	nan	nan	nan
2.000000000000000	nan	nan	nan
2.000000000000000	nan	nan	nan
2.000000000000000	nan	nan	nan
2.000000000000000	nan	nan	nan
2.000000000000000	nan	nan	nan
2.000000000000000	nan	nan	nan
2.000000000000000	nan	nan	nan
2.000000000000000	nan	nan	nan
2.000000000000000	nan	nan	nan
2.000000000000000	nan	nan	nan
2.000000000000000	nan	nan	nan
2.000000000000000	nan	nan	nan
2.000000000000000	nan	nan	nan
2.000000000000000	nan	nan	nan
2.000000000000000	nan	nan	nan
2.000000000000000	nan	nan	nan
2.000000000000000	nan	nan	nan
2.000000000000000	nan	nan	nan
2.000000000000000	nan	nan	nan
2.000000000000000	nan	nan	nan
2.000000000000000	nan	nan	nan
2.000000000000000	nan	nan	nan
2.000000000000000	nan	nan	nan
2.000000000000000	nan	nan	nan
2.000000000000000	nan	nan	nan
2.000000000000000	nan	nan	nan
2.000000000000000	nan	nan	nan
2.000000000000000	nan	nan	nan
2.000000000000000	nan	nan	nan


3.000000000000000	nan	nan	nan
3.000000000000000	nan	nan	nan
3.000000000000000	nan	nan	nan
3.000000000000000	nan	nan	nan
3.000000000000000	nan	nan	nan
3.000000000000000	nan	nan	nan
3.000000000000000	nan	nan	nan
3.000000000000000	nan	nan	nan
3.000000000000000	nan	nan	nan
3.000000000000000	nan	nan	nan
3.000000000000000	nan	nan	nan
3.000000000000000	nan	nan	nan
3.000000000000000	nan	nan	nan
3.000000000000000	nan	nan	nan
3.000000000000000	nan	nan	nan
3.000000000000000	nan	nan	nan
3.000000000000000	nan	nan	nan
3.000000000000000	nan	nan	nan
3.000000000000000	nan	nan	nan
3.000000000000000	nan	nan	nan
3.000000000000000	nan	nan	nan
3.000000000000000	nan	nan	nan
3.000000000000000	nan	nan	nan
3.000000000000000	nan	nan	nan
3.000000000000000	nan	nan	nan
3.000000000000000	nan	nan	nan
3.000000000000000	nan	nan	nan
3.000000000000000	nan	nan	nan
3.000000000000000	nan	nan	nan
3.000000000000000	nan	nan	nan
3.000000000000000	nan	nan	nan
3.000000000000000	nan	nan	nan
3.000000000000000	nan	nan	nan
3.000000000000000	nan	nan	nan
3.000000000000000	nan	nan	nan
3.000000000000000	nan	nan	nan
3.000000000000000	nan	nan	nan
3.000000000000000	nan	nan	nan
3.000000000000000	nan	nan	nan
3.000000000000000	nan	nan	nan
3.000000000000000	nan	nan	nan
3.000000000000000	nan	nan	nan
3.000000000000000	nan	nan	nan
3.000000000000000	nan	nan	nan
3.000000000000000	nan	nan	nan
3.000000000000000	nan	nan	nan
3.000000000000000	nan	nan	nan
3.000000000000000	nan	nan	nan
3.000000000000000	nan	nan	nan
3.000000000000000	nan	nan	nan
3.000000000000000	nan	nan	nan
3.000000000000000	nan	nan	nan
3.000000000000000	nan	nan	nan
3.000000000000000	nan	nan	nan
3.000000000000000	nan	nan	nan
3.000000000000000	nan	nan	nan
3.000000000000000	nan	nan	nan
3.000000000000000	nan	nan	nan
3.000000000000000	nan	nan	nan
3.000000000000000	nan	nan	nan
3.000000000000000	nan	nan	nan
3.000000000000000	nan	nan	nan
3.000000000000000	nan	nan	nan
3.000000000000000	nan	nan	nan
3.000000000000000	nan	nan	nan
3.000000000000000	nan	nan	nan
3.000000000000000	nan	nan	nan
3.000000000000000	nan	nan	nan
3.000000000000000	nan	nan	nan
3.000000000000000	nan	nan	nan
3.000000000000000	nan	nan	nan
3.000000000000000	nan	nan	nan
3.000000000000000	nan	nan	nan
3.000000000000000	nan	nan	nan
3.000000000000000	nan	nan	nan
3.000000000000000	nan	nan	nan
3.000000000000000	nan	nan	nan
3.000000000000000	nan	nan	nan
3.000000000000000	nan	nan	nan
3.000000000000000	nan	nan	nan
3.000000000000000	nan	nan	nan
3.000000000000000	nan	nan	nan
3.000000000000000	nan	nan	nan
3.000000000000000	nan	nan	nan
3.000000000000000	nan	nan	nan
3.000000000000000	nan	nan	nan
3.000000000000000	nan	nan	nan
3.000000000000000	nan	nan	nan
3.000000000000000	nan	nan	nan
3.000000000000000	nan	nan	nan
3.000000000000000	nan	nan	nan
3.000000000000000	nan	nan	nan
3.000000000000000	nan	nan	nan
3.000000000000000	nan	nan	nan
3.000000000000000	nan	nan	nan
3.000000000000000	nan	nan	nan
3.000000000000000	nan	nan	nan
3.000000000000000	nan	nan	nan
3.000000000000000	nan	nan	nan
3.000000000000000	nan	nan	nan


4.000000000000000	nan	nan	nan
4.000000000000000	nan	nan	nan
4.000000000000000	nan	nan	nan
4.000000000000000	nan	nan	nan
4.000000000000000	nan	nan	nan
4.000000000000000	nan	nan	nan
4.000000000000000	nan	nan	nan
4.000000000000000	nan	nan	nan
4.000000000000000	nan	nan	nan
4.000000000000000	nan	nan	nan
4.000000000000000	nan	nan	nan
4.000000000000000	nan	nan	nan
4.000000000000000	nan	nan	nan
4.000000000000000	nan	nan	nan
4.000000000000000	nan	nan	nan
4.000000000000000	nan	nan	nan
4.000000000000000	nan	nan	nan
4.000000000000000	nan	nan	nan
4.000000000000000	nan	nan	nan
4.000000000000000	nan	nan	nan
4.000000000000000	nan	nan	nan
4.000000000000000	nan	nan	nan
4.000000000000000	nan	nan	nan
4.000000000000000	nan	nan	nan
4.000000000000000	nan	nan	nan
4.000000000000000	nan	nan	nan
4.000000000000000	nan	nan	nan
4.000000000000000	nan	nan	nan
4.000000000000000	nan	nan	nan
4.000000000000000	nan	nan	nan
4.000000000000000	nan	nan	nan
4.000000000000000	nan	nan	nan
4.000000000000000	nan	nan	nan
4.000000000000000	nan	nan	nan
4.000000000000000	nan	nan	nan
4.000000000000000	nan	nan	nan
4.000000000000000	nan	nan	nan
4.000000000000000	nan	nan	nan
4.000000000000000	nan	nan	nan
4.000000000000000	nan	nan	nan
4.000000000000000	nan	nan	nan
4.000000000000000	nan	nan	nan
4.000000000000000	nan	nan	nan
4.000000000000000	nan	nan	nan
4.000000000000000	nan	nan	nan
4.000000000000000	nan	nan	nan
4.000000000000000	nan	nan	nan
4.000000000000000	nan	nan	nan
4.000000000000000	nan	nan	nan
4.000000000000000	nan	nan	nan
4.000000000000000	nan	nan	nan
4.000000000000000	nan	nan	nan
4.000000000000000	nan	nan	nan
4.000000000000000	nan	nan	nan
4.000000000000000	nan	nan	nan
4.000000000000000	nan	nan	nan
4.000000000000000	nan	nan	nan
4.000000000000000	nan	nan	nan
4.000000000000000	nan	nan	nan
4.000000000000000	nan	nan	nan
4.000000000000000	nan	nan	nan
4.000000000000000	nan	nan	nan
4.000000000000000	nan	nan	nan
4.000000000000000	nan	nan	nan
4.000000000000000	nan	nan	nan
4.000000000000000	nan	nan	nan
4.000000000000000	nan	nan	nan
4.000000000000000	nan	nan	nan
4.000000000000000	nan	nan	nan
4.000000000000000	nan	nan	nan
4.000000000000000	nan	nan	nan
4.000000000000000	nan	nan	nan
4.000000000000000	nan	nan	nan
4.000000000000000	nan	nan	nan
4.000000000000000	nan	nan	nan
4.000000000000000	nan	nan	nan
4.000000000000000	nan	nan	nan
4.000000000000000	nan	nan	nan
4.000000000000000	nan	nan	nan
4.000000000000000	nan	nan	nan
4.000000000000000	nan	nan	nan
4.000000000000000	nan	nan	nan
4.000000000000000	nan	nan	nan
4.000000000000000	nan	nan	nan
4.000000000000000	nan	nan	nan
4.000000000000000	nan	nan	nan
4.000000000000000	nan	nan	nan
4.000000000000000	nan	nan	nan
4.000000000000000	nan	nan	nan
4.000000000000000	nan	nan	nan
4.000000000000000	nan	nan	nan
4.000000000000000	nan	nan	nan
4.000000000000000	nan	nan	nan
4.000000000000000	nan	nan	nan
4.000000000000000	nan	nan	nan
4.000000000000000	nan	nan	nan
4.000000000000000	nan	nan	nan
4.000000000000000	nan	nan	nan
4.000000000000000	nan	nan	nan
4.000000000000000	nan	nan	nan


5.000000000000000	nan	nan	nan
5.000000000000000	nan	nan	nan
5.000000000000000	nan	nan	nan
5.000000000000000	nan	nan	nan
5.000000000000000	nan	nan	nan
5.000000000000000	nan	nan	nan
5.000000000000000	nan	nan	nan
5.000000000000000	nan	nan	nan
5.000000000000000	nan	nan	nan
5.000000000000000	nan	nan	nan
5.000000000000000	nan	nan	nan
5.000000000000000	nan	nan	nan
5.000000000000000	nan	nan	nan
5.000000000000000	nan	nan	nan
5.000000000000000	nan	nan	nan
5.000000000000000	nan	nan	nan
5.000000000000000	nan	nan	nan
5.000000000000000	nan	nan	nan
5.000000000000000	nan	nan	nan
5.000000000000000	nan	nan	nan
5.000000000000000	nan	nan	nan
5.000000000000000	nan	nan	nan
5.000000000000000	nan	nan	nan
5.000000000000000	nan	nan	nan
5.000000000000000	nan	nan	nan
5.000000000000000	nan	nan	nan
5.000000000000000	nan	nan	nan
5.000000000000000	nan	nan	nan
5.000000000000000	nan	nan	nan
5.000000000000000	nan	nan	nan
5.000000000000000	nan	nan	nan
5.000000000000000	nan	nan	nan
5.000000000000000	nan	nan	nan
5.000000000000000	nan	nan	nan
5.000000000000000	nan	nan	nan
5.000000000000000	nan	nan	nan
5.000000000000000	nan	nan	nan
5.000000000000000	nan	nan	nan
5.000000000000000	nan	nan	nan
5.000000000000000	nan	nan	nan
5.000000000000000	nan	nan	nan
5.000000000000000	nan	nan	nan
5.000000000000000	nan	nan	nan
5.000000000000000	nan	nan	nan
5.000000000000000	nan	nan	nan
5.000000000000000	nan	nan	nan
5.000000000000000	nan	nan	nan
5.000000000000000	nan	nan	nan
5.000000000000000	nan	nan	nan
5.000000000000000	nan	nan	nan
5.000000000000000	nan	nan	nan
5.000000000000000	nan	nan	nan
5.000000000000000	nan	nan	nan
5.000000000000000	nan	nan	nan
5.000000000000000	nan	nan	nan
5.000000000000000	nan	nan	nan
5.000000000000000	nan	nan	nan
5.000000000000000	nan	nan	nan
5.000000000000000	nan	nan	nan
5.000000000000000	nan	nan	nan
5.000000000000000	nan	nan	nan
5.000000000000000	nan	nan	nan
5.000000000000000	nan	nan	nan
5.000000000000000	nan	nan	nan
5.000000000000000	nan	nan	nan
5.000000000000000	nan	nan	nan
5.000000000000000	nan	nan	nan
5.000000000000000	nan	nan	nan
5.000000000000000	nan	nan	nan
5.000000000000000	nan	nan	nan
5.000000000000000	nan	nan	nan
5.000000000000000	nan	nan	nan
5.000000000000000	nan	nan	nan
5.000000000000000	nan	nan	nan
5.000000000000000	nan	nan	nan
5.000000000000000	nan	nan	nan
5.000000000000000	nan	nan	nan
5.000000000000000	nan	nan	nan
5.000000000000000	nan	nan	nan
5.000000000000000	nan	nan	nan
5.000000000000000	nan	nan	nan
5.000000000000000	nan	nan	nan
5.000000000000000	nan	nan	nan
5.000000000000000	nan	nan	nan
5.000000000000000	nan	nan	nan
5.000000000000000	nan	nan	nan
5.000000000000000	nan	nan	nan
5.000000000000000	nan	nan	nan
5.000000000000000	nan	nan	nan
5.000000000000000	nan	nan	nan
5.000000000000000	nan	nan	nan
5.000000000000000	nan	nan	nan
5.000000000000000	nan	nan	nan
5.000000000000000	nan	nan	nan
5.000000000000000	nan	nan	nan
5.000000000000000	nan	nan	nan
5.000000000000000	nan	nan	nan
5.000000000000000	nan	nan	nan
5.000000000000000	nan	nan	nan
5.000000000000000	nan	nan	nan


6.000000000000000	nan	nan	nan
6.000000000000000	nan	nan	nan
6.000000000000000	nan	nan	nan
6.000000000000000	nan	nan	nan
6.000000000000000	nan	nan	nan
6.000000000000000	nan	nan	nan
6.000000000000000	nan	nan	nan
6.000000000000000	nan	nan	nan
6.000000000000000	nan	nan	nan
6.000000000000000	nan	nan	nan
6.000000000000000	nan	nan	nan
6.000000000000000	nan	nan	nan
6.000000000000000	nan	nan	nan
6.000000000000000	nan	nan	nan
6.000000000000000	nan	nan	nan
6.000000000000000	nan	nan	nan
6.000000000000000	nan	nan	nan
6.000000000000000	nan	nan	nan
6.000000000000000	nan	nan	nan
6.000000000000000	nan	nan	nan
6.000000000000000	nan	nan	nan
6.000000000000000	nan	nan	nan
6.000000000000000	nan	nan	nan
6.000000000000000	nan	nan	nan
6.000000000000000	nan	nan	nan
6.000000000000000	nan	nan	nan
6.000000000000000	nan	nan	nan
6.000000000000000	nan	nan	nan
6.000000000000000	nan	nan	nan
6.000000000000000	nan	nan	nan
6.000000000000000	nan	nan	nan
6.000000000000000	nan	nan	nan
6.000000000000000	nan	nan	nan
6.000000000000000	nan	nan	nan
6.000000000000000	nan	nan	nan
6.000000000000000	nan	nan	nan
6.000000000000000	nan	nan	nan
6.000000000000000	nan	nan	nan
6.000000000000000	nan	nan	nan
6.000000000000000	nan	nan	nan
6.000000000000000	nan	nan	nan
6.000000000000000	nan	nan	nan
6.000000000000000	nan	nan	nan
6.000000000000000	nan	nan	nan
6.000000000000000	nan	nan	nan
6.000000000000000	nan	nan	nan
6.000000000000000	nan	nan	nan
6.000000000000000	nan	nan	nan
6.000000000000000	nan	nan	nan
6.000000000000000	nan	nan	nan
6.000000000000000	nan	nan	nan
6.000000000000000	nan	nan	nan
6.000000000000000	nan	nan	nan
6.000000000000000	nan	nan	nan
6.000000000000000	nan	nan	nan
6.000000000000000	nan	nan	nan
6.000000000000000	nan	nan	nan
6.000000000000000	nan	nan	nan
6.000000000000000	nan	nan	nan
6.000000000000000	nan	nan	nan
6.000000000000000	nan	nan	nan
6.000000000000000	nan	nan	nan
6.000000000000000	nan	nan	nan
6.000000000000000	nan	nan	nan
6.000000000000000	nan	nan	nan
6.000000000000000	nan	nan	nan
6.000000000000000	nan	nan	nan
6.000000000000000	nan	nan	nan
6.000000000000000	nan	nan	nan
6.000000000000000	nan	nan	nan
6.000000000000000	nan	nan	nan
6.000000000000000	nan	nan	nan
6.000000000000000	nan	nan	nan
6.000000000000000	nan	nan	nan
6.000000000000000	nan	nan	nan
6.000000000000000	nan	nan	nan
6.000000000000000	nan	nan	nan
6.000000000000000	nan	nan	nan
6.000000000000000	nan	nan	nan
6.000000000000000	nan	nan	nan
6.000000000000000	nan	nan	nan
6.000000000000000	nan	nan	nan
6.000000000000000	nan	nan	nan
6.000000000000000	nan	nan	nan
6.000000000000000	nan	nan	nan
6.000000000000000	nan	nan	nan
6.000000000000000	nan	nan	nan
6.000000000000000	nan	nan	nan
6.000000000000000	nan	nan	nan
6.000000000000000	nan	nan	nan
6.000000000000000	nan	nan	nan
6.000000000000000	nan	nan	nan
6.000000000000000	nan	nan	nan
6.000000000000000	nan	nan	nan
6.000000000000000	nan	nan	nan
6.000000000000000	nan	nan	nan
6.000000000000000	nan	nan	nan
6.000000000000000	nan	nan	nan
6.000000000000000	nan	nan	nan
6.000000000000000	nan	nan	nan


7.000000000000000	nan	nan	nan
7.000000000000000	nan	nan	nan
7.000000000000000	nan	nan	nan
7.000000000000000	nan	nan	nan
7.000000000000000	nan	nan	nan
7.000000000000000	nan	nan	nan
7.000000000000000	nan	nan	nan
7.000000000000000	nan	nan	nan
7.000000000000000	nan	nan	nan
7.000000000000000	nan	nan	nan
7.000000000000000	nan	nan	nan
7.000000000000000	nan	nan	nan
7.000000000000000	nan	nan	nan
7.000000000000000	nan	nan	nan
7.000000000000000	nan	nan	nan
7.000000000000000	nan	nan	nan
7.000000000000000	nan	nan	nan
7.000000000000000	nan	nan	nan
7.000000000000000	nan	nan	nan
7.000000000000000	nan	nan	nan
7.000000000000000	nan	nan	nan
7.000000000000000	nan	nan	nan
7.000000000000000	nan	nan	nan
7.000000000000000	nan	nan	nan
7.000000000000000	nan	nan	nan
7.000000000000000	nan	nan	nan
7.000000000000000	nan	nan	nan
7.000000000000000	nan	nan	nan
7.000000000000000	nan	nan	nan
7.000000000000000	nan	nan	nan
7.000000000000000	nan	nan	nan
7.000000000000000	nan	nan	nan
7.000000000000000	nan	nan	nan
7.000000000000000	nan	nan	nan
7.000000000000000	nan	nan	nan
7.000000000000000	nan	nan	nan
7.000000000000000	nan	nan	nan
7.000000000000000	nan	nan	nan
7.000000000000000	nan	nan	nan
7.000000000000000	nan	nan	nan
7.000000000000000	nan	nan	nan
7.000000000000000	nan	nan	nan
7.000000000000000	nan	nan	nan
7.000000000000000	nan	nan	nan
7.000000000000000	nan	nan	nan
7.000000000000000	nan	nan	nan
7.000000000000000	nan	nan	nan
7.000000000000000	nan	nan	nan
7.000000000000000	nan	nan	nan
7.000000000000000	nan	nan	nan
7.000000000000000	nan	nan	nan
7.000000000000000	nan	nan	nan
7.000000000000000	nan	nan	nan
7.000000000000000	nan	nan	nan
7.000000000000000	nan	nan	nan
7.000000000000000	nan	nan	nan
7.000000000000000	nan	nan	nan
7.000000000000000	nan	nan	nan
7.000000000000000	nan	nan	nan
7.000000000000000	nan	nan	nan
7.000000000000000	nan	nan	nan
7.000000000000000	nan	nan	nan
7.000000000000000	nan	nan	nan
7.000000000000000	nan	nan	nan
7.000000000000000	nan	nan	nan
7.000000000000000	nan	nan	nan
7.000000000000000	nan	nan	nan
7.000000000000000	nan	nan	nan
7.000000000000000	nan	nan	nan
7.000000000000000	nan	nan	nan
7.000000000000000	nan	nan	nan
7.000000000000000	nan	nan	nan
7.000000000000000	nan	nan	nan
7.000000000000000	nan	nan	nan
7.000000000000000	nan	nan	nan
7.000000000000000	nan	nan	nan
7.000000000000000	nan	nan	nan
7.000000000000000	nan	nan	nan
7.000000000000000	nan	nan	nan
7.000000000000000	nan	nan	nan
7.000000000000000	nan	nan	nan
7.000000000000000	nan	nan	nan
7.000000000000000	nan	nan	nan
7.000000000000000	nan	nan	nan
7.000000000000000	nan	nan	nan
7.000000000000000	nan	nan	nan
7.000000000000000	nan	nan	nan
7.000000000000000	nan	nan	nan
7.000000000000000	nan	nan	nan
7.000000000000000	nan	nan	nan
7.000000000000000	nan	nan	nan
7.000000000000000	nan	nan	nan
7.000000000000000	nan	nan	nan
7.000000000000000	nan	nan	nan
7.000000000000000	nan	nan	nan
7.000000000000000	nan	nan	nan
7.000000000000000	nan	nan	nan
7.000000000000000	nan	nan	nan
7.000000000000000	nan	nan	nan
7.000000000000000	nan	nan	nan


8.000000000000000	nan	nan	nan
8.000000000000000	nan	nan	nan
8.000000000000000	nan	nan	nan
8.000000000000000	nan	nan	nan
8.000000000000000	nan	nan	nan
8.000000000000000	nan	nan	nan
8.000000000000000	nan	nan	nan
8.000000000000000	nan	nan	nan
8.000000000000000	nan	nan	nan
8.000000000000000	nan	nan	nan
8.000000000000000	nan	nan	nan
8.000000000000000	nan	nan	nan
8.000000000000000	nan	nan	nan
8.000000000000000	nan	nan	nan
8.000000000000000	nan	nan	nan
8.000000000000000	nan	nan	nan
8.000000000000000	nan	nan	nan
8.000000000000000	nan	nan	nan
8.000000000000000	nan	nan	nan
8.000000000000000	nan	nan	nan
8.000000000000000	nan	nan	nan
8.000000000000000	nan	nan	nan
8.000000000000000	nan	nan	nan
8.000000000000000	nan	nan	nan
8.000000000000000	nan	nan	nan
8.000000000000000	nan	nan	nan
8.000000000000000	nan	nan	nan
8.000000000000000	nan	nan	nan
8.000000000000000	nan	nan	nan
8.000000000000000	nan	nan	nan
8.000000000000000	nan	nan	nan
8.000000000000000	nan	nan	nan
8.000000000000000	nan	nan	nan
8.000000000000000	nan	nan	nan
8.000000000000000	nan	nan	nan
8.000000000000000	nan	nan	nan
8.000000000000000	nan	nan	nan
8.000000000000000	nan	nan	nan
8.000000000000000	nan	nan	nan
8.000000000000000	nan	nan	nan
8.000000000000000	nan	nan	nan
8.000000000000000	nan	nan	nan
8.000000000000000	nan	nan	nan
8.000000000000000	nan	nan	nan
8.000000000000000	nan	nan	nan
8.000000000000000	nan	nan	nan
8.000000000000000	nan	nan	nan
8.000000000000000	nan	nan	nan
8.000000000000000	nan	nan	nan
8.000000000000000	nan	nan	nan
8.000000000000000	nan	nan	nan
8.000000000000000	nan	nan	nan
8.000000000000000	nan	nan	nan
8.000000000000000	nan	nan	nan
8.000000000000000	nan	nan	nan
8.000000000000000	nan	nan	nan
8.000000000000000	nan	nan	nan
8.000000000000000	nan	nan	nan
8.000000000000000	nan	nan	nan
8.000000000000000	nan	nan	nan
8.000000000000000	nan	nan	nan
8.000000000000000	nan	nan	nan
8.000000000000000	nan	nan	nan
8.000000000000000	nan	nan	nan
8.000000000000000	nan	nan	nan
8.000000000000000	nan	nan	nan
8.000000000000000	nan	nan	nan
8.000000000000000	nan	nan	nan
8.000000000000000	nan	nan	nan
8.000000000000000	nan	nan	nan
8.000000000000000	nan	nan	nan
8.000000000000000	nan	nan	nan
8.000000000000000	nan	nan	nan
8.000000000000000	nan	nan	nan
8.000000000000000	nan	nan	nan
8.000000000000000	nan	nan	nan
8.000000000000000	nan	nan	nan
8.000000000000000	nan	nan	nan
8.000000000000000	nan	nan	nan
8.000000000000000	nan	nan	nan
8.000000000000000	nan	nan	nan
8.000000000000000	nan	nan	nan
8.000000000000000	nan	nan	nan
8.000000000000000	nan	nan	nan
8.000000000000000	nan	nan	nan
8.000000000000000	nan	nan	nan
8.000000000000000	nan	nan	nan
8.000000000000000	nan	nan	nan
8.000000000000000	nan	nan	nan
8.000000000000000	nan	nan	nan
8.000000000000000	nan	nan	nan
8.000000000000000	nan	nan	nan
8.000000000000000	nan	nan	nan
8.000000000000000	nan	nan	nan
8.000000000000000	nan	nan	nan
8.000000000000000	nan	nan	nan
8.000000000000000	nan	nan	nan
8.000000000000000	nan	nan	nan
8.000000000000000	nan	nan	nan
8.000000000000000	nan	nan	nan


9.000000000000000	nan	nan	nan
9.000000000000000	nan	nan	nan
9.000000000000000	nan	nan	nan
9.000000000000000	nan	nan	nan
9.000000000000000	nan	nan	nan
9.000000000000000	nan	nan	nan
9.000000000000000	nan	nan	nan
9.000000000000000	nan	nan	nan
9.000000000000000	nan	nan	nan
9.000000000000000	nan	nan	nan
9.000000000000000	nan	nan	nan
9.000000000000000	nan	nan	nan
9.000000000000000	nan	nan	nan
9.000000000000000	nan	nan	nan
9.000000000000000	nan	nan	nan
9.000000000000000	nan	nan	nan
9.000000000000000	nan	nan	nan
9.000000000000000	nan	nan	nan
9.000000000000000	nan	nan	nan
9.000000000000000	nan	nan	nan
9.000000000000000	nan	nan	nan
9.000000000000000	nan	nan	nan
9.000000000000000	nan	nan	nan
9.000000000000000	nan	nan	nan
9.000000000000000	nan	nan	nan
9.000000000000000	nan	nan	nan
9.000000000000000	nan	nan	nan
9.000000000000000	nan	nan	nan
9.000000000000000	nan	nan	nan
9.000000000000000	nan	nan	nan
9.000000000000000	nan	nan	nan
9.000000000000000	nan	nan	nan
9.000000000000000	nan	nan	nan
9.000000000000000	nan	nan	nan
9.000000000000000	nan	nan	nan
9.000000000000000	nan	nan	nan
9.000000000000000	nan	nan	nan
9.000000000000000	nan	nan	nan
9.000000000000000	nan	nan	nan
9.000000000000000	nan	nan	nan
9.000000000000000	nan	nan	nan
9.000000000000000	nan	nan	nan
9.000000000000000	nan	nan	nan
9.000000000000000	nan	nan	nan
9.000000000000000	nan	nan	nan
9.000000000000000	nan	nan	nan
9.000000000000000	nan	nan	nan
9.000000000000000	nan	nan	nan
9.000000000000000	nan	nan	nan
9.000000000000000	nan	nan	nan
9.000000000000000	nan	nan	nan
9.000000000000000	nan	nan	nan
9.000000000000000	nan	nan	nan
9.000000000000000	nan	nan	nan
9.000000000000000	nan	nan	nan
9.000000000000000	nan	nan	nan
9.000000000000000	nan	nan	nan
9.000000000000000	nan	nan	nan
9.000000000000000	nan	nan	nan
9.000000000000000	nan	nan	nan
9.000000000000000	nan	nan	nan
9.000000000000000	nan	nan	nan
9.000000000000000	nan	nan	nan
9.000000000000000	nan	nan	nan
9.000000000000000	nan	nan	nan
9.000000000000000	nan	nan	nan
9.000000000000000	nan	nan	nan
9.000000000000000	nan	nan	nan
9.000000000000000	nan	nan	nan
9.000000000000000	nan	nan	nan
9.000000000000000	nan	nan	nan
9.000000000000000	nan	nan	nan
9.000000000000000	nan	nan	nan
9.000000000000000	nan	nan	nan
9.000000000000000	nan	nan	nan
9.000000000000000	nan	nan	nan
9.000000000000000	nan	nan	nan
9.000000000000000	nan	nan	nan
9.000000000000000	nan	nan	nan
9.000000000000000	nan	nan	nan
9.000000000000000	nan	nan	nan
9.000000000000000	nan	nan	nan
9.000000000000000	nan	nan	nan
9.000000000000000	nan	nan	nan
9.000000000000000	nan	nan	nan
9.000000000000000	nan	nan	nan
9.000000000000000	nan	nan	nan
9.000000000000000	nan	nan	nan
9.000000000000000	nan	nan	nan
9.000000000000000	nan	nan	nan
9.000000000000000	nan	nan	nan
9.000000000000000	nan	nan	nan
9.000000000000000	nan	nan	nan
9.000000000000000	nan	nan	nan
9.000000000000000	nan	nan	nan
9.000000000000000	nan	nan	nan
9.000000000000000	nan	nan	nan
9.000000000000000	nan	nan	nan
9.000000000000000	nan	nan	nan
9.000000000000000	nan	nan	nan


10.000000000000000	nan	nan	nan
10.000000000000000	nan	nan	nan
10.000000000000000	nan	nan	nan
10.000000000000000	nan	nan	nan
10.000000000000000	nan	nan	nan
10.000000000000000	nan	nan	nan
10.000000000000000	nan	nan	nan
10.000000000000000	nan	nan	nan
10.000000000000000	nan	nan	nan
10.000000000000000	nan	nan	nan
10.000000000000000	nan	nan	nan
10.000000000000000	nan	nan	nan
10.000000000000000	nan	nan	nan
10.000000000000000	nan	nan	nan
10.000000000000000	nan	nan	nan
10.000000000000000	nan	nan	nan
10.000000000000000	nan	nan	nan
10.000000000000000	nan	nan	nan
10.000000000000000	nan	nan	nan
10.000000000000000	nan	nan	nan
10.000000000000000	nan	nan	nan
10.000000000000000	nan	nan	nan
10.000000000000000	nan	nan	nan
10.000000000000000	nan	nan	nan
10.000000000000000	nan	nan	nan
10.000000000000000	nan	nan	nan
10.000000000000000	nan	nan	nan
10.000000000000000	nan	nan	nan
10.000000000000000	nan	nan	nan
10.000000000000000	nan	nan	nan
10.000000000000000	nan	nan	nan
10.000000000000000	nan	nan	nan
10.000000000000000	nan	nan	nan
10.000000000000000	nan	nan	nan
10.000000000000000	nan	nan	nan
10.000000000000000	nan	nan	nan
10.000000000000000	nan	nan	nan
10.000000000000000	nan	nan	nan
10.000000000000000	nan	nan	nan
10.000000000000000	nan	nan	nan
10.000000000000000	nan	nan	nan
10.000000000000000	nan	nan	nan
10.000000000000000	nan	nan	nan
10.000000000000000	nan	nan	nan
10.000000000000000	nan	nan	nan
10.000000000000000	nan	nan	nan
10.000000000000000	nan	nan	nan
10.000000000000000	nan	nan	nan
10.000000000000000	nan	nan	nan
10.000000000000000	nan	nan	nan
10.000000000000000	nan	nan	nan
10.000000000000000	nan	nan	nan
10.000000000000000	nan	nan	nan
10.000000000000000	nan	nan	nan
10.000000000000000	nan	nan	nan
10.000000000000000	nan	nan	nan
10.000000000000000	nan	nan	nan
10.000000000000000	nan	nan	nan
10.000000000000000	nan	nan	nan
10.000000000000000	nan	nan	nan
10.000000000000000	nan	nan	nan
10.000000000000000	nan	nan	nan
10.000000000000000	nan	nan	nan
10.000000000000000	nan	nan	nan
10.000000000000000	nan	nan	nan
10.000000000000000	nan	nan	nan
10.000000000000000	nan	nan	nan
10.000000000000000	nan	nan	nan
10.000000000000000	nan	nan	nan
10.000000000000000	nan	nan	nan
10.000000000000000	nan	nan	nan
10.000000000000000	nan	nan	nan
10.000000000000000	nan	nan	nan
10.000000000000000	nan	nan	nan
10.000000000000000	nan	nan	nan
10.000000000000000	nan	nan	nan
10.000000000000000	nan	nan	nan
10.000000000000000	nan	nan	nan
10.000000000000000	nan	nan	nan
10.000000000000000	nan	nan	nan
10.000000000000000	nan	nan	nan
10.000000000000000	nan	nan	nan
10.000000000000000	nan	nan	nan
10.000000000000000	nan	nan	nan
10.000000000000000	nan	nan	nan
10.000000000000000	nan	nan	nan
10.000000000000000	nan	nan	nan
10.000000000000000	nan	nan	nan
10.000000000000000	nan	nan	nan
10.000000000000000	nan	nan	nan
10.000000000000000	nan	nan	nan
10.000000000000000	nan	nan	nan
10.000000000000000	nan	nan	nan
10.000000000000000	nan	nan	nan
10.000000000000000	nan	nan	nan
10.000000000000000	nan	nan	nan
10.000000000000000	nan	nan	nan
10.000000000000000	nan	nan	nan
10.000000000000000	nan	nan	nan
10.000000000000000	nan	nan	nan


11.000000000000000	nan	nan	nan
11.000000000000000	nan	nan	nan
11.000000000000000	nan	nan	nan
11.000000000000000	nan	nan	nan
11.000000000000000	nan	nan	nan
11.000000000000000	nan	nan	nan
11.000000000000000	nan	nan	nan
11.000000000000000	nan	nan	nan
11.000000000000000	nan	nan	nan
11.000000000000000	nan	nan	nan
11.000000000000000	nan	nan	nan
11.000000000000000	nan	nan	nan
11.000000000000000	nan	nan	nan
11.000000000000000	nan	nan	nan
11.000000000000000	nan	nan	nan
11.000000000000000	nan	nan	nan
11.000000000000000	nan	nan	nan
11.000000000000000	nan	nan	nan
11.000000000000000	nan	nan	nan
11.000000000000000	nan	nan	nan
11.000000000000000	nan	nan	nan
11.000000000000000	nan	nan	nan
11.000000000000000	nan	nan	nan
11.000000000000000	nan	nan	nan
11.000000000000000	nan	nan	nan
11.000000000000000	nan	nan	nan
11.000000000000000	nan	nan	nan
11.000000000000000	nan	nan	nan
11.000000000000000	nan	nan	nan
11.000000000000000	nan	nan	nan
11.000000000000000	nan	nan	nan
11.000000000000000	nan	nan	nan
11.000000000000000	nan	nan	nan
11.000000000000000	nan	nan	nan
11.000000000000000	nan	nan	nan
11.000000000000000	nan	nan	nan
11.000000000000000	nan	nan	nan
11.000000000000000	nan	nan	nan
11.000000000000000	nan	nan	nan
11.000000000000000	nan	nan	nan
11.000000000000000	nan	nan	nan
11.000000000000000	nan	nan	nan
11.000000000000000	nan	nan	nan
11.000000000000000	nan	nan	nan
11.000000000000000	nan	nan	nan
11.000000000000000	nan	nan	nan
11.000000000000000	nan	nan	nan
11.000000000000000	nan	nan	nan
11.000000000000000	nan	nan	nan
11.000000000000000	nan	nan	nan
11.000000000000000	nan	nan	nan
11.000000000000000	nan	nan	nan
11.000000000000000	nan	nan	nan
11.000000000000000	nan	nan	nan
11.000000000000000	nan	nan	nan
11.000000000000000	nan	nan	nan
11.000000000000000	nan	nan	nan
11.000000000000000	nan	nan	nan
11.000000000000000	nan	nan	nan
11.000000000000000	nan	nan	nan
11.000000000000000	nan	nan	nan
11.000000000000000	nan	nan	nan
11.000000000000000	nan	nan	nan
11.000000000000000	nan	nan	nan
11.000000000000000	nan	nan	nan
11.000000000000000	nan	nan	nan
11.000000000000000	nan	nan	nan
11.000000000000000	nan	nan	nan
11.000000000000000	nan	nan	nan
11.000000000000000	nan	nan	nan
11.000000000000000	nan	nan	nan
11.000000000000000	nan	nan	nan
11.000000000000000	nan	nan	nan
11.000000000000000	nan	nan	nan
11.000000000000000	nan	nan	nan
11.000000000000000	nan	nan	nan
11.000000000000000	nan	nan	nan
11.000000000000000	nan	nan	nan
11.000000000000000	nan	nan	nan
11.000000000000000	nan	nan	nan
11.000000000000000	nan	nan	nan
11.000000000000000	nan	nan	nan
11.000000000000000	nan	nan	nan
11.000000000000000	nan	nan	nan
11.000000000000000	nan	nan	nan
11.000000000000000	nan	nan	nan
11.000000000000000	nan	nan	nan
11.000000000000000	nan	nan	nan
11.000000000000000	nan	nan	nan
11.000000000000000	nan	nan	nan
11.000000000000000	nan	nan	nan
11.000000000000000	nan	nan	nan
11.000000000000000	nan	nan	nan
11.000000000000000	nan	nan	nan
11.000000000000000	nan	nan	nan
11.000000000000000	nan	nan	nan
11.000000000000000	nan	nan	nan
11.000000000000000	nan	nan	nan
11.000000000000000	nan	nan	nan
11.000000000000000	nan	nan	nan


12.000000000000000	nan	nan	nan
12.000000000000000	nan	nan	nan
12.000000000000000	nan	nan	nan
12.000000000000000	nan	nan	nan
12.000000000000000	nan	nan	nan
12.000000000000000	nan	nan	nan
12.000000000000000	nan	nan	nan
12.000000000000000	nan	nan	nan
12.000000000000000	nan	nan	nan
12.000000000000000	nan	nan	nan
12.000000000000000	nan	nan	nan
12.000000000000000	nan	nan	nan
12.000000000000000	nan	nan	nan
12.000000000000000	nan	nan	nan
12.000000000000000	nan	nan	nan
12.000000000000000	nan	nan	nan
12.000000000000000	nan	nan	nan
12.000000000000000	nan	nan	nan
12.000000000000000	nan	nan	nan
12.000000000000000	nan	nan	nan
12.000000000000000	nan	nan	nan
12.000000000000000	nan	nan	nan
12.000000000000000	nan	nan	nan
12.000000000000000	nan	nan	nan
12.000000000000000	nan	nan	nan
12.000000000000000	nan	nan	nan
12.000000000000000	nan	nan	nan
12.000000000000000	nan	nan	nan
12.000000000000000	nan	nan	nan
12.000000000000000	nan	nan	nan
12.000000000000000	nan	nan	nan
12.000000000000000	nan	nan	nan
12.000000000000000	nan	nan	nan
12.000000000000000	nan	nan	nan
12.000000000000000	nan	nan	nan
12.000000000000000	nan	nan	nan
12.000000000000000	nan	nan	nan
12.000000000000000	nan	nan	nan
12.000000000000000	nan	nan	nan
12.000000000000000	nan	nan	nan
12.000000000000000	nan	nan	nan
12.000000000000000	nan	nan	nan
12.000000000000000	nan	nan	nan
12.000000000000000	nan	nan	nan
12.000000000000000	nan	nan	nan
12.000000000000000	nan	nan	nan
12.000000000000000	nan	nan	nan
12.000000000000000	nan	nan	nan
12.000000000000000	nan	nan	nan
12.000000000000000	nan	nan	nan
12.000000000000000	nan	nan	nan
12.000000000000000	nan	nan	nan
12.000000000000000	nan	nan	nan
12.000000000000000	nan	nan	nan
12.000000000000000	nan	nan	nan
12.000000000000000	nan	nan	nan
12.000000000000000	nan	nan	nan
12.000000000000000	nan	nan	nan
12.000000000000000	nan	nan	nan
12.000000000000000	nan	nan	nan
12.000000000000000	nan	nan	nan
12.000000000000000	nan	nan	nan
12.000000000000000	nan	nan	nan
12.000000000000000	nan	nan	nan
12.000000000000000	nan	nan	nan
12.000000000000000	nan	nan	nan
12.000000000000000	nan	nan	nan
12.000000000000000	nan	nan	nan
12.000000000000000	nan	nan	nan
12.000000000000000	nan	nan	nan
12.000000000000000	nan	nan	nan
12.000000000000000	nan	nan	nan
12.000000000000000	nan	nan	nan
12.000000000000000	nan	nan	nan
12.000000000000000	nan	nan	nan
12.000000000000000	nan	nan	nan
12.000000000000000	nan	nan	nan
12.000000000000000	nan	nan	nan
12.000000000000000	nan	nan	nan
12.000000000000000	nan	nan	nan
12.000000000000000	nan	nan	nan
12.000000000000000	nan	nan	nan
12.000000000000000	nan	nan	nan
12.000000000000000	nan	nan	nan
12.000000000000000	nan	nan	nan
12.000000000000000	nan	nan	nan
12.000000000000000	nan	nan	nan
12.000000000000000	nan	nan	nan
12.000000000000000	nan	nan	nan
12.000000000000000	nan	nan	nan
12.000000000000000	nan	nan	nan
12.000000000000000	nan	nan	nan
12.000000000000000	nan	nan	nan
12.000000000000000	nan	nan	nan
12.000000000000000	nan	nan	nan
12.000000000000000	nan	nan	nan
12.000000000000000	nan	nan	nan
12.000000000000000	nan	nan	nan
12.000000000000000	nan	nan	nan
12.000000000000000	nan	nan	nan


13.000000000000000	nan	nan	nan
13.000000000000000	nan	nan	nan
13.000000000000000	nan	nan	nan
13.000000000000000	nan	nan	nan
13.000000000000000	nan	nan	nan
13.000000000000000	nan	nan	nan
13.000000000000000	nan	nan	nan
13.000000000000000	nan	nan	nan
13.000000000000000	nan	nan	nan
13.000000000000000	nan	nan	nan
13.000000000000000	nan	nan	nan
13.000000000000000	nan	nan	nan
13.000000000000000	nan	nan	nan
13.000000000000000	nan	nan	nan
13.000000000000000	nan	nan	nan
13.000000000000000	nan	nan	nan
13.000000000000000	nan	nan	nan
13.000000000000000	nan	nan	nan
13.000000000000000	nan	nan	nan
13.000000000000000	nan	nan	nan
13.000000000000000	nan	nan	nan
13.000000000000000	nan	nan	nan
13.000000000000000	nan	nan	nan
13.000000000000000	nan	nan	nan
13.000000000000000	nan	nan	nan
13.000000000000000	nan	nan	nan
13.000000000000000	nan	nan	nan
13.000000000000000	nan	nan	nan
13.000000000000000	nan	nan	nan
13.000000000000000	nan	nan	nan
13.000000000000000	nan	nan	nan
13.000000000000000	nan	nan	nan
13.000000000000000	nan	nan	nan
13.000000000000000	nan	nan	nan
13.000000000000000	nan	nan	nan
13.000000000000000	nan	nan	nan
13.000000000000000	nan	nan	nan
13.000000000000000	nan	nan	nan
13.000000000000000	nan	nan	nan
13.000000000000000	nan	nan	nan
13.000000000000000	nan	nan	nan
13.000000000000000	nan	nan	nan
13.000000000000000	nan	nan	nan
13.000000000000000	nan	nan	nan
13.000000000000000	nan	nan	nan
13.000000000000000	nan	nan	nan
13.000000000000000	nan	nan	nan
13.000000000000000	nan	nan	nan
13.000000000000000	nan	nan	nan
13.000000000000000	nan	nan	nan
13.000000000000000	nan	nan	nan
13.000000000000000	nan	nan	nan
13.000000000000000	nan	nan	nan
13.000000000000000	nan	nan	nan
13.000000000000000	nan	nan	nan
13.000000000000000	nan	nan	nan
13.000000000000000	nan	nan	nan
13.000000000000000	nan	nan	nan
13.000000000000000	nan	nan	nan
13.000000000000000	nan	nan	nan
13.000000000000000	nan	nan	nan
13.000000000000000	nan	nan	nan
13.000000000000000	nan	nan	nan
13.000000000000000	nan	nan	nan
13.000000000000000	nan	nan	nan
13.000000000000000	nan	nan	nan
13.000000000000000	nan	nan	nan
13.000000000000000	nan	nan	nan
13.000000000000000	nan	nan	nan
13.000000000000000	nan	nan	nan
13.000000000000000	nan	nan	nan
13.000000000000000	nan	nan	nan
13.000000000000000	nan	nan	nan
13.000000000000000	nan	nan	nan
13.000000000000000	nan	nan	nan
13.000000000000000	nan	nan	nan
13.000000000000000	nan	nan	nan
13.000000000000000	nan	nan	nan
13.000000000000000	nan	nan	nan
13.000000000000000	nan	nan	nan
13.000000000000000	nan	nan	nan
13.000000000000000	nan	nan	nan
13.000000000000000	nan	nan	nan
13.000000000000000	nan	nan	nan
13.000000000000000	nan	nan	nan
13.000000000000000	nan	nan	nan
13.000000000000000	nan	nan	nan
13.000000000000000	nan	nan	nan
13.000000000000000	nan	nan	nan
13.000000000000000	nan	nan	nan
13.000000000000000	nan	nan	nan
13.000000000000000	nan	nan	nan
13.000000000000000	nan	nan	nan
13.000000000000000	nan	nan	nan
13.000000000000000	nan	nan	nan
13.000000000000000	nan	nan	nan
13.000000000000000	nan	nan	nan
13.000000000000000	nan	nan	nan
13.000000000000000	nan	nan	nan
13.000000000000000	nan	nan	nan


14.000000000000000	nan	nan	nan
14.000000000000000	nan	nan	nan
14.000000000000000	nan	nan	nan
14.000000000000000	nan	nan	nan
14.000000000000000	nan	nan	nan
14.000000000000000	nan	nan	nan
14.000000000000000	nan	nan	nan
14.000000000000000	nan	nan	nan
14.000000000000000	nan	nan	nan
14.000000000000000	nan	nan	nan
14.000000000000000	nan	nan	nan
14.000000000000000	nan	nan	nan
14.000000000000000	nan	nan	nan
14.000000000000000	nan	nan	nan
14.000000000000000	nan	nan	nan
14.000000000000000	nan	nan	nan
14.000000000000000	nan	nan	nan
14.000000000000000	nan	nan	nan
14.000000000000000	nan	nan	nan
14.000000000000000	nan	nan	nan
14.000000000000000	nan	nan	nan
14.000000000000000	nan	nan	nan
14.000000000000000	nan	nan	nan
14.000000000000000	nan	nan	nan
14.000000000000000	nan	nan	nan
14.000000000000000	nan	nan	nan
14.000000000000000	nan	nan	nan
14.000000000000000	nan	nan	nan
14.000000000000000	nan	nan	nan
14.000000000000000	nan	nan	nan
14.000000000000000	nan	nan	nan
14.000000000000000	nan	nan	nan
14.000000000000000	nan	nan	nan
14.000000000000000	nan	nan	nan
14.000000000000000	nan	nan	nan
14.000000000000000	nan	nan	nan
14.000000000000000	nan	nan	nan
14.000000000000000	nan	nan	nan
14.000000000000000	nan	nan	nan
14.000000000000000	nan	nan	nan
14.000000000000000	nan	nan	nan
14.000000000000000	nan	nan	nan
14.000000000000000	nan	nan	nan
14.000000000000000	nan	nan	nan
14.000000000000000	nan	nan	nan
14.000000000000000	nan	nan	nan
14.000000000000000	nan	nan	nan
14.000000000000000	nan	nan	nan
14.000000000000000	nan	nan	nan
14.000000000000000	nan	nan	nan
14.000000000000000	nan	nan	nan
14.000000000000000	nan	nan	nan
14.000000000000000	nan	nan	nan
14.000000000000000	nan	nan	nan
14.000000000000000	nan	nan	nan
14.000000000000000	nan	nan	nan
14.000000000000000	nan	nan	nan
14.000000000000000	nan	nan	nan
14.000000000000000	nan	nan	nan
14.000000000000000	nan	nan	nan
14.000000000000000	nan	nan	nan
14.000000000000000	nan	nan	nan
14.000000000000000	nan	nan	nan
14.000000000000000	nan	nan	nan
14.000000000000000	nan	nan	nan
14.000000000000000	nan	nan	nan
14.000000000000000	nan	nan	nan
14.000000000000000	nan	nan	nan
14.000000000000000	nan	nan	nan
14.000000000000000	nan	nan	nan
14.000000000000000	nan	nan	nan
14.000000000000000	nan	nan	nan
14.000000000000000	nan	nan	nan
14.000000000000000	nan	nan	nan
14.000000000000000	nan	nan	nan
14.000000000000000	nan	nan	nan
14.000000000000000	nan	nan	nan
14.000000000000000	nan	nan	nan
14.000000000000000	nan	nan	nan
14.000000000000000	nan	nan	nan
14.000000000000000	nan	nan	nan
14.000000000000000	nan	nan	nan
14.000000000000000	nan	nan	nan
14.000000000000000	nan	nan	nan
14.000000000000000	nan	nan	nan
14.000000000000000	nan	nan	nan
14.000000000000000	nan	nan	nan
14.000000000000000	nan	nan	nan
14.000000000000000	nan	nan	nan
14.000000000000000	nan	nan	nan
14.000000000000000	nan	nan	nan
14.000000000000000	nan	nan	nan
14.000000000000000	nan	nan	nan
14.000000000000000	nan	nan	nan
14.000000000000000	nan	nan	nan
14.000000000000000	nan	nan	nan
14.000000000000000	nan	nan	nan
14.000000000000000	nan	nan	nan
14.000000000000000	nan	nan	nan
14.000000000000000	nan	nan	nan


15.000000000000000	nan	nan	nan
15.000000000000000	nan	nan	nan
15.000000000000000	nan	nan	nan
15.000000000000000	nan	nan	nan
15.000000000000000	nan	nan	nan
15.000000000000000	nan	nan	nan
15.000000000000000	nan	nan	nan
15.000000000000000	nan	nan	nan
15.000000000000000	nan	nan	nan
15.000000000000000	nan	nan	nan
15.000000000000000	nan	nan	nan
15.000000000000000	nan	nan	nan
15.000000000000000	nan	nan	nan
15.000000000000000	nan	nan	nan
15.000000000000000	nan	nan	nan
15.000000000000000	nan	nan	nan
15.000000000000000	nan	nan	nan
15.000000000000000	nan	nan	nan
15.000000000000000	nan	nan	nan
15.000000000000000	nan	nan	nan
15.000000000000000	nan	nan	nan
15.000000000000000	nan	nan	nan
15.000000000000000	nan	nan	nan
15.000000000000000	nan	nan	nan
15.000000000000000	nan	nan	nan
15.000000000000000	nan	nan	nan
15.000000000000000	nan	nan	nan
15.000000000000000	nan	nan	nan
15.000000000000000	nan	nan	nan
15.000000000000000	nan	nan	nan
15.000000000000000	nan	nan	nan
15.000000000000000	nan	nan	nan
15.000000000000000	nan	nan	nan
15.000000000000000	nan	nan	nan
15.000000000000000	nan	nan	nan
15.000000000000000	nan	nan	nan
15.000000000000000	nan	nan	nan
15.000000000000000	nan	nan	nan
15.000000000000000	nan	nan	nan
15.000000000000000	nan	nan	nan
15.000000000000000	nan	nan	nan
15.000000000000000	nan	nan	nan
15.000000000000000	nan	nan	nan
15.000000000000000	nan	nan	nan
15.000000000000000	nan	nan	nan
15.000000000000000	nan	nan	nan
15.000000000000000	nan	nan	nan
15.000000000000000	nan	nan	nan
15.000000000000000	nan	nan	nan
15.000000000000000	nan	nan	nan
15.000000000000000	nan	nan	nan
15.000000000000000	nan	nan	nan
15.000000000000000	nan	nan	nan
15.000000000000000	nan	nan	nan
15.000000000000000	nan	nan	nan
15.000000000000000	nan	nan	nan
15.000000000000000	nan	nan	nan
15.000000000000000	nan	nan	nan
15.000000000000000	nan	nan	nan
15.000000000000000	nan	nan	nan
15.000000000000000	nan	nan	nan
15.000000000000000	nan	nan	nan
15.000000000000000	nan	nan	nan
15.000000000000000	nan	nan	nan
15.000000000000000	nan	nan	nan
15.000000000000000	nan	nan	nan
15.000000000000000	nan	nan	nan
15.000000000000000	nan	nan	nan
15.000000000000000	nan	nan	nan
15.000000000000000	nan	nan	nan
15.000000000000000	nan	nan	nan
15.000000000000000	nan	nan	nan
15.000000000000000	nan	nan	nan
15.000000000000000	nan	nan	nan
15.000000000000000	nan	nan	nan
15.000000000000000	nan	nan	nan
15.000000000000000	nan	nan	nan
15.000000000000000	nan	nan	nan
15.000000000000000	nan	nan	nan
15.000000000000000	nan	nan	nan
15.000000000000000	nan	nan	nan
15.000000000000000	nan	nan	nan
15.000000000000000	nan	nan	nan
15.000000000000000	nan	nan	nan
15.000000000000000	nan	nan	nan
15.000000000000000	nan	nan	nan
15.000000000000000	nan	nan	nan
15.000000000000000	nan	nan	nan
15.000000000000000	nan	nan	nan
15.000000000000000	nan	nan	nan
15.000000000000000	nan	nan	nan
15.000000000000000	nan	nan	nan
15.000000000000000	nan	nan	nan
15.000000000000000	nan	nan	nan
15.000000000000000	nan	nan	nan
15.000000000000000	nan	nan	nan
15.000000000000000	nan	nan	nan
15.000000000000000	nan	nan	nan
15.000000000000000	nan	nan	nan
15.000000000000000	nan	nan	nan


16.000000000000000	nan	nan	nan
16.000000000000000	nan	nan	nan
16.000000000000000	nan	nan	nan
16.000000000000000	nan	nan	nan
16.000000000000000	nan	nan	nan
16.000000000000000	nan	nan	nan
16.000000000000000	nan	nan	nan
16.000000000000000	nan	nan	nan
16.000000000000000	nan	nan	nan
16.000000000000000	nan	nan	nan
16.000000000000000	nan	nan	nan
16.000000000000000	nan	nan	nan
16.000000000000000	nan	nan	nan
16.000000000000000	nan	nan	nan
16.000000000000000	nan	nan	nan
16.000000000000000	nan	nan	nan
16.000000000000000	nan	nan	nan
16.000000000000000	nan	nan	nan
16.000000000000000	nan	nan	nan
16.000000000000000	nan	nan	nan
16.000000000000000	nan	nan	nan
16.000000000000000	nan	nan	nan
16.000000000000000	nan	nan	nan
16.000000000000000	nan	nan	nan
16.000000000000000	nan	nan	nan
16.000000000000000	nan	nan	nan
16.000000000000000	nan	nan	nan
16.000000000000000	nan	nan	nan
16.000000000000000	nan	nan	nan
16.000000000000000	nan	nan	nan
16.000000000000000	nan	nan	nan
16.000000000000000	nan	nan	nan
16.000000000000000	nan	nan	nan
16.000000000000000	nan	nan	nan
16.000000000000000	nan	nan	nan
16.000000000000000	nan	nan	nan
16.000000000000000	nan	nan	nan
16.000000000000000	nan	nan	nan
16.000000000000000	nan	nan	nan
16.000000000000000	nan	nan	nan
16.000000000000000	nan	nan	nan
16.000000000000000	nan	nan	nan
16.000000000000000	nan	nan	nan
16.000000000000000	nan	nan	nan
16.000000000000000	nan	nan	nan
16.000000000000000	nan	nan	nan
16.000000000000000	nan	nan	nan
16.000000000000000	nan	nan	nan
16.000000000000000	nan	nan	nan
16.000000000000000	nan	nan	nan
16.000000000000000	nan	nan	nan
16.000000000000000	nan	nan	nan
16.000000000000000	nan	nan	nan
16.000000000000000	nan	nan	nan
16.000000000000000	nan	nan	nan
16.000000000000000	nan	nan	nan
16.000000000000000	nan	nan	nan
16.000000000000000	nan	nan	nan
16.000000000000000	nan	nan	nan
16.000000000000000	nan	nan	nan
16.000000000000000	nan	nan	nan
16.000000000000000	nan	nan	nan
16.000000000000000	nan	nan	nan
16.000000000000000	nan	nan	nan
16.000000000000000	nan	nan	nan
16.000000000000000	nan	nan	nan
16.000000000000000	nan	nan	nan
16.000000000000000	nan	nan	nan
16.000000000000000	nan	nan	nan
16.000000000000000	nan	nan	nan
16.000000000000000	nan	nan	nan
16.000000000000000	nan	nan	nan
16.000000000000000	nan	nan	nan
16.000000000000000	nan	nan	nan
16.000000000000000	nan	nan	nan
16.000000000000000	nan	nan	nan
16.000000000000000	nan	nan	nan
16.000000000000000	nan	nan	nan
16.000000000000000	nan	nan	nan
16.000000000000000	nan	nan	nan
16.000000000000000	nan	nan	nan
16.000000000000000	nan	nan	nan
16.000000000000000	nan	nan	nan
16.000000000000000	nan	nan	nan
16.000000000000000	nan	nan	nan
16.000000000000000	nan	nan	nan
16.000000000000000	nan	nan	nan
16.000000000000000	nan	nan	nan
16.000000000000000	nan	nan	nan
16.000000000000000	nan	nan	nan
16.000000000000000	nan	nan	nan
16.000000000000000	nan	nan	nan
16.000000000000000	nan	nan	nan
16.000000000000000	nan	nan	nan
16.000000000000000	nan	nan	nan
16.000000000000000	nan	nan	nan
16.000000000000000	nan	nan	nan
16.000000000000000	nan	nan	nan
16.000000000000000	nan	nan	nan
16.000000000000000	nan	nan	nan


17.000000000000000	nan	nan	nan
17.000000000000000	nan	nan	nan
17.000000000000000	nan	nan	nan
17.000000000000000	nan	nan	nan
17.000000000000000	nan	nan	nan
17.000000000000000	nan	nan	nan
17.000000000000000	nan	nan	nan
17.000000000000000	nan	nan	nan
17.000000000000000	nan	nan	nan
17.000000000000000	nan	nan	nan
17.000000000000000	nan	nan	nan
17.000000000000000	nan	nan	nan
17.000000000000000	nan	nan	nan
17.000000000000000	nan	nan	nan
17.000000000000000	nan	nan	nan
17.000000000000000	nan	nan	nan
17.000000000000000	nan	nan	nan
17.000000000000000	nan	nan	nan
17.000000000000000	nan	nan	nan
17.000000000000000	nan	nan	nan
17.000000000000000	nan	nan	nan
17.000000000000000	nan	nan	nan
17.000000000000000	nan	nan	nan
17.000000000000000	nan	nan	nan
17.000000000000000	nan	nan	nan
17.000000000000000	nan	nan	nan
17.000000000000000	nan	nan	nan
17.000000000000000	nan	nan	nan
17.000000000000000	nan	nan	nan
17.000000000000000	nan	nan	nan
17.000000000000000	nan	nan	nan
17.000000000000000	nan	nan	nan
17.000000000000000	nan	nan	nan
17.000000000000000	nan	nan	nan
17.000000000000000	nan	nan	nan
17.000000000000000	nan	nan	nan
17.000000000000000	nan	nan	nan
17.000000000000000	nan	nan	nan
17.000000000000000	nan	nan	nan
17.000000000000000	nan	nan	nan
17.000000000000000	nan	nan	nan
17.000000000000000	nan	nan	nan
17.000000000000000	nan	nan	nan
17.000000000000000	nan	nan	nan
17.000000000000000	nan	nan	nan
17.000000000000000	nan	nan	nan
17.000000000000000	nan	nan	nan
17.000000000000000	nan	nan	nan
17.000000000000000	nan	nan	nan
17.000000000000000	nan	nan	nan
17.000000000000000	nan	nan	nan
17.000000000000000	nan	nan	nan
17.000000000000000	nan	nan	nan
17.000000000000000	nan	nan	nan
17.000000000000000	nan	nan	nan
17.000000000000000	nan	nan	nan
17.000000000000000	nan	nan	nan
17.000000000000000	nan	nan	nan
17.000000000000000	nan	nan	nan
17.000000000000000	nan	nan	nan
17.000000000000000	nan	nan	nan
17.000000000000000	nan	nan	nan
17.000000000000000	nan	nan	nan
17.000000000000000	nan	nan	nan
17.000000000000000	nan	nan	nan
17.000000000000000	nan	nan	nan
17.000000000000000	nan	nan	nan
17.000000000000000	nan	nan	nan
17.000000000000000	nan	nan	nan
17.000000000000000	nan	nan	nan
17.000000000000000	nan	nan	nan
17.000000000000000	nan	nan	nan
17.000000000000000	nan	nan	nan
17.000000000000000	nan	nan	nan
17.000000000000000	nan	nan	nan
17.000000000000000	nan	nan	nan
17.000000000000000	nan	nan	nan
17.000000000000000	nan	nan	nan
17.000000000000000	nan	nan	nan
17.000000000000000	nan	nan	nan
17.000000000000000	nan	nan	nan
17.000000000000000	nan	nan	nan
17.000000000000000	nan	nan	nan
17.000000000000000	nan	nan	nan
17.000000000000000	nan	nan	nan
17.000000000000000	nan	nan	nan
17.000000000000000	nan	nan	nan
17.000000000000000	nan	nan	nan
17.000000000000000	nan	nan	nan
17.000000000000000	nan	nan	nan
17.000000000000000	nan	nan	nan
17.000000000000000	nan	nan	nan
17.000000000000000	nan	nan	nan
17.000000000000000	nan	nan	nan
17.000000000000000	nan	nan	nan
17.000000000000000	nan	nan	nan
17.000000000000000	nan	nan	nan
17.000000000000000	nan	nan	nan
17.000000000000000	nan	nan	nan
17.000000000000000	nan	nan	nan


18.000000000000000	nan	nan	nan
18.000000000000000	nan	nan	nan
18.000000000000000	nan	nan	nan
18.000000000000000	nan	nan	nan
18.000000000000000	nan	nan	nan
18.000000000000000	nan	nan	nan
18.000000000000000	nan	nan	nan
18.000000000000000	nan	nan	nan
18.000000000000000	nan	nan	nan
18.000000000000000	nan	nan	nan
18.000000000000000	nan	nan	nan
18.000000000000000	nan	nan	nan
18.000000000000000	nan	nan	nan
18.000000000000000	nan	nan	nan
18.000000000000000	nan	nan	nan
18.000000000000000	nan	nan	nan
18.000000000000000	nan	nan	nan
18.000000000000000	nan	nan	nan
18.000000000000000	nan	nan	nan
18.000000000000000	nan	nan	nan
18.000000000000000	nan	nan	nan
18.000000000000000	nan	nan	nan
18.000000000000000	nan	nan	nan
18.000000000000000	nan	nan	nan
18.000000000000000	nan	nan	nan
18.000000000000000	nan	nan	nan
18.000000000000000	nan	nan	nan
18.000000000000000	nan	nan	nan
18.000000000000000	nan	nan	nan
18.000000000000000	nan	nan	nan
18.000000000000000	nan	nan	nan
18.000000000000000	nan	nan	nan
18.000000000000000	nan	nan	nan
18.000000000000000	nan	nan	nan
18.000000000000000	nan	nan	nan
18.000000000000000	nan	nan	nan
18.000000000000000	nan	nan	nan
18.000000000000000	nan	nan	nan
18.000000000000000	nan	nan	nan
18.000000000000000	nan	nan	nan
18.000000000000000	nan	nan	nan
18.000000000000000	nan	nan	nan
18.000000000000000	nan	nan	nan
18.000000000000000	nan	nan	nan
18.000000000000000	nan	nan	nan
18.000000000000000	nan	nan	nan
18.000000000000000	nan	nan	nan
18.000000000000000	nan	nan	nan
18.000000000000000	nan	nan	nan
18.000000000000000	nan	nan	nan
18.000000000000000	nan	nan	nan
18.000000000000000	nan	nan	nan
18.000000000000000	nan	nan	nan
18.000000000000000	nan	nan	nan
18.000000000000000	nan	nan	nan
18.000000000000000	nan	nan	nan
18.000000000000000	nan	nan	nan
18.000000000000000	nan	nan	nan
18.000000000000000	nan	nan	nan
18.000000000000000	nan	nan	nan
18.000000000000000	nan	nan	nan
18.000000000000000	nan	nan	nan
18.000000000000000	nan	nan	nan
18.000000000000000	nan	nan	nan
18.000000000000000	nan	nan	nan
18.000000000000000	nan	nan	nan
18.000000000000000	nan	nan	nan
18.000000000000000	nan	nan	nan
18.000000000000000	nan	nan	nan
18.000000000000000	nan	nan	nan
18.000000000000000	nan	nan	nan
18.000000000000000	nan	nan	nan
18.000000000000000	nan	nan	nan
18.000000000000000	nan	nan	nan
18.000000000000000	nan	nan	nan
18.000000000000000	nan	nan	nan
18.000000000000000	nan	nan	nan
18.000000000000000	nan	nan	nan
18.000000000000000	nan	nan	nan
18.000000000000000	nan	nan	nan
18.000000000000000	nan	nan	nan
18.000000000000000	nan	nan	nan
18.000000000000000	nan	nan	nan
18.000000000000000	nan	nan	nan
18.000000000000000	nan	nan	nan
18.000000000000000	nan	nan	nan
18.000000000000000	nan	nan	nan
18.000000000000000	nan	nan	nan
18.000000000000000	nan	nan	nan
18.000000000000000	nan	nan	nan
18.000000000000000	nan	nan	nan
18.000000000000000	nan	nan	nan
18.000000000000000	nan	nan	nan
18.000000000000000	nan	nan	nan
18.000000000000000	nan	nan	nan
18.000000000000000	nan	nan	nan
18.000000000000000	nan	nan	nan
18.000000000000000	nan	nan	nan
18.000000000000000	nan	nan	nan
18.000000000000000	nan	nan	nan


19.000000000000000	1.429657390278073	0.766542262750150	-0.147371328948261
19.000000000000000	1.375735366703962	0.862892593724568	-0.129995598855455
19.000000000000000	1.315786308169292	0.955507012208679	-0.112046176884790
19.000000000000000	1.250051608374134	1.044012592626931	-0.093595339023403
19.000000000000000	1.178795957753912	1.128052954244472	-0.074717380283255
19.000000000000000	1.102306277664434	1.207289696186590	-0.055488315541335
19.000000000000000	1.020890565050865	1.281403760059599	-0.035985573454579
19.000000000000000	0.934876652252731	1.350096714686379	-0.016287684682000
19.000000000000000	0.844610886938797	1.413091957783398	0.003526034330562
19.000000000000000	0.750456737487242	1.470135829740484	0.023375800729773
19.000000000000000	0.652793329426786	1.520998635018543	0.043181686512194
19.000000000000000	0.552013918831999	1.565475567052432	0.062863940366143
19.000000000000000	0.448524308819880	1.603387532934707	0.082343308802079
19.000000000000000	0.342741215523935	1.634581874559550	0.101541355278433
19.000000000000000	0.235090590125383	1.658932983323088	0.120380776037875
19.000000000000000	0.126005903698087	1.676342805904902	0.138785711382263
19.000000000000000	0.015926401773529	1.686741239094144	0.156682051132873
19.000000000000000	-0.094704664345915	1.690086412070421	0.173997733045929
19.000000000000000	-0.205441822403526	1.686364855002818	0.190663032981831
19.000000000000000	-0.315839172947799	1.675591553288144	0.206610845659650
19.000000000000000	-0.425452184812147	1.657809887210036	0.221776954866414
19.000000000000000	-0.533839485085022	1.633091457261861	0.236100292033131
19.000000000000000	-0.640564636362847	1.601535795836805	0.249523182136364
19.000000000000000	-0.745197894129405	1.563269966446052	0.261991575935191
19.000000000000000	-0.847317937185325	1.518448052078873	0.273455267608427
19.000000000000000	-0.946513564159854	1.467250534764809	0.283868096915742
19.000000000000000	-1.042385349273644	1.409883568836240	0.293188135068659
19.000000000000000	-1.134547250685391	1.346578150817647	0.301377853562986
19.000000000000000	-1.222628164946078	1.277589189284136	0.308404275292856
19.000000000000000	-1.306273421301588	1.203194478434581	0.314239107337894
19.000000000000000	-1.385146209826649	1.123693579512422	0.318858854888823
19.000000000000000	-1.458928937639531	1.039406614578272	0.322244915852767
19.000000000000000	-1.527324507736483	0.950672977491362	0.324383655757312
19.000000000000000	-1.590057515296517	0.857849967290257	0.325266462651718
19.000000000000000	-1.646875356639412	0.761311349475733	0.324889781784203
19.000000000000000	-1.697549246371583	0.661445850989025	0.323255129915673
19.000000000000000	-1.741875138624113	0.558655594945635	0.320369089212261
19.000000000000000	-1.779674548673448	0.453354481427469	0.316243280741271
19.000000000000000	-1.810795271636386	0.345966520853292	0.310894317677238
19.000000000000000	-1.835111995345419	0.236924126638425	0.304343738406536
19.000000000000000	-1.852526804936609	0.126666374018539	0.296617919799902
19.000000000000000	-1.862969577118180	0.015637232048645	0.287747971002086
19.000000000000000	-1.866398262532267	-0.095716224103585	0.277769608166305
19.000000000000000	-1.862799055072842	-0.206945613371738	0.266723010637895
19.000000000000000	-1.852186447478026	-0.317603054262947	0.254652659166277
19.000000000000000	-1.834603172972950	-0.427242968318601	0.241607156796671
19.000000000000000	-1.810120033198138	-0.535423874301520	0.227639033162792
19.000000000000000	-1.778835613116291	-0.641710165885088	0.212804532968549
19.000000000000000	-1.740875884045438	-0.745673865686183	0.197163389510482
19.000000000000000	-1.696393696416898	-0.846896348579045	0.180778584152852
19.000000000000000	-1.645568164300540	-0.944970027350911	0.163716092723919
19.000000000000000	-1.588603944175643	-1.039499993911857	0.146044619854567
19.000000000000000	-1.525730410851480	-1.130105609450308	0.127835322329004
19.000000000000000	-1.457200733855929	-1.216422037131176	0.109161522561510
19.000000000000000	-1.383290858011127	-1.298101711165038	0.090098413352944
19.000000000000000	-1.304298392301071	-1.374815736332888	0.070722755115886
19.000000000000000	-1.220541411505276	-1.446255212331115	0.051112566787538
19.000000000000000	-1.132357175423905	-1.512132477603991	0.031346811675003
19.000000000000000	-1.040100770851578	-1.572182267655233	0.011505079497921
19.000000000000000	-0.944143681768186	-1.626162783174503	-0.008332734091247
19.000000000000000	-0.844872293504011	-1.673856663677893	-0.028086749218811
19.000000000000000	-0.742686336902376	-1.715071862741872	-0.047677423437908
19.000000000000000	-0.637997278744617	-1.749642421306457	-0.067025872017864
19.000000000000000	-0.531226664918586	-1.777429135933773	-0.086054185585162
19.000000000000000	-0.422804423002137	-1.798320119331164	-0.104685743836992
19.000000000000000	-0.313167131096513	-1.812231250881829	-0.122845524064166
19.000000000000000	-0.202756259880419	-1.819106515368862	-0.140460403241090
19.000000000000000	-0.092016394963413	-1.818918228528756	-0.157459452466380
19.000000000000000	0.018606553303428	-1.811667148526160	-0.173774222568515
19.000000000000000	0.128667145351115	-1.797382472901021	-0.189339019726490
19.000000000000000	0.237722206020674	-1.776121721000396	-0.204091169995648
19.000000000000000	0.345332609073089	-1.747970502368337	-0.217971271673535
19.000000000000000	0.451065045395691	-1.713042172026480	-0.230923434489588
19.000000000000000	0.554493767785014	-1.671477374033373	-0.242895504655534
19.000000000000000	0.655202305280520	-1.623443475160499	-0.253839274870281
19.000000000000000	0.752785140146162	-1.569133890965353	-0.263710678433710
19.000000000000000	0.846849340747192	-1.508767306975261	-0.272469966687721
19.000000000000000	0.937016143747163	-1.442586798117941	-0.280081869070052
19.000000000000000	1.022922479254207	-1.370858849944561	-0.286515735136383
19.000000000000000	1.104222432775339	-1.293872285586485	-0.291745657978857
19.000000000000000	1.180588638092044	-1.211937102766455	-0.295750578544057
19.000000000000000	1.251713595448488	-1.125383225547174	-0.298514370430378
19.000000000000000	1.317310909744506	-1.034559175843553	-0.300025904823357
19.000000000000000	1.377116443747592	-0.939830670047966	-0.300279095307480
19.000000000000000	1.430889381680306	-0.841579146419416	-0.299272922374030
19.000000000000000	1.478413198900416	-0.740200229166291	-0.297011437526287
19.000000000000000	1.519496533769213	-0.636102135407314	-0.293503746965556
19.000000000000000	1.553973958197285	-0.529704031425279	-0.288763974923708
19.000000000000000	1.581706643765055	-0.421434344832372	-0.282811206789882
19.000000000000000	1.602582920735818	-0.311729039443391	-0.275669412260361
19.000000000000000	1.616518727710366	-0.201029859803337	-0.267367348821062
19.000000000000000	1.623457950112568	-0.089782552438032	-0.257938445951296
19.000000000000000	1.623372646142967	0.021564929009807	-0.247420670515045
19.000000000000000	1.616263159290538	0.132564227531791	-0.235856373881807
19.000000000000000	1.602158116949590	0.242768388129280	-0.223292121392580
19.000000000000000	1.581114315147341	0.351733657543421	-0.209778504857663
19.000000000000000	1.553216489846371	0.459021271092897	-0.195369938841293
19.000000000000000	1.518576975742804	0.564199219424437	-0.180124441553407
19.000000000000000	1.477335253934133	0.666843988062012	-0.164103401230778
19.000000000000000	1.429657390278073	0.766542262750150	-0.147371328948261


20.000000000000000	0.551563187284273	0.449325076814870	-0.009929567570116
20.000000000000000	0.520303232968149	0.485259318980998	-0.011757519625621
20.000000000000000	0.486821021540074	0.519135987607158	-0.013535838736211
20.000000000000000	0.451251374048131	0.550818673305351	-0.015257364238474
20.000000000000000	0.413737516908685	0.580179801082478	-0.016915164156814
20.000000000000000	0.374430505184153	0.607101144039807	-0.018502563116070
20.000000000000000	0.333488614337587	0.631474299430969	-0.020013169220897
20.000000000000000	0.291076702913240	0.653201125161557	-0.021440899793668
20.000000000000000	0.247365548709397	0.672194134972703	-0.022780005867276
20.000000000000000	0.202531161116458	0.688376850717360	-0.024025095334191
20.000000000000000	0.156754072389243	0.701684110310814	-0.025171154658577
20.000000000000000	0.110218610707317	0.712062330115396	-0.026213569064029
20.000000000000000	0.063112157950472	0.719469720702882	-0.027148141115650
20.000000000000000	0.015624395178032	0.723876455125767	-0.027971107621640
20.000000000000000	-0.032053461149830	0.725264789019861	-0.028679154786339
20.000000000000000	-0.079729429133283	0.723629132054576	-0.029269431553717
20.000000000000000	-0.127211534476193	0.718976070443216	-0.029739561087565
20.000000000000000	-0.174308583498858	0.711324340422620	-0.030087650342180
20.000000000000000	-0.220830933007474	0.700704752808951	-0.030312297684990
20.000000000000000	-0.266591253920343	0.687160068933413	-0.030412598540433
20.000000000000000	-0.311405285575968	0.670744828457460	-0.030388149032365
20.000000000000000	-0.355092577685706	0.651525129760833	-0.030239047610325
20.000000000000000	-0.397477216943389	0.629578363786708	-0.029965894653116
20.000000000000000	-0.438388535366120	0.604992902415691	-0.029569790051288
20.000000000000000	-0.477661797514005	0.577867742623437	-0.029052328778271
20.000000000000000	-0.515138863821629	0.548312107854772	-0.028415594467976
20.000000000000000	-0.550668827370267	0.516445008219434	-0.027662151024740
20.000000000000000	-0.584108621536788	0.482394761280359	-0.026795032299384
20.000000000000000	-0.615323596072452	0.446298475364149	-0.025817729872973
20.000000000000000	-0.644188059291932	0.408301497474229	-0.024734178997444
20.000000000000000	-0.670585784189378	0.368556828029766	-0.023548742749741
20.000000000000000	-0.694410476443539	0.327224504786978	-0.022266194463240
20.000000000000000	-0.715566202427485	0.284470958423578	-0.020891698507224
20.000000000000000	-0.733967775499459	0.240468342381174	-0.019430789491788
20.000000000000000	-0.749541099019423	0.195393839664121	-0.017889349981919
20.000000000000000	-0.762223464710067	0.149428949386093	-0.016273586810482
20.000000000000000	-0.771963805160919	0.102758755937220	-0.014590006085493
20.000000000000000	-0.778722899458774	0.055571183714566	-0.012845386992324
20.000000000000000	-0.782473531116476	0.008056240416912	-0.011046754496310
20.000000000000000	-0.783200597664102	-0.039594748049185	-0.009201351055697
20.000000000000000	-0.780901171461276	-0.087189907971292	-0.007316607458815
20.000000000000000	-0.775584511485751	-0.134537590438818	-0.005400112902922
20.000000000000000	-0.767272026050765	-0.181447143045535	-0.003459584435179
20.000000000000000	-0.755997186601326	-0.227729677579531	-0.001502835878828
20.000000000000000	-0.741805392936511	-0.273198830609369	0.000462253630316
20.000000000000000	-0.724753790400504	-0.317671513903853	0.002427771370367
20.000000000000000	-0.704911039778461	-0.360968651663711	0.004385802895102
20.000000000000000	-0.682357040823761	-0.402915901596640	0.006328463902646
20.000000000000000	-0.657182610529902	-0.443344356932181	0.008247931982773
20.000000000000000	-0.629489117442518	-0.482091226549669	0.010136478114987
20.000000000000000	-0.599388073484026	-0.519000490480620	0.011986497790565
20.000000000000000	-0.567000684934473	-0.553923528146078	0.013790541633226
20.000000000000000	-0.532457364376619	-0.586719716799235	0.015541345395142
20.000000000000000	-0.495897205570501	-0.617256997763593	0.017231859207499
20.000000000000000	-0.457467423371952	-0.645412408186653	0.018855275967830
20.000000000000000	-0.417322760950333	-0.671072576167917	0.020405058749818
20.000000000000000	-0.375624866692406	-0.694134177267522	0.021874967125184
20.000000000000000	-0.332541643301338	-0.714504350557287	0.023259082291696
20.000000000000000	-0.288246571711768	-0.732101072538901	0.024551830906094
20.000000000000000	-0.242918012543319	-0.746853487423597	0.025748007525976
20.000000000000000	-0.196738487905328	-0.758702192443407	0.026842795570275
20.000000000000000	-0.149893946444738	-0.767599477045142	0.027831786713935
20.000000000000000	-0.102573014596522	-0.773509515003954	0.028710998638681
20.000000000000000	-0.054966237051604	-0.776408508682893	0.029476891068403
20.000000000000000	-0.007265309500642	-0.776284784857595	0.030126380024603
20.000000000000000	0.040337693256861	-0.773138841720237	0.030656850244489
20.000000000000000	0.087651090729984	-0.766983346873493	0.031066165711710
20.000000000000000	0.134484368566072	-0.757843086322567	0.031352678257346
20.000000000000000	0.180648945684791	-0.745754864670700	0.031515234196499
20.000000000000000	0.225958933627586	-0.730767356920020	0.031553178973773
20.000000000000000	0.270231885064888	-0.712940912474493	0.031466359798944
20.000000000000000	0.313289528447121	-0.692347312134168	0.031255126262187
20.000000000000000	0.354958485841313	-0.669069479059232	0.030920328926399
20.000000000000000	0.395070971062835	-0.643201144867714	0.030463315902289
20.000000000000000	0.433465465291153	-0.614846472211333	0.029885927420004
20.000000000000000	0.469987367449105	-0.584119635349273	0.029190488419176
20.000000000000000	0.504489616726881	-0.551144360408731	0.028379799187211
20.000000000000000	0.536833284743992	-0.516053427183475	0.027457124083519
20.000000000000000	0.566888134964830	-0.478988134476477	0.026426178395090
20.000000000000000	0.594533147115228	-0.440097731139504	0.025291113376344
20.000000000000000	0.619657004488389	-0.399538815100669	0.024056499533499
20.000000000000000	0.642158542177983	-0.357474702799843	0.022727308220750
20.000000000000000	0.661947154433509	-0.314074771570995	0.021308891622384
20.000000000000000	0.678943159497683	-0.269513777619449	0.019806961201422
20.000000000000000	0.693078120456745	-0.223971152340322	0.018227564701571
20.000000000000000	0.704295120811760	-0.177630279811627	0.016577061795098
20.000000000000000	0.712548993661267	-0.130677758371315	0.014862098474673
20.000000000000000	0.717806503572457	-0.083302649251628	0.013089580292301
20.000000000000000	0.720046480408520	-0.035695715296239	0.011266644553105
20.000000000000000	0.719259904573324	0.011951347174383	0.009400631575911
20.000000000000000	0.715449943330141	0.059446680256403	0.007499055136381
20.000000000000000	0.708631938048195	0.106599037006681	0.005569572211688
20.000000000000000	0.698833342428384	0.153218551526715	0.003619952148570
20.000000000000000	0.686093611956915	0.199117503485599	0.001658045378916
20.000000000000000	0.670464045031988	0.244111074003545	-0.000308248191156
20.000000000000000	0.652007576403252	0.288018089852276	-0.002271010991431
20.000000000000000	0.630798523755780	0.330661752975679	-0.004222339668856
20.000000000000000	0.606922288458979	0.371870352393169	-0.006154376911558
20.000000000000000	0.580475011685422	0.411477955619211	-0.008059343087459
20.000000000000000	0.551563187284274	0.449325076814870	-0.009929567570116


21.000000000000000	nan	nan	nan
21.000000000000000	nan	nan	nan
21.000000000000000	nan	nan	nan
21.000000000000000	nan	nan	nan
21.000000000000000	nan	nan	nan
21.000000000000000	nan	nan	nan
21.000000000000000	nan	nan	nan
21.000000000000000	nan	nan	nan
21.000000000000000	nan	nan	nan
21.000000000000000	nan	nan	nan
21.000000000000000	nan	nan	nan
21.000000000000000	nan	nan	nan
21.000000000000000	nan	nan	nan
21.000000000000000	nan	nan	nan
21.000000000000000	nan	nan	nan
21.000000000000000	nan	nan	nan
21.000000000000000	nan	nan	nan
21.000000000000000	nan	nan	nan
21.000000000000000	nan	nan	nan
21.000000000000000	nan	nan	nan
21.000000000000000	nan	nan	nan
21.000000000000000	nan	nan	nan
21.000000000000000	nan	nan	nan
21.000000000000000	nan	nan	nan
21.000000000000000	nan	nan	nan
21.000000000000000	nan	nan	nan
21.000000000000000	nan	nan	nan
21.000000000000000	nan	nan	nan
21.000000000000000	nan	nan	nan
21.000000000000000	nan	nan	nan
21.000000000000000	nan	nan	nan
21.000000000000000	nan	nan	nan
21.000000000000000	nan	nan	nan
21.000000000000000	nan	nan	nan
21.000000000000000	nan	nan	nan
21.000000000000000	nan	nan	nan
21.000000000000000	nan	nan	nan
21.000000000000000	nan	nan	nan
21.000000000000000	nan	nan	nan
21.000000000000000	nan	nan	nan
21.000000000000000	nan	nan	nan
21.000000000000000	nan	nan	nan
21.000000000000000	nan	nan	nan
21.000000000000000	nan	nan	nan
21.000000000000000	nan	nan	nan
21.000000000000000	nan	nan	nan
21.000000000000000	nan	nan	nan
21.000000000000000	nan	nan	nan
21.000000000000000	nan	nan	nan
21.000000000000000	nan	nan	nan
21.000000000000000	nan	nan	nan
21.000000000000000	nan	nan	nan
21.000000000000000	nan	nan	nan
21.000000000000000	nan	nan	nan
21.000000000000000	nan	nan	nan
21.000000000000000	nan	nan	nan
21.000000000000000	nan	nan	nan
21.000000000000000	nan	nan	nan
21.000000000000000	nan	nan	nan
21.000000000000000	nan	nan	nan
21.000000000000000	nan	nan	nan
21.000000000000000	nan	nan	nan
21.000000000000000	nan	nan	nan
21.000000000000000	nan	nan	nan
21.000000000000000	nan	nan	nan
21.000000000000000	nan	nan	nan
21.000000000000000	nan	nan	nan
21.000000000000000	nan	nan	nan
21.000000000000000	nan	nan	nan
21.000000000000000	nan	nan	nan
21.000000000000000	nan	nan	nan
21.000000000000000	nan	nan	nan
21.000000000000000	nan	nan	nan
21.000000000000000	nan	nan	nan
21.000000000000000	nan	nan	nan
21.000000000000000	nan	nan	nan
21.000000000000000	nan	nan	nan
21.000000000000000	nan	nan	nan
21.000000000000000	nan	nan	nan
21.000000000000000	nan	nan	nan
21.000000000000000	nan	nan	nan
21.000000000000000	nan	nan	nan
21.000000000000000	nan	nan	nan
21.000000000000000	nan	nan	nan
21.000000000000000	nan	nan	nan
21.000000000000000	nan	nan	nan
21.000000000000000	nan	nan	nan
21.000000000000000	nan	nan	nan
21.000000000000000	nan	nan	nan
21.000000000000000	nan	nan	nan
21.000000000000000	nan	nan	nan
21.000000000000000	nan	nan	nan
21.000000000000000	nan	nan	nan
21.000000000000000	nan	nan	nan
21.000000000000000	nan	nan	nan
21.000000000000000	nan	nan	nan
21.000000000000000	nan	nan	nan
21.000000000000000	nan	nan	nan
21.000000000000000	nan	nan	nan
21.000000000000000	nan	nan	nan


22.000000000000000	-0.418786415091922	-1.518724794722671	0.096952405898547
22.000000000000000	-0.312842493435114	-1.543912582813848	0.103465254450579
22.000000000000000	-0.205481755404157	-1.562313821736514	0.109525112702334
22.000000000000000	-0.097136504798801	-1.573854416196130	0.115107579743420
22.000000000000000	0.011756990296550	-1.578487896291989	0.120190176949360
22.000000000000000	0.120760254210427	-1.576195604635103	0.124752438495078
22.000000000000000	0.229434369271071	-1.566986771474923	0.128775993763549
22.000000000000000	0.337341743172985	-1.550898477532386	0.132244641317798
22.000000000000000	0.444047871006701	-1.527995504688935	0.135144414138359
22.000000000000000	0.549123084856695	-1.498370075132749	0.137463635863542
22.000000000000000	0.652144283922436	-1.462141480012539	0.139192967806015
22.000000000000000	0.752696638195976	-1.419455599094199	0.140325446556401
22.000000000000000	0.850375258835982	-1.370484313354471	0.140856512022475
22.000000000000000	0.944786828512199	-1.315424812876917	0.140784025791040
22.000000000000000	1.035551185155513	-1.254498802837055	0.140108279738568
22.000000000000000	1.122302852736438	-1.187951610773859	0.138831994855910
22.000000000000000	1.204692512908086	-1.116051198742350	0.136960310291834
22.000000000000000	1.282388411587862	-1.039087084324977	0.134500762659478
22.000000000000000	1.355077694814066	-0.957369174846494	0.131463255689076
22.000000000000000	1.422467668498375	-0.871226519486544	0.127860020349130
22.000000000000000	1.484286977001635	-0.781005984314749	0.123705565596613
22.000000000000000	1.540286695787243	-0.687070855583468	0.119016619954525
22.000000000000000	1.590241333752400	-0.589799376902286	0.113812064152033
22.000000000000000	1.633949741201199	-0.489583226184488	0.108112855098437
22.000000000000000	1.671235919803455	-0.386825938498349	0.101941941497096
22.000000000000000	1.701949731277859	-0.281941281173837	0.095324171439098
22.000000000000000	1.725967501945853	-0.175351587707612	0.088286192348764
22.000000000000000	1.743192520721879	-0.067486057175094	0.080856343683882
22.000000000000000	1.753555428534790	0.041220974002730	0.073064542822705
22.000000000000000	1.757014497612346	0.150331780978776	0.064942164597235
22.000000000000000	1.753555799504230	0.259407013043330	0.056521914957841
22.000000000000000	1.743193261166996	0.368007462734293	0.047837699277948
22.000000000000000	1.725968608885135	0.475695834370609	0.038924485829059
22.000000000000000	1.701951200254053	0.582038504887642	0.029818164975869
22.000000000000000	1.671237744901512	0.686607269884199	0.020555404658434
22.000000000000000	1.633951915072094	0.788981067850536	0.011173502743320
22.000000000000000	1.590243847642722	0.888747675634434	0.001710236838255
22.000000000000000	1.540289539574442	0.985505368318352	-0.007796287824963
22.000000000000000	1.484290139234785	1.078864536823875	-0.017307791826782
22.000000000000000	1.422471136444278	1.168449256729969	-0.026785975697615
22.000000000000000	1.355081454508528	1.253898801987940	-0.036192674136278
22.000000000000000	1.282392447891920	1.334869097437920	-0.045490009688195
22.000000000000000	1.204696809568969	1.411034104278092	-0.054640545264536
22.000000000000000	1.122307392453010	1.482087132907876	-0.063607434888158
22.000000000000000	1.035555949647936	1.547742077858703	-0.072354572059355
22.000000000000000	0.944791798595543	1.607734569839760	-0.080846735143987
22.000000000000000	0.850380414497478	1.661823040259815	-0.089049729198567
22.000000000000000	0.752701958675593	1.709789693938675	-0.096930523661233
22.000000000000000	0.652149747796480	1.751441386091508	-0.104457385354162
22.000000000000000	0.549128670124075	1.786610400054718	-0.111600006261876
22.000000000000000	0.444053555177516	1.815155122621761	-0.118329625570921
22.000000000000000	0.337347503359086	1.836960614269541	-0.124619145479518
22.000000000000000	0.229440182278220	1.851939071979305	-0.130443240310843
22.000000000000000	0.120766096631698	1.860030182788408	-0.135778458490586
22.000000000000000	0.011762838606573	1.861201366649330	-0.140603316978170
22.000000000000000	-0.097130674149105	1.855447907618024	-0.144898387771370
22.000000000000000	-0.205475965892759	1.842792972843363	-0.148646376136020
22.000000000000000	-0.312836768374330	1.823287519281204	-0.151832190245804
22.000000000000000	-0.418780777534553	1.797010088508712	-0.154443001951716
22.000000000000000	-0.522881394240816	1.764066490465154	-0.156468298436486
22.000000000000000	-0.624719442051308	1.724589377392613	-0.157899924545985
22.000000000000000	-0.723884855090601	1.678737709692231	-0.158732115627153
22.000000000000000	-0.819978329240199	1.626696115846778	-0.158961520740224
22.000000000000000	-0.912612929995295	1.568674148986912	-0.158587216151774
22.000000000000000	-1.001415650513454	1.504905443094687	-0.157610709054273
22.000000000000000	-1.086028913581515	1.435646772241963	-0.156035931497150
22.000000000000000	-1.166112011452829	1.361177016651847	-0.153869224553820
22.000000000000000	-1.241342477757096	1.281796039746466	-0.151119312788418
22.000000000000000	-1.311417385958634	1.197823480702796	-0.147797269125058
22.000000000000000	-1.376054569134618	1.109597467378515	-0.143916470261079
22.000000000000000	-1.434993756161690	1.017473254790455	-0.139492542803802
22.000000000000000	-1.487997619735910	0.921821794628046	-0.134543300347700
22.000000000000000	-1.534852732006047	0.823028241561772	-0.129088671745339
22.000000000000000	-1.575370423972210	0.721490402361264	-0.123150620860924
22.000000000000000	-1.609387545189319	0.617617134067832	-0.116753058129568
22.000000000000000	-1.636767120716362	0.511826697671474	-0.109921744278411
22.000000000000000	-1.657398902666143	0.404545073921481	-0.102684186597261
22.000000000000000	-1.671199814134609	0.296204248052315	-0.095069528176450
22.000000000000000	-1.678114283722223	0.187240470331528	-0.087108430557892
22.000000000000000	-1.678114469300374	0.078092499433921	-0.078832950271878
22.000000000000000	-1.671200370121804	-0.030800164284802	-0.070276409756738
22.000000000000000	-1.657399826823617	-0.138999048500832	-0.061473263181152
22.000000000000000	-1.636768409322859	-0.246068474495551	-0.052458957709362
22.000000000000000	-1.609389193056076	-0.351577311479967	-0.043269790767961
22.000000000000000	-1.575372424463849	-0.455100712606229	-0.033942763888962
22.000000000000000	-1.534855077067294	-0.556221825675943	-0.024515433717691
22.000000000000000	-1.488000299924031	-0.654533471656842	-0.015025760785431
22.000000000000000	-1.434996760684514	-0.749639784249043	-0.005511956655759
22.000000000000000	-1.376057885893993	-0.841157803898920	0.003987669939934
22.000000000000000	-1.311421001599138	-0.928719019842058	0.013434867358179
22.000000000000000	-1.241346377719822	-1.011970853966037	0.022791595069304
22.000000000000000	-1.166116180034004	-1.090578080518057	0.032020176833215
22.000000000000000	-1.086033333995735	-1.164224175940724	0.041083452408317
22.000000000000000	-1.001420304961268	-1.232612593400702	0.049944927182699
22.000000000000000	-0.912617799734887	-1.295467956878144	0.058568919125044
22.000000000000000	-0.819983394662845	-1.352537170008736	0.066920702463585
22.000000000000000	-0.723890095799631	-1.403590435213424	0.074966647514529
22.000000000000000	-0.624724836944239	-1.448422179012161	0.082674356096921
22.000000000000000	-0.522886921594317	-1.486851879795754	0.090012791988687
22.000000000000000	-0.418786415091922	-1.518724794722671	0.096952405898547


23.000000000000000	nan	nan	nan
23.000000000000000	nan	nan	nan
23.000000000000000	nan	nan	nan
23.000000000000000	nan	nan	nan
23.000000000000000	nan	nan	nan
23.000000000000000	nan	nan	nan
23.000000000000000	nan	nan	nan
23.000000000000000	nan	nan	nan
23.000000000000000	nan	nan	nan
23.000000000000000	nan	nan	nan
23.000000000000000	nan	nan	nan
23.000000000000000	nan	nan	nan
23.000000000000000	nan	nan	nan
23.000000000000000	nan	nan	nan
23.000000000000000	nan	nan	nan
23.000000000000000	nan	nan	nan
23.000000000000000	nan	nan	nan
23.000000000000000	nan	nan	nan
23.000000000000000	nan	nan	nan
23.000000000000000	nan	nan	nan
23.000000000000000	nan	nan	nan
23.000000000000000	nan	nan	nan
23.000000000000000	nan	nan	nan
23.000000000000000	nan	nan	nan
23.000000000000000	nan	nan	nan
23.000000000000000	nan	nan	nan
23.000000000000000	nan	nan	nan
23.000000000000000	nan	nan	nan
23.000000000000000	nan	nan	nan
23.000000000000000	nan	nan	nan
23.000000000000000	nan	nan	nan
23.000000000000000	nan	nan	nan
23.000000000000000	nan	nan	nan
23.000000000000000	nan	nan	nan
23.000000000000000	nan	nan	nan
23.000000000000000	nan	nan	nan
23.000000000000000	nan	nan	nan
23.000000000000000	nan	nan	nan
23.000000000000000	nan	nan	nan
23.000000000000000	nan	nan	nan
23.000000000000000	nan	nan	nan
23.000000000000000	nan	nan	nan
23.000000000000000	nan	nan	nan
23.000000000000000	nan	nan	nan
23.000000000000000	nan	nan	nan
23.000000000000000	nan	nan	nan
23.000000000000000	nan	nan	nan
23.000000000000000	nan	nan	nan
23.000000000000000	nan	nan	nan
23.000000000000000	nan	nan	nan
23.000000000000000	nan	nan	nan
23.000000000000000	nan	nan	nan
23.000000000000000	nan	nan	nan
23.000000000000000	nan	nan	nan
23.000000000000000	nan	nan	nan
23.000000000000000	nan	nan	nan
23.000000000000000	nan	nan	nan
23.000000000000000	nan	nan	nan
23.000000000000000	nan	nan	nan
23.000000000000000	nan	nan	nan
23.000000000000000	nan	nan	nan
23.000000000000000	nan	nan	nan
23.000000000000000	nan	nan	nan
23.000000000000000	nan	nan	nan
23.000000000000000	nan	nan	nan
23.000000000000000	nan	nan	nan
23.000000000000000	nan	nan	nan
23.000000000000000	nan	nan	nan
23.000000000000000	nan	nan	nan
23.000000000000000	nan	nan	nan
23.000000000000000	nan	nan	nan
23.000000000000000	nan	nan	nan
23.000000000000000	nan	nan	nan
23.000000000000000	nan	nan	nan
23.000000000000000	nan	nan	nan
23.000000000000000	nan	nan	nan
23.000000000000000	nan	nan	nan
23.000000000000000	nan	nan	nan
23.000000000000000	nan	nan	nan
23.000000000000000	nan	nan	nan
23.000000000000000	nan	nan	nan
23.000000000000000	nan	nan	nan
23.000000000000000	nan	nan	nan
23.000000000000000	nan	nan	nan
23.000000000000000	nan	nan	nan
23.000000000000000	nan	nan	nan
23.000000000000000	nan	nan	nan
23.000000000000000	nan	nan	nan
23.000000000000000	nan	nan	nan
23.000000000000000	nan	nan	nan
23.000000000000000	nan	nan	nan
23.000000000000000	nan	nan	nan
23.000000000000000	nan	nan	nan
23.000000000000000	nan	nan	nan
23.000000000000000	nan	nan	nan
23.000000000000000	nan	nan	nan
23.000000000000000	nan	nan	nan
23.000000000000000	nan	nan	nan
23.000000000000000	nan	nan	nan
23.000000000000000	nan	nan	nan


24.000000000000000	nan	nan	nan
24.000000000000000	nan	nan	nan
24.000000000000000	nan	nan	nan
24.000000000000000	nan	nan	nan
24.000000000000000	nan	nan	nan
24.000000000000000	nan	nan	nan
24.000000000000000	nan	nan	nan
24.000000000000000	nan	nan	nan
24.000000000000000	nan	nan	nan
24.000000000000000	nan	nan	nan
24.000000000000000	nan	nan	nan
24.000000000000000	nan	nan	nan
24.000000000000000	nan	nan	nan
24.000000000000000	nan	nan	nan
24.000000000000000	nan	nan	nan
24.000000000000000	nan	nan	nan
24.000000000000000	nan	nan	nan
24.000000000000000	nan	nan	nan
24.000000000000000	nan	nan	nan
24.000000000000000	nan	nan	nan
24.000000000000000	nan	nan	nan
24.000000000000000	nan	nan	nan
24.000000000000000	nan	nan	nan
24.000000000000000	nan	nan	nan
24.000000000000000	nan	nan	nan
24.000000000000000	nan	nan	nan
24.000000000000000	nan	nan	nan
24.000000000000000	nan	nan	nan
24.000000000000000	nan	nan	nan
24.000000000000000	nan	nan	nan
24.000000000000000	nan	nan	nan
24.000000000000000	nan	nan	nan
24.000000000000000	nan	nan	nan
24.000000000000000	nan	nan	nan
24.000000000000000	nan	nan	nan
24.000000000000000	nan	nan	nan
24.000000000000000	nan	nan	nan
24.000000000000000	nan	nan	nan
24.000000000000000	nan	nan	nan
24.000000000000000	nan	nan	nan
24.000000000000000	nan	nan	nan
24.000000000000000	nan	nan	nan
24.000000000000000	nan	nan	nan
24.000000000000000	nan	nan	nan
24.000000000000000	nan	nan	nan
24.000000000000000	nan	nan	nan
24.000000000000000	nan	nan	nan
24.000000000000000	nan	nan	nan
24.000000000000000	nan	nan	nan
24.000000000000000	nan	nan	nan
24.000000000000000	nan	nan	nan
24.000000000000000	nan	nan	nan
24.000000000000000	nan	nan	nan
24.000000000000000	nan	nan	nan
24.000000000000000	nan	nan	nan
24.000000000000000	nan	nan	nan
24.000000000000000	nan	nan	nan
24.000000000000000	nan	nan	nan
24.000000000000000	nan	nan	nan
24.000000000000000	nan	nan	nan
24.000000000000000	nan	nan	nan
24.000000000000000	nan	nan	nan
24.000000000000000	nan	nan	nan
24.000000000000000	nan	nan	nan
24.000000000000000	nan	nan	nan
24.000000000000000	nan	nan	nan
24.000000000000000	nan	nan	nan
24.000000000000000	nan	nan	nan
24.000000000000000	nan	nan	nan
24.000000000000000	nan	nan	nan
24.000000000000000	nan	nan	nan
24.000000000000000	nan	nan	nan
24.000000000000000	nan	nan	nan
24.000000000000000	nan	nan	nan
24.000000000000000	nan	nan	nan
24.000000000000000	nan	nan	nan
24.000000000000000	nan	nan	nan
24.000000000000000	nan	nan	nan
24.000000000000000	nan	nan	nan
24.000000000000000	nan	nan	nan
24.000000000000000	nan	nan	nan
24.000000000000000	nan	nan	nan
24.000000000000000	nan	nan	nan
24.000000000000000	nan	nan	nan
24.000000000000000	nan	nan	nan
24.000000000000000	nan	nan	nan
24.000000000000000	nan	nan	nan
24.000000000000000	nan	nan	nan
24.000000000000000	nan	nan	nan
24.000000000000000	nan	nan	nan
24.000000000000000	nan	nan	nan
24.000000000000000	nan	nan	nan
24.000000000000000	nan	nan	nan
24.000000000000000	nan	nan	nan
24.000000000000000	nan	nan	nan
24.000000000000000	nan	nan	nan
24.000000000000000	nan	nan	nan
24.000000000000000	nan	nan	nan
24.000000000000000	nan	nan	nan
24.000000000000000	nan	nan	nan


25.000000000000000	1.087194346143771	-0.299931732578534	0.057692159325003
25.000000000000000	1.104673279917550	-0.227427119578102	0.058882986053967
25.000000000000000	1.117521329482895	-0.153956320021374	0.059827013864966
25.000000000000000	1.125686760278843	-0.079815174887107	0.060520441491195
25.000000000000000	1.129136692997519	-0.005302224399099	0.060960476744344
25.000000000000000	1.127857235977497	0.069282494089916	0.061145347757756
25.000000000000000	1.121853541140619	0.143638654242793	0.061074310121109
25.000000000000000	1.111149783247027	0.217466850046141	0.060747649877893
25.000000000000000	1.095789062551934	0.290469801412661	0.060166682373616
25.000000000000000	1.075833231256108	0.362353551223136	0.059333746959368
25.000000000000000	1.051362644448891	0.432828648988003	0.058252197572082
25.000000000000000	1.022475836546616	0.501611316362308	0.056926389229416
25.000000000000000	0.989289124529285	0.568424589820949	0.055361660493630
25.000000000000000	0.951936139573149	0.632999435893036	0.053564311975081
25.000000000000000	0.910567288965124	0.695075834464727	0.051541580961890
25.000000000000000	0.865349150465729	0.754403825788451	0.049301612277938
25.000000000000000	0.816463801559241	0.810744516982593	0.046853425486531
25.000000000000000	0.764108086291928	0.863871043968810	0.044206878571807
25.000000000000000	0.708492822650548	0.913569484973604	0.041372628244109
25.000000000000000	0.649841953672723	0.959639721915806	0.038362087029174
25.000000000000000	0.588391645707369	1.001896246211451	0.035187377313925
25.000000000000000	0.524389337456159	1.040168905751377	0.031861282533891
25.000000000000000	0.458092743625205	1.074303590043716	0.028397195698825
25.000000000000000	0.389768817198893	1.104162850762444	0.024809065463786
25.000000000000000	0.319692674514440	1.129626455203288	0.021111339962821
25.000000000000000	0.248146487465496	1.150591870418386	0.017318908631434
25.000000000000000	0.175418347295529	1.166974676080278	0.013447042252081
25.000000000000000	0.101801104556057	1.178708904412773	0.009511331464120
25.000000000000000	0.027591189900846	1.185747305819899	0.005527623985811
25.000000000000000	-0.046912579535715	1.188061539143350	0.001511960801144
25.000000000000000	-0.121410203369746	1.185642285782327	-0.002519488431541
25.000000000000000	-0.195601705963539	1.178499287216252	-0.006550490489057
25.000000000000000	-0.269188344321577	1.166661305779277	-0.010564813948837
25.000000000000000	-0.341873811023139	1.150176008844504	-0.014546294547138
25.000000000000000	-0.413365427347699	1.129109776884309	-0.018478900266830
25.000000000000000	-0.483375321788840	1.103547436179598	-0.022346795892668
25.000000000000000	-0.551621589211202	1.073591917254323	-0.026134406774116
25.000000000000000	-0.617829425982971	1.039363840410579	-0.029826481538969
25.000000000000000	-0.681732236513110	1.001001030033232	-0.033408153505244
25.000000000000000	-0.743072706737713	0.958657959619755	-0.036865000544060
25.000000000000000	-0.801603840232922	0.912505129769981	-0.040183103152465
25.000000000000000	-0.857089952782352	0.862728381640361	-0.043349100502360
25.000000000000000	-0.909307621394242	0.809528148627221	-0.046350244239834
25.000000000000000	-0.958046583946995	0.753118649292212	-0.049174449818293
25.000000000000000	-1.003110585840522	0.693727024779777	-0.051810345158656
25.000000000000000	-1.044318170244258	0.631592424199922	-0.054247316440712
25.000000000000000	-1.081503408759768	0.566965041659163	-0.056475550841222
25.000000000000000	-1.114516569555850	0.500105108817160	-0.058486076046696
25.000000000000000	-1.143224720285766	0.431281847025670	-0.060270796381734
25.000000000000000	-1.167512263358890	0.360772383269187	-0.061822525407452
25.000000000000000	-1.187281401411403	0.288860634272381	-0.063135014858738
25.000000000000000	-1.202452531101764	0.215836163267660	-0.064202979803806
25.000000000000000	-1.212964563645262	0.141993014026227	-0.065022119924754
25.000000000000000	-1.218775170797003	0.067628526847599	-0.065589136833424
25.000000000000000	-1.219860955292805	-0.006957858724839	-0.065901747352851
25.000000000000000	-1.216217545061723	-0.081465809641187	-0.065958692710808
25.000000000000000	-1.207859610830838	-0.155595308680222	-0.065759743608436
25.000000000000000	-1.194820807051419	-0.229047862512857	-0.065305701143552
25.000000000000000	-1.177153636384320	-0.301527703629430	-0.064598393584911
25.000000000000000	-1.154929238290299	-0.372742981291074	-0.063640669010412
25.000000000000000	-1.128237102576519	-0.442406936709633	-0.062436383838894
25.000000000000000	-1.097184709052676	-0.510239057724095	-0.060990387301698
25.000000000000000	-1.061897094747741	-0.575966208324060	-0.059308501916522
25.000000000000000	-1.022516350429978	-0.639323728472050	-0.057397500042203
25.000000000000000	-0.979201048457565	-0.700056499796071	-0.055265076608812
25.000000000000000	-0.932125604263679	-0.757919972861254	-0.052919818132889
25.000000000000000	-0.881479574047105	-0.812681151884118	-0.050371168142574
25.000000000000000	-0.827466891496323	-0.864119532924356	-0.047629389151846
25.000000000000000	-0.770305046620527	-0.912027991776372	-0.044705521337008
25.000000000000000	-0.710224209994114	-0.956213617985364	-0.041611338081788
25.000000000000000	-0.647466305941021	-0.996498491629629	-0.038359298570084
25.000000000000000	-0.582284038390859	-1.032720399741295	-0.034962497617221
25.000000000000000	-0.514939873329378	-1.064733489480696	-0.031434612941758
25.000000000000000	-0.445704981940577	-1.092408855434269	-0.027789850090137
25.000000000000000	-0.374858148696054	-1.115635058671170	-0.024042885235965
25.000000000000000	-0.302684648788338	-1.134318575468505	-0.020208806084242
25.000000000000000	-0.229475099428369	-1.148384173898363	-0.016303051118499
25.000000000000000	-0.155524289632567	-1.157775216760233	-0.012341347435469
25.000000000000000	-0.081129993211499	-1.162453889639019	-0.008339647417627
25.000000000000000	-0.006591769739853	-1.162401353170347	-0.004314064498568
25.000000000000000	0.067790241664254	-1.157617818900034	-0.000280808279903
25.000000000000000	0.141716530893565	-1.148122548432269	0.003743880739087
25.000000000000000	0.214889422873177	-1.133953775869927	0.007743796556212
25.000000000000000	0.287014276193003	-1.115168553859339	0.011702832922222
25.000000000000000	0.357800669524743	-1.091842523859412	0.015605048194988
25.000000000000000	0.426963571046067	-1.064069611560181	0.019434729530870
25.000000000000000	0.494224486163162	-1.031961648677197	0.023176456154790
25.000000000000000	0.559312578910173	-0.995647922644686	0.026815161454252
25.000000000000000	0.621965762510045	-0.955274656020677	0.030336193647274
25.000000000000000	0.681931754705473	-0.911004417700370	0.033725374779940
25.000000000000000	0.738969093610507	-0.863015468308579	0.036969057816022
25.000000000000000	0.792848109992350	-0.811501042407103	0.040054181588768
25.000000000000000	0.843351852068298	-0.756668570407352	0.042968323393622
25.000000000000000	0.890276959093990	-0.698738843321288	0.045699749010065
25.000000000000000	0.933434480225358	-0.637945123713952	0.048237459951177
25.000000000000000	0.972650635356984	-0.574532206437438	0.050571237750669
25.000000000000000	1.007767514873251	-0.508755432928424	0.052691685109035
25.000000000000000	1.038643715494631	-0.440879663038329	0.054590263733160
25.000000000000000	1.065154909658784	-0.371178208536171	0.056259328717017
25.000000000000000	1.087194346143771	-0.299931732578534	0.057692159325003


