# n	x	y	z
1.000000000000000	-0.205003953862890	0.232033947968599	-0.011825914691559
1.000000000000000	-0.222016350370768	0.216017162329085	-0.011459298967017
1.000000000000000	-0.237964480386056	0.198937814546363	-0.011036717581976
1.000000000000000	-0.252784126417975	0.180864677125905	-0.010559872122525
1.000000000000000	-0.266415614982457	0.161870524213301	-0.010030682677031
1.000000000000000	-0.278804056886202	0.142031838558463	-0.009451280104616
1.000000000000000	-0.289899568246087	0.121428503546582	-0.008823997454943
1.000000000000000	-0.299657471353957	0.100143481535933	-0.008151360573846
1.000000000000000	-0.308038474577987	0.078262479797736	-0.007436077932643
1.000000000000000	-0.315008830576217	0.055873605403229	-0.006681029722076
1.000000000000000	-0.320540472185187	0.033067010447583	-0.005889256254799
1.000000000000000	-0.324611125436495	0.009934529039240	-0.005063945723112
1.000000000000000	-0.327204399246211	-0.013430692483634	-0.004208421361239
1.000000000000000	-0.328309851415981	-0.036934570620576	-0.003326128063834
1.000000000000000	-0.327923030680081	-0.060482463549876	-0.002420618514604
1.000000000000000	-0.326045494629089	-0.083979552217789	-0.001495538880911
1.000000000000000	-0.322684803438016	-0.107331222141400	-0.000554614131939
1.000000000000000	-0.317854489424156	-0.130443444387755	0.000398366960443
1.000000000000000	-0.311574002557211	-0.153223154195181	0.001359567077723
1.000000000000000	-0.303868632141137	-0.175578625712240	0.002325115806279
1.000000000000000	-0.294769404983037	-0.197419841345359	0.003291125222166
1.000000000000000	-0.284312960459160	-0.218658854227902	0.004253705546412
1.000000000000000	-0.272541402981068	-0.239210142351170	0.005208980807789
1.000000000000000	-0.259502132456027	-0.258990952931340	0.006153104449978
1.000000000000000	-0.245247653424312	-0.277921635625718	0.007082274820294
1.000000000000000	-0.229835363641954	-0.295925963256560	0.007992750477600
1.000000000000000	-0.213327322960235	-0.312931438751014	0.008880865257772
1.000000000000000	-0.195790003432571	-0.328869587061238	0.009743043036044
1.000000000000000	-0.177294021655010	-0.343676230889259	0.010575812126804
1.000000000000000	-0.157913854418132	-0.357291749106293	0.011375819262843
1.000000000000000	-0.137727538815288	-0.369661316825992	0.012139843097782
1.000000000000000	-0.116816358014777	-0.380735126164912	0.012864807177296
1.000000000000000	-0.095264513961212	-0.390468586801276	0.013547792326908
1.000000000000000	-0.073158788324008	-0.398822505524466	0.014186048406475
1.000000000000000	-0.050588193058227	-0.405763244052248	0.014777005384034
1.000000000000000	-0.027643611984854	-0.411262854480259	0.015318283684411
1.000000000000000	-0.004417434833724	-0.415299191818361	0.015807703770931
1.000000000000000	0.018996814777309	-0.417856003160692	0.016243294921643
1.000000000000000	0.042504855928975	-0.418922993130388	0.016623303164722
1.000000000000000	0.066012030036574	-0.418495865335427	0.016946198341096
1.000000000000000	0.089423682006684	-0.416576339668690	0.017210680265853
1.000000000000000	0.112645541379820	-0.413172145382549	0.017415683963628
1.000000000000000	0.135584101924294	-0.408296989965908	0.017560383956886
1.000000000000000	0.158146998152818	-0.401970503948972	0.017644197589825
1.000000000000000	0.180243377245712	-0.394218161858039	0.017666787374527
1.000000000000000	0.201784264883149	-0.385071179638567	0.017628062349902
1.000000000000000	0.222682923513334	-0.374566388959584	0.017528178447955
1.000000000000000	0.242855201614016	-0.362746088905554	0.017367537865907
1.000000000000000	0.262219872540962	-0.349657875652893	0.017146787446685
1.000000000000000	0.280698961598990	-0.335354450816967	0.016866816074313
1.000000000000000	0.298218060018543	-0.319893409241284	0.016528751094696
1.000000000000000	0.314706624573541	-0.303337007083393	0.016133953776187
1.000000000000000	0.330098261634059	-0.285751911131303	0.015684013828247
1.000000000000000	0.344330994510034	-0.267208930359864	0.015180743000243
1.000000000000000	0.357347513009530	-0.247782730808013	0.014626167786172
1.000000000000000	0.369095404206650	-0.227551534924989	0.014022521264689
1.000000000000000	0.379527363489887	-0.206596806596139	0.013372234107282
1.000000000000000	0.388601385041102	-0.185002923116602	0.012677924790819
1.000000000000000	0.396280930978128	-0.162856835433723	0.011942389053864
1.000000000000000	0.402535078479924	-0.140247718026278	0.011168588639229
1.000000000000000	0.407338644301864	-0.117266609830319	0.010359639368075
1.000000000000000	0.410672286179771	-0.094006047657513	0.009518798593603
1.000000000000000	0.412522580714391	-0.070559693582059	0.008649452084842
1.000000000000000	0.412882077422682	-0.047021957796575	0.007755100393354
1.000000000000000	0.411749328738283	-0.023487618455571	0.006839344757742
1.000000000000000	0.409128895840349	-0.000051440037275	0.005905872602743
1.000000000000000	0.405031330287294	0.023192208239476	0.004958442691261
1.000000000000000	0.399473131529391	0.046149732406771	0.004000869989159
1.000000000000000	0.392476680471306	0.068728690617505	0.003037010303741
1.000000000000000	0.384070149352095	0.090838165376065	0.002070744757771
1.000000000000000	0.374287388305545	0.112389129631000	0.001105964161564
1.000000000000000	0.363167789057623	0.133294805255533	0.000146553346070
1.000000000000000	0.350756126309909	0.153471012472454	-0.000803624479977
1.000000000000000	0.337102377447668	0.172836508816365	-0.001740743285830
1.000000000000000	0.322261521298563	0.191313316268422	-0.002661029624808
1.000000000000000	0.306293316752319	0.208827035246288	-0.003560777828633
1.000000000000000	0.289262062132765	0.225307144184998	-0.004436364928850
1.000000000000000	0.271236336291179	0.240687283502408	-0.005284265245239
1.000000000000000	0.252288722463458	0.254905522805810	-0.006101064582486
1.000000000000000	0.232495516003043	0.267904610263769	-0.006883473977945
1.000000000000000	0.211936417166461	0.279632203139039	-0.007628342945126
1.000000000000000	0.190694210188522	0.290041078554291	-0.008332672159597
1.000000000000000	0.168854429939422	0.299089323641976	-0.008993625536198
1.000000000000000	0.146505017506009	0.306740504312648	-0.009608541648962
1.000000000000000	0.123735966084066	0.312963811962182	-0.010174944447733
1.000000000000000	0.100638958607474	0.317734187527152	-0.010690553228349
1.000000000000000	0.077306998573399	0.321032422388832	-0.011153291816232
1.000000000000000	0.053834035550026	0.322845235719524	-0.011561296926408
1.000000000000000	0.030314586874814	0.323165327959769	-0.011912925666302
1.000000000000000	0.006843357066536	0.321991410211087	-0.012206762151083
1.000000000000000	-0.016485143516394	0.319328209425928	-0.012441623204936
1.000000000000000	-0.039576979235778	0.315186449373892	-0.012616563125288
1.000000000000000	-0.062339167419293	0.309582807460900	-0.012730877490825
1.000000000000000	-0.084680052768898	0.302539847575166	-0.012784105997943
1.000000000000000	-0.106509676424365	0.294085929230381	-0.012776034314230
1.000000000000000	-0.127740138195863	0.284255093371961	-0.012706694941509
1.000000000000000	-0.148285950506998	0.273086925306176	-0.012576367084959
1.000000000000000	-0.168064382623110	0.260626395304092	-0.012385575528862
1.000000000000000	-0.186995793778741	0.246923677522160	-0.012135088523474
1.000000000000000	-0.205003953862890	0.232033947968599	-0.011825914691559


2.000000000000000	nan	nan	nan
2.000000000000000	nan	nan	nan
2.000000000000000	nan	nan	nan
2.000000000000000	nan	nan	nan
2.000000000000000	nan	nan	nan
2.000000000000000	nan	nan	nan
2.000000000000000	nan	nan	nan
2.000000000000000	nan	nan	nan
2.000000000000000	nan	nan	nan
2.000000000000000	nan	nan	nan
2.000000000000000	nan	nan	nan
2.000000000000000	nan	nan	nan
2.000000000000000	nan	nan	nan
2.000000000000000	nan	nan	nan
2.000000000000000	nan	nan	nan
2.000000000000000	nan	nan	nan
2.000000000000000	nan	nan	nan
2.000000000000000	nan	nan	nan
2.000000000000000	nan	nan	nan
2.000000000000000	nan	nan	nan
2.000000000000000	nan	nan	nan
2.000000000000000	nan	nan	nan
2.000000000000000	nan	nan	nan
2.000000000000000	nan	nan	nan
2.000000000000000	nan	nan	nan
2.000000000000000	nan	nan	nan
2.000000000000000	nan	nan	nan
2.000000000000000	nan	nan	nan
2.000000000000000	nan	nan	nan
2.000000000000000	nan	nan	nan
2.000000000000000	nan	nan	nan
2.000000000000000	nan	nan	nan
2.000000000000000	nan	nan	nan
2.000000000000000	nan	nan	nan
2.000000000000000	nan	nan	nan
2.000000000000000	nan	nan	nan
2.000000000000000	nan	nan	nan
2.000000000000000	nan	nan	nan
2.000000000000000	nan	nan	nan
2.000000000000000	nan	nan	nan
2.000000000000000	nan	nan	nan
2.000000000000000	nan	nan	nan
2.000000000000000	nan	nan	nan
2.000000000000000	nan	nan	nan
2.000000000000000	nan	nan	nan
2.000000000000000	nan	nan	nan
2.000000000000000	nan	nan	nan
2.000000000000000	nan	nan	nan
2.000000000000000	nan	nan	nan
2.000000000000000	nan	nan	nan
2.000000000000000	nan	nan	nan
2.000000000000000	nan	nan	nan
2.000000000000000	nan	nan	nan
2.000000000000000	nan	nan	nan
2.000000000000000	nan	nan	nan
2.000000000000000	nan	nan	nan
2.000000000000000	nan	nan	nan
2.000000000000000	nan	nan	nan
2.000000000000000	nan	nan	nan
2.000000000000000	nan	nan	nan
2.000000000000000	nan	nan	nan
2.000000000000000	nan	nan	nan
2.000000000000000	nan	nan	nan
2.000000000000000	nan	nan	nan
2.000000000000000	nan	nan	nan
2.000000000000000	nan	nan	nan
2.000000000000000	nan	nan	nan
2.000000000000000	nan	nan	nan
2.000000000000000	nan	nan	nan
2.000000000000000	nan	nan	nan
2.000000000000000	nan	nan	nan
2.000000000000000	nan	nan	nan
2.000000000000000	nan	nan	nan
2.000000000000000	nan	nan	nan
2.000000000000000	nan	nan	nan
2.000000000000000	nan	nan	nan
2.000000000000000	nan	nan	nan
2.000000000000000	nan	nan	nan
2.000000000000000	nan	nan	nan
2.000000000000000	nan	nan	nan
2.000000000000000	nan	nan	nan
2.000000000000000	nan	nan	nan
2.000000000000000	nan	nan	nan
2.000000000000000	nan	nan	nan
2.000000000000000	nan	nan	nan
2.000000000000000	nan	nan	nan
2.000000000000000	nan	nan	nan
2.000000000000000	nan	nan	nan
2.000000000000000	nan	nan	nan
2.000000000000000	nan	nan	nan
2.000000000000000	nan	nan	nan
2.000000000000000	nan	nan	nan
2.000000000000000	nan	nan	nan
2.000000000000000	nan	nan	nan
2.000000000000000	nan	nan	nan
2.000000000000000	nan	nan	nan
2.000000000000000	nan	nan	nan
2.000000000000000	nan	nan	nan
2.000000000000000	nan	nan	nan
2.000000000000000	nan	nan	nan


3.000000000000000	-0.493853232423625	-0.341808616747696	-0.031035622602467
3.000000000000000	-0.467862749561941	-0.376867986451290	-0.031409389510763
3.000000000000000	-0.439682234686883	-0.410197972460280	-0.031637444530197
3.000000000000000	-0.409425160785715	-0.441664366684618	-0.031718869363697
3.000000000000000	-0.377213362415992	-0.471140465060631	-0.031653336142194
3.000000000000000	-0.343176545120795	-0.498507577743564	-0.031441108744844
3.000000000000000	-0.307451763150290	-0.523655507029695	-0.031083041736471
3.000000000000000	-0.270182867592632	-0.546482991083593	-0.030580576926540
3.000000000000000	-0.231519927136408	-0.566898111683792	-0.029935737563499
3.000000000000000	-0.191618623796991	-0.584818664345024	-0.029151120187871
3.000000000000000	-0.150639626040012	-0.600172489326670	-0.028229884176901
3.000000000000000	-0.108747941826158	-0.612897762194565	-0.027175739022862
3.000000000000000	-0.066112254182347	-0.622943242766176	-0.025992929396235
3.000000000000000	-0.022904241974722	-0.630268481436732	-0.024686218053920
3.000000000000000	0.020702111381556	-0.634843982055503	-0.023260866661298
3.000000000000000	0.064531218492112	-0.636651320696391	-0.021722614605358
3.000000000000000	0.108406595011823	-0.635683219844580	-0.020077655884213
3.000000000000000	0.152151570284983	-0.631943577700514	-0.018332614166054
3.000000000000000	0.195589998735684	-0.625447452483223	-0.016494516117980
3.000000000000000	0.238546969143879	-0.616221001796191	-0.014570763112085
3.000000000000000	0.280849508951127	-0.604301377299917	-0.012569101422746
3.000000000000000	0.322327280760044	-0.589736575115288	-0.010497591035112
3.000000000000000	0.362813268222876	-0.572585242560148	-0.008364573190389
3.000000000000000	0.402144448557387	-0.552916441997240	-0.006178636798601
3.000000000000000	0.440162448982065	-0.530809372744449	-0.003948583854086
3.000000000000000	0.476714184427416	-0.506353052167104	-0.001683393992967
3.000000000000000	0.511652473955510	-0.479645957236465	0.000607811664669
3.000000000000000	0.544836633405667	-0.450795627997714	0.002915807242306
3.000000000000000	0.576133041879924	-0.419918234544152	0.005231299256345
3.000000000000000	0.605415679787229	-0.387138109241233	0.007544964037684
3.000000000000000	0.632566636279852	-0.352587246084010	0.009847485274843
3.000000000000000	0.657476584038760	-0.316404769203906	0.012129591527459
3.000000000000000	0.680045219496137	-0.278736372664937	0.014382093559109
3.000000000000000	0.700181666722456	-0.239733733805141	0.016595921339117
3.000000000000000	0.717804843351771	-0.199553902485466	0.018762160564371
3.000000000000000	0.732843787071785	-0.158358668705416	0.020872088554071
3.000000000000000	0.745237941364039	-0.116313911131824	0.022917209372888
3.000000000000000	0.754937399343638	-0.073588929164000	0.024889288041098
3.000000000000000	0.761903104716662	-0.030355761224816	0.026780383693937
3.000000000000000	0.766107009046075	0.013211507977317	0.028582881556660
3.000000000000000	0.767532184692885	0.056937448426117	0.030289523606556
3.000000000000000	0.766172892977770	0.100645991192194	0.031893437798438
3.000000000000000	0.762034607288711	0.144161137400488	0.033388165735946
3.000000000000000	0.755133991041597	0.187307666915619	0.034767688677232
3.000000000000000	0.745498830582526	0.229911843891525	0.036026451770305
3.000000000000000	0.733167923301996	0.271802116344406	0.037159386420461
3.000000000000000	0.718190921411510	0.312809806932003	0.038161930699727
3.000000000000000	0.700628132011640	0.352769792157730	0.039030047716132
3.000000000000000	0.680550274256623	0.391521167264710	0.039760241868847
3.000000000000000	0.658038194593284	0.428907894142443	0.040349572923737
3.000000000000000	0.633182541220928	0.464779429637205	0.040795667852644
3.000000000000000	0.606083399083038	0.498991331736195	0.041096730388736
3.000000000000000	0.576849886860530	0.531405841184536	0.041251548259439
3.000000000000000	0.545599717589339	0.561892436193179	0.041259498067829
3.000000000000000	0.512458724671566	0.590328358004080	0.041120547802834
3.000000000000000	0.477560355188784	0.616599105196385	0.040835256968129
3.000000000000000	0.441045132557739	0.640598894743249	0.040404774329213
3.000000000000000	0.403060090692146	0.662231087962742	0.039830833287738
3.000000000000000	0.363758181949014	0.681408579647717	0.039115744901709
3.000000000000000	0.323297661243486	0.698054148807736	0.038262388579670
3.000000000000000	0.281841448812157	0.712100769610740	0.037274200486343
3.000000000000000	0.239556474190774	0.723491881272423	0.036155159706405
3.000000000000000	0.196613004047920	0.732181615806546	0.034909772222119
3.000000000000000	0.153183956581231	0.738134982719127	0.033543052769333
3.000000000000000	0.109444205236842	0.741328009902813	0.032060504644906
3.000000000000000	0.065569874555745	0.741747840164095	0.030468097546881
3.000000000000000	0.021737630982420	0.739392782994686	0.028772243536611
3.000000000000000	-0.021876028508579	0.734272321378605	0.026979771219653
3.000000000000000	-0.065095487103651	0.726407073607546	0.025097898249388
3.000000000000000	-0.107746715297073	0.715828710258291	0.023134202264070
3.000000000000000	-0.149657971646395	0.702579826666481	0.021096590374357
3.000000000000000	-0.190660494314616	0.686713771410229	0.018993267324169
3.000000000000000	-0.230589180614534	0.668294431494227	0.016832702453072
3.000000000000000	-0.269283251819002	0.647395975099326	0.014623595593246
3.000000000000000	-0.306586900560110	0.624102552933447	0.012374842038323
3.000000000000000	-0.342349918210469	0.598507959386384	0.010095496725186
3.000000000000000	-0.376428299720334	0.570715254852900	0.007794737772931
3.000000000000000	-0.408684823475117	0.540836350744889	0.005481829525819
3.000000000000000	-0.438989603838398	0.508991558863619	0.003166085249035
3.000000000000000	-0.467220614155537	0.475309106946578	0.000856829627454
3.000000000000000	-0.493264178111945	0.439924622339622	-0.001436638781572
3.000000000000000	-0.517015427467485	0.402980585873531	-0.003705084990227
3.000000000000000	-0.538378724323855	0.364625758143986	-0.005939374766263
3.000000000000000	-0.557268046224659	0.325014580505157	-0.008130511413328
3.000000000000000	-0.573607332537471	0.284306553188878	-0.010269671997495
3.000000000000000	-0.587330790723158	0.242665593053504	-0.012348242874093
3.000000000000000	-0.598383161259215	0.200259373548586	-0.014357854371822
3.000000000000000	-0.606719940150359	0.157258649553058	-0.016290414494460
3.000000000000000	-0.612307558130409	0.113836569805613	-0.018138141504478
3.000000000000000	-0.615123515833876	0.070167979695840	-0.019893595257350
3.000000000000000	-0.615156474392960	0.026428717223556	-0.021549707160391
3.000000000000000	-0.612406301095179	-0.017205095038764	-0.023099808635481
3.000000000000000	-0.606884069917745	-0.060557759129422	-0.024537657971078
3.000000000000000	-0.598612016936572	-0.103454709171177	-0.025857465455388
3.000000000000000	-0.587623450789447	-0.145723214286422	-0.027053916689489
3.000000000000000	-0.573962618553898	-0.187193074123465	-0.028122193986542
3.000000000000000	-0.557684527579832	-0.227697304193269	-0.029057995770914
3.000000000000000	-0.538854723994350	-0.267072808257058	-0.029857553899104
3.000000000000000	-0.517549028770630	-0.305161035057308	-0.030517648832728
3.000000000000000	-0.493853232423625	-0.341808616747696	-0.031035622602467


4.000000000000000	nan	nan	nan
4.000000000000000	nan	nan	nan
4.000000000000000	nan	nan	nan
4.000000000000000	nan	nan	nan
4.000000000000000	nan	nan	nan
4.000000000000000	nan	nan	nan
4.000000000000000	nan	nan	nan
4.000000000000000	nan	nan	nan
4.000000000000000	nan	nan	nan
4.000000000000000	nan	nan	nan
4.000000000000000	nan	nan	nan
4.000000000000000	nan	nan	nan
4.000000000000000	nan	nan	nan
4.000000000000000	nan	nan	nan
4.000000000000000	nan	nan	nan
4.000000000000000	nan	nan	nan
4.000000000000000	nan	nan	nan
4.000000000000000	nan	nan	nan
4.000000000000000	nan	nan	nan
4.000000000000000	nan	nan	nan
4.000000000000000	nan	nan	nan
4.000000000000000	nan	nan	nan
4.000000000000000	nan	nan	nan
4.000000000000000	nan	nan	nan
4.000000000000000	nan	nan	nan
4.000000000000000	nan	nan	nan
4.000000000000000	nan	nan	nan
4.000000000000000	nan	nan	nan
4.000000000000000	nan	nan	nan
4.000000000000000	nan	nan	nan
4.000000000000000	nan	nan	nan
4.000000000000000	nan	nan	nan
4.000000000000000	nan	nan	nan
4.000000000000000	nan	nan	nan
4.000000000000000	nan	nan	nan
4.000000000000000	nan	nan	nan
4.000000000000000	nan	nan	nan
4.000000000000000	nan	nan	nan
4.000000000000000	nan	nan	nan
4.000000000000000	nan	nan	nan
4.000000000000000	nan	nan	nan
4.000000000000000	nan	nan	nan
4.000000000000000	nan	nan	nan
4.000000000000000	nan	nan	nan
4.000000000000000	nan	nan	nan
4.000000000000000	nan	nan	nan
4.000000000000000	nan	nan	nan
4.000000000000000	nan	nan	nan
4.000000000000000	nan	nan	nan
4.000000000000000	nan	nan	nan
4.000000000000000	nan	nan	nan
4.000000000000000	nan	nan	nan
4.000000000000000	nan	nan	nan
4.000000000000000	nan	nan	nan
4.000000000000000	nan	nan	nan
4.000000000000000	nan	nan	nan
4.000000000000000	nan	nan	nan
4.000000000000000	nan	nan	nan
4.000000000000000	nan	nan	nan
4.000000000000000	nan	nan	nan
4.000000000000000	nan	nan	nan
4.000000000000000	nan	nan	nan
4.000000000000000	nan	nan	nan
4.000000000000000	nan	nan	nan
4.000000000000000	nan	nan	nan
4.000000000000000	nan	nan	nan
4.000000000000000	nan	nan	nan
4.000000000000000	nan	nan	nan
4.000000000000000	nan	nan	nan
4.000000000000000	nan	nan	nan
4.000000000000000	nan	nan	nan
4.000000000000000	nan	nan	nan
4.000000000000000	nan	nan	nan
4.000000000000000	nan	nan	nan
4.000000000000000	nan	nan	nan
4.000000000000000	nan	nan	nan
4.000000000000000	nan	nan	nan
4.000000000000000	nan	nan	nan
4.000000000000000	nan	nan	nan
4.000000000000000	nan	nan	nan
4.000000000000000	nan	nan	nan
4.000000000000000	nan	nan	nan
4.000000000000000	nan	nan	nan
4.000000000000000	nan	nan	nan
4.000000000000000	nan	nan	nan
4.000000000000000	nan	nan	nan
4.000000000000000	nan	nan	nan
4.000000000000000	nan	nan	nan
4.000000000000000	nan	nan	nan
4.000000000000000	nan	nan	nan
4.000000000000000	nan	nan	nan
4.000000000000000	nan	nan	nan
4.000000000000000	nan	nan	nan
4.000000000000000	nan	nan	nan
4.000000000000000	nan	nan	nan
4.000000000000000	nan	nan	nan
4.000000000000000	nan	nan	nan
4.000000000000000	nan	nan	nan
4.000000000000000	nan	nan	nan
4.000000000000000	nan	nan	nan


5.000000000000000	nan	nan	nan
5.000000000000000	nan	nan	nan
5.000000000000000	nan	nan	nan
5.000000000000000	nan	nan	nan
5.000000000000000	nan	nan	nan
5.000000000000000	nan	nan	nan
5.000000000000000	nan	nan	nan
5.000000000000000	nan	nan	nan
5.000000000000000	nan	nan	nan
5.000000000000000	nan	nan	nan
5.000000000000000	nan	nan	nan
5.000000000000000	nan	nan	nan
5.000000000000000	nan	nan	nan
5.000000000000000	nan	nan	nan
5.000000000000000	nan	nan	nan
5.000000000000000	nan	nan	nan
5.000000000000000	nan	nan	nan
5.000000000000000	nan	nan	nan
5.000000000000000	nan	nan	nan
5.000000000000000	nan	nan	nan
5.000000000000000	nan	nan	nan
5.000000000000000	nan	nan	nan
5.000000000000000	nan	nan	nan
5.000000000000000	nan	nan	nan
5.000000000000000	nan	nan	nan
5.000000000000000	nan	nan	nan
5.000000000000000	nan	nan	nan
5.000000000000000	nan	nan	nan
5.000000000000000	nan	nan	nan
5.000000000000000	nan	nan	nan
5.000000000000000	nan	nan	nan
5.000000000000000	nan	nan	nan
5.000000000000000	nan	nan	nan
5.000000000000000	nan	nan	nan
5.000000000000000	nan	nan	nan
5.000000000000000	nan	nan	nan
5.000000000000000	nan	nan	nan
5.000000000000000	nan	nan	nan
5.000000000000000	nan	nan	nan
5.000000000000000	nan	nan	nan
5.000000000000000	nan	nan	nan
5.000000000000000	nan	nan	nan
5.000000000000000	nan	nan	nan
5.000000000000000	nan	nan	nan
5.000000000000000	nan	nan	nan
5.000000000000000	nan	nan	nan
5.000000000000000	nan	nan	nan
5.000000000000000	nan	nan	nan
5.000000000000000	nan	nan	nan
5.000000000000000	nan	nan	nan
5.000000000000000	nan	nan	nan
5.000000000000000	nan	nan	nan
5.000000000000000	nan	nan	nan
5.000000000000000	nan	nan	nan
5.000000000000000	nan	nan	nan
5.000000000000000	nan	nan	nan
5.000000000000000	nan	nan	nan
5.000000000000000	nan	nan	nan
5.000000000000000	nan	nan	nan
5.000000000000000	nan	nan	nan
5.000000000000000	nan	nan	nan
5.000000000000000	nan	nan	nan
5.000000000000000	nan	nan	nan
5.000000000000000	nan	nan	nan
5.000000000000000	nan	nan	nan
5.000000000000000	nan	nan	nan
5.000000000000000	nan	nan	nan
5.000000000000000	nan	nan	nan
5.000000000000000	nan	nan	nan
5.000000000000000	nan	nan	nan
5.000000000000000	nan	nan	nan
5.000000000000000	nan	nan	nan
5.000000000000000	nan	nan	nan
5.000000000000000	nan	nan	nan
5.000000000000000	nan	nan	nan
5.000000000000000	nan	nan	nan
5.000000000000000	nan	nan	nan
5.000000000000000	nan	nan	nan
5.000000000000000	nan	nan	nan
5.000000000000000	nan	nan	nan
5.000000000000000	nan	nan	nan
5.000000000000000	nan	nan	nan
5.000000000000000	nan	nan	nan
5.000000000000000	nan	nan	nan
5.000000000000000	nan	nan	nan
5.000000000000000	nan	nan	nan
5.000000000000000	nan	nan	nan
5.000000000000000	nan	nan	nan
5.000000000000000	nan	nan	nan
5.000000000000000	nan	nan	nan
5.000000000000000	nan	nan	nan
5.000000000000000	nan	nan	nan
5.000000000000000	nan	nan	nan
5.000000000000000	nan	nan	nan
5.000000000000000	nan	nan	nan
5.000000000000000	nan	nan	nan
5.000000000000000	nan	nan	nan
5.000000000000000	nan	nan	nan
5.000000000000000	nan	nan	nan
5.000000000000000	nan	nan	nan


6.000000000000000	nan	nan	nan
6.000000000000000	nan	nan	nan
6.000000000000000	nan	nan	nan
6.000000000000000	nan	nan	nan
6.000000000000000	nan	nan	nan
6.000000000000000	nan	nan	nan
6.000000000000000	nan	nan	nan
6.000000000000000	nan	nan	nan
6.000000000000000	nan	nan	nan
6.000000000000000	nan	nan	nan
6.000000000000000	nan	nan	nan
6.000000000000000	nan	nan	nan
6.000000000000000	nan	nan	nan
6.000000000000000	nan	nan	nan
6.000000000000000	nan	nan	nan
6.000000000000000	nan	nan	nan
6.000000000000000	nan	nan	nan
6.000000000000000	nan	nan	nan
6.000000000000000	nan	nan	nan
6.000000000000000	nan	nan	nan
6.000000000000000	nan	nan	nan
6.000000000000000	nan	nan	nan
6.000000000000000	nan	nan	nan
6.000000000000000	nan	nan	nan
6.000000000000000	nan	nan	nan
6.000000000000000	nan	nan	nan
6.000000000000000	nan	nan	nan
6.000000000000000	nan	nan	nan
6.000000000000000	nan	nan	nan
6.000000000000000	nan	nan	nan
6.000000000000000	nan	nan	nan
6.000000000000000	nan	nan	nan
6.000000000000000	nan	nan	nan
6.000000000000000	nan	nan	nan
6.000000000000000	nan	nan	nan
6.000000000000000	nan	nan	nan
6.000000000000000	nan	nan	nan
6.000000000000000	nan	nan	nan
6.000000000000000	nan	nan	nan
6.000000000000000	nan	nan	nan
6.000000000000000	nan	nan	nan
6.000000000000000	nan	nan	nan
6.000000000000000	nan	nan	nan
6.000000000000000	nan	nan	nan
6.000000000000000	nan	nan	nan
6.000000000000000	nan	nan	nan
6.000000000000000	nan	nan	nan
6.000000000000000	nan	nan	nan
6.000000000000000	nan	nan	nan
6.000000000000000	nan	nan	nan
6.000000000000000	nan	nan	nan
6.000000000000000	nan	nan	nan
6.000000000000000	nan	nan	nan
6.000000000000000	nan	nan	nan
6.000000000000000	nan	nan	nan
6.000000000000000	nan	nan	nan
6.000000000000000	nan	nan	nan
6.000000000000000	nan	nan	nan
6.000000000000000	nan	nan	nan
6.000000000000000	nan	nan	nan
6.000000000000000	nan	nan	nan
6.000000000000000	nan	nan	nan
6.000000000000000	nan	nan	nan
6.000000000000000	nan	nan	nan
6.000000000000000	nan	nan	nan
6.000000000000000	nan	nan	nan
6.000000000000000	nan	nan	nan
6.000000000000000	nan	nan	nan
6.000000000000000	nan	nan	nan
6.000000000000000	nan	nan	nan
6.000000000000000	nan	nan	nan
6.000000000000000	nan	nan	nan
6.000000000000000	nan	nan	nan
6.000000000000000	nan	nan	nan
6.000000000000000	nan	nan	nan
6.000000000000000	nan	nan	nan
6.000000000000000	nan	nan	nan
6.000000000000000	nan	nan	nan
6.000000000000000	nan	nan	nan
6.000000000000000	nan	nan	nan
6.000000000000000	nan	nan	nan
6.000000000000000	nan	nan	nan
6.000000000000000	nan	nan	nan
6.000000000000000	nan	nan	nan
6.000000000000000	nan	nan	nan
6.000000000000000	nan	nan	nan
6.000000000000000	nan	nan	nan
6.000000000000000	nan	nan	nan
6.000000000000000	nan	nan	nan
6.000000000000000	nan	nan	nan
6.000000000000000	nan	nan	nan
6.000000000000000	nan	nan	nan
6.000000000000000	nan	nan	nan
6.000000000000000	nan	nan	nan
6.000000000000000	nan	nan	nan
6.000000000000000	nan	nan	nan
6.000000000000000	nan	nan	nan
6.000000000000000	nan	nan	nan
6.000000000000000	nan	nan	nan
6.000000000000000	nan	nan	nan


7.000000000000000	nan	nan	nan
7.000000000000000	nan	nan	nan
7.000000000000000	nan	nan	nan
7.000000000000000	nan	nan	nan
7.000000000000000	nan	nan	nan
7.000000000000000	nan	nan	nan
7.000000000000000	nan	nan	nan
7.000000000000000	nan	nan	nan
7.000000000000000	nan	nan	nan
7.000000000000000	nan	nan	nan
7.000000000000000	nan	nan	nan
7.000000000000000	nan	nan	nan
7.000000000000000	nan	nan	nan
7.000000000000000	nan	nan	nan
7.000000000000000	nan	nan	nan
7.000000000000000	nan	nan	nan
7.000000000000000	nan	nan	nan
7.000000000000000	nan	nan	nan
7.000000000000000	nan	nan	nan
7.000000000000000	nan	nan	nan
7.000000000000000	nan	nan	nan
7.000000000000000	nan	nan	nan
7.000000000000000	nan	nan	nan
7.000000000000000	nan	nan	nan
7.000000000000000	nan	nan	nan
7.000000000000000	nan	nan	nan
7.000000000000000	nan	nan	nan
7.000000000000000	nan	nan	nan
7.000000000000000	nan	nan	nan
7.000000000000000	nan	nan	nan
7.000000000000000	nan	nan	nan
7.000000000000000	nan	nan	nan
7.000000000000000	nan	nan	nan
7.000000000000000	nan	nan	nan
7.000000000000000	nan	nan	nan
7.000000000000000	nan	nan	nan
7.000000000000000	nan	nan	nan
7.000000000000000	nan	nan	nan
7.000000000000000	nan	nan	nan
7.000000000000000	nan	nan	nan
7.000000000000000	nan	nan	nan
7.000000000000000	nan	nan	nan
7.000000000000000	nan	nan	nan
7.000000000000000	nan	nan	nan
7.000000000000000	nan	nan	nan
7.000000000000000	nan	nan	nan
7.000000000000000	nan	nan	nan
7.000000000000000	nan	nan	nan
7.000000000000000	nan	nan	nan
7.000000000000000	nan	nan	nan
7.000000000000000	nan	nan	nan
7.000000000000000	nan	nan	nan
7.000000000000000	nan	nan	nan
7.000000000000000	nan	nan	nan
7.000000000000000	nan	nan	nan
7.000000000000000	nan	nan	nan
7.000000000000000	nan	nan	nan
7.000000000000000	nan	nan	nan
7.000000000000000	nan	nan	nan
7.000000000000000	nan	nan	nan
7.000000000000000	nan	nan	nan
7.000000000000000	nan	nan	nan
7.000000000000000	nan	nan	nan
7.000000000000000	nan	nan	nan
7.000000000000000	nan	nan	nan
7.000000000000000	nan	nan	nan
7.000000000000000	nan	nan	nan
7.000000000000000	nan	nan	nan
7.000000000000000	nan	nan	nan
7.000000000000000	nan	nan	nan
7.000000000000000	nan	nan	nan
7.000000000000000	nan	nan	nan
7.000000000000000	nan	nan	nan
7.000000000000000	nan	nan	nan
7.000000000000000	nan	nan	nan
7.000000000000000	nan	nan	nan
7.000000000000000	nan	nan	nan
7.000000000000000	nan	nan	nan
7.000000000000000	nan	nan	nan
7.000000000000000	nan	nan	nan
7.000000000000000	nan	nan	nan
7.000000000000000	nan	nan	nan
7.000000000000000	nan	nan	nan
7.000000000000000	nan	nan	nan
7.000000000000000	nan	nan	nan
7.000000000000000	nan	nan	nan
7.000000000000000	nan	nan	nan
7.000000000000000	nan	nan	nan
7.000000000000000	nan	nan	nan
7.000000000000000	nan	nan	nan
7.000000000000000	nan	nan	nan
7.000000000000000	nan	nan	nan
7.000000000000000	nan	nan	nan
7.000000000000000	nan	nan	nan
7.000000000000000	nan	nan	nan
7.000000000000000	nan	nan	nan
7.000000000000000	nan	nan	nan
7.000000000000000	nan	nan	nan
7.000000000000000	nan	nan	nan
7.000000000000000	nan	nan	nan


8.000000000000000	nan	nan	nan
8.000000000000000	nan	nan	nan
8.000000000000000	nan	nan	nan
8.000000000000000	nan	nan	nan
8.000000000000000	nan	nan	nan
8.000000000000000	nan	nan	nan
8.000000000000000	nan	nan	nan
8.000000000000000	nan	nan	nan
8.000000000000000	nan	nan	nan
8.000000000000000	nan	nan	nan
8.000000000000000	nan	nan	nan
8.000000000000000	nan	nan	nan
8.000000000000000	nan	nan	nan
8.000000000000000	nan	nan	nan
8.000000000000000	nan	nan	nan
8.000000000000000	nan	nan	nan
8.000000000000000	nan	nan	nan
8.000000000000000	nan	nan	nan
8.000000000000000	nan	nan	nan
8.000000000000000	nan	nan	nan
8.000000000000000	nan	nan	nan
8.000000000000000	nan	nan	nan
8.000000000000000	nan	nan	nan
8.000000000000000	nan	nan	nan
8.000000000000000	nan	nan	nan
8.000000000000000	nan	nan	nan
8.000000000000000	nan	nan	nan
8.000000000000000	nan	nan	nan
8.000000000000000	nan	nan	nan
8.000000000000000	nan	nan	nan
8.000000000000000	nan	nan	nan
8.000000000000000	nan	nan	nan
8.000000000000000	nan	nan	nan
8.000000000000000	nan	nan	nan
8.000000000000000	nan	nan	nan
8.000000000000000	nan	nan	nan
8.000000000000000	nan	nan	nan
8.000000000000000	nan	nan	nan
8.000000000000000	nan	nan	nan
8.000000000000000	nan	nan	nan
8.000000000000000	nan	nan	nan
8.000000000000000	nan	nan	nan
8.000000000000000	nan	nan	nan
8.000000000000000	nan	nan	nan
8.000000000000000	nan	nan	nan
8.000000000000000	nan	nan	nan
8.000000000000000	nan	nan	nan
8.000000000000000	nan	nan	nan
8.000000000000000	nan	nan	nan
8.000000000000000	nan	nan	nan
8.000000000000000	nan	nan	nan
8.000000000000000	nan	nan	nan
8.000000000000000	nan	nan	nan
8.000000000000000	nan	nan	nan
8.000000000000000	nan	nan	nan
8.000000000000000	nan	nan	nan
8.000000000000000	nan	nan	nan
8.000000000000000	nan	nan	nan
8.000000000000000	nan	nan	nan
8.000000000000000	nan	nan	nan
8.000000000000000	nan	nan	nan
8.000000000000000	nan	nan	nan
8.000000000000000	nan	nan	nan
8.000000000000000	nan	nan	nan
8.000000000000000	nan	nan	nan
8.000000000000000	nan	nan	nan
8.000000000000000	nan	nan	nan
8.000000000000000	nan	nan	nan
8.000000000000000	nan	nan	nan
8.000000000000000	nan	nan	nan
8.000000000000000	nan	nan	nan
8.000000000000000	nan	nan	nan
8.000000000000000	nan	nan	nan
8.000000000000000	nan	nan	nan
8.000000000000000	nan	nan	nan
8.000000000000000	nan	nan	nan
8.000000000000000	nan	nan	nan
8.000000000000000	nan	nan	nan
8.000000000000000	nan	nan	nan
8.000000000000000	nan	nan	nan
8.000000000000000	nan	nan	nan
8.000000000000000	nan	nan	nan
8.000000000000000	nan	nan	nan
8.000000000000000	nan	nan	nan
8.000000000000000	nan	nan	nan
8.000000000000000	nan	nan	nan
8.000000000000000	nan	nan	nan
8.000000000000000	nan	nan	nan
8.000000000000000	nan	nan	nan
8.000000000000000	nan	nan	nan
8.000000000000000	nan	nan	nan
8.000000000000000	nan	nan	nan
8.000000000000000	nan	nan	nan
8.000000000000000	nan	nan	nan
8.000000000000000	nan	nan	nan
8.000000000000000	nan	nan	nan
8.000000000000000	nan	nan	nan
8.000000000000000	nan	nan	nan
8.000000000000000	nan	nan	nan
8.000000000000000	nan	nan	nan


9.000000000000000	nan	nan	nan
9.000000000000000	nan	nan	nan
9.000000000000000	nan	nan	nan
9.000000000000000	nan	nan	nan
9.000000000000000	nan	nan	nan
9.000000000000000	nan	nan	nan
9.000000000000000	nan	nan	nan
9.000000000000000	nan	nan	nan
9.000000000000000	nan	nan	nan
9.000000000000000	nan	nan	nan
9.000000000000000	nan	nan	nan
9.000000000000000	nan	nan	nan
9.000000000000000	nan	nan	nan
9.000000000000000	nan	nan	nan
9.000000000000000	nan	nan	nan
9.000000000000000	nan	nan	nan
9.000000000000000	nan	nan	nan
9.000000000000000	nan	nan	nan
9.000000000000000	nan	nan	nan
9.000000000000000	nan	nan	nan
9.000000000000000	nan	nan	nan
9.000000000000000	nan	nan	nan
9.000000000000000	nan	nan	nan
9.000000000000000	nan	nan	nan
9.000000000000000	nan	nan	nan
9.000000000000000	nan	nan	nan
9.000000000000000	nan	nan	nan
9.000000000000000	nan	nan	nan
9.000000000000000	nan	nan	nan
9.000000000000000	nan	nan	nan
9.000000000000000	nan	nan	nan
9.000000000000000	nan	nan	nan
9.000000000000000	nan	nan	nan
9.000000000000000	nan	nan	nan
9.000000000000000	nan	nan	nan
9.000000000000000	nan	nan	nan
9.000000000000000	nan	nan	nan
9.000000000000000	nan	nan	nan
9.000000000000000	nan	nan	nan
9.000000000000000	nan	nan	nan
9.000000000000000	nan	nan	nan
9.000000000000000	nan	nan	nan
9.000000000000000	nan	nan	nan
9.000000000000000	nan	nan	nan
9.000000000000000	nan	nan	nan
9.000000000000000	nan	nan	nan
9.000000000000000	nan	nan	nan
9.000000000000000	nan	nan	nan
9.000000000000000	nan	nan	nan
9.000000000000000	nan	nan	nan
9.000000000000000	nan	nan	nan
9.000000000000000	nan	nan	nan
9.000000000000000	nan	nan	nan
9.000000000000000	nan	nan	nan
9.000000000000000	nan	nan	nan
9.000000000000000	nan	nan	nan
9.000000000000000	nan	nan	nan
9.000000000000000	nan	nan	nan
9.000000000000000	nan	nan	nan
9.000000000000000	nan	nan	nan
9.000000000000000	nan	nan	nan
9.000000000000000	nan	nan	nan
9.000000000000000	nan	nan	nan
9.000000000000000	nan	nan	nan
9.000000000000000	nan	nan	nan
9.000000000000000	nan	nan	nan
9.000000000000000	nan	nan	nan
9.000000000000000	nan	nan	nan
9.000000000000000	nan	nan	nan
9.000000000000000	nan	nan	nan
9.000000000000000	nan	nan	nan
9.000000000000000	nan	nan	nan
9.000000000000000	nan	nan	nan
9.000000000000000	nan	nan	nan
9.000000000000000	nan	nan	nan
9.000000000000000	nan	nan	nan
9.000000000000000	nan	nan	nan
9.000000000000000	nan	nan	nan
9.000000000000000	nan	nan	nan
9.000000000000000	nan	nan	nan
9.000000000000000	nan	nan	nan
9.000000000000000	nan	nan	nan
9.000000000000000	nan	nan	nan
9.000000000000000	nan	nan	nan
9.000000000000000	nan	nan	nan
9.000000000000000	nan	nan	nan
9.000000000000000	nan	nan	nan
9.000000000000000	nan	nan	nan
9.000000000000000	nan	nan	nan
9.000000000000000	nan	nan	nan
9.000000000000000	nan	nan	nan
9.000000000000000	nan	nan	nan
9.000000000000000	nan	nan	nan
9.000000000000000	nan	nan	nan
9.000000000000000	nan	nan	nan
9.000000000000000	nan	nan	nan
9.000000000000000	nan	nan	nan
9.000000000000000	nan	nan	nan
9.000000000000000	nan	nan	nan
9.000000000000000	nan	nan	nan


10.000000000000000	nan	nan	nan
10.000000000000000	nan	nan	nan
10.000000000000000	nan	nan	nan
10.000000000000000	nan	nan	nan
10.000000000000000	nan	nan	nan
10.000000000000000	nan	nan	nan
10.000000000000000	nan	nan	nan
10.000000000000000	nan	nan	nan
10.000000000000000	nan	nan	nan
10.000000000000000	nan	nan	nan
10.000000000000000	nan	nan	nan
10.000000000000000	nan	nan	nan
10.000000000000000	nan	nan	nan
10.000000000000000	nan	nan	nan
10.000000000000000	nan	nan	nan
10.000000000000000	nan	nan	nan
10.000000000000000	nan	nan	nan
10.000000000000000	nan	nan	nan
10.000000000000000	nan	nan	nan
10.000000000000000	nan	nan	nan
10.000000000000000	nan	nan	nan
10.000000000000000	nan	nan	nan
10.000000000000000	nan	nan	nan
10.000000000000000	nan	nan	nan
10.000000000000000	nan	nan	nan
10.000000000000000	nan	nan	nan
10.000000000000000	nan	nan	nan
10.000000000000000	nan	nan	nan
10.000000000000000	nan	nan	nan
10.000000000000000	nan	nan	nan
10.000000000000000	nan	nan	nan
10.000000000000000	nan	nan	nan
10.000000000000000	nan	nan	nan
10.000000000000000	nan	nan	nan
10.000000000000000	nan	nan	nan
10.000000000000000	nan	nan	nan
10.000000000000000	nan	nan	nan
10.000000000000000	nan	nan	nan
10.000000000000000	nan	nan	nan
10.000000000000000	nan	nan	nan
10.000000000000000	nan	nan	nan
10.000000000000000	nan	nan	nan
10.000000000000000	nan	nan	nan
10.000000000000000	nan	nan	nan
10.000000000000000	nan	nan	nan
10.000000000000000	nan	nan	nan
10.000000000000000	nan	nan	nan
10.000000000000000	nan	nan	nan
10.000000000000000	nan	nan	nan
10.000000000000000	nan	nan	nan
10.000000000000000	nan	nan	nan
10.000000000000000	nan	nan	nan
10.000000000000000	nan	nan	nan
10.000000000000000	nan	nan	nan
10.000000000000000	nan	nan	nan
10.000000000000000	nan	nan	nan
10.000000000000000	nan	nan	nan
10.000000000000000	nan	nan	nan
10.000000000000000	nan	nan	nan
10.000000000000000	nan	nan	nan
10.000000000000000	nan	nan	nan
10.000000000000000	nan	nan	nan
10.000000000000000	nan	nan	nan
10.000000000000000	nan	nan	nan
10.000000000000000	nan	nan	nan
10.000000000000000	nan	nan	nan
10.000000000000000	nan	nan	nan
10.000000000000000	nan	nan	nan
10.000000000000000	nan	nan	nan
10.000000000000000	nan	nan	nan
10.000000000000000	nan	nan	nan
10.000000000000000	nan	nan	nan
10.000000000000000	nan	nan	nan
10.000000000000000	nan	nan	nan
10.000000000000000	nan	nan	nan
10.000000000000000	nan	nan	nan
10.000000000000000	nan	nan	nan
10.000000000000000	nan	nan	nan
10.000000000000000	nan	nan	nan
10.000000000000000	nan	nan	nan
10.000000000000000	nan	nan	nan
10.000000000000000	nan	nan	nan
10.000000000000000	nan	nan	nan
10.000000000000000	nan	nan	nan
10.000000000000000	nan	nan	nan
10.000000000000000	nan	nan	nan
10.000000000000000	nan	nan	nan
10.000000000000000	nan	nan	nan
10.000000000000000	nan	nan	nan
10.000000000000000	nan	nan	nan
10.000000000000000	nan	nan	nan
10.000000000000000	nan	nan	nan
10.000000000000000	nan	nan	nan
10.000000000000000	nan	nan	nan
10.000000000000000	nan	nan	nan
10.000000000000000	nan	nan	nan
10.000000000000000	nan	nan	nan
10.000000000000000	nan	nan	nan
10.000000000000000	nan	nan	nan
10.000000000000000	nan	nan	nan


11.000000000000000	nan	nan	nan
11.000000000000000	nan	nan	nan
11.000000000000000	nan	nan	nan
11.000000000000000	nan	nan	nan
11.000000000000000	nan	nan	nan
11.000000000000000	nan	nan	nan
11.000000000000000	nan	nan	nan
11.000000000000000	nan	nan	nan
11.000000000000000	nan	nan	nan
11.000000000000000	nan	nan	nan
11.000000000000000	nan	nan	nan
11.000000000000000	nan	nan	nan
11.000000000000000	nan	nan	nan
11.000000000000000	nan	nan	nan
11.000000000000000	nan	nan	nan
11.000000000000000	nan	nan	nan
11.000000000000000	nan	nan	nan
11.000000000000000	nan	nan	nan
11.000000000000000	nan	nan	nan
11.000000000000000	nan	nan	nan
11.000000000000000	nan	nan	nan
11.000000000000000	nan	nan	nan
11.000000000000000	nan	nan	nan
11.000000000000000	nan	nan	nan
11.000000000000000	nan	nan	nan
11.000000000000000	nan	nan	nan
11.000000000000000	nan	nan	nan
11.000000000000000	nan	nan	nan
11.000000000000000	nan	nan	nan
11.000000000000000	nan	nan	nan
11.000000000000000	nan	nan	nan
11.000000000000000	nan	nan	nan
11.000000000000000	nan	nan	nan
11.000000000000000	nan	nan	nan
11.000000000000000	nan	nan	nan
11.000000000000000	nan	nan	nan
11.000000000000000	nan	nan	nan
11.000000000000000	nan	nan	nan
11.000000000000000	nan	nan	nan
11.000000000000000	nan	nan	nan
11.000000000000000	nan	nan	nan
11.000000000000000	nan	nan	nan
11.000000000000000	nan	nan	nan
11.000000000000000	nan	nan	nan
11.000000000000000	nan	nan	nan
11.000000000000000	nan	nan	nan
11.000000000000000	nan	nan	nan
11.000000000000000	nan	nan	nan
11.000000000000000	nan	nan	nan
11.000000000000000	nan	nan	nan
11.000000000000000	nan	nan	nan
11.000000000000000	nan	nan	nan
11.000000000000000	nan	nan	nan
11.000000000000000	nan	nan	nan
11.000000000000000	nan	nan	nan
11.000000000000000	nan	nan	nan
11.000000000000000	nan	nan	nan
11.000000000000000	nan	nan	nan
11.000000000000000	nan	nan	nan
11.000000000000000	nan	nan	nan
11.000000000000000	nan	nan	nan
11.000000000000000	nan	nan	nan
11.000000000000000	nan	nan	nan
11.000000000000000	nan	nan	nan
11.000000000000000	nan	nan	nan
11.000000000000000	nan	nan	nan
11.000000000000000	nan	nan	nan
11.000000000000000	nan	nan	nan
11.000000000000000	nan	nan	nan
11.000000000000000	nan	nan	nan
11.000000000000000	nan	nan	nan
11.000000000000000	nan	nan	nan
11.000000000000000	nan	nan	nan
11.000000000000000	nan	nan	nan
11.000000000000000	nan	nan	nan
11.000000000000000	nan	nan	nan
11.000000000000000	nan	nan	nan
11.000000000000000	nan	nan	nan
11.000000000000000	nan	nan	nan
11.000000000000000	nan	nan	nan
11.000000000000000	nan	nan	nan
11.000000000000000	nan	nan	nan
11.000000000000000	nan	nan	nan
11.000000000000000	nan	nan	nan
11.000000000000000	nan	nan	nan
11.000000000000000	nan	nan	nan
11.000000000000000	nan	nan	nan
11.000000000000000	nan	nan	nan
11.000000000000000	nan	nan	nan
11.000000000000000	nan	nan	nan
11.000000000000000	nan	nan	nan
11.000000000000000	nan	nan	nan
11.000000000000000	nan	nan	nan
11.000000000000000	nan	nan	nan
11.000000000000000	nan	nan	nan
11.000000000000000	nan	nan	nan
11.000000000000000	nan	nan	nan
11.000000000000000	nan	nan	nan
11.000000000000000	nan	nan	nan
11.000000000000000	nan	nan	nan


12.000000000000000	nan	nan	nan
12.000000000000000	nan	nan	nan
12.000000000000000	nan	nan	nan
12.000000000000000	nan	nan	nan
12.000000000000000	nan	nan	nan
12.000000000000000	nan	nan	nan
12.000000000000000	nan	nan	nan
12.000000000000000	nan	nan	nan
12.000000000000000	nan	nan	nan
12.000000000000000	nan	nan	nan
12.000000000000000	nan	nan	nan
12.000000000000000	nan	nan	nan
12.000000000000000	nan	nan	nan
12.000000000000000	nan	nan	nan
12.000000000000000	nan	nan	nan
12.000000000000000	nan	nan	nan
12.000000000000000	nan	nan	nan
12.000000000000000	nan	nan	nan
12.000000000000000	nan	nan	nan
12.000000000000000	nan	nan	nan
12.000000000000000	nan	nan	nan
12.000000000000000	nan	nan	nan
12.000000000000000	nan	nan	nan
12.000000000000000	nan	nan	nan
12.000000000000000	nan	nan	nan
12.000000000000000	nan	nan	nan
12.000000000000000	nan	nan	nan
12.000000000000000	nan	nan	nan
12.000000000000000	nan	nan	nan
12.000000000000000	nan	nan	nan
12.000000000000000	nan	nan	nan
12.000000000000000	nan	nan	nan
12.000000000000000	nan	nan	nan
12.000000000000000	nan	nan	nan
12.000000000000000	nan	nan	nan
12.000000000000000	nan	nan	nan
12.000000000000000	nan	nan	nan
12.000000000000000	nan	nan	nan
12.000000000000000	nan	nan	nan
12.000000000000000	nan	nan	nan
12.000000000000000	nan	nan	nan
12.000000000000000	nan	nan	nan
12.000000000000000	nan	nan	nan
12.000000000000000	nan	nan	nan
12.000000000000000	nan	nan	nan
12.000000000000000	nan	nan	nan
12.000000000000000	nan	nan	nan
12.000000000000000	nan	nan	nan
12.000000000000000	nan	nan	nan
12.000000000000000	nan	nan	nan
12.000000000000000	nan	nan	nan
12.000000000000000	nan	nan	nan
12.000000000000000	nan	nan	nan
12.000000000000000	nan	nan	nan
12.000000000000000	nan	nan	nan
12.000000000000000	nan	nan	nan
12.000000000000000	nan	nan	nan
12.000000000000000	nan	nan	nan
12.000000000000000	nan	nan	nan
12.000000000000000	nan	nan	nan
12.000000000000000	nan	nan	nan
12.000000000000000	nan	nan	nan
12.000000000000000	nan	nan	nan
12.000000000000000	nan	nan	nan
12.000000000000000	nan	nan	nan
12.000000000000000	nan	nan	nan
12.000000000000000	nan	nan	nan
12.000000000000000	nan	nan	nan
12.000000000000000	nan	nan	nan
12.000000000000000	nan	nan	nan
12.000000000000000	nan	nan	nan
12.000000000000000	nan	nan	nan
12.000000000000000	nan	nan	nan
12.000000000000000	nan	nan	nan
12.000000000000000	nan	nan	nan
12.000000000000000	nan	nan	nan
12.000000000000000	nan	nan	nan
12.000000000000000	nan	nan	nan
12.000000000000000	nan	nan	nan
12.000000000000000	nan	nan	nan
12.000000000000000	nan	nan	nan
12.000000000000000	nan	nan	nan
12.000000000000000	nan	nan	nan
12.000000000000000	nan	nan	nan
12.000000000000000	nan	nan	nan
12.000000000000000	nan	nan	nan
12.000000000000000	nan	nan	nan
12.000000000000000	nan	nan	nan
12.000000000000000	nan	nan	nan
12.000000000000000	nan	nan	nan
12.000000000000000	nan	nan	nan
12.000000000000000	nan	nan	nan
12.000000000000000	nan	nan	nan
12.000000000000000	nan	nan	nan
12.000000000000000	nan	nan	nan
12.000000000000000	nan	nan	nan
12.000000000000000	nan	nan	nan
12.000000000000000	nan	nan	nan
12.000000000000000	nan	nan	nan
12.000000000000000	nan	nan	nan


13.000000000000000	-0.650736065558814	-0.909824028773943	0.047519194980235
13.000000000000000	-0.589363788854138	-0.950879585008116	0.046651367857510
13.000000000000000	-0.525513103091100	-0.987959131161946	0.045588006457116
13.000000000000000	-0.459441112445569	-1.020913360990066	0.044333392560107
13.000000000000000	-0.391413865504174	-1.049609579439947	0.042892578053837
13.000000000000000	-0.321705283980558	-1.073932236968044	0.041271364589796
13.000000000000000	-0.250596059729305	-1.093783394817021	0.039476280222407
13.000000000000000	-0.178372524498918	-1.109083119380564	0.037514553122854
13.000000000000000	-0.105325496974923	-1.119769804067796	0.035394082473787
13.000000000000000	-0.031749111755666	-1.125800417371282	0.033123406662103
13.000000000000000	0.042060365023902	-1.127150676139715	0.030711668897875
13.000000000000000	0.115805728651384	-1.123815143357602	0.028168580397872
13.000000000000000	0.189190032575419	-1.115807250038198	0.025504381281915
13.000000000000000	0.261917784104638	-1.103159241141567	0.022729799339533
13.000000000000000	0.333696134252439	-1.085922045735498	0.019856006832935
13.000000000000000	0.404236056936499	-1.064165071922131	0.016894575510259
13.000000000000000	0.473253512784796	-1.037975927356025	0.013857430010223
13.000000000000000	0.540470592861908	-1.007460066479051	0.010756799845814
13.000000000000000	0.605616637710215	-0.972740365892579	0.007605170160355
13.000000000000000	0.668429327200003	-0.933956629576767	0.004415231454241
13.000000000000000	0.728655736800045	-0.891265025949282	0.001199828484774
13.000000000000000	0.786053356015416	-0.844837459030196	-0.002028091455145
13.000000000000000	0.840391064891670	-0.794860876245172	-0.005255530671192
13.000000000000000	0.891450064653316	-0.741536515654162	-0.008469493404749
13.000000000000000	0.939024758729271	-0.685079095636764	-0.011657038162236
13.000000000000000	0.982923580617683	-0.625715950297094	-0.014805329825938
13.000000000000000	1.022969765256622	-0.563686114069584	-0.017901691336496
13.000000000000000	1.059002060794598	-0.499239359211676	-0.020933654738948
13.000000000000000	1.090875377894855	-0.432635190059104	-0.023889011386786
13.000000000000000	1.118461373958919	-0.364141798093517	-0.026755861101862
13.000000000000000	1.141648969916945	-0.294034982030046	-0.029522660092212
13.000000000000000	1.160344797503927	-0.222597037273215	-0.032178267434825
13.000000000000000	1.174473575220748	-0.150115619212981	-0.034711989936212
13.000000000000000	1.183978411466208	-0.076882584938008	-0.037113625190123
13.000000000000000	1.188821033619417	-0.003192818030179	-0.039373502659032
13.000000000000000	1.188981942150140	0.070656958827513	-0.041482522613982
13.000000000000000	1.184460489136513	0.144369378648480	-0.043432192775978
13.000000000000000	1.175274880874004	0.217647627534443	-0.045214662511404
13.000000000000000	1.161462104565083	0.290196639840239	-0.046822754443745
13.000000000000000	1.143077779384813	0.361724286299035	-0.048249993354356
13.000000000000000	1.120195932522063	0.431942550323777	-0.049490632255880
13.000000000000000	1.092908701098141	0.500568687748338	-0.050539675533336
13.000000000000000	1.061325961163136	0.567326365338476	-0.051392899059698
13.000000000000000	1.025574885263833	0.631946773488242	-0.052046867204966
13.000000000000000	0.985799430364759	0.694169708621386	-0.052498946670233
13.000000000000000	0.942159758184295	0.753744620939326	-0.052747317091051
13.000000000000000	0.894831590279961	0.810431623296751	-0.052790978367396
13.000000000000000	0.844005500479724	0.864002457142493	-0.052629754690718
13.000000000000000	0.789886147508460	0.914241411636145	-0.052264295251861
13.000000000000000	0.732691450899495	0.960946192239487	-0.051696071626998
13.000000000000000	0.672651713509562	1.003928735285193	-0.050927371852114
13.000000000000000	0.610008694170479	1.043015965242837	-0.049961291209897
13.000000000000000	0.545014634211660	1.078050491632975	-0.048801719766120
13.000000000000000	0.477931241773313	1.108891242783050	-0.047453326705724
13.000000000000000	0.409028638000119	1.135414033873232	-0.045921541531655
13.000000000000000	0.338584269358731	1.157512066984856	-0.044212532202176
13.000000000000000	0.266881790458764	1.175096361137944	-0.042333180294672
13.000000000000000	0.194209921875807	1.188096110586208	-0.040291053295970
13.000000000000000	0.120861287575559	1.196458969926800	-0.038094374130738
13.000000000000000	0.047131236620406	1.200151264876776	-0.035751988050668
13.000000000000000	-0.026683346097021	1.199158127867544	-0.033273327017776
13.000000000000000	-0.100285235304513	1.193483557911319	-0.030668371725212
13.000000000000000	-0.173378062171561	1.183150404498510	-0.027947611408538
13.000000000000000	-0.245667507682028	1.168200275590889	-0.025122001609272
13.000000000000000	-0.316862487752955	1.148693370081012	-0.022202920060796
13.000000000000000	-0.386676325327419	1.124708235392526	-0.019202120874233
13.000000000000000	-0.454827904721867	1.096341451197418	-0.016131687208794
13.000000000000000	-0.521042803579753	1.063707240523763	-0.013003982617160
13.000000000000000	-0.585054397873512	1.026937009819901	-0.009831601261817
13.000000000000000	-0.646604935505417	0.986178819827053	-0.006627317202811
13.000000000000000	-0.705446574184303	0.941596789390971	-0.003404032961116
13.000000000000000	-0.761342379398999	0.893370434613272	-0.000174727564734
13.000000000000000	-0.814067278469982	0.841693946003454	0.003047595713267
13.000000000000000	-0.863408966837618	0.786775406542254	0.006249961714344
13.000000000000000	-0.909168762937692	0.728835953804925	0.009419475640866
13.000000000000000	-0.951162408221943	0.668108889518274	0.012543374978912
13.000000000000000	-0.989220809102207	0.604838740136942	0.015609080888408
13.000000000000000	-1.023190717830616	0.539280272221683	0.018604248853679
13.000000000000000	-1.052935349574187	0.471697466584339	0.021516818390454
13.000000000000000	-1.078334933199072	0.402362455330283	0.024335061609181
13.000000000000000	-1.099287193546637	0.331554426078474	0.027047630439101
13.000000000000000	-1.115707763259433	0.259558497771454	0.029643602322919
13.000000000000000	-1.127530522498764	0.186664572602005	0.032112524198092
13.000000000000000	-1.134707865185943	0.113166168679326	0.034444454587618
13.000000000000000	-1.137210890695167	0.039359238135209	0.036630003630860
13.000000000000000	-1.135029520226137	-0.034459024570740	0.038660370893196
13.000000000000000	-1.128172537387831	-0.107991379348300	0.040527380802267
13.000000000000000	-1.116667552830009	-0.180941737357568	0.042223515568117
13.000000000000000	-1.100560893064874	-0.253016353254216	0.043741945454685
13.000000000000000	-1.079917413926554	-0.323925007998315	0.045076556280739
13.000000000000000	-1.054820239419551	-0.393382177463976	0.046221974039524
13.000000000000000	-1.025370427007716	-0.461108182144238	0.047173586537993
13.000000000000000	-0.991686560691501	-0.526830313321724	0.047927561968482
13.000000000000000	-0.953904273512051	-0.590283931170400	0.048480864338042
13.000000000000000	-0.912175701404816	-0.651213530366747	0.048831265693316
13.000000000000000	-0.866668870601832	-0.709373768919525	0.048977355091717
13.000000000000000	-0.817567021049389	-0.764530456075376	0.048918544282801
13.000000000000000	-0.765067868565445	-0.816461495322330	0.048655070076938
13.000000000000000	-0.709382808707803	-0.864957778694078	0.048187993391763
13.000000000000000	-0.650736065558814	-0.909824028773943	0.047519194980235


14.000000000000000	nan	nan	nan
14.000000000000000	nan	nan	nan
14.000000000000000	nan	nan	nan
14.000000000000000	nan	nan	nan
14.000000000000000	nan	nan	nan
14.000000000000000	nan	nan	nan
14.000000000000000	nan	nan	nan
14.000000000000000	nan	nan	nan
14.000000000000000	nan	nan	nan
14.000000000000000	nan	nan	nan
14.000000000000000	nan	nan	nan
14.000000000000000	nan	nan	nan
14.000000000000000	nan	nan	nan
14.000000000000000	nan	nan	nan
14.000000000000000	nan	nan	nan
14.000000000000000	nan	nan	nan
14.000000000000000	nan	nan	nan
14.000000000000000	nan	nan	nan
14.000000000000000	nan	nan	nan
14.000000000000000	nan	nan	nan
14.000000000000000	nan	nan	nan
14.000000000000000	nan	nan	nan
14.000000000000000	nan	nan	nan
14.000000000000000	nan	nan	nan
14.000000000000000	nan	nan	nan
14.000000000000000	nan	nan	nan
14.000000000000000	nan	nan	nan
14.000000000000000	nan	nan	nan
14.000000000000000	nan	nan	nan
14.000000000000000	nan	nan	nan
14.000000000000000	nan	nan	nan
14.000000000000000	nan	nan	nan
14.000000000000000	nan	nan	nan
14.000000000000000	nan	nan	nan
14.000000000000000	nan	nan	nan
14.000000000000000	nan	nan	nan
14.000000000000000	nan	nan	nan
14.000000000000000	nan	nan	nan
14.000000000000000	nan	nan	nan
14.000000000000000	nan	nan	nan
14.000000000000000	nan	nan	nan
14.000000000000000	nan	nan	nan
14.000000000000000	nan	nan	nan
14.000000000000000	nan	nan	nan
14.000000000000000	nan	nan	nan
14.000000000000000	nan	nan	nan
14.000000000000000	nan	nan	nan
14.000000000000000	nan	nan	nan
14.000000000000000	nan	nan	nan
14.000000000000000	nan	nan	nan
14.000000000000000	nan	nan	nan
14.000000000000000	nan	nan	nan
14.000000000000000	nan	nan	nan
14.000000000000000	nan	nan	nan
14.000000000000000	nan	nan	nan
14.000000000000000	nan	nan	nan
14.000000000000000	nan	nan	nan
14.000000000000000	nan	nan	nan
14.000000000000000	nan	nan	nan
14.000000000000000	nan	nan	nan
14.000000000000000	nan	nan	nan
14.000000000000000	nan	nan	nan
14.000000000000000	nan	nan	nan
14.000000000000000	nan	nan	nan
14.000000000000000	nan	nan	nan
14.000000000000000	nan	nan	nan
14.000000000000000	nan	nan	nan
14.000000000000000	nan	nan	nan
14.000000000000000	nan	nan	nan
14.000000000000000	nan	nan	nan
14.000000000000000	nan	nan	nan
14.000000000000000	nan	nan	nan
14.000000000000000	nan	nan	nan
14.000000000000000	nan	nan	nan
14.000000000000000	nan	nan	nan
14.000000000000000	nan	nan	nan
14.000000000000000	nan	nan	nan
14.000000000000000	nan	nan	nan
14.000000000000000	nan	nan	nan
14.000000000000000	nan	nan	nan
14.000000000000000	nan	nan	nan
14.000000000000000	nan	nan	nan
14.000000000000000	nan	nan	nan
14.000000000000000	nan	nan	nan
14.000000000000000	nan	nan	nan
14.000000000000000	nan	nan	nan
14.000000000000000	nan	nan	nan
14.000000000000000	nan	nan	nan
14.000000000000000	nan	nan	nan
14.000000000000000	nan	nan	nan
14.000000000000000	nan	nan	nan
14.000000000000000	nan	nan	nan
14.000000000000000	nan	nan	nan
14.000000000000000	nan	nan	nan
14.000000000000000	nan	nan	nan
14.000000000000000	nan	nan	nan
14.000000000000000	nan	nan	nan
14.000000000000000	nan	nan	nan
14.000000000000000	nan	nan	nan
14.000000000000000	nan	nan	nan


15.000000000000000	1.555222723043946	0.371939871435240	-0.022280990490612
15.000000000000000	1.525075939598926	0.482333164118100	-0.021230744432351
15.000000000000000	1.487937479150424	0.590580813667701	-0.020082821561862
15.000000000000000	1.443956885170879	0.696246945004641	-0.018841844159390
15.000000000000000	1.393311251989570	0.798906077912229	-0.017512809202940
15.000000000000000	1.336204511696258	0.898144840295146	-0.016101068247208
15.000000000000000	1.272866612978636	0.993563632682980	-0.014612305874757
15.000000000000000	1.203552595200122	1.084778237276254	-0.013052516806211
15.000000000000000	1.128541561446360	1.171421365055895	-0.011427981761632
15.000000000000000	1.048135554675600	1.253144134726488	-0.009745242170274
15.000000000000000	0.962658341498309	1.329617477538112	-0.008011073830560
15.000000000000000	0.872454108483301	1.400533462330054	-0.006232459626329
15.000000000000000	0.777886076239905	1.465606535460912	-0.004416561409232
15.000000000000000	0.679335036856770	1.524574670632323	-0.002570691160479
15.000000000000000	0.577197820586514	1.577200423976389	-0.000702281548072
15.000000000000000	0.471885697950366	1.623271890158323	0.001181144001922
15.000000000000000	0.363822723696921	1.662603555644449	0.003072001599557
15.000000000000000	0.253444029283347	1.695037045699721	0.004962677428654
15.000000000000000	0.141194070754573	1.720441762106883	0.006845558404950
15.000000000000000	0.027524839075673	1.738715409039400	0.008713062831307
15.000000000000000	-0.087105959876231	1.749784404970646	0.010557670926522
15.000000000000000	-0.202236748331985	1.753604178960737	0.012371955104840
15.000000000000000	-0.317403935241171	1.750159350127983	0.014148609884214
15.000000000000000	-0.432143782989649	1.739463789582260	0.015880481302908
15.000000000000000	-0.545994274707249	1.721560564570955	0.017560595725970
15.000000000000000	-0.658496974646645	1.696521765062358	0.019182187925607
15.000000000000000	-0.769198874142309	1.664448213464800	0.020738728322360
15.000000000000000	-0.877654215716517	1.625469058650405	0.022223949277423
15.000000000000000	-0.983426287987388	1.579741255918162	0.023631870330209
15.000000000000000	-1.086089184151479	1.527448934990328	0.024956822279557
15.000000000000000	-1.185229516960168	1.468802658587033	0.026193470011598
15.000000000000000	-1.280448083284197	1.404038574564515	0.027336833982385
15.000000000000000	-1.371361471563779	1.333417465031051	0.028382310268749
15.000000000000000	-1.457603605671625	1.257223696269453	0.029325689106679
15.000000000000000	-1.538827218972308	1.175764073694409	0.030163171842555
15.000000000000000	-1.614705252642433	1.089366606455360	0.030891386228984
15.000000000000000	-1.684932172621090	0.998379186659432	0.031507400003651
15.000000000000000	-1.749225199887679	0.903168188532700	0.032008732696502
15.000000000000000	-1.807325449113220	0.804116993160491	0.032393365617727
15.000000000000000	-1.858998971100204	0.701624444747067	0.032659749986305
15.000000000000000	-1.904037694813437	0.596103244610784	0.032806813166403
15.000000000000000	-1.942260265208661	0.487978289381538	0.032833962986499
15.000000000000000	-1.973512773485314	0.377684960092011	0.032741090123850
15.000000000000000	-1.997669376822943	0.265667369051906	0.032528568544695
15.000000000000000	-2.014632805105832	0.152376571564433	0.032197253998426
15.000000000000000	-2.024334752595419	0.038268749685791	0.031748480571785
15.000000000000000	-2.026736152973407	-0.076196624658958	0.031184055316969
15.000000000000000	-2.021827336648034	-0.190558639807170	0.030506250975268
15.000000000000000	-2.009628069690105	-0.304356800287202	0.029717796825541
15.000000000000000	-1.990187474242004	-0.417132881071153	0.028821867694368
15.000000000000000	-1.963583830720165	-0.528432772685321	0.027822071172147
15.000000000000000	-1.929924262607458	-0.637808309748779	0.026722433086602
15.000000000000000	-1.889344305104740	-0.744819075577187	0.025527381292193
15.000000000000000	-1.842007359378431	-0.849034175585337	0.024241727840709
15.000000000000000	-1.788104034601690	-0.950033972347566	0.022870649604837
15.000000000000000	-1.727851380438551	-1.047411775329562	0.021419667432719
15.000000000000000	-1.661492013061530	-1.140775478487605	0.019894623917447
15.000000000000000	-1.589293138221929	-1.229749139141214	0.018301659871002
15.000000000000000	-1.511545475306584	-1.313974491761637	0.016647189597372
15.000000000000000	-1.428562086713502	-1.393112390580685	0.014937875064415
15.000000000000000	-1.340677117260077	-1.466844175211041	0.013180599078463
15.000000000000000	-1.248244448699846	-1.534872953779174	0.011382437569691
15.000000000000000	-1.151636274765567	-1.596924798404122	0.009550631099846
15.000000000000000	-1.051241602476420	-1.652749848208393	0.007692555707057
15.000000000000000	-0.947464685744039	-1.702123315419529	0.005815693205134
15.000000000000000	-0.840723397584690	-1.744846390511128	0.003927601056947
15.000000000000000	-0.731447547492117	-1.780747042738640	0.002035881943184
15.000000000000000	-0.620077150746414	-1.809680712846455	0.000148153149048
15.000000000000000	-0.507060656627788	-1.831530895157007	-0.001727984107871
15.000000000000000	-0.392853142669586	-1.846209606698019	-0.003584975285010
15.000000000000000	-0.277914482221687	-1.853657741478874	-0.005415342934311
15.000000000000000	-0.162707492702834	-1.853845308489583	-0.007211716811268
15.000000000000000	-0.047696071998228	-1.846771552463994	-0.008966863552297
15.000000000000000	0.066656669493518	-1.832464956920983	-0.010673715800940
15.000000000000000	0.179890273642505	-1.810983129471379	-0.012325400665616
15.000000000000000	0.291548788689918	-1.782412569852445	-0.013915267394325
15.000000000000000	0.401182605204838	-1.746868321623964	-0.015436914154884
15.000000000000000	0.508350266502734	-1.704493508928433	-0.016884213812846
15.000000000000000	0.612620246235718	-1.655458760180648	-0.018251338603302
15.000000000000000	0.713572685996841	-1.599961521007310	-0.019532783597239
15.000000000000000	0.810801085941723	-1.538225259203164	-0.020723388867945
15.000000000000000	0.903913941619944	-1.470498564905067	-0.021818360268212
15.000000000000000	0.992536320425287	-1.397054149607242	-0.022813288734674
15.000000000000000	1.076311371317022	-1.318187748048346	-0.023704168041550
15.000000000000000	1.154901761733089	-1.234216927392050	-0.024487410932301
15.000000000000000	1.227991035909272	-1.145479808496158	-0.025159863564249
15.000000000000000	1.295284889134866	-1.052333704419254	-0.025718818207980
15.000000000000000	1.356512352813878	-0.955153681647117	-0.026162024150426
15.000000000000000	1.411426885559926	-0.854331049832367	-0.026487696757682
15.000000000000000	1.459807365931383	-0.750271786128600	-0.026694524661103
15.000000000000000	1.501458982809381	-0.643394900463687	-0.026781675037721
15.000000000000000	1.536214019833432	-0.534130748334667	-0.026748796963728
15.000000000000000	1.563932530736014	-0.422919297918062	-0.026596022827524
15.000000000000000	1.584502902856798	-0.310208358473309	-0.026323967796635
15.000000000000000	1.597842306567437	-0.196451777172934	-0.025933727340650
15.000000000000000	1.603897028797249	-0.082107611620152	-0.025426872820152
15.000000000000000	1.602642689316792	0.032363714587415	-0.024805445159404
15.000000000000000	1.594084338908440	0.146501265821069	-0.024071946628268
15.000000000000000	1.578256439028672	0.259845450446131	-0.023229330766444
15.000000000000000	1.555222723043946	0.371939871435240	-0.022280990490612


