# n	x	y	z
1.000000000000000	-0.255606744907229	0.005644480441484	0.024643104746780
1.000000000000000	-0.255343899852687	-0.016886339393652	0.024685022565995
1.000000000000000	-0.253584078819925	-0.039359516174017	0.024582345761383
1.000000000000000	-0.250334367987123	-0.061684558348485	0.024335487776196
1.000000000000000	-0.245607852792842	-0.083771570851705	0.023945442620414
1.000000000000000	-0.239423565245573	-0.105531617079798	0.023413780868216
1.000000000000000	-0.231806407288564	-0.126877077006678	0.022742643333831
1.000000000000000	-0.222787050528479	-0.147721999998965	0.021934732451236
1.000000000000000	-0.212401812731666	-0.167982450908856	0.020993301392408
1.000000000000000	-0.200692511585327	-0.187576848051336	0.019922140967948
1.000000000000000	-0.187706296312454	-0.206426291704833	0.018725564362828
1.000000000000000	-0.173495457818546	-0.224454881812547	0.017408389768710
1.000000000000000	-0.158117218134592	-0.241590023605195	0.015975920982798
1.000000000000000	-0.141633500004146	-0.257762719914517	0.014433926051311
1.000000000000000	-0.124110677542292	-0.272907849000530	0.012788614043601
1.000000000000000	-0.105619308970514	-0.286964426773782	0.011046610050420
1.000000000000000	-0.086233852503638	-0.299875852356762	0.009214928507019
1.000000000000000	-0.066032366532878	-0.311590135995655	0.007300944948493
1.000000000000000	-0.045096195312251	-0.322060108404730	0.005312366311104
1.000000000000000	-0.023509641413971	-0.331243610700408	0.003257199899167
1.000000000000000	-0.001359626271747	-0.339103664160203	0.001143721142466
1.000000000000000	0.021264659821154	-0.345608619122991	-0.001019559725985
1.000000000000000	0.044272116849735	-0.350732282431018	-0.003223931937646
1.000000000000000	0.067570101904882	-0.354454022900510	-0.005460519263639
1.000000000000000	0.091064802223657	-0.356758854396159	-0.007720315756193
1.000000000000000	0.114661612940182	-0.357637496175010	-0.009994222012414
1.000000000000000	0.138265518026052	-0.357086410256730	-0.012273081814367
1.000000000000000	0.161781472886334	-0.355107815669809	-0.014547718997940
1.000000000000000	0.185114787070618	-0.351709679516316	-0.016808974402015
1.000000000000000	0.208171505558031	-0.346905684891191	-0.019047742749174
1.000000000000000	0.230858787080949	-0.340715175785249	-0.021255009309444
1.000000000000000	0.253085277964014	-0.333163079193757	-0.023421886199426
1.000000000000000	0.274761479973142	-0.324279804744225	-0.025539648170671
1.000000000000000	0.295800110693322	-0.314101122247565	-0.027599767743171
1.000000000000000	0.316116454984097	-0.302668017665687	-0.029593949542514
1.000000000000000	0.335628706097535	-0.290026528075500	-0.031514163702429
1.000000000000000	0.354258295085132	-0.276227556293849	-0.033352678198220
1.000000000000000	0.371930207167229	-0.261326665909838	-0.035102089980906
1.000000000000000	0.388573283791065	-0.245383857549865	-0.036755354786682
1.000000000000000	0.404120509161146	-0.228463327276283	-0.038305815501684
1.000000000000000	0.418509280088201	-0.210633208092507	-0.039747228967839
1.000000000000000	0.431681658070136	-0.191965295595460	-0.041073791121856
1.000000000000000	0.443584602589925	-0.172534758880045	-0.042280160366142
1.000000000000000	0.454170184691057	-0.152419837859728	-0.043361479077532
1.000000000000000	0.463395779970527	-0.131701528222023	-0.044313393167220
1.000000000000000	0.471224240212261	-0.110463255287440	-0.045132069613138
1.000000000000000	0.477624042969870	-0.088790538085173	-0.045814211894186
1.000000000000000	0.482569418496421	-0.066770644998143	-0.046357073264156
1.000000000000000	0.486040453510109	-0.044492242364029	-0.046758467811909
1.000000000000000	0.488023171378012	-0.022045037447215	-0.047016779263273
1.000000000000000	0.488509588395064	0.000480582780701	-0.047130967489202
1.000000000000000	0.487497745931617	0.022993915597338	-0.047100572694012
1.000000000000000	0.484991718320147	0.045404307757383	-0.046925717266816
1.000000000000000	0.481001596449357	0.067621520521217	-0.046607105288705
1.000000000000000	0.475543447131734	0.089556093014467	-0.046146019697662
1.000000000000000	0.468639248408160	0.111119702455373	-0.045544317122626
1.000000000000000	0.460316801050101	0.132225519799457	-0.044804420407499
1.000000000000000	0.450609616615710	0.152788559369442	-0.043929308855210
1.000000000000000	0.439556782510616	0.172726021062577	-0.042922506231117
1.000000000000000	0.427202804596732	0.191957623757426	-0.041788066574041
1.000000000000000	0.413597427982855	0.210405928577611	-0.040530557872088
1.000000000000000	0.398795436718679	0.227996650710835	-0.039155043668970
1.000000000000000	0.382856433198752	0.244658958527604	-0.037667062674906
1.000000000000000	0.365844598164678	0.260325758795198	-0.036072606464183
1.000000000000000	0.347828432271918	0.274933966838437	-0.034378095349210
1.000000000000000	0.328880480261828	0.288424760559409	-0.032590352528179
1.000000000000000	0.309077038849591	0.300743817293291	-0.030716576610457
1.000000000000000	0.288497849504274	0.311841532546548	-0.028764312630329
1.000000000000000	0.267225777358073	0.321673219736727	-0.026741421665802
1.000000000000000	0.245346477537676	0.330199290129544	-0.024656049184824
1.000000000000000	0.222948050261297	0.337385412248752	-0.022516592246356
1.000000000000000	0.200120686090192	0.343202650116872	-0.020331665688382
1.000000000000000	0.176956302763103	0.347627579770170	-0.018110067438995
1.000000000000000	0.153548175075963	0.350642383578681	-0.015860743090245
1.000000000000000	0.129990559297215	0.352234921991525	-0.013592749877400
1.000000000000000	0.106378313631087	0.352398782418590	-0.011315220208654
1.000000000000000	0.082806516257081	0.351133305051770	-0.009037324892143
1.000000000000000	0.059370082483703	0.348443585521779	-0.006768236208338
1.000000000000000	0.036163382558016	0.344340454379844	-0.004517090976507
1.000000000000000	0.013279861669960	0.338840433486899	-0.002292953763973
1.000000000000000	-0.009188336318445	0.331965669485882	-0.000104780386293
1.000000000000000	-0.031150739903910	0.323743844625020	0.002038618154642
1.000000000000000	-0.052518914238690	0.314208065291186	0.004128611149407
1.000000000000000	-0.073206817226502	0.303396728702163	0.006156782933861
1.000000000000000	-0.093131145983682	0.291353368294602	0.008114966776061
1.000000000000000	-0.112211672270491	0.278126478430234	0.009995277760801
1.000000000000000	-0.130371565541926	0.263769319126195	0.011790144539391
1.000000000000000	-0.147537702317204	0.248339701595733	0.013492339816799
1.000000000000000	-0.163640960622211	0.231899755462855	0.015095009453424
1.000000000000000	-0.178616498319299	0.214515678588262	0.016591700064290
1.000000000000000	-0.192404014203683	0.196257470513926	0.017976385004556
1.000000000000000	-0.204947990815115	0.177198650599642	0.019243488636683
1.000000000000000	-0.216197917987099	0.157415961986513	0.020387908781560
1.000000000000000	-0.226108496233505	0.136989062579407	0.021405037263181
1.000000000000000	-0.234639819153613	0.116000204292690	0.022290778464138
1.000000000000000	-0.241757534121099	0.094533901850796	0.023041565817232
1.000000000000000	-0.247432980609943	0.072676592477260	0.023654376166779
1.000000000000000	-0.251643305600248	0.050516287842529	0.024126741941788
1.000000000000000	-0.254371555599285	0.028142219672025	0.024456761092002
1.000000000000000	-0.255606744907229	0.005644480441484	0.024643104746780


2.000000000000000	nan	nan	nan
2.000000000000000	nan	nan	nan
2.000000000000000	nan	nan	nan
2.000000000000000	nan	nan	nan
2.000000000000000	nan	nan	nan
2.000000000000000	nan	nan	nan
2.000000000000000	nan	nan	nan
2.000000000000000	nan	nan	nan
2.000000000000000	nan	nan	nan
2.000000000000000	nan	nan	nan
2.000000000000000	nan	nan	nan
2.000000000000000	nan	nan	nan
2.000000000000000	nan	nan	nan
2.000000000000000	nan	nan	nan
2.000000000000000	nan	nan	nan
2.000000000000000	nan	nan	nan
2.000000000000000	nan	nan	nan
2.000000000000000	nan	nan	nan
2.000000000000000	nan	nan	nan
2.000000000000000	nan	nan	nan
2.000000000000000	nan	nan	nan
2.000000000000000	nan	nan	nan
2.000000000000000	nan	nan	nan
2.000000000000000	nan	nan	nan
2.000000000000000	nan	nan	nan
2.000000000000000	nan	nan	nan
2.000000000000000	nan	nan	nan
2.000000000000000	nan	nan	nan
2.000000000000000	nan	nan	nan
2.000000000000000	nan	nan	nan
2.000000000000000	nan	nan	nan
2.000000000000000	nan	nan	nan
2.000000000000000	nan	nan	nan
2.000000000000000	nan	nan	nan
2.000000000000000	nan	nan	nan
2.000000000000000	nan	nan	nan
2.000000000000000	nan	nan	nan
2.000000000000000	nan	nan	nan
2.000000000000000	nan	nan	nan
2.000000000000000	nan	nan	nan
2.000000000000000	nan	nan	nan
2.000000000000000	nan	nan	nan
2.000000000000000	nan	nan	nan
2.000000000000000	nan	nan	nan
2.000000000000000	nan	nan	nan
2.000000000000000	nan	nan	nan
2.000000000000000	nan	nan	nan
2.000000000000000	nan	nan	nan
2.000000000000000	nan	nan	nan
2.000000000000000	nan	nan	nan
2.000000000000000	nan	nan	nan
2.000000000000000	nan	nan	nan
2.000000000000000	nan	nan	nan
2.000000000000000	nan	nan	nan
2.000000000000000	nan	nan	nan
2.000000000000000	nan	nan	nan
2.000000000000000	nan	nan	nan
2.000000000000000	nan	nan	nan
2.000000000000000	nan	nan	nan
2.000000000000000	nan	nan	nan
2.000000000000000	nan	nan	nan
2.000000000000000	nan	nan	nan
2.000000000000000	nan	nan	nan
2.000000000000000	nan	nan	nan
2.000000000000000	nan	nan	nan
2.000000000000000	nan	nan	nan
2.000000000000000	nan	nan	nan
2.000000000000000	nan	nan	nan
2.000000000000000	nan	nan	nan
2.000000000000000	nan	nan	nan
2.000000000000000	nan	nan	nan
2.000000000000000	nan	nan	nan
2.000000000000000	nan	nan	nan
2.000000000000000	nan	nan	nan
2.000000000000000	nan	nan	nan
2.000000000000000	nan	nan	nan
2.000000000000000	nan	nan	nan
2.000000000000000	nan	nan	nan
2.000000000000000	nan	nan	nan
2.000000000000000	nan	nan	nan
2.000000000000000	nan	nan	nan
2.000000000000000	nan	nan	nan
2.000000000000000	nan	nan	nan
2.000000000000000	nan	nan	nan
2.000000000000000	nan	nan	nan
2.000000000000000	nan	nan	nan
2.000000000000000	nan	nan	nan
2.000000000000000	nan	nan	nan
2.000000000000000	nan	nan	nan
2.000000000000000	nan	nan	nan
2.000000000000000	nan	nan	nan
2.000000000000000	nan	nan	nan
2.000000000000000	nan	nan	nan
2.000000000000000	nan	nan	nan
2.000000000000000	nan	nan	nan
2.000000000000000	nan	nan	nan
2.000000000000000	nan	nan	nan
2.000000000000000	nan	nan	nan
2.000000000000000	nan	nan	nan
2.000000000000000	nan	nan	nan


3.000000000000000	-0.548228906377644	0.336297965799760	0.004112947858009
3.000000000000000	-0.569988138977326	0.298172404594148	0.002594589675115
3.000000000000000	-0.589277543285278	0.258739050632602	0.001064473448856
3.000000000000000	-0.606019447678426	0.218156688113769	-0.000471239582770
3.000000000000000	-0.620146438416729	0.176588727888219	-0.002006365645405
3.000000000000000	-0.631601631094518	0.134202549460628	-0.003534723328208
3.000000000000000	-0.640338899693917	0.091168827011587	-0.005050158474215
3.000000000000000	-0.646323062318043	0.047660842152915	-0.006546568960956
3.000000000000000	-0.649530022856080	0.003853786183763	-0.008017929271549
3.000000000000000	-0.649946868009818	-0.040075945342906	-0.009458314757332
3.000000000000000	-0.647571919290946	-0.083951462902961	-0.010861925494328
3.000000000000000	-0.642414739779733	-0.127596095272777	-0.012223109637496
3.000000000000000	-0.634496095617874	-0.170834100921903	-0.013536386178711
3.000000000000000	-0.623847872390574	-0.213491375662173	-0.014796467016855
3.000000000000000	-0.610512946734545	-0.255396153703828	-0.015998278251132
3.000000000000000	-0.594545013688925	-0.296379699295725	-0.017136980611871
3.000000000000000	-0.576008370484306	-0.336276986164652	-0.018207988946565
3.000000000000000	-0.554977657640481	-0.374927362017886	-0.019206990682655
3.000000000000000	-0.531537558415412	-0.412175195433277	-0.020129963192741
3.000000000000000	-0.505782457815642	-0.447870502532050	-0.020973189992283
3.000000000000000	-0.477816062541183	-0.481869550910956	-0.021733275704571
3.000000000000000	-0.447750983395242	-0.514035438401925	-0.022407159732708
3.000000000000000	-0.415708281840257	-0.544238644328780	-0.022992128583557
3.000000000000000	-0.381816982526117	-0.572357551041288	-0.023485826794016
3.000000000000000	-0.346213553753438	-0.598278933626509	-0.023886266415640
3.000000000000000	-0.309041357963879	-0.621898415825564	-0.024191835019404
3.000000000000000	-0.270450074470190	-0.643120890319985	-0.024401302188391
3.000000000000000	-0.230595096750446	-0.661860901695325	-0.024513824472240
3.000000000000000	-0.189636906733360	-0.678042990539945	-0.024528948783429
3.000000000000000	-0.147740428594191	-0.691601997293435	-0.024446614221695
3.000000000000000	-0.105074364663306	-0.702483324621165	-0.024267152319258
3.000000000000000	-0.061810516121433	-0.710643157258484	-0.023991285705859
3.000000000000000	-0.018123091216943	-0.716048638439323	-0.023620125198985
3.000000000000000	0.025811996209276	-0.718678002198799	-0.023155165330999
3.000000000000000	0.069817835066775	-0.718520661017068	-0.022598278331183
3.000000000000000	0.113717229374061	-0.715577248451537	-0.021951706586938
3.000000000000000	0.157333411764276	-0.709859616585748	-0.021218053614473
3.000000000000000	0.200490755264996	-0.701390788305224	-0.020400273575369
3.000000000000000	0.243015480486058	-0.690204864592428	-0.019501659381216
3.000000000000000	0.284736355367833	-0.676346887214150	-0.018525829434210
3.000000000000000	0.325485384672296	-0.659872657354207	-0.017476713057137
3.000000000000000	0.365098486440553	-0.640848510921766	-0.016358534671368
3.000000000000000	0.403416152692981	-0.619351051440059	-0.015175796786608
3.000000000000000	0.440284091711563	-0.595466841591022	-0.013933261870879
3.000000000000000	0.475553849318181	-0.569292054657935	-0.012635933173742
3.000000000000000	0.509083406647194	-0.540932087269550	-0.011289034579975
3.000000000000000	0.540737752005286	-0.510501135005067	-0.009897989574837
3.000000000000000	0.570389424515904	-0.478121732568838	-0.008468399405603
3.000000000000000	0.597919027359221	-0.443924260386366	-0.007006020527319
3.000000000000000	0.623215708540989	-0.408046419608346	-0.005516741423591
3.000000000000000	0.646177607254394	-0.370632677636731	-0.004006558895737
3.000000000000000	0.666712264037578	-0.331833686405492	-0.002481553915788
3.000000000000000	0.684736993075252	-0.291805675758456	-0.000947867140557
3.000000000000000	0.700179215145300	-0.250709824366862	0.000588325814618
3.000000000000000	0.712976749869679	-0.208711610719738	0.002120839242895
3.000000000000000	0.723078066092865	-0.165980146800435	0.003643502253591
3.000000000000000	0.730442489379625	-0.122687497132350	0.005150183620175
3.000000000000000	0.735040365796610	-0.079007985935827	0.006634816468557
3.000000000000000	0.736853181318280	-0.035117495186043	0.008091422706251
3.000000000000000	0.735873636376351	0.008807243601628	0.009514137094035
3.000000000000000	0.732105675252581	0.052589361007052	0.010897230863210
3.000000000000000	0.725564470196536	0.096052561896061	0.012235134783321
3.000000000000000	0.716276360332299	0.139021835298742	0.013522461587485
3.000000000000000	0.704278745600114	0.181324159116840	0.014754027665018
3.000000000000000	0.689619936160024	0.222789196822681	0.015924873933998
3.000000000000000	0.672358957863908	0.263249983344249	0.017030285809743
3.000000000000000	0.652565314579209	0.302543597374606	0.018065812188778
3.000000000000000	0.630318708321393	0.340511817398486	0.019027283371857
3.000000000000000	0.605708718322059	0.377001758794501	0.019910827853870
3.000000000000000	0.578834440324991	0.411866489447546	0.020712887913031
3.000000000000000	0.549804087562574	0.444965621392572	0.021430233936563
3.000000000000000	0.518734555019301	0.476165876107367	0.022059977425212
3.000000000000000	0.485750948736925	0.505341621178130	0.022599582624213
3.000000000000000	0.450986082056588	0.532375376176859	0.023046876733881
3.000000000000000	0.414579940826368	0.557158285713571	0.023400058658705
3.000000000000000	0.376679119727678	0.579590557758532	0.023657706259728
3.000000000000000	0.337436231990224	0.599581865469550	0.023818782080995
3.000000000000000	0.297009294872393	0.617051710906280	0.023882637527025
3.000000000000000	0.255561093381521	0.631929749167020	0.023849015474474
3.000000000000000	0.213258524796129	0.644156071642806	0.023718051307481
3.000000000000000	0.170271926629482	0.653681447248232	0.023490272372523
3.000000000000000	0.126774390740545	0.660467520657658	0.023166595854979
3.000000000000000	0.082941066354158	0.664486966748565	0.022748325085944
3.000000000000000	0.038948454796927	0.665723600630184	0.022237144294180
3.000000000000000	-0.005026301211325	0.664172442814336	0.021635111824317
3.000000000000000	-0.048806130848770	0.659839739266073	0.020944651848628
3.000000000000000	-0.092214748193275	0.652742936253385	0.020168544605741
3.000000000000000	-0.135077362063595	0.642910610097230	0.019309915205601
3.000000000000000	-0.177221379841767	0.630382352104782	0.018372221045754
3.000000000000000	-0.218477102442667	0.615208609149205	0.017359237889629
3.000000000000000	-0.258678407632331	0.597450480537903	0.016275044662870
3.000000000000000	-0.297663418943559	0.577179471987174	0.015124007028942
3.000000000000000	-0.335275157495320	0.554477207693924	0.013910759810144
3.000000000000000	-0.371362174091294	0.529435101663840	0.012640188324818
3.000000000000000	-0.405779159052335	0.502153989619451	0.011317408715897
3.000000000000000	-0.438387527327267	0.472743722970259	0.009947747349998
3.000000000000000	-0.469055976525968	0.441322726479892	0.008536719370028
3.000000000000000	-0.497661015627750	0.408017521411370	0.007090006487649
3.000000000000000	-0.524087462236123	0.372962216070641	0.005613434105030
3.000000000000000	-0.548228906377644	0.336297965799760	0.004112947858009


4.000000000000000	nan	nan	nan
4.000000000000000	nan	nan	nan
4.000000000000000	nan	nan	nan
4.000000000000000	nan	nan	nan
4.000000000000000	nan	nan	nan
4.000000000000000	nan	nan	nan
4.000000000000000	nan	nan	nan
4.000000000000000	nan	nan	nan
4.000000000000000	nan	nan	nan
4.000000000000000	nan	nan	nan
4.000000000000000	nan	nan	nan
4.000000000000000	nan	nan	nan
4.000000000000000	nan	nan	nan
4.000000000000000	nan	nan	nan
4.000000000000000	nan	nan	nan
4.000000000000000	nan	nan	nan
4.000000000000000	nan	nan	nan
4.000000000000000	nan	nan	nan
4.000000000000000	nan	nan	nan
4.000000000000000	nan	nan	nan
4.000000000000000	nan	nan	nan
4.000000000000000	nan	nan	nan
4.000000000000000	nan	nan	nan
4.000000000000000	nan	nan	nan
4.000000000000000	nan	nan	nan
4.000000000000000	nan	nan	nan
4.000000000000000	nan	nan	nan
4.000000000000000	nan	nan	nan
4.000000000000000	nan	nan	nan
4.000000000000000	nan	nan	nan
4.000000000000000	nan	nan	nan
4.000000000000000	nan	nan	nan
4.000000000000000	nan	nan	nan
4.000000000000000	nan	nan	nan
4.000000000000000	nan	nan	nan
4.000000000000000	nan	nan	nan
4.000000000000000	nan	nan	nan
4.000000000000000	nan	nan	nan
4.000000000000000	nan	nan	nan
4.000000000000000	nan	nan	nan
4.000000000000000	nan	nan	nan
4.000000000000000	nan	nan	nan
4.000000000000000	nan	nan	nan
4.000000000000000	nan	nan	nan
4.000000000000000	nan	nan	nan
4.000000000000000	nan	nan	nan
4.000000000000000	nan	nan	nan
4.000000000000000	nan	nan	nan
4.000000000000000	nan	nan	nan
4.000000000000000	nan	nan	nan
4.000000000000000	nan	nan	nan
4.000000000000000	nan	nan	nan
4.000000000000000	nan	nan	nan
4.000000000000000	nan	nan	nan
4.000000000000000	nan	nan	nan
4.000000000000000	nan	nan	nan
4.000000000000000	nan	nan	nan
4.000000000000000	nan	nan	nan
4.000000000000000	nan	nan	nan
4.000000000000000	nan	nan	nan
4.000000000000000	nan	nan	nan
4.000000000000000	nan	nan	nan
4.000000000000000	nan	nan	nan
4.000000000000000	nan	nan	nan
4.000000000000000	nan	nan	nan
4.000000000000000	nan	nan	nan
4.000000000000000	nan	nan	nan
4.000000000000000	nan	nan	nan
4.000000000000000	nan	nan	nan
4.000000000000000	nan	nan	nan
4.000000000000000	nan	nan	nan
4.000000000000000	nan	nan	nan
4.000000000000000	nan	nan	nan
4.000000000000000	nan	nan	nan
4.000000000000000	nan	nan	nan
4.000000000000000	nan	nan	nan
4.000000000000000	nan	nan	nan
4.000000000000000	nan	nan	nan
4.000000000000000	nan	nan	nan
4.000000000000000	nan	nan	nan
4.000000000000000	nan	nan	nan
4.000000000000000	nan	nan	nan
4.000000000000000	nan	nan	nan
4.000000000000000	nan	nan	nan
4.000000000000000	nan	nan	nan
4.000000000000000	nan	nan	nan
4.000000000000000	nan	nan	nan
4.000000000000000	nan	nan	nan
4.000000000000000	nan	nan	nan
4.000000000000000	nan	nan	nan
4.000000000000000	nan	nan	nan
4.000000000000000	nan	nan	nan
4.000000000000000	nan	nan	nan
4.000000000000000	nan	nan	nan
4.000000000000000	nan	nan	nan
4.000000000000000	nan	nan	nan
4.000000000000000	nan	nan	nan
4.000000000000000	nan	nan	nan
4.000000000000000	nan	nan	nan
4.000000000000000	nan	nan	nan


5.000000000000000	nan	nan	nan
5.000000000000000	nan	nan	nan
5.000000000000000	nan	nan	nan
5.000000000000000	nan	nan	nan
5.000000000000000	nan	nan	nan
5.000000000000000	nan	nan	nan
5.000000000000000	nan	nan	nan
5.000000000000000	nan	nan	nan
5.000000000000000	nan	nan	nan
5.000000000000000	nan	nan	nan
5.000000000000000	nan	nan	nan
5.000000000000000	nan	nan	nan
5.000000000000000	nan	nan	nan
5.000000000000000	nan	nan	nan
5.000000000000000	nan	nan	nan
5.000000000000000	nan	nan	nan
5.000000000000000	nan	nan	nan
5.000000000000000	nan	nan	nan
5.000000000000000	nan	nan	nan
5.000000000000000	nan	nan	nan
5.000000000000000	nan	nan	nan
5.000000000000000	nan	nan	nan
5.000000000000000	nan	nan	nan
5.000000000000000	nan	nan	nan
5.000000000000000	nan	nan	nan
5.000000000000000	nan	nan	nan
5.000000000000000	nan	nan	nan
5.000000000000000	nan	nan	nan
5.000000000000000	nan	nan	nan
5.000000000000000	nan	nan	nan
5.000000000000000	nan	nan	nan
5.000000000000000	nan	nan	nan
5.000000000000000	nan	nan	nan
5.000000000000000	nan	nan	nan
5.000000000000000	nan	nan	nan
5.000000000000000	nan	nan	nan
5.000000000000000	nan	nan	nan
5.000000000000000	nan	nan	nan
5.000000000000000	nan	nan	nan
5.000000000000000	nan	nan	nan
5.000000000000000	nan	nan	nan
5.000000000000000	nan	nan	nan
5.000000000000000	nan	nan	nan
5.000000000000000	nan	nan	nan
5.000000000000000	nan	nan	nan
5.000000000000000	nan	nan	nan
5.000000000000000	nan	nan	nan
5.000000000000000	nan	nan	nan
5.000000000000000	nan	nan	nan
5.000000000000000	nan	nan	nan
5.000000000000000	nan	nan	nan
5.000000000000000	nan	nan	nan
5.000000000000000	nan	nan	nan
5.000000000000000	nan	nan	nan
5.000000000000000	nan	nan	nan
5.000000000000000	nan	nan	nan
5.000000000000000	nan	nan	nan
5.000000000000000	nan	nan	nan
5.000000000000000	nan	nan	nan
5.000000000000000	nan	nan	nan
5.000000000000000	nan	nan	nan
5.000000000000000	nan	nan	nan
5.000000000000000	nan	nan	nan
5.000000000000000	nan	nan	nan
5.000000000000000	nan	nan	nan
5.000000000000000	nan	nan	nan
5.000000000000000	nan	nan	nan
5.000000000000000	nan	nan	nan
5.000000000000000	nan	nan	nan
5.000000000000000	nan	nan	nan
5.000000000000000	nan	nan	nan
5.000000000000000	nan	nan	nan
5.000000000000000	nan	nan	nan
5.000000000000000	nan	nan	nan
5.000000000000000	nan	nan	nan
5.000000000000000	nan	nan	nan
5.000000000000000	nan	nan	nan
5.000000000000000	nan	nan	nan
5.000000000000000	nan	nan	nan
5.000000000000000	nan	nan	nan
5.000000000000000	nan	nan	nan
5.000000000000000	nan	nan	nan
5.000000000000000	nan	nan	nan
5.000000000000000	nan	nan	nan
5.000000000000000	nan	nan	nan
5.000000000000000	nan	nan	nan
5.000000000000000	nan	nan	nan
5.000000000000000	nan	nan	nan
5.000000000000000	nan	nan	nan
5.000000000000000	nan	nan	nan
5.000000000000000	nan	nan	nan
5.000000000000000	nan	nan	nan
5.000000000000000	nan	nan	nan
5.000000000000000	nan	nan	nan
5.000000000000000	nan	nan	nan
5.000000000000000	nan	nan	nan
5.000000000000000	nan	nan	nan
5.000000000000000	nan	nan	nan
5.000000000000000	nan	nan	nan
5.000000000000000	nan	nan	nan


6.000000000000000	nan	nan	nan
6.000000000000000	nan	nan	nan
6.000000000000000	nan	nan	nan
6.000000000000000	nan	nan	nan
6.000000000000000	nan	nan	nan
6.000000000000000	nan	nan	nan
6.000000000000000	nan	nan	nan
6.000000000000000	nan	nan	nan
6.000000000000000	nan	nan	nan
6.000000000000000	nan	nan	nan
6.000000000000000	nan	nan	nan
6.000000000000000	nan	nan	nan
6.000000000000000	nan	nan	nan
6.000000000000000	nan	nan	nan
6.000000000000000	nan	nan	nan
6.000000000000000	nan	nan	nan
6.000000000000000	nan	nan	nan
6.000000000000000	nan	nan	nan
6.000000000000000	nan	nan	nan
6.000000000000000	nan	nan	nan
6.000000000000000	nan	nan	nan
6.000000000000000	nan	nan	nan
6.000000000000000	nan	nan	nan
6.000000000000000	nan	nan	nan
6.000000000000000	nan	nan	nan
6.000000000000000	nan	nan	nan
6.000000000000000	nan	nan	nan
6.000000000000000	nan	nan	nan
6.000000000000000	nan	nan	nan
6.000000000000000	nan	nan	nan
6.000000000000000	nan	nan	nan
6.000000000000000	nan	nan	nan
6.000000000000000	nan	nan	nan
6.000000000000000	nan	nan	nan
6.000000000000000	nan	nan	nan
6.000000000000000	nan	nan	nan
6.000000000000000	nan	nan	nan
6.000000000000000	nan	nan	nan
6.000000000000000	nan	nan	nan
6.000000000000000	nan	nan	nan
6.000000000000000	nan	nan	nan
6.000000000000000	nan	nan	nan
6.000000000000000	nan	nan	nan
6.000000000000000	nan	nan	nan
6.000000000000000	nan	nan	nan
6.000000000000000	nan	nan	nan
6.000000000000000	nan	nan	nan
6.000000000000000	nan	nan	nan
6.000000000000000	nan	nan	nan
6.000000000000000	nan	nan	nan
6.000000000000000	nan	nan	nan
6.000000000000000	nan	nan	nan
6.000000000000000	nan	nan	nan
6.000000000000000	nan	nan	nan
6.000000000000000	nan	nan	nan
6.000000000000000	nan	nan	nan
6.000000000000000	nan	nan	nan
6.000000000000000	nan	nan	nan
6.000000000000000	nan	nan	nan
6.000000000000000	nan	nan	nan
6.000000000000000	nan	nan	nan
6.000000000000000	nan	nan	nan
6.000000000000000	nan	nan	nan
6.000000000000000	nan	nan	nan
6.000000000000000	nan	nan	nan
6.000000000000000	nan	nan	nan
6.000000000000000	nan	nan	nan
6.000000000000000	nan	nan	nan
6.000000000000000	nan	nan	nan
6.000000000000000	nan	nan	nan
6.000000000000000	nan	nan	nan
6.000000000000000	nan	nan	nan
6.000000000000000	nan	nan	nan
6.000000000000000	nan	nan	nan
6.000000000000000	nan	nan	nan
6.000000000000000	nan	nan	nan
6.000000000000000	nan	nan	nan
6.000000000000000	nan	nan	nan
6.000000000000000	nan	nan	nan
6.000000000000000	nan	nan	nan
6.000000000000000	nan	nan	nan
6.000000000000000	nan	nan	nan
6.000000000000000	nan	nan	nan
6.000000000000000	nan	nan	nan
6.000000000000000	nan	nan	nan
6.000000000000000	nan	nan	nan
6.000000000000000	nan	nan	nan
6.000000000000000	nan	nan	nan
6.000000000000000	nan	nan	nan
6.000000000000000	nan	nan	nan
6.000000000000000	nan	nan	nan
6.000000000000000	nan	nan	nan
6.000000000000000	nan	nan	nan
6.000000000000000	nan	nan	nan
6.000000000000000	nan	nan	nan
6.000000000000000	nan	nan	nan
6.000000000000000	nan	nan	nan
6.000000000000000	nan	nan	nan
6.000000000000000	nan	nan	nan
6.000000000000000	nan	nan	nan


7.000000000000000	nan	nan	nan
7.000000000000000	nan	nan	nan
7.000000000000000	nan	nan	nan
7.000000000000000	nan	nan	nan
7.000000000000000	nan	nan	nan
7.000000000000000	nan	nan	nan
7.000000000000000	nan	nan	nan
7.000000000000000	nan	nan	nan
7.000000000000000	nan	nan	nan
7.000000000000000	nan	nan	nan
7.000000000000000	nan	nan	nan
7.000000000000000	nan	nan	nan
7.000000000000000	nan	nan	nan
7.000000000000000	nan	nan	nan
7.000000000000000	nan	nan	nan
7.000000000000000	nan	nan	nan
7.000000000000000	nan	nan	nan
7.000000000000000	nan	nan	nan
7.000000000000000	nan	nan	nan
7.000000000000000	nan	nan	nan
7.000000000000000	nan	nan	nan
7.000000000000000	nan	nan	nan
7.000000000000000	nan	nan	nan
7.000000000000000	nan	nan	nan
7.000000000000000	nan	nan	nan
7.000000000000000	nan	nan	nan
7.000000000000000	nan	nan	nan
7.000000000000000	nan	nan	nan
7.000000000000000	nan	nan	nan
7.000000000000000	nan	nan	nan
7.000000000000000	nan	nan	nan
7.000000000000000	nan	nan	nan
7.000000000000000	nan	nan	nan
7.000000000000000	nan	nan	nan
7.000000000000000	nan	nan	nan
7.000000000000000	nan	nan	nan
7.000000000000000	nan	nan	nan
7.000000000000000	nan	nan	nan
7.000000000000000	nan	nan	nan
7.000000000000000	nan	nan	nan
7.000000000000000	nan	nan	nan
7.000000000000000	nan	nan	nan
7.000000000000000	nan	nan	nan
7.000000000000000	nan	nan	nan
7.000000000000000	nan	nan	nan
7.000000000000000	nan	nan	nan
7.000000000000000	nan	nan	nan
7.000000000000000	nan	nan	nan
7.000000000000000	nan	nan	nan
7.000000000000000	nan	nan	nan
7.000000000000000	nan	nan	nan
7.000000000000000	nan	nan	nan
7.000000000000000	nan	nan	nan
7.000000000000000	nan	nan	nan
7.000000000000000	nan	nan	nan
7.000000000000000	nan	nan	nan
7.000000000000000	nan	nan	nan
7.000000000000000	nan	nan	nan
7.000000000000000	nan	nan	nan
7.000000000000000	nan	nan	nan
7.000000000000000	nan	nan	nan
7.000000000000000	nan	nan	nan
7.000000000000000	nan	nan	nan
7.000000000000000	nan	nan	nan
7.000000000000000	nan	nan	nan
7.000000000000000	nan	nan	nan
7.000000000000000	nan	nan	nan
7.000000000000000	nan	nan	nan
7.000000000000000	nan	nan	nan
7.000000000000000	nan	nan	nan
7.000000000000000	nan	nan	nan
7.000000000000000	nan	nan	nan
7.000000000000000	nan	nan	nan
7.000000000000000	nan	nan	nan
7.000000000000000	nan	nan	nan
7.000000000000000	nan	nan	nan
7.000000000000000	nan	nan	nan
7.000000000000000	nan	nan	nan
7.000000000000000	nan	nan	nan
7.000000000000000	nan	nan	nan
7.000000000000000	nan	nan	nan
7.000000000000000	nan	nan	nan
7.000000000000000	nan	nan	nan
7.000000000000000	nan	nan	nan
7.000000000000000	nan	nan	nan
7.000000000000000	nan	nan	nan
7.000000000000000	nan	nan	nan
7.000000000000000	nan	nan	nan
7.000000000000000	nan	nan	nan
7.000000000000000	nan	nan	nan
7.000000000000000	nan	nan	nan
7.000000000000000	nan	nan	nan
7.000000000000000	nan	nan	nan
7.000000000000000	nan	nan	nan
7.000000000000000	nan	nan	nan
7.000000000000000	nan	nan	nan
7.000000000000000	nan	nan	nan
7.000000000000000	nan	nan	nan
7.000000000000000	nan	nan	nan
7.000000000000000	nan	nan	nan


8.000000000000000	nan	nan	nan
8.000000000000000	nan	nan	nan
8.000000000000000	nan	nan	nan
8.000000000000000	nan	nan	nan
8.000000000000000	nan	nan	nan
8.000000000000000	nan	nan	nan
8.000000000000000	nan	nan	nan
8.000000000000000	nan	nan	nan
8.000000000000000	nan	nan	nan
8.000000000000000	nan	nan	nan
8.000000000000000	nan	nan	nan
8.000000000000000	nan	nan	nan
8.000000000000000	nan	nan	nan
8.000000000000000	nan	nan	nan
8.000000000000000	nan	nan	nan
8.000000000000000	nan	nan	nan
8.000000000000000	nan	nan	nan
8.000000000000000	nan	nan	nan
8.000000000000000	nan	nan	nan
8.000000000000000	nan	nan	nan
8.000000000000000	nan	nan	nan
8.000000000000000	nan	nan	nan
8.000000000000000	nan	nan	nan
8.000000000000000	nan	nan	nan
8.000000000000000	nan	nan	nan
8.000000000000000	nan	nan	nan
8.000000000000000	nan	nan	nan
8.000000000000000	nan	nan	nan
8.000000000000000	nan	nan	nan
8.000000000000000	nan	nan	nan
8.000000000000000	nan	nan	nan
8.000000000000000	nan	nan	nan
8.000000000000000	nan	nan	nan
8.000000000000000	nan	nan	nan
8.000000000000000	nan	nan	nan
8.000000000000000	nan	nan	nan
8.000000000000000	nan	nan	nan
8.000000000000000	nan	nan	nan
8.000000000000000	nan	nan	nan
8.000000000000000	nan	nan	nan
8.000000000000000	nan	nan	nan
8.000000000000000	nan	nan	nan
8.000000000000000	nan	nan	nan
8.000000000000000	nan	nan	nan
8.000000000000000	nan	nan	nan
8.000000000000000	nan	nan	nan
8.000000000000000	nan	nan	nan
8.000000000000000	nan	nan	nan
8.000000000000000	nan	nan	nan
8.000000000000000	nan	nan	nan
8.000000000000000	nan	nan	nan
8.000000000000000	nan	nan	nan
8.000000000000000	nan	nan	nan
8.000000000000000	nan	nan	nan
8.000000000000000	nan	nan	nan
8.000000000000000	nan	nan	nan
8.000000000000000	nan	nan	nan
8.000000000000000	nan	nan	nan
8.000000000000000	nan	nan	nan
8.000000000000000	nan	nan	nan
8.000000000000000	nan	nan	nan
8.000000000000000	nan	nan	nan
8.000000000000000	nan	nan	nan
8.000000000000000	nan	nan	nan
8.000000000000000	nan	nan	nan
8.000000000000000	nan	nan	nan
8.000000000000000	nan	nan	nan
8.000000000000000	nan	nan	nan
8.000000000000000	nan	nan	nan
8.000000000000000	nan	nan	nan
8.000000000000000	nan	nan	nan
8.000000000000000	nan	nan	nan
8.000000000000000	nan	nan	nan
8.000000000000000	nan	nan	nan
8.000000000000000	nan	nan	nan
8.000000000000000	nan	nan	nan
8.000000000000000	nan	nan	nan
8.000000000000000	nan	nan	nan
8.000000000000000	nan	nan	nan
8.000000000000000	nan	nan	nan
8.000000000000000	nan	nan	nan
8.000000000000000	nan	nan	nan
8.000000000000000	nan	nan	nan
8.000000000000000	nan	nan	nan
8.000000000000000	nan	nan	nan
8.000000000000000	nan	nan	nan
8.000000000000000	nan	nan	nan
8.000000000000000	nan	nan	nan
8.000000000000000	nan	nan	nan
8.000000000000000	nan	nan	nan
8.000000000000000	nan	nan	nan
8.000000000000000	nan	nan	nan
8.000000000000000	nan	nan	nan
8.000000000000000	nan	nan	nan
8.000000000000000	nan	nan	nan
8.000000000000000	nan	nan	nan
8.000000000000000	nan	nan	nan
8.000000000000000	nan	nan	nan
8.000000000000000	nan	nan	nan
8.000000000000000	nan	nan	nan


9.000000000000000	nan	nan	nan
9.000000000000000	nan	nan	nan
9.000000000000000	nan	nan	nan
9.000000000000000	nan	nan	nan
9.000000000000000	nan	nan	nan
9.000000000000000	nan	nan	nan
9.000000000000000	nan	nan	nan
9.000000000000000	nan	nan	nan
9.000000000000000	nan	nan	nan
9.000000000000000	nan	nan	nan
9.000000000000000	nan	nan	nan
9.000000000000000	nan	nan	nan
9.000000000000000	nan	nan	nan
9.000000000000000	nan	nan	nan
9.000000000000000	nan	nan	nan
9.000000000000000	nan	nan	nan
9.000000000000000	nan	nan	nan
9.000000000000000	nan	nan	nan
9.000000000000000	nan	nan	nan
9.000000000000000	nan	nan	nan
9.000000000000000	nan	nan	nan
9.000000000000000	nan	nan	nan
9.000000000000000	nan	nan	nan
9.000000000000000	nan	nan	nan
9.000000000000000	nan	nan	nan
9.000000000000000	nan	nan	nan
9.000000000000000	nan	nan	nan
9.000000000000000	nan	nan	nan
9.000000000000000	nan	nan	nan
9.000000000000000	nan	nan	nan
9.000000000000000	nan	nan	nan
9.000000000000000	nan	nan	nan
9.000000000000000	nan	nan	nan
9.000000000000000	nan	nan	nan
9.000000000000000	nan	nan	nan
9.000000000000000	nan	nan	nan
9.000000000000000	nan	nan	nan
9.000000000000000	nan	nan	nan
9.000000000000000	nan	nan	nan
9.000000000000000	nan	nan	nan
9.000000000000000	nan	nan	nan
9.000000000000000	nan	nan	nan
9.000000000000000	nan	nan	nan
9.000000000000000	nan	nan	nan
9.000000000000000	nan	nan	nan
9.000000000000000	nan	nan	nan
9.000000000000000	nan	nan	nan
9.000000000000000	nan	nan	nan
9.000000000000000	nan	nan	nan
9.000000000000000	nan	nan	nan
9.000000000000000	nan	nan	nan
9.000000000000000	nan	nan	nan
9.000000000000000	nan	nan	nan
9.000000000000000	nan	nan	nan
9.000000000000000	nan	nan	nan
9.000000000000000	nan	nan	nan
9.000000000000000	nan	nan	nan
9.000000000000000	nan	nan	nan
9.000000000000000	nan	nan	nan
9.000000000000000	nan	nan	nan
9.000000000000000	nan	nan	nan
9.000000000000000	nan	nan	nan
9.000000000000000	nan	nan	nan
9.000000000000000	nan	nan	nan
9.000000000000000	nan	nan	nan
9.000000000000000	nan	nan	nan
9.000000000000000	nan	nan	nan
9.000000000000000	nan	nan	nan
9.000000000000000	nan	nan	nan
9.000000000000000	nan	nan	nan
9.000000000000000	nan	nan	nan
9.000000000000000	nan	nan	nan
9.000000000000000	nan	nan	nan
9.000000000000000	nan	nan	nan
9.000000000000000	nan	nan	nan
9.000000000000000	nan	nan	nan
9.000000000000000	nan	nan	nan
9.000000000000000	nan	nan	nan
9.000000000000000	nan	nan	nan
9.000000000000000	nan	nan	nan
9.000000000000000	nan	nan	nan
9.000000000000000	nan	nan	nan
9.000000000000000	nan	nan	nan
9.000000000000000	nan	nan	nan
9.000000000000000	nan	nan	nan
9.000000000000000	nan	nan	nan
9.000000000000000	nan	nan	nan
9.000000000000000	nan	nan	nan
9.000000000000000	nan	nan	nan
9.000000000000000	nan	nan	nan
9.000000000000000	nan	nan	nan
9.000000000000000	nan	nan	nan
9.000000000000000	nan	nan	nan
9.000000000000000	nan	nan	nan
9.000000000000000	nan	nan	nan
9.000000000000000	nan	nan	nan
9.000000000000000	nan	nan	nan
9.000000000000000	nan	nan	nan
9.000000000000000	nan	nan	nan
9.000000000000000	nan	nan	nan


10.000000000000000	nan	nan	nan
10.000000000000000	nan	nan	nan
10.000000000000000	nan	nan	nan
10.000000000000000	nan	nan	nan
10.000000000000000	nan	nan	nan
10.000000000000000	nan	nan	nan
10.000000000000000	nan	nan	nan
10.000000000000000	nan	nan	nan
10.000000000000000	nan	nan	nan
10.000000000000000	nan	nan	nan
10.000000000000000	nan	nan	nan
10.000000000000000	nan	nan	nan
10.000000000000000	nan	nan	nan
10.000000000000000	nan	nan	nan
10.000000000000000	nan	nan	nan
10.000000000000000	nan	nan	nan
10.000000000000000	nan	nan	nan
10.000000000000000	nan	nan	nan
10.000000000000000	nan	nan	nan
10.000000000000000	nan	nan	nan
10.000000000000000	nan	nan	nan
10.000000000000000	nan	nan	nan
10.000000000000000	nan	nan	nan
10.000000000000000	nan	nan	nan
10.000000000000000	nan	nan	nan
10.000000000000000	nan	nan	nan
10.000000000000000	nan	nan	nan
10.000000000000000	nan	nan	nan
10.000000000000000	nan	nan	nan
10.000000000000000	nan	nan	nan
10.000000000000000	nan	nan	nan
10.000000000000000	nan	nan	nan
10.000000000000000	nan	nan	nan
10.000000000000000	nan	nan	nan
10.000000000000000	nan	nan	nan
10.000000000000000	nan	nan	nan
10.000000000000000	nan	nan	nan
10.000000000000000	nan	nan	nan
10.000000000000000	nan	nan	nan
10.000000000000000	nan	nan	nan
10.000000000000000	nan	nan	nan
10.000000000000000	nan	nan	nan
10.000000000000000	nan	nan	nan
10.000000000000000	nan	nan	nan
10.000000000000000	nan	nan	nan
10.000000000000000	nan	nan	nan
10.000000000000000	nan	nan	nan
10.000000000000000	nan	nan	nan
10.000000000000000	nan	nan	nan
10.000000000000000	nan	nan	nan
10.000000000000000	nan	nan	nan
10.000000000000000	nan	nan	nan
10.000000000000000	nan	nan	nan
10.000000000000000	nan	nan	nan
10.000000000000000	nan	nan	nan
10.000000000000000	nan	nan	nan
10.000000000000000	nan	nan	nan
10.000000000000000	nan	nan	nan
10.000000000000000	nan	nan	nan
10.000000000000000	nan	nan	nan
10.000000000000000	nan	nan	nan
10.000000000000000	nan	nan	nan
10.000000000000000	nan	nan	nan
10.000000000000000	nan	nan	nan
10.000000000000000	nan	nan	nan
10.000000000000000	nan	nan	nan
10.000000000000000	nan	nan	nan
10.000000000000000	nan	nan	nan
10.000000000000000	nan	nan	nan
10.000000000000000	nan	nan	nan
10.000000000000000	nan	nan	nan
10.000000000000000	nan	nan	nan
10.000000000000000	nan	nan	nan
10.000000000000000	nan	nan	nan
10.000000000000000	nan	nan	nan
10.000000000000000	nan	nan	nan
10.000000000000000	nan	nan	nan
10.000000000000000	nan	nan	nan
10.000000000000000	nan	nan	nan
10.000000000000000	nan	nan	nan
10.000000000000000	nan	nan	nan
10.000000000000000	nan	nan	nan
10.000000000000000	nan	nan	nan
10.000000000000000	nan	nan	nan
10.000000000000000	nan	nan	nan
10.000000000000000	nan	nan	nan
10.000000000000000	nan	nan	nan
10.000000000000000	nan	nan	nan
10.000000000000000	nan	nan	nan
10.000000000000000	nan	nan	nan
10.000000000000000	nan	nan	nan
10.000000000000000	nan	nan	nan
10.000000000000000	nan	nan	nan
10.000000000000000	nan	nan	nan
10.000000000000000	nan	nan	nan
10.000000000000000	nan	nan	nan
10.000000000000000	nan	nan	nan
10.000000000000000	nan	nan	nan
10.000000000000000	nan	nan	nan
10.000000000000000	nan	nan	nan


11.000000000000000	nan	nan	nan
11.000000000000000	nan	nan	nan
11.000000000000000	nan	nan	nan
11.000000000000000	nan	nan	nan
11.000000000000000	nan	nan	nan
11.000000000000000	nan	nan	nan
11.000000000000000	nan	nan	nan
11.000000000000000	nan	nan	nan
11.000000000000000	nan	nan	nan
11.000000000000000	nan	nan	nan
11.000000000000000	nan	nan	nan
11.000000000000000	nan	nan	nan
11.000000000000000	nan	nan	nan
11.000000000000000	nan	nan	nan
11.000000000000000	nan	nan	nan
11.000000000000000	nan	nan	nan
11.000000000000000	nan	nan	nan
11.000000000000000	nan	nan	nan
11.000000000000000	nan	nan	nan
11.000000000000000	nan	nan	nan
11.000000000000000	nan	nan	nan
11.000000000000000	nan	nan	nan
11.000000000000000	nan	nan	nan
11.000000000000000	nan	nan	nan
11.000000000000000	nan	nan	nan
11.000000000000000	nan	nan	nan
11.000000000000000	nan	nan	nan
11.000000000000000	nan	nan	nan
11.000000000000000	nan	nan	nan
11.000000000000000	nan	nan	nan
11.000000000000000	nan	nan	nan
11.000000000000000	nan	nan	nan
11.000000000000000	nan	nan	nan
11.000000000000000	nan	nan	nan
11.000000000000000	nan	nan	nan
11.000000000000000	nan	nan	nan
11.000000000000000	nan	nan	nan
11.000000000000000	nan	nan	nan
11.000000000000000	nan	nan	nan
11.000000000000000	nan	nan	nan
11.000000000000000	nan	nan	nan
11.000000000000000	nan	nan	nan
11.000000000000000	nan	nan	nan
11.000000000000000	nan	nan	nan
11.000000000000000	nan	nan	nan
11.000000000000000	nan	nan	nan
11.000000000000000	nan	nan	nan
11.000000000000000	nan	nan	nan
11.000000000000000	nan	nan	nan
11.000000000000000	nan	nan	nan
11.000000000000000	nan	nan	nan
11.000000000000000	nan	nan	nan
11.000000000000000	nan	nan	nan
11.000000000000000	nan	nan	nan
11.000000000000000	nan	nan	nan
11.000000000000000	nan	nan	nan
11.000000000000000	nan	nan	nan
11.000000000000000	nan	nan	nan
11.000000000000000	nan	nan	nan
11.000000000000000	nan	nan	nan
11.000000000000000	nan	nan	nan
11.000000000000000	nan	nan	nan
11.000000000000000	nan	nan	nan
11.000000000000000	nan	nan	nan
11.000000000000000	nan	nan	nan
11.000000000000000	nan	nan	nan
11.000000000000000	nan	nan	nan
11.000000000000000	nan	nan	nan
11.000000000000000	nan	nan	nan
11.000000000000000	nan	nan	nan
11.000000000000000	nan	nan	nan
11.000000000000000	nan	nan	nan
11.000000000000000	nan	nan	nan
11.000000000000000	nan	nan	nan
11.000000000000000	nan	nan	nan
11.000000000000000	nan	nan	nan
11.000000000000000	nan	nan	nan
11.000000000000000	nan	nan	nan
11.000000000000000	nan	nan	nan
11.000000000000000	nan	nan	nan
11.000000000000000	nan	nan	nan
11.000000000000000	nan	nan	nan
11.000000000000000	nan	nan	nan
11.000000000000000	nan	nan	nan
11.000000000000000	nan	nan	nan
11.000000000000000	nan	nan	nan
11.000000000000000	nan	nan	nan
11.000000000000000	nan	nan	nan
11.000000000000000	nan	nan	nan
11.000000000000000	nan	nan	nan
11.000000000000000	nan	nan	nan
11.000000000000000	nan	nan	nan
11.000000000000000	nan	nan	nan
11.000000000000000	nan	nan	nan
11.000000000000000	nan	nan	nan
11.000000000000000	nan	nan	nan
11.000000000000000	nan	nan	nan
11.000000000000000	nan	nan	nan
11.000000000000000	nan	nan	nan
11.000000000000000	nan	nan	nan


12.000000000000000	nan	nan	nan
12.000000000000000	nan	nan	nan
12.000000000000000	nan	nan	nan
12.000000000000000	nan	nan	nan
12.000000000000000	nan	nan	nan
12.000000000000000	nan	nan	nan
12.000000000000000	nan	nan	nan
12.000000000000000	nan	nan	nan
12.000000000000000	nan	nan	nan
12.000000000000000	nan	nan	nan
12.000000000000000	nan	nan	nan
12.000000000000000	nan	nan	nan
12.000000000000000	nan	nan	nan
12.000000000000000	nan	nan	nan
12.000000000000000	nan	nan	nan
12.000000000000000	nan	nan	nan
12.000000000000000	nan	nan	nan
12.000000000000000	nan	nan	nan
12.000000000000000	nan	nan	nan
12.000000000000000	nan	nan	nan
12.000000000000000	nan	nan	nan
12.000000000000000	nan	nan	nan
12.000000000000000	nan	nan	nan
12.000000000000000	nan	nan	nan
12.000000000000000	nan	nan	nan
12.000000000000000	nan	nan	nan
12.000000000000000	nan	nan	nan
12.000000000000000	nan	nan	nan
12.000000000000000	nan	nan	nan
12.000000000000000	nan	nan	nan
12.000000000000000	nan	nan	nan
12.000000000000000	nan	nan	nan
12.000000000000000	nan	nan	nan
12.000000000000000	nan	nan	nan
12.000000000000000	nan	nan	nan
12.000000000000000	nan	nan	nan
12.000000000000000	nan	nan	nan
12.000000000000000	nan	nan	nan
12.000000000000000	nan	nan	nan
12.000000000000000	nan	nan	nan
12.000000000000000	nan	nan	nan
12.000000000000000	nan	nan	nan
12.000000000000000	nan	nan	nan
12.000000000000000	nan	nan	nan
12.000000000000000	nan	nan	nan
12.000000000000000	nan	nan	nan
12.000000000000000	nan	nan	nan
12.000000000000000	nan	nan	nan
12.000000000000000	nan	nan	nan
12.000000000000000	nan	nan	nan
12.000000000000000	nan	nan	nan
12.000000000000000	nan	nan	nan
12.000000000000000	nan	nan	nan
12.000000000000000	nan	nan	nan
12.000000000000000	nan	nan	nan
12.000000000000000	nan	nan	nan
12.000000000000000	nan	nan	nan
12.000000000000000	nan	nan	nan
12.000000000000000	nan	nan	nan
12.000000000000000	nan	nan	nan
12.000000000000000	nan	nan	nan
12.000000000000000	nan	nan	nan
12.000000000000000	nan	nan	nan
12.000000000000000	nan	nan	nan
12.000000000000000	nan	nan	nan
12.000000000000000	nan	nan	nan
12.000000000000000	nan	nan	nan
12.000000000000000	nan	nan	nan
12.000000000000000	nan	nan	nan
12.000000000000000	nan	nan	nan
12.000000000000000	nan	nan	nan
12.000000000000000	nan	nan	nan
12.000000000000000	nan	nan	nan
12.000000000000000	nan	nan	nan
12.000000000000000	nan	nan	nan
12.000000000000000	nan	nan	nan
12.000000000000000	nan	nan	nan
12.000000000000000	nan	nan	nan
12.000000000000000	nan	nan	nan
12.000000000000000	nan	nan	nan
12.000000000000000	nan	nan	nan
12.000000000000000	nan	nan	nan
12.000000000000000	nan	nan	nan
12.000000000000000	nan	nan	nan
12.000000000000000	nan	nan	nan
12.000000000000000	nan	nan	nan
12.000000000000000	nan	nan	nan
12.000000000000000	nan	nan	nan
12.000000000000000	nan	nan	nan
12.000000000000000	nan	nan	nan
12.000000000000000	nan	nan	nan
12.000000000000000	nan	nan	nan
12.000000000000000	nan	nan	nan
12.000000000000000	nan	nan	nan
12.000000000000000	nan	nan	nan
12.000000000000000	nan	nan	nan
12.000000000000000	nan	nan	nan
12.000000000000000	nan	nan	nan
12.000000000000000	nan	nan	nan
12.000000000000000	nan	nan	nan


13.000000000000000	-0.869190679393291	-0.660817820480916	0.009624452074887
13.000000000000000	-0.822746452421280	-0.717998697262315	0.012146590421807
13.000000000000000	-0.772758861094233	-0.772113239322934	0.014617266935983
13.000000000000000	-0.719429187799616	-0.822943546501287	0.017026533075103
13.000000000000000	-0.662972172309410	-0.870284943090605	0.019364687574758
13.000000000000000	-0.603615147098842	-0.913946801995675	0.021622315512017
13.000000000000000	-0.541597121958743	-0.953753312320868	0.023790326215991
13.000000000000000	-0.477167821587477	-0.989544187298563	0.025859989872761
13.000000000000000	-0.410586680037719	-1.021175309707391	0.027822972677258
13.000000000000000	-0.342121796067090	-1.048519312181420	0.029671370390548
13.000000000000000	-0.272048853599086	-1.071466090073582	0.031397740167422
13.000000000000000	-0.200650011641218	-1.089923244808228	0.032995130526100
13.000000000000000	-0.128212768130272	-1.103816455937578	0.034457109339395
13.000000000000000	-0.055028802279596	-1.113089780403938	0.035777789734624
13.000000000000000	0.018607199910157	-1.117705877802643	0.036951853797961
13.000000000000000	0.092398732247536	-1.117646160738692	0.037974573987800
13.000000000000000	0.166048662276079	-1.112910869671624	0.038841832170901
13.000000000000000	0.239260427721847	-1.103519071947275	0.039550136204653
13.000000000000000	0.311739230645024	-1.089508585020304	0.040096633998703
13.000000000000000	0.383193224487181	-1.070935824176653	0.040479124999320
13.000000000000000	0.453334689234358	-1.047875575369098	0.040696069050239
13.000000000000000	0.521881189964012	-1.020420694080617	0.040746592594338
13.000000000000000	0.588556714110762	-0.988681731428128	0.040630492191137
13.000000000000000	0.653092782871583	-0.952786489012165	0.040348235335982
13.000000000000000	0.715229532275177	-0.912879504304933	0.039900958577608
13.000000000000000	0.774716759562473	-0.869121468648929	0.039290462941658
13.000000000000000	0.831314930664834	-0.821688580209612	0.038519206678587
13.000000000000000	0.884796144723201	-0.770771834487585	0.037590295365155
13.000000000000000	0.934945051764422	-0.716576255247122	0.036507469399370
13.000000000000000	0.981559719839587	-0.659320068957834	0.035275088939219
13.000000000000000	1.024452448132713	-0.599233826073692	0.033898116345852
13.000000000000000	1.063450522765686	-0.536559472687726	0.032382096201911
13.000000000000000	1.098396912256085	-0.471549376300499	0.030733132985445
13.000000000000000	1.129150899827545	-0.404465309625254	0.028957866489335
13.000000000000000	1.155588650026541	-0.335577396521589	0.027063445085192
13.000000000000000	1.177603707364063	-0.265163024302012	0.025057496939386
13.000000000000000	1.195107424974289	-0.193505726791139	0.022948099297114
13.000000000000000	1.208029321564231	-0.120894042635047	0.020743745958181
13.000000000000000	1.216317365217024	-0.047620353457994	0.018453313075472
13.000000000000000	1.219938182906092	0.026020293455198	0.016086023413811
13.000000000000000	1.218877194876546	0.099731373210417	0.013651409213144
13.000000000000000	1.213138673352712	0.173216077305354	0.011159273805578
13.000000000000000	1.202745725335391	0.246178508772587	0.008619652140813
13.000000000000000	1.187740199558122	0.318324873652234	0.006042770378950
13.000000000000000	1.168182517977104	0.389364663996534	0.003439004713351
13.000000000000000	1.144151432473301	0.459011827642823	0.000818839589367
13.000000000000000	1.115743707746416	0.526985920044627	-0.001807174512818
13.000000000000000	1.083073731677594	0.593013233522879	-0.004428463561250
13.000000000000000	1.046273054729799	0.656827899390131	-0.007034472550098
13.000000000000000	1.005489860240533	0.718172958509922	-0.009614708000940
13.000000000000000	0.960888367739826	0.776801395980535	-0.012158780216292
13.000000000000000	0.912648171696163	0.832477135776816	-0.014656445115258
13.000000000000000	0.860963518352932	0.884975991345012	-0.017097645482825
13.000000000000000	0.806042523567373	0.934086568322893	-0.019472551466719
13.000000000000000	0.748106334801463	0.979611115750242	-0.021771600158752
13.000000000000000	0.687388240639145	1.021366322342173	-0.023985534101274
13.000000000000000	0.624132731415538	1.059184054618983	-0.026105438563695
13.000000000000000	0.558594514740649	1.092912033920323	-0.028122777438951
13.000000000000000	0.491037489881720	1.122414449577629	-0.030029427615399
13.000000000000000	0.421733685134030	1.147572505775741	-0.031817711685717
13.000000000000000	0.350962162458949	1.168284899901730	-0.033480428861120
13.000000000000000	0.279007893799924	1.184468230454761	-0.035010883966386
13.000000000000000	0.206160613601032	1.196057332874501	-0.036402914398972
13.000000000000000	0.132713652148643	1.203005541935809	-0.037650914943635
13.000000000000000	0.058962754433875	1.205284879653121	-0.038749860342654
13.000000000000000	-0.014795110708091	1.202886167937927	-0.039695325530775
13.000000000000000	-0.088262946386711	1.195819065555696	-0.040483503453380
13.000000000000000	-0.161144923557718	1.184112029233429	-0.041111220396157
13.000000000000000	-0.233147572222286	1.167812199074472	-0.041575948764527
13.000000000000000	-0.303980963127129	1.146985208741951	-0.041875817261374
13.000000000000000	-0.373359875207278	1.121714921175178	-0.042009618422097
13.000000000000000	-0.441004944070639	1.092103090903195	-0.041976813476646
13.000000000000000	-0.506643786899806	1.058268954315195	-0.041777534518959
13.000000000000000	-0.570012099241526	1.020348749537672	-0.041412583975064
13.000000000000000	-0.630854719267451	0.978495167851563	-0.040883431371993
13.000000000000000	-0.688926655220758	0.932876738858358	-0.040192207420519
13.000000000000000	-0.743994071911493	0.883677151870873	-0.039341695435531
13.000000000000000	-0.795835232288343	0.831094516261219	-0.038335320128609
13.000000000000000	-0.844241390295486	0.775340563744281	-0.037177133817920
13.000000000000000	-0.889017631419277	0.716639795808836	-0.035871800110964
13.000000000000000	-0.929983657540208	0.655228579729289	-0.034424575125869
13.000000000000000	-0.966974512929793	0.591354196798086	-0.032841286326859
13.000000000000000	-0.999841248469069	0.525273846611227	-0.031128309059118
13.000000000000000	-1.028451521414130	0.457253611416266	-0.029292540877518
13.000000000000000	-1.052690128293643	0.387567384693014	-0.027341373772603
13.000000000000000	-1.072459468792571	0.316495768281166	-0.025282664405652
13.000000000000000	-1.087679938754189	0.244324942495731	-0.023124702472678
13.000000000000000	-1.098290250717931	0.171345513779901	-0.020876177324745
13.000000000000000	-1.104247680702364	0.097851344535480	-0.018546142979021
13.000000000000000	-1.105528240239578	0.024138369842707	-0.016143981661445
13.000000000000000	-1.102126772968282	-0.049496594165864	-0.013679366027815
13.000000000000000	-1.094056975396651	-0.122757045479174	-0.011162220215417
13.000000000000000	-1.081351341751321	-0.195347990116604	-0.008602679882027
13.000000000000000	-1.064061033134607	-0.266977129964620	-0.006011051393194
13.000000000000000	-1.042255671516803	-0.337356039758113	-0.003397770322142
13.000000000000000	-1.016023059393076	-0.406201328467142	-0.000773359429404
13.000000000000000	-0.985468826233812	-0.473235780412592	0.001851613708625
13.000000000000000	-0.950716003152018	-0.538189471515869	0.004466579251585
13.000000000000000	-0.911904527500451	-0.600800856187903	0.007061007656172
13.000000000000000	-0.869190679393291	-0.660817820480916	0.009624452074887


14.000000000000000	nan	nan	nan
14.000000000000000	nan	nan	nan
14.000000000000000	nan	nan	nan
14.000000000000000	nan	nan	nan
14.000000000000000	nan	nan	nan
14.000000000000000	nan	nan	nan
14.000000000000000	nan	nan	nan
14.000000000000000	nan	nan	nan
14.000000000000000	nan	nan	nan
14.000000000000000	nan	nan	nan
14.000000000000000	nan	nan	nan
14.000000000000000	nan	nan	nan
14.000000000000000	nan	nan	nan
14.000000000000000	nan	nan	nan
14.000000000000000	nan	nan	nan
14.000000000000000	nan	nan	nan
14.000000000000000	nan	nan	nan
14.000000000000000	nan	nan	nan
14.000000000000000	nan	nan	nan
14.000000000000000	nan	nan	nan
14.000000000000000	nan	nan	nan
14.000000000000000	nan	nan	nan
14.000000000000000	nan	nan	nan
14.000000000000000	nan	nan	nan
14.000000000000000	nan	nan	nan
14.000000000000000	nan	nan	nan
14.000000000000000	nan	nan	nan
14.000000000000000	nan	nan	nan
14.000000000000000	nan	nan	nan
14.000000000000000	nan	nan	nan
14.000000000000000	nan	nan	nan
14.000000000000000	nan	nan	nan
14.000000000000000	nan	nan	nan
14.000000000000000	nan	nan	nan
14.000000000000000	nan	nan	nan
14.000000000000000	nan	nan	nan
14.000000000000000	nan	nan	nan
14.000000000000000	nan	nan	nan
14.000000000000000	nan	nan	nan
14.000000000000000	nan	nan	nan
14.000000000000000	nan	nan	nan
14.000000000000000	nan	nan	nan
14.000000000000000	nan	nan	nan
14.000000000000000	nan	nan	nan
14.000000000000000	nan	nan	nan
14.000000000000000	nan	nan	nan
14.000000000000000	nan	nan	nan
14.000000000000000	nan	nan	nan
14.000000000000000	nan	nan	nan
14.000000000000000	nan	nan	nan
14.000000000000000	nan	nan	nan
14.000000000000000	nan	nan	nan
14.000000000000000	nan	nan	nan
14.000000000000000	nan	nan	nan
14.000000000000000	nan	nan	nan
14.000000000000000	nan	nan	nan
14.000000000000000	nan	nan	nan
14.000000000000000	nan	nan	nan
14.000000000000000	nan	nan	nan
14.000000000000000	nan	nan	nan
14.000000000000000	nan	nan	nan
14.000000000000000	nan	nan	nan
14.000000000000000	nan	nan	nan
14.000000000000000	nan	nan	nan
14.000000000000000	nan	nan	nan
14.000000000000000	nan	nan	nan
14.000000000000000	nan	nan	nan
14.000000000000000	nan	nan	nan
14.000000000000000	nan	nan	nan
14.000000000000000	nan	nan	nan
14.000000000000000	nan	nan	nan
14.000000000000000	nan	nan	nan
14.000000000000000	nan	nan	nan
14.000000000000000	nan	nan	nan
14.000000000000000	nan	nan	nan
14.000000000000000	nan	nan	nan
14.000000000000000	nan	nan	nan
14.000000000000000	nan	nan	nan
14.000000000000000	nan	nan	nan
14.000000000000000	nan	nan	nan
14.000000000000000	nan	nan	nan
14.000000000000000	nan	nan	nan
14.000000000000000	nan	nan	nan
14.000000000000000	nan	nan	nan
14.000000000000000	nan	nan	nan
14.000000000000000	nan	nan	nan
14.000000000000000	nan	nan	nan
14.000000000000000	nan	nan	nan
14.000000000000000	nan	nan	nan
14.000000000000000	nan	nan	nan
14.000000000000000	nan	nan	nan
14.000000000000000	nan	nan	nan
14.000000000000000	nan	nan	nan
14.000000000000000	nan	nan	nan
14.000000000000000	nan	nan	nan
14.000000000000000	nan	nan	nan
14.000000000000000	nan	nan	nan
14.000000000000000	nan	nan	nan
14.000000000000000	nan	nan	nan
14.000000000000000	nan	nan	nan


15.000000000000000	1.735057729678625	0.290878611226642	-0.006969282617948
15.000000000000000	1.712358328471540	0.404132717442231	-0.005521894941241
15.000000000000000	1.682516920595104	0.515718124214640	-0.004051280631520
15.000000000000000	1.645653666866496	0.625185516494169	-0.002563361333567
15.000000000000000	1.601917002597826	0.732094107727945	-0.001064128373243
15.000000000000000	1.551483039899521	0.836013414751788	0.000440381367465
15.000000000000000	1.494554858539014	0.936524991193986	0.001944109758839
15.000000000000000	1.431361688210197	1.033224112411141	0.003441001817379
15.000000000000000	1.362157985506348	1.125721405171464	0.004925030087084
15.000000000000000	1.287222409313241	1.213644415523352	0.006390218909889
15.000000000000000	1.206856698748159	1.296639108535996	0.007830668487536
15.000000000000000	1.121384458162973	1.374371293873095	0.009240578637972
15.000000000000000	1.031149854103622	1.446527971459385	0.010614272150640
15.000000000000000	0.936516229472915	1.512818591821478	0.011946217646602
15.000000000000000	0.837864640476889	1.572976226028036	0.013231051851447
15.000000000000000	0.735592322245970	1.626758640518372	0.014463601191307
15.000000000000000	0.630111089309294	1.673949272491501	0.015638902625010
15.000000000000000	0.521845677362954	1.714358101928107	0.016752223628499
15.000000000000000	0.411232033009256	1.747822416734092	0.017799081251032
15.000000000000000	0.298715558353615	1.774207467924756	0.018775260166444
15.000000000000000	0.184749317527481	1.793407012211391	0.019676829646781
15.000000000000000	0.069792212358987	1.805343739805517	0.020500159389947
15.000000000000000	-0.045692865462749	1.809969585718104	0.021241934137657
15.000000000000000	-0.161240898289076	1.807265923300327	0.021899167024805
15.000000000000000	-0.276386614973761	1.797243639246500	0.022469211606522
15.000000000000000	-0.390666364355679	1.779943089757207	0.022949772514471
15.000000000000000	-0.503619982218393	1.755433938039118	0.023338914699487
15.000000000000000	-0.614792644209046	1.723814873795851	0.023635071223335
15.000000000000000	-0.723736697255500	1.685213215839361	0.023837049568221
15.000000000000000	-0.830013462107261	1.639784399422025	0.023944036438636
15.000000000000000	-0.933194999741995	1.587711350353737	0.023955601036215
15.000000000000000	-1.032865834524925	1.529203748424238	0.023871696794405
15.000000000000000	-1.128624627182582	1.464497183096603	0.023692661565972
15.000000000000000	-1.220085790854402	1.393852204871629	0.023419216262594
15.000000000000000	-1.306881043714926	1.317553276142922	0.023052461951996
15.000000000000000	-1.388660891914729	1.235907625767241	0.022593875424343
15.000000000000000	-1.465096036868798	1.149244011962327	0.022045303245727
15.000000000000000	-1.535878701225712	1.057911398513587	0.021408954322696
15.000000000000000	-1.600723868178404	0.962277549620105	0.020687391007767
15.000000000000000	-1.659370429126255	0.862727549038002	0.019883518781739
15.000000000000000	-1.711582235067266	0.759662249484072	0.019000574554344
15.000000000000000	-1.757149047486743	0.653496658543361	0.018042113630356
15.000000000000000	-1.795887384913596	0.544658267580105	0.017011995393633
15.000000000000000	-1.827641261735462	0.433585330380880	0.015914367766740
15.000000000000000	-1.852282816297713	0.320725098461287	0.014753650508731
15.000000000000000	-1.869712825757208	0.206532020141951	0.013534517418336
15.000000000000000	-1.879861105617668	0.091465910645528	0.012261877514223
15.000000000000000	-1.882686792337867	-0.024009899416907	0.010940855268117
15.000000000000000	-1.878178507874692	-0.139430429714700	0.009576769970356
15.000000000000000	-1.866354405498504	-0.254330922509296	0.008175114310988
15.000000000000000	-1.847262096696329	-0.368248714069628	0.006741532262649
15.000000000000000	-1.820978459457203	-0.480725097655655	0.005281796354273
15.000000000000000	-1.787609328711640	-0.591307170568516	0.003801784427158
15.000000000000000	-1.747289070171728	-0.699549657829843	0.002307455966975
15.000000000000000	-1.700180039287821	-0.805016705146947	0.000804828107018
15.000000000000000	-1.646471927500452	-0.907283633944219	-0.000700048600665
15.000000000000000	-1.586380998419842	-1.005938651393868	-0.002201114548707
15.000000000000000	-1.520149217008683	-1.100584508560297	-0.003692325474328
15.000000000000000	-1.448043275274621	-1.190840099981363	-0.005167676797444
15.000000000000000	-1.370353518395677	-1.276341998245562	-0.006621227798993
15.000000000000000	-1.287392775602687	-1.356745917385947	-0.008047125542114
15.000000000000000	-1.199495100526401	-1.431728099198200	-0.009439628439856
15.000000000000000	-1.107014426081415	-1.500986616900659	-0.010793129374526
15.000000000000000	-1.010323139303241	-1.564242590886896	-0.012102178275570
15.000000000000000	-0.909810581877146	-1.621241311675473	-0.013361504065083
15.000000000000000	-0.805881482396606	-1.671753265535116	-0.014566035882583
15.000000000000000	-0.698954326664100	-1.715575058655513	-0.015710923503572
15.000000000000000	-0.589459672596490	-1.752530236142395	-0.016791556869682
15.000000000000000	-0.477838416520251	-1.782469992539123	-0.017803584651750
15.000000000000000	-0.364540017837575	-1.805273771013737	-0.018742931771086
15.000000000000000	-0.250020689211990	-1.820849748798774	-0.019605815808379
15.000000000000000	-0.134741559560993	-1.829135206929135	-0.020388762234158
15.000000000000000	-0.019166817252636	-1.830096782789230	-0.021088618399504
15.000000000000000	0.096238159017192	-1.823730604452455	-0.021702566230649
15.000000000000000	0.211008674140519	-1.810062306272067	-0.022228133576366
15.000000000000000	0.324682587760479	-1.789146925660698	-0.022663204162448
15.000000000000000	0.436802175147427	-1.761068681474118	-0.023006026113202
15.000000000000000	0.546915970294863	-1.725940634891624	-0.023255219005629
15.000000000000000	0.654580583813710	-1.683904234158578	-0.023409779427902
15.000000000000000	0.759362488304877	-1.635128745024247	-0.023469085019751
15.000000000000000	0.860839764021101	-1.579810569168371	-0.023432896978490
15.000000000000000	0.958603797788847	-1.518172453360914	-0.023301361020589
15.000000000000000	1.052260928349334	-1.450462592539446	-0.023075006794925
15.000000000000000	1.141434031493499	-1.376953630415720	-0.022754745750074
15.000000000000000	1.225764038608070	-1.297941561635679	-0.022341867464231
15.000000000000000	1.304911382518149	-1.213744539913482	-0.021838034452529
15.000000000000000	1.378557364804370	-1.124701596938790	-0.021245275472682
15.000000000000000	1.446405439088958	-1.031171277215812	-0.020565977355891
15.000000000000000	1.508182405123323	-0.933530194331128	-0.019802875395918
15.000000000000000	1.563639508869042	-0.832171514463701	-0.018959042335025
15.000000000000000	1.612553444142567	-0.727503373243445	-0.018037875991121
15.000000000000000	1.654727251790423	-0.619947232333085	-0.017043085575954
15.000000000000000	1.689991112774193	-0.509936182350798	-0.015978676759420
15.000000000000000	1.718203031971856	-0.397913198967145	-0.014848935540147
15.000000000000000	1.739249409942025	-0.284329359198402	-0.013658410987291
15.000000000000000	1.753045500348800	-0.169642025078608	-0.012411896923036
15.000000000000000	1.759535751205358	-0.054313002024081	-0.011114412619572
15.000000000000000	1.758694028562194	0.061193320693994	-0.009771182588248
15.000000000000000	1.750523721739311	0.176411839881271	-0.008387615542316
15.000000000000000	1.735057729678625	0.290878611226641	-0.006969282617949


