# n	x	y	z
1.000000000000000	0.262049997443720	0.184094260355746	0.008877571838420
1.000000000000000	0.247940177778498	0.202784472049691	0.010626834905883
1.000000000000000	0.232655615061450	0.220534235697597	0.012327332318184
1.000000000000000	0.216257854832047	0.237272079265920	0.013972216772423
1.000000000000000	0.198812925083245	0.252930605366130	0.015554864899455
1.000000000000000	0.180391070390064	0.267446762640200	0.017068903933858
1.000000000000000	0.161066469059473	0.280762099646175	0.018508237374811
1.000000000000000	0.140916934440533	0.292823000221497	0.019867069534551
1.000000000000000	0.120023601597503	0.303580899376368	0.021139928875562
1.000000000000000	0.098470600607570	0.312992478847826	0.022321690042526
1.000000000000000	0.076344717798722	0.321019841527097	0.023407594500319
1.000000000000000	0.053735046291839	0.327630664057879	0.024393269694952
1.000000000000000	0.030732627254135	0.332798326991091	0.025274746660304
1.000000000000000	0.007430083308516	0.336502021971993	0.026048475999748
1.000000000000000	-0.016078754425038	0.338726835528094	0.026711342178316
1.000000000000000	-0.039699224154270	0.339463809120438	0.027260676067863
1.000000000000000	-0.063336214584280	0.338709975216478	0.027694265694699
1.000000000000000	-0.086894547897134	0.336468369239285	0.028010365146429
1.000000000000000	-0.110279362999348	0.332748017344969	0.028207701602126
1.000000000000000	-0.133396497494030	0.327563900077531	0.028285480457533
1.000000000000000	-0.156152866839619	0.320936892047508	0.028243388524650
1.000000000000000	-0.178456839168478	0.312893677877273	0.028081595292834
1.000000000000000	-0.200218604256088	0.303466644751489	0.027800752246327
1.000000000000000	-0.221350535155120	0.292693752005341	0.027401990240954
1.000000000000000	-0.241767541038227	0.280618378275691	0.026886914950571
1.000000000000000	-0.261387409828773	0.267289146830621	0.026257600401580
1.000000000000000	-0.280131139239849	0.252759729780692	0.025516580621556
1.000000000000000	-0.297923254888598	0.237088631960296	0.024666839435616
1.000000000000000	-0.314692114204920	0.220338955349340	0.023711798451605
1.000000000000000	-0.330370194910812	0.202578144983841	0.022655303282489
1.000000000000000	-0.344894366908752	0.183877717378575	0.021501608061430
1.000000000000000	-0.358206146484322	0.164312972555308	0.020255358311896
1.000000000000000	-0.370251931799478	0.143962690836189	0.018921572241770
1.000000000000000	-0.380983218728243	0.122908815623196	0.017505620536806
1.000000000000000	-0.390356796165695	0.101236123440977	0.016013204734769
1.000000000000000	-0.398334920023839	0.079031882571709	0.014450334267353
1.000000000000000	-0.404885465213728	0.056385501656523	0.012823302262327
1.000000000000000	-0.409982055001856	0.033388169678466	0.011138660203324
1.000000000000000	-0.413604167219955	0.010132488776649	0.009403191549331
1.000000000000000	-0.415737216900526	-0.013287898629884	0.007623884420095
1.000000000000000	-0.416372615005351	-0.036778686907128	0.005807903457431
1.000000000000000	-0.415507803010522	-0.060245286941616	0.003962560975735
1.000000000000000	-0.413146263208712	-0.083593207017401	0.002095287517879
1.000000000000000	-0.409297504687212	-0.106728433300840	0.000213601935036
1.000000000000000	-0.403977025038194	-0.129557808401124	-0.001674918889081
1.000000000000000	-0.397206247955373	-0.151989406482209	-0.003562670547656
1.000000000000000	-0.389012436968359	-0.173932903415716	-0.005442051731030
1.000000000000000	-0.379428585662041	-0.195299940484314	-0.007305494834492
1.000000000000000	-0.368493284823069	-0.216004480171090	-0.009145496430357
1.000000000000000	-0.356250567048377	-0.235963152602264	-0.010954647481613
1.000000000000000	-0.342749729441450	-0.255095591248245	-0.012725663175508
1.000000000000000	-0.328045135110298	-0.273324756531280	-0.014451412256910
1.000000000000000	-0.312195994266394	-0.290577246036645	-0.016124945743361
1.000000000000000	-0.295266125806064	-0.306783590078260	-0.017739524906174
1.000000000000000	-0.277323700334304	-0.321878531428598	-0.019288648404916
1.000000000000000	-0.258440965665823	-0.335801288086507	-0.020766078466012
1.000000000000000	-0.238693955908586	-0.348495798024876	-0.022165866000054
1.000000000000000	-0.218162185301302	-0.359910944932630	-0.023482374556690
1.000000000000000	-0.196928328037647	-0.370000764042077	-0.024710303020616
1.000000000000000	-0.175077885366463	-0.378724627212803	-0.025844706957296
1.000000000000000	-0.152698841308409	-0.386047406526852	-0.026881018522460
1.000000000000000	-0.129881308375363	-0.391939615736455	-0.027815064855193
1.000000000000000	-0.106717164719141	-0.396377528994744	-0.028643084880580
1.000000000000000	-0.083299684170606	-0.399343276391362	-0.029361744454222
1.000000000000000	-0.059723160658873	-0.400824915908285	-0.029968149787664
1.000000000000000	-0.036082528522937	-0.400816481506113	-0.030459859100654
1.000000000000000	-0.012472980244594	-0.399318007147207	-0.030834892453335
1.000000000000000	0.011010416858079	-0.396335526658934	-0.031091739718761
1.000000000000000	0.034273103433271	-0.391881049437571	-0.031229366663646
1.000000000000000	0.057221408852563	-0.385972512090709	-0.031247219112860
1.000000000000000	0.079762928389493	-0.378633706212862	-0.031145225180888
1.000000000000000	0.101806895300774	-0.369894182585115	-0.030923795561298
1.000000000000000	0.123264546311935	-0.359789132184556	-0.030583821873015
1.000000000000000	0.144049479035699	-0.348359244482635	-0.030126673070091
1.000000000000000	0.164077999883901	-0.335650543603017	-0.029554189929406
1.000000000000000	0.183269461072024	-0.321714202998690	-0.028868677638514
1.000000000000000	0.201546585359373	-0.306606339394522	-0.028072896513464
1.000000000000000	0.218835777217237	-0.290387786825021	-0.027170050883979
1.000000000000000	0.235067419172120	-0.273123851677147	-0.026163776190756
1.000000000000000	0.250176152130725	-0.254884049724542	-0.025058124346827
1.000000000000000	0.264101138557960	-0.235741826212046	-0.023857547421933
1.000000000000000	0.276786307448222	-0.215774260117613	-0.022566879715615
1.000000000000000	0.288180580103539	-0.195061753782479	-0.021191318291194
1.000000000000000	0.298238075809467	-0.173687709159306	-0.019736402049029
1.000000000000000	0.306918296580528	-0.151738191981954	-0.018207989423325
1.000000000000000	0.314186290231307	-0.129301585209152	-0.016612234792281
1.000000000000000	0.320012791116565	-0.106468233137513	-0.014955563696584
1.000000000000000	0.324374337973664	-0.083330077616940	-0.013244646966027
1.000000000000000	0.327253368392793	-0.059980287833247	-0.011486373858424
1.000000000000000	0.328638289534588	-0.036512885148730	-0.009687824319009
1.000000000000000	0.328523524810412	-0.013022364511326	-0.007856240471990
1.000000000000000	0.326909536337302	0.010396686043191	-0.005998997459073
1.000000000000000	0.323802823077194	0.033649966263846	-0.004123573742369
1.000000000000000	0.319215894667889	0.056643843398291	-0.002237520991265
1.000000000000000	0.313167221051165	0.079285729218850	-0.000348433674520
1.000000000000000	0.305681158100835	0.101484452842638	0.001536081519982
1.000000000000000	0.296787849550241	0.123150627844523	0.003408436314683
1.000000000000000	0.286523105614077	0.144197012184712	0.005261091397659
1.000000000000000	0.274928258793297	0.164538859501659	0.007086586780775
1.000000000000000	0.262049997443720	0.184094260355746	0.008877571838420


2.000000000000000	nan	nan	nan
2.000000000000000	nan	nan	nan
2.000000000000000	nan	nan	nan
2.000000000000000	nan	nan	nan
2.000000000000000	nan	nan	nan
2.000000000000000	nan	nan	nan
2.000000000000000	nan	nan	nan
2.000000000000000	nan	nan	nan
2.000000000000000	nan	nan	nan
2.000000000000000	nan	nan	nan
2.000000000000000	nan	nan	nan
2.000000000000000	nan	nan	nan
2.000000000000000	nan	nan	nan
2.000000000000000	nan	nan	nan
2.000000000000000	nan	nan	nan
2.000000000000000	nan	nan	nan
2.000000000000000	nan	nan	nan
2.000000000000000	nan	nan	nan
2.000000000000000	nan	nan	nan
2.000000000000000	nan	nan	nan
2.000000000000000	nan	nan	nan
2.000000000000000	nan	nan	nan
2.000000000000000	nan	nan	nan
2.000000000000000	nan	nan	nan
2.000000000000000	nan	nan	nan
2.000000000000000	nan	nan	nan
2.000000000000000	nan	nan	nan
2.000000000000000	nan	nan	nan
2.000000000000000	nan	nan	nan
2.000000000000000	nan	nan	nan
2.000000000000000	nan	nan	nan
2.000000000000000	nan	nan	nan
2.000000000000000	nan	nan	nan
2.000000000000000	nan	nan	nan
2.000000000000000	nan	nan	nan
2.000000000000000	nan	nan	nan
2.000000000000000	nan	nan	nan
2.000000000000000	nan	nan	nan
2.000000000000000	nan	nan	nan
2.000000000000000	nan	nan	nan
2.000000000000000	nan	nan	nan
2.000000000000000	nan	nan	nan
2.000000000000000	nan	nan	nan
2.000000000000000	nan	nan	nan
2.000000000000000	nan	nan	nan
2.000000000000000	nan	nan	nan
2.000000000000000	nan	nan	nan
2.000000000000000	nan	nan	nan
2.000000000000000	nan	nan	nan
2.000000000000000	nan	nan	nan
2.000000000000000	nan	nan	nan
2.000000000000000	nan	nan	nan
2.000000000000000	nan	nan	nan
2.000000000000000	nan	nan	nan
2.000000000000000	nan	nan	nan
2.000000000000000	nan	nan	nan
2.000000000000000	nan	nan	nan
2.000000000000000	nan	nan	nan
2.000000000000000	nan	nan	nan
2.000000000000000	nan	nan	nan
2.000000000000000	nan	nan	nan
2.000000000000000	nan	nan	nan
2.000000000000000	nan	nan	nan
2.000000000000000	nan	nan	nan
2.000000000000000	nan	nan	nan
2.000000000000000	nan	nan	nan
2.000000000000000	nan	nan	nan
2.000000000000000	nan	nan	nan
2.000000000000000	nan	nan	nan
2.000000000000000	nan	nan	nan
2.000000000000000	nan	nan	nan
2.000000000000000	nan	nan	nan
2.000000000000000	nan	nan	nan
2.000000000000000	nan	nan	nan
2.000000000000000	nan	nan	nan
2.000000000000000	nan	nan	nan
2.000000000000000	nan	nan	nan
2.000000000000000	nan	nan	nan
2.000000000000000	nan	nan	nan
2.000000000000000	nan	nan	nan
2.000000000000000	nan	nan	nan
2.000000000000000	nan	nan	nan
2.000000000000000	nan	nan	nan
2.000000000000000	nan	nan	nan
2.000000000000000	nan	nan	nan
2.000000000000000	nan	nan	nan
2.000000000000000	nan	nan	nan
2.000000000000000	nan	nan	nan
2.000000000000000	nan	nan	nan
2.000000000000000	nan	nan	nan
2.000000000000000	nan	nan	nan
2.000000000000000	nan	nan	nan
2.000000000000000	nan	nan	nan
2.000000000000000	nan	nan	nan
2.000000000000000	nan	nan	nan
2.000000000000000	nan	nan	nan
2.000000000000000	nan	nan	nan
2.000000000000000	nan	nan	nan
2.000000000000000	nan	nan	nan
2.000000000000000	nan	nan	nan


3.000000000000000	0.165694986843416	0.656580477468124	-0.004342131220123
3.000000000000000	0.122718179732906	0.665970993655890	-0.006398976032892
3.000000000000000	0.079230444098818	0.672613364834011	-0.008429614548162
3.000000000000000	0.035406889703823	0.676480844518136	-0.010425870101334
3.000000000000000	-0.008576021465779	0.677557859732581	-0.012379704475861
3.000000000000000	-0.052541185750203	0.675840073717202	-0.014283250270312
3.000000000000000	-0.096311570950107	0.671334403390002	-0.016128842577615
3.000000000000000	-0.139710929172774	0.664058991495139	-0.017909049848941
3.000000000000000	-0.182564506520176	0.654043133548504	-0.019616703817920
3.000000000000000	-0.224699746761238	0.641327159875013	-0.021244928364726
3.000000000000000	-0.265946986154879	0.625962273212624	-0.022787167203779
3.000000000000000	-0.306140136626017	0.608010342536987	-0.024237210283599
3.000000000000000	-0.345117354543628	0.587543653936911	-0.025589218792487
3.000000000000000	-0.382721692407922	0.564644619543797	-0.026837748669361
3.000000000000000	-0.418801730822537	0.539405445687075	-0.027977772525067
3.000000000000000	-0.453212188207003	0.511927761611857	-0.029004699885902
3.000000000000000	-0.485814505794389	0.482322210253837	-0.029914395677833
3.000000000000000	-0.516477405558554	0.450708002719238	-0.030703196876976
3.000000000000000	-0.545077418824428	0.417212438263765	-0.031367927259305
3.000000000000000	-0.571499383432786	0.381970391703430	-0.031905910190183
3.000000000000000	-0.595636907457618	0.345123770321269	-0.032314979402225
3.000000000000000	-0.617392797608865	0.306820942456803	-0.032593487718093
3.000000000000000	-0.636679450595493	0.267216140079099	-0.032740313683096
3.000000000000000	-0.653419205873029	0.226468837749062	-0.032754866080894
3.000000000000000	-0.667544658355162	0.184743110471671	-0.032637086314118
3.000000000000000	-0.678998929830239	0.142206973023834	-0.032387448640319
3.000000000000000	-0.687735897989742	0.099031703418191	-0.032006958262301
3.000000000000000	-0.693720382146551	0.055391153227000	-0.031497147280525
3.000000000000000	-0.696928284895153	0.011461047543221	-0.030860068523880
3.000000000000000	-0.697346689143390	-0.032581722602414	-0.030098287283665
3.000000000000000	-0.694973910125026	-0.076559812519150	-0.029214870984070
3.000000000000000	-0.689819502183711	-0.120296137960685	-0.028213376830736
3.000000000000000	-0.681904220301009	-0.163614588180930	-0.027097837487148
3.000000000000000	-0.671259936523411	-0.206340735069824	-0.025872744836520
3.000000000000000	-0.657929511624857	-0.248302535513774	-0.024543031894567
3.000000000000000	-0.641966622521522	-0.289331024152548	-0.023114052945992
3.000000000000000	-0.623435546133823	-0.329260993743147	-0.021591561984673
3.000000000000000	-0.602410900565947	-0.367931660391063	-0.019981689544355
3.000000000000000	-0.578977344645076	-0.405187310970276	-0.018290918013164
3.000000000000000	-0.553229237030177	-0.440877930125053	-0.016526055531306
3.000000000000000	-0.525270256262980	-0.474859804328840	-0.014694208577100
3.000000000000000	-0.495212983291088	-0.506996100567909	-0.012802753351690
3.000000000000000	-0.463178448144231	-0.537157417319610	-0.010859306077693
3.000000000000000	-0.429295642589055	-0.565222305606634	-0.008871692331354
3.000000000000000	-0.393701000724807	-0.591077758029175	-0.006847915531712
3.000000000000000	-0.356537849611366	-0.614619663805850	-0.004796124713660
3.000000000000000	-0.317955832141764	-0.635753227991064	-0.002724581714657
3.000000000000000	-0.278110304483068	-0.654393353180803	-0.000641627907220
3.000000000000000	-0.237161710511930	-0.670464982169844	0.001444349388833
3.000000000000000	-0.195274935763719	-0.683903400180631	0.003524950679163
3.000000000000000	-0.152618643496670	-0.694654495446838	0.005591798116710
3.000000000000000	-0.109364595544471	-0.702674977102361	0.007636569236324
3.000000000000000	-0.065686960691979	-0.707932549498353	0.009651030466395
3.000000000000000	-0.021761613358995	-0.710406042246403	0.011627070282542
3.000000000000000	0.022234574583949	-0.710085495464217	0.013556731869855
3.000000000000000	0.066124446016186	-0.706972199880552	0.015432245162184
3.000000000000000	0.109731271916117	-0.701078691637906	0.017246058129453
3.000000000000000	0.152879462986597	-0.692428701813895	0.018990867187015
3.000000000000000	0.195395276691074	-0.681057060864580	0.020659646604616
3.000000000000000	0.237107516853450	-0.667009558374514	0.022245676796526
3.000000000000000	0.277848223004666	-0.650342758678246	0.023742571378942
3.000000000000000	0.317453346700229	-0.631123773095711	0.025144302885700
3.000000000000000	0.355763412085400	-0.609429989698627	0.026445227038755
3.000000000000000	0.392624158048172	-0.585348761696049	0.027640105475694
3.000000000000000	0.427887159374322	-0.558977055693824	0.028724126842779
3.000000000000000	0.461410424403367	-0.530421061244294	0.029692926168562
3.000000000000000	0.493058966778862	-0.499795763258446	0.030542602440090
3.000000000000000	0.522705348990818	-0.467224479002261	0.031269734310905
3.000000000000000	0.550230195521571	-0.432838361541609	0.031871393877600
3.000000000000000	0.575522673528867	-0.396775871635136	0.032345158469452
3.000000000000000	0.598480939130593	-0.359182220201664	0.032689120403663
3.000000000000000	0.619012547494146	-0.320208783607072	0.032901894666921
3.000000000000000	0.637034825079150	-0.280012494125095	0.032982624492367
3.000000000000000	0.652475202534622	-0.238755208026445	0.032930984809487
3.000000000000000	0.665271506910132	-0.196603053840741	0.032747183553057
3.000000000000000	0.675372212004336	-0.153725763415548	0.032431960825865
3.000000000000000	0.682736645842802	-0.110295988466136	0.031986585918579
3.000000000000000	0.687335154449692	-0.066488605367958	0.031412852198757
3.000000000000000	0.689149221253861	-0.022480010991207	0.030713069889594
3.000000000000000	0.688171541648553	0.021552587587121	0.029890056767464
3.000000000000000	0.684406052404473	0.065431886633582	0.028947126815733
3.000000000000000	0.677867915817800	0.108981199697841	0.027888076880516
3.000000000000000	0.668583458656974	0.152025169066648	0.026717171382116
3.000000000000000	0.656590066154091	0.194390471867453	0.025439125143712
3.000000000000000	0.641936031467767	0.235906517978450	0.024059084406427
3.000000000000000	0.624680361223632	0.276406136934778	0.022582606107234
3.000000000000000	0.604892537915480	0.315726251064988	0.021015635503130
3.000000000000000	0.582652240123783	0.353708532147267	0.019364482231684
3.000000000000000	0.558049021678174	0.390200038941307	0.017635794904357
3.000000000000000	0.531181951055779	0.425053833028698	0.015836534334887
3.000000000000000	0.502159212467432	0.458129570482078	0.013973945510549
3.000000000000000	0.471097670238032	0.489294066980600	0.012055528419149
3.000000000000000	0.438122398235159	0.518421834096177	0.010089007849221
3.000000000000000	0.403366176240752	0.545395584591101	0.008082302285029
3.000000000000000	0.366968955293791	0.570106704692344	0.006043492021626
3.000000000000000	0.329077294156857	0.592455691440894	0.003980786628357
3.000000000000000	0.289843769175721	0.612352553355053	0.001902491891822
3.000000000000000	0.249426359908256	0.629717172794363	-0.000183023628597
3.000000000000000	0.207987812996509	0.644479628565077	-0.002267362297968
3.000000000000000	0.165694986843416	0.656580477468124	-0.004342131220123


4.000000000000000	nan	nan	nan
4.000000000000000	nan	nan	nan
4.000000000000000	nan	nan	nan
4.000000000000000	nan	nan	nan
4.000000000000000	nan	nan	nan
4.000000000000000	nan	nan	nan
4.000000000000000	nan	nan	nan
4.000000000000000	nan	nan	nan
4.000000000000000	nan	nan	nan
4.000000000000000	nan	nan	nan
4.000000000000000	nan	nan	nan
4.000000000000000	nan	nan	nan
4.000000000000000	nan	nan	nan
4.000000000000000	nan	nan	nan
4.000000000000000	nan	nan	nan
4.000000000000000	nan	nan	nan
4.000000000000000	nan	nan	nan
4.000000000000000	nan	nan	nan
4.000000000000000	nan	nan	nan
4.000000000000000	nan	nan	nan
4.000000000000000	nan	nan	nan
4.000000000000000	nan	nan	nan
4.000000000000000	nan	nan	nan
4.000000000000000	nan	nan	nan
4.000000000000000	nan	nan	nan
4.000000000000000	nan	nan	nan
4.000000000000000	nan	nan	nan
4.000000000000000	nan	nan	nan
4.000000000000000	nan	nan	nan
4.000000000000000	nan	nan	nan
4.000000000000000	nan	nan	nan
4.000000000000000	nan	nan	nan
4.000000000000000	nan	nan	nan
4.000000000000000	nan	nan	nan
4.000000000000000	nan	nan	nan
4.000000000000000	nan	nan	nan
4.000000000000000	nan	nan	nan
4.000000000000000	nan	nan	nan
4.000000000000000	nan	nan	nan
4.000000000000000	nan	nan	nan
4.000000000000000	nan	nan	nan
4.000000000000000	nan	nan	nan
4.000000000000000	nan	nan	nan
4.000000000000000	nan	nan	nan
4.000000000000000	nan	nan	nan
4.000000000000000	nan	nan	nan
4.000000000000000	nan	nan	nan
4.000000000000000	nan	nan	nan
4.000000000000000	nan	nan	nan
4.000000000000000	nan	nan	nan
4.000000000000000	nan	nan	nan
4.000000000000000	nan	nan	nan
4.000000000000000	nan	nan	nan
4.000000000000000	nan	nan	nan
4.000000000000000	nan	nan	nan
4.000000000000000	nan	nan	nan
4.000000000000000	nan	nan	nan
4.000000000000000	nan	nan	nan
4.000000000000000	nan	nan	nan
4.000000000000000	nan	nan	nan
4.000000000000000	nan	nan	nan
4.000000000000000	nan	nan	nan
4.000000000000000	nan	nan	nan
4.000000000000000	nan	nan	nan
4.000000000000000	nan	nan	nan
4.000000000000000	nan	nan	nan
4.000000000000000	nan	nan	nan
4.000000000000000	nan	nan	nan
4.000000000000000	nan	nan	nan
4.000000000000000	nan	nan	nan
4.000000000000000	nan	nan	nan
4.000000000000000	nan	nan	nan
4.000000000000000	nan	nan	nan
4.000000000000000	nan	nan	nan
4.000000000000000	nan	nan	nan
4.000000000000000	nan	nan	nan
4.000000000000000	nan	nan	nan
4.000000000000000	nan	nan	nan
4.000000000000000	nan	nan	nan
4.000000000000000	nan	nan	nan
4.000000000000000	nan	nan	nan
4.000000000000000	nan	nan	nan
4.000000000000000	nan	nan	nan
4.000000000000000	nan	nan	nan
4.000000000000000	nan	nan	nan
4.000000000000000	nan	nan	nan
4.000000000000000	nan	nan	nan
4.000000000000000	nan	nan	nan
4.000000000000000	nan	nan	nan
4.000000000000000	nan	nan	nan
4.000000000000000	nan	nan	nan
4.000000000000000	nan	nan	nan
4.000000000000000	nan	nan	nan
4.000000000000000	nan	nan	nan
4.000000000000000	nan	nan	nan
4.000000000000000	nan	nan	nan
4.000000000000000	nan	nan	nan
4.000000000000000	nan	nan	nan
4.000000000000000	nan	nan	nan
4.000000000000000	nan	nan	nan


5.000000000000000	nan	nan	nan
5.000000000000000	nan	nan	nan
5.000000000000000	nan	nan	nan
5.000000000000000	nan	nan	nan
5.000000000000000	nan	nan	nan
5.000000000000000	nan	nan	nan
5.000000000000000	nan	nan	nan
5.000000000000000	nan	nan	nan
5.000000000000000	nan	nan	nan
5.000000000000000	nan	nan	nan
5.000000000000000	nan	nan	nan
5.000000000000000	nan	nan	nan
5.000000000000000	nan	nan	nan
5.000000000000000	nan	nan	nan
5.000000000000000	nan	nan	nan
5.000000000000000	nan	nan	nan
5.000000000000000	nan	nan	nan
5.000000000000000	nan	nan	nan
5.000000000000000	nan	nan	nan
5.000000000000000	nan	nan	nan
5.000000000000000	nan	nan	nan
5.000000000000000	nan	nan	nan
5.000000000000000	nan	nan	nan
5.000000000000000	nan	nan	nan
5.000000000000000	nan	nan	nan
5.000000000000000	nan	nan	nan
5.000000000000000	nan	nan	nan
5.000000000000000	nan	nan	nan
5.000000000000000	nan	nan	nan
5.000000000000000	nan	nan	nan
5.000000000000000	nan	nan	nan
5.000000000000000	nan	nan	nan
5.000000000000000	nan	nan	nan
5.000000000000000	nan	nan	nan
5.000000000000000	nan	nan	nan
5.000000000000000	nan	nan	nan
5.000000000000000	nan	nan	nan
5.000000000000000	nan	nan	nan
5.000000000000000	nan	nan	nan
5.000000000000000	nan	nan	nan
5.000000000000000	nan	nan	nan
5.000000000000000	nan	nan	nan
5.000000000000000	nan	nan	nan
5.000000000000000	nan	nan	nan
5.000000000000000	nan	nan	nan
5.000000000000000	nan	nan	nan
5.000000000000000	nan	nan	nan
5.000000000000000	nan	nan	nan
5.000000000000000	nan	nan	nan
5.000000000000000	nan	nan	nan
5.000000000000000	nan	nan	nan
5.000000000000000	nan	nan	nan
5.000000000000000	nan	nan	nan
5.000000000000000	nan	nan	nan
5.000000000000000	nan	nan	nan
5.000000000000000	nan	nan	nan
5.000000000000000	nan	nan	nan
5.000000000000000	nan	nan	nan
5.000000000000000	nan	nan	nan
5.000000000000000	nan	nan	nan
5.000000000000000	nan	nan	nan
5.000000000000000	nan	nan	nan
5.000000000000000	nan	nan	nan
5.000000000000000	nan	nan	nan
5.000000000000000	nan	nan	nan
5.000000000000000	nan	nan	nan
5.000000000000000	nan	nan	nan
5.000000000000000	nan	nan	nan
5.000000000000000	nan	nan	nan
5.000000000000000	nan	nan	nan
5.000000000000000	nan	nan	nan
5.000000000000000	nan	nan	nan
5.000000000000000	nan	nan	nan
5.000000000000000	nan	nan	nan
5.000000000000000	nan	nan	nan
5.000000000000000	nan	nan	nan
5.000000000000000	nan	nan	nan
5.000000000000000	nan	nan	nan
5.000000000000000	nan	nan	nan
5.000000000000000	nan	nan	nan
5.000000000000000	nan	nan	nan
5.000000000000000	nan	nan	nan
5.000000000000000	nan	nan	nan
5.000000000000000	nan	nan	nan
5.000000000000000	nan	nan	nan
5.000000000000000	nan	nan	nan
5.000000000000000	nan	nan	nan
5.000000000000000	nan	nan	nan
5.000000000000000	nan	nan	nan
5.000000000000000	nan	nan	nan
5.000000000000000	nan	nan	nan
5.000000000000000	nan	nan	nan
5.000000000000000	nan	nan	nan
5.000000000000000	nan	nan	nan
5.000000000000000	nan	nan	nan
5.000000000000000	nan	nan	nan
5.000000000000000	nan	nan	nan
5.000000000000000	nan	nan	nan
5.000000000000000	nan	nan	nan
5.000000000000000	nan	nan	nan


6.000000000000000	nan	nan	nan
6.000000000000000	nan	nan	nan
6.000000000000000	nan	nan	nan
6.000000000000000	nan	nan	nan
6.000000000000000	nan	nan	nan
6.000000000000000	nan	nan	nan
6.000000000000000	nan	nan	nan
6.000000000000000	nan	nan	nan
6.000000000000000	nan	nan	nan
6.000000000000000	nan	nan	nan
6.000000000000000	nan	nan	nan
6.000000000000000	nan	nan	nan
6.000000000000000	nan	nan	nan
6.000000000000000	nan	nan	nan
6.000000000000000	nan	nan	nan
6.000000000000000	nan	nan	nan
6.000000000000000	nan	nan	nan
6.000000000000000	nan	nan	nan
6.000000000000000	nan	nan	nan
6.000000000000000	nan	nan	nan
6.000000000000000	nan	nan	nan
6.000000000000000	nan	nan	nan
6.000000000000000	nan	nan	nan
6.000000000000000	nan	nan	nan
6.000000000000000	nan	nan	nan
6.000000000000000	nan	nan	nan
6.000000000000000	nan	nan	nan
6.000000000000000	nan	nan	nan
6.000000000000000	nan	nan	nan
6.000000000000000	nan	nan	nan
6.000000000000000	nan	nan	nan
6.000000000000000	nan	nan	nan
6.000000000000000	nan	nan	nan
6.000000000000000	nan	nan	nan
6.000000000000000	nan	nan	nan
6.000000000000000	nan	nan	nan
6.000000000000000	nan	nan	nan
6.000000000000000	nan	nan	nan
6.000000000000000	nan	nan	nan
6.000000000000000	nan	nan	nan
6.000000000000000	nan	nan	nan
6.000000000000000	nan	nan	nan
6.000000000000000	nan	nan	nan
6.000000000000000	nan	nan	nan
6.000000000000000	nan	nan	nan
6.000000000000000	nan	nan	nan
6.000000000000000	nan	nan	nan
6.000000000000000	nan	nan	nan
6.000000000000000	nan	nan	nan
6.000000000000000	nan	nan	nan
6.000000000000000	nan	nan	nan
6.000000000000000	nan	nan	nan
6.000000000000000	nan	nan	nan
6.000000000000000	nan	nan	nan
6.000000000000000	nan	nan	nan
6.000000000000000	nan	nan	nan
6.000000000000000	nan	nan	nan
6.000000000000000	nan	nan	nan
6.000000000000000	nan	nan	nan
6.000000000000000	nan	nan	nan
6.000000000000000	nan	nan	nan
6.000000000000000	nan	nan	nan
6.000000000000000	nan	nan	nan
6.000000000000000	nan	nan	nan
6.000000000000000	nan	nan	nan
6.000000000000000	nan	nan	nan
6.000000000000000	nan	nan	nan
6.000000000000000	nan	nan	nan
6.000000000000000	nan	nan	nan
6.000000000000000	nan	nan	nan
6.000000000000000	nan	nan	nan
6.000000000000000	nan	nan	nan
6.000000000000000	nan	nan	nan
6.000000000000000	nan	nan	nan
6.000000000000000	nan	nan	nan
6.000000000000000	nan	nan	nan
6.000000000000000	nan	nan	nan
6.000000000000000	nan	nan	nan
6.000000000000000	nan	nan	nan
6.000000000000000	nan	nan	nan
6.000000000000000	nan	nan	nan
6.000000000000000	nan	nan	nan
6.000000000000000	nan	nan	nan
6.000000000000000	nan	nan	nan
6.000000000000000	nan	nan	nan
6.000000000000000	nan	nan	nan
6.000000000000000	nan	nan	nan
6.000000000000000	nan	nan	nan
6.000000000000000	nan	nan	nan
6.000000000000000	nan	nan	nan
6.000000000000000	nan	nan	nan
6.000000000000000	nan	nan	nan
6.000000000000000	nan	nan	nan
6.000000000000000	nan	nan	nan
6.000000000000000	nan	nan	nan
6.000000000000000	nan	nan	nan
6.000000000000000	nan	nan	nan
6.000000000000000	nan	nan	nan
6.000000000000000	nan	nan	nan
6.000000000000000	nan	nan	nan


7.000000000000000	nan	nan	nan
7.000000000000000	nan	nan	nan
7.000000000000000	nan	nan	nan
7.000000000000000	nan	nan	nan
7.000000000000000	nan	nan	nan
7.000000000000000	nan	nan	nan
7.000000000000000	nan	nan	nan
7.000000000000000	nan	nan	nan
7.000000000000000	nan	nan	nan
7.000000000000000	nan	nan	nan
7.000000000000000	nan	nan	nan
7.000000000000000	nan	nan	nan
7.000000000000000	nan	nan	nan
7.000000000000000	nan	nan	nan
7.000000000000000	nan	nan	nan
7.000000000000000	nan	nan	nan
7.000000000000000	nan	nan	nan
7.000000000000000	nan	nan	nan
7.000000000000000	nan	nan	nan
7.000000000000000	nan	nan	nan
7.000000000000000	nan	nan	nan
7.000000000000000	nan	nan	nan
7.000000000000000	nan	nan	nan
7.000000000000000	nan	nan	nan
7.000000000000000	nan	nan	nan
7.000000000000000	nan	nan	nan
7.000000000000000	nan	nan	nan
7.000000000000000	nan	nan	nan
7.000000000000000	nan	nan	nan
7.000000000000000	nan	nan	nan
7.000000000000000	nan	nan	nan
7.000000000000000	nan	nan	nan
7.000000000000000	nan	nan	nan
7.000000000000000	nan	nan	nan
7.000000000000000	nan	nan	nan
7.000000000000000	nan	nan	nan
7.000000000000000	nan	nan	nan
7.000000000000000	nan	nan	nan
7.000000000000000	nan	nan	nan
7.000000000000000	nan	nan	nan
7.000000000000000	nan	nan	nan
7.000000000000000	nan	nan	nan
7.000000000000000	nan	nan	nan
7.000000000000000	nan	nan	nan
7.000000000000000	nan	nan	nan
7.000000000000000	nan	nan	nan
7.000000000000000	nan	nan	nan
7.000000000000000	nan	nan	nan
7.000000000000000	nan	nan	nan
7.000000000000000	nan	nan	nan
7.000000000000000	nan	nan	nan
7.000000000000000	nan	nan	nan
7.000000000000000	nan	nan	nan
7.000000000000000	nan	nan	nan
7.000000000000000	nan	nan	nan
7.000000000000000	nan	nan	nan
7.000000000000000	nan	nan	nan
7.000000000000000	nan	nan	nan
7.000000000000000	nan	nan	nan
7.000000000000000	nan	nan	nan
7.000000000000000	nan	nan	nan
7.000000000000000	nan	nan	nan
7.000000000000000	nan	nan	nan
7.000000000000000	nan	nan	nan
7.000000000000000	nan	nan	nan
7.000000000000000	nan	nan	nan
7.000000000000000	nan	nan	nan
7.000000000000000	nan	nan	nan
7.000000000000000	nan	nan	nan
7.000000000000000	nan	nan	nan
7.000000000000000	nan	nan	nan
7.000000000000000	nan	nan	nan
7.000000000000000	nan	nan	nan
7.000000000000000	nan	nan	nan
7.000000000000000	nan	nan	nan
7.000000000000000	nan	nan	nan
7.000000000000000	nan	nan	nan
7.000000000000000	nan	nan	nan
7.000000000000000	nan	nan	nan
7.000000000000000	nan	nan	nan
7.000000000000000	nan	nan	nan
7.000000000000000	nan	nan	nan
7.000000000000000	nan	nan	nan
7.000000000000000	nan	nan	nan
7.000000000000000	nan	nan	nan
7.000000000000000	nan	nan	nan
7.000000000000000	nan	nan	nan
7.000000000000000	nan	nan	nan
7.000000000000000	nan	nan	nan
7.000000000000000	nan	nan	nan
7.000000000000000	nan	nan	nan
7.000000000000000	nan	nan	nan
7.000000000000000	nan	nan	nan
7.000000000000000	nan	nan	nan
7.000000000000000	nan	nan	nan
7.000000000000000	nan	nan	nan
7.000000000000000	nan	nan	nan
7.000000000000000	nan	nan	nan
7.000000000000000	nan	nan	nan
7.000000000000000	nan	nan	nan


8.000000000000000	nan	nan	nan
8.000000000000000	nan	nan	nan
8.000000000000000	nan	nan	nan
8.000000000000000	nan	nan	nan
8.000000000000000	nan	nan	nan
8.000000000000000	nan	nan	nan
8.000000000000000	nan	nan	nan
8.000000000000000	nan	nan	nan
8.000000000000000	nan	nan	nan
8.000000000000000	nan	nan	nan
8.000000000000000	nan	nan	nan
8.000000000000000	nan	nan	nan
8.000000000000000	nan	nan	nan
8.000000000000000	nan	nan	nan
8.000000000000000	nan	nan	nan
8.000000000000000	nan	nan	nan
8.000000000000000	nan	nan	nan
8.000000000000000	nan	nan	nan
8.000000000000000	nan	nan	nan
8.000000000000000	nan	nan	nan
8.000000000000000	nan	nan	nan
8.000000000000000	nan	nan	nan
8.000000000000000	nan	nan	nan
8.000000000000000	nan	nan	nan
8.000000000000000	nan	nan	nan
8.000000000000000	nan	nan	nan
8.000000000000000	nan	nan	nan
8.000000000000000	nan	nan	nan
8.000000000000000	nan	nan	nan
8.000000000000000	nan	nan	nan
8.000000000000000	nan	nan	nan
8.000000000000000	nan	nan	nan
8.000000000000000	nan	nan	nan
8.000000000000000	nan	nan	nan
8.000000000000000	nan	nan	nan
8.000000000000000	nan	nan	nan
8.000000000000000	nan	nan	nan
8.000000000000000	nan	nan	nan
8.000000000000000	nan	nan	nan
8.000000000000000	nan	nan	nan
8.000000000000000	nan	nan	nan
8.000000000000000	nan	nan	nan
8.000000000000000	nan	nan	nan
8.000000000000000	nan	nan	nan
8.000000000000000	nan	nan	nan
8.000000000000000	nan	nan	nan
8.000000000000000	nan	nan	nan
8.000000000000000	nan	nan	nan
8.000000000000000	nan	nan	nan
8.000000000000000	nan	nan	nan
8.000000000000000	nan	nan	nan
8.000000000000000	nan	nan	nan
8.000000000000000	nan	nan	nan
8.000000000000000	nan	nan	nan
8.000000000000000	nan	nan	nan
8.000000000000000	nan	nan	nan
8.000000000000000	nan	nan	nan
8.000000000000000	nan	nan	nan
8.000000000000000	nan	nan	nan
8.000000000000000	nan	nan	nan
8.000000000000000	nan	nan	nan
8.000000000000000	nan	nan	nan
8.000000000000000	nan	nan	nan
8.000000000000000	nan	nan	nan
8.000000000000000	nan	nan	nan
8.000000000000000	nan	nan	nan
8.000000000000000	nan	nan	nan
8.000000000000000	nan	nan	nan
8.000000000000000	nan	nan	nan
8.000000000000000	nan	nan	nan
8.000000000000000	nan	nan	nan
8.000000000000000	nan	nan	nan
8.000000000000000	nan	nan	nan
8.000000000000000	nan	nan	nan
8.000000000000000	nan	nan	nan
8.000000000000000	nan	nan	nan
8.000000000000000	nan	nan	nan
8.000000000000000	nan	nan	nan
8.000000000000000	nan	nan	nan
8.000000000000000	nan	nan	nan
8.000000000000000	nan	nan	nan
8.000000000000000	nan	nan	nan
8.000000000000000	nan	nan	nan
8.000000000000000	nan	nan	nan
8.000000000000000	nan	nan	nan
8.000000000000000	nan	nan	nan
8.000000000000000	nan	nan	nan
8.000000000000000	nan	nan	nan
8.000000000000000	nan	nan	nan
8.000000000000000	nan	nan	nan
8.000000000000000	nan	nan	nan
8.000000000000000	nan	nan	nan
8.000000000000000	nan	nan	nan
8.000000000000000	nan	nan	nan
8.000000000000000	nan	nan	nan
8.000000000000000	nan	nan	nan
8.000000000000000	nan	nan	nan
8.000000000000000	nan	nan	nan
8.000000000000000	nan	nan	nan
8.000000000000000	nan	nan	nan


9.000000000000000	nan	nan	nan
9.000000000000000	nan	nan	nan
9.000000000000000	nan	nan	nan
9.000000000000000	nan	nan	nan
9.000000000000000	nan	nan	nan
9.000000000000000	nan	nan	nan
9.000000000000000	nan	nan	nan
9.000000000000000	nan	nan	nan
9.000000000000000	nan	nan	nan
9.000000000000000	nan	nan	nan
9.000000000000000	nan	nan	nan
9.000000000000000	nan	nan	nan
9.000000000000000	nan	nan	nan
9.000000000000000	nan	nan	nan
9.000000000000000	nan	nan	nan
9.000000000000000	nan	nan	nan
9.000000000000000	nan	nan	nan
9.000000000000000	nan	nan	nan
9.000000000000000	nan	nan	nan
9.000000000000000	nan	nan	nan
9.000000000000000	nan	nan	nan
9.000000000000000	nan	nan	nan
9.000000000000000	nan	nan	nan
9.000000000000000	nan	nan	nan
9.000000000000000	nan	nan	nan
9.000000000000000	nan	nan	nan
9.000000000000000	nan	nan	nan
9.000000000000000	nan	nan	nan
9.000000000000000	nan	nan	nan
9.000000000000000	nan	nan	nan
9.000000000000000	nan	nan	nan
9.000000000000000	nan	nan	nan
9.000000000000000	nan	nan	nan
9.000000000000000	nan	nan	nan
9.000000000000000	nan	nan	nan
9.000000000000000	nan	nan	nan
9.000000000000000	nan	nan	nan
9.000000000000000	nan	nan	nan
9.000000000000000	nan	nan	nan
9.000000000000000	nan	nan	nan
9.000000000000000	nan	nan	nan
9.000000000000000	nan	nan	nan
9.000000000000000	nan	nan	nan
9.000000000000000	nan	nan	nan
9.000000000000000	nan	nan	nan
9.000000000000000	nan	nan	nan
9.000000000000000	nan	nan	nan
9.000000000000000	nan	nan	nan
9.000000000000000	nan	nan	nan
9.000000000000000	nan	nan	nan
9.000000000000000	nan	nan	nan
9.000000000000000	nan	nan	nan
9.000000000000000	nan	nan	nan
9.000000000000000	nan	nan	nan
9.000000000000000	nan	nan	nan
9.000000000000000	nan	nan	nan
9.000000000000000	nan	nan	nan
9.000000000000000	nan	nan	nan
9.000000000000000	nan	nan	nan
9.000000000000000	nan	nan	nan
9.000000000000000	nan	nan	nan
9.000000000000000	nan	nan	nan
9.000000000000000	nan	nan	nan
9.000000000000000	nan	nan	nan
9.000000000000000	nan	nan	nan
9.000000000000000	nan	nan	nan
9.000000000000000	nan	nan	nan
9.000000000000000	nan	nan	nan
9.000000000000000	nan	nan	nan
9.000000000000000	nan	nan	nan
9.000000000000000	nan	nan	nan
9.000000000000000	nan	nan	nan
9.000000000000000	nan	nan	nan
9.000000000000000	nan	nan	nan
9.000000000000000	nan	nan	nan
9.000000000000000	nan	nan	nan
9.000000000000000	nan	nan	nan
9.000000000000000	nan	nan	nan
9.000000000000000	nan	nan	nan
9.000000000000000	nan	nan	nan
9.000000000000000	nan	nan	nan
9.000000000000000	nan	nan	nan
9.000000000000000	nan	nan	nan
9.000000000000000	nan	nan	nan
9.000000000000000	nan	nan	nan
9.000000000000000	nan	nan	nan
9.000000000000000	nan	nan	nan
9.000000000000000	nan	nan	nan
9.000000000000000	nan	nan	nan
9.000000000000000	nan	nan	nan
9.000000000000000	nan	nan	nan
9.000000000000000	nan	nan	nan
9.000000000000000	nan	nan	nan
9.000000000000000	nan	nan	nan
9.000000000000000	nan	nan	nan
9.000000000000000	nan	nan	nan
9.000000000000000	nan	nan	nan
9.000000000000000	nan	nan	nan
9.000000000000000	nan	nan	nan
9.000000000000000	nan	nan	nan


10.000000000000000	nan	nan	nan
10.000000000000000	nan	nan	nan
10.000000000000000	nan	nan	nan
10.000000000000000	nan	nan	nan
10.000000000000000	nan	nan	nan
10.000000000000000	nan	nan	nan
10.000000000000000	nan	nan	nan
10.000000000000000	nan	nan	nan
10.000000000000000	nan	nan	nan
10.000000000000000	nan	nan	nan
10.000000000000000	nan	nan	nan
10.000000000000000	nan	nan	nan
10.000000000000000	nan	nan	nan
10.000000000000000	nan	nan	nan
10.000000000000000	nan	nan	nan
10.000000000000000	nan	nan	nan
10.000000000000000	nan	nan	nan
10.000000000000000	nan	nan	nan
10.000000000000000	nan	nan	nan
10.000000000000000	nan	nan	nan
10.000000000000000	nan	nan	nan
10.000000000000000	nan	nan	nan
10.000000000000000	nan	nan	nan
10.000000000000000	nan	nan	nan
10.000000000000000	nan	nan	nan
10.000000000000000	nan	nan	nan
10.000000000000000	nan	nan	nan
10.000000000000000	nan	nan	nan
10.000000000000000	nan	nan	nan
10.000000000000000	nan	nan	nan
10.000000000000000	nan	nan	nan
10.000000000000000	nan	nan	nan
10.000000000000000	nan	nan	nan
10.000000000000000	nan	nan	nan
10.000000000000000	nan	nan	nan
10.000000000000000	nan	nan	nan
10.000000000000000	nan	nan	nan
10.000000000000000	nan	nan	nan
10.000000000000000	nan	nan	nan
10.000000000000000	nan	nan	nan
10.000000000000000	nan	nan	nan
10.000000000000000	nan	nan	nan
10.000000000000000	nan	nan	nan
10.000000000000000	nan	nan	nan
10.000000000000000	nan	nan	nan
10.000000000000000	nan	nan	nan
10.000000000000000	nan	nan	nan
10.000000000000000	nan	nan	nan
10.000000000000000	nan	nan	nan
10.000000000000000	nan	nan	nan
10.000000000000000	nan	nan	nan
10.000000000000000	nan	nan	nan
10.000000000000000	nan	nan	nan
10.000000000000000	nan	nan	nan
10.000000000000000	nan	nan	nan
10.000000000000000	nan	nan	nan
10.000000000000000	nan	nan	nan
10.000000000000000	nan	nan	nan
10.000000000000000	nan	nan	nan
10.000000000000000	nan	nan	nan
10.000000000000000	nan	nan	nan
10.000000000000000	nan	nan	nan
10.000000000000000	nan	nan	nan
10.000000000000000	nan	nan	nan
10.000000000000000	nan	nan	nan
10.000000000000000	nan	nan	nan
10.000000000000000	nan	nan	nan
10.000000000000000	nan	nan	nan
10.000000000000000	nan	nan	nan
10.000000000000000	nan	nan	nan
10.000000000000000	nan	nan	nan
10.000000000000000	nan	nan	nan
10.000000000000000	nan	nan	nan
10.000000000000000	nan	nan	nan
10.000000000000000	nan	nan	nan
10.000000000000000	nan	nan	nan
10.000000000000000	nan	nan	nan
10.000000000000000	nan	nan	nan
10.000000000000000	nan	nan	nan
10.000000000000000	nan	nan	nan
10.000000000000000	nan	nan	nan
10.000000000000000	nan	nan	nan
10.000000000000000	nan	nan	nan
10.000000000000000	nan	nan	nan
10.000000000000000	nan	nan	nan
10.000000000000000	nan	nan	nan
10.000000000000000	nan	nan	nan
10.000000000000000	nan	nan	nan
10.000000000000000	nan	nan	nan
10.000000000000000	nan	nan	nan
10.000000000000000	nan	nan	nan
10.000000000000000	nan	nan	nan
10.000000000000000	nan	nan	nan
10.000000000000000	nan	nan	nan
10.000000000000000	nan	nan	nan
10.000000000000000	nan	nan	nan
10.000000000000000	nan	nan	nan
10.000000000000000	nan	nan	nan
10.000000000000000	nan	nan	nan
10.000000000000000	nan	nan	nan


11.000000000000000	nan	nan	nan
11.000000000000000	nan	nan	nan
11.000000000000000	nan	nan	nan
11.000000000000000	nan	nan	nan
11.000000000000000	nan	nan	nan
11.000000000000000	nan	nan	nan
11.000000000000000	nan	nan	nan
11.000000000000000	nan	nan	nan
11.000000000000000	nan	nan	nan
11.000000000000000	nan	nan	nan
11.000000000000000	nan	nan	nan
11.000000000000000	nan	nan	nan
11.000000000000000	nan	nan	nan
11.000000000000000	nan	nan	nan
11.000000000000000	nan	nan	nan
11.000000000000000	nan	nan	nan
11.000000000000000	nan	nan	nan
11.000000000000000	nan	nan	nan
11.000000000000000	nan	nan	nan
11.000000000000000	nan	nan	nan
11.000000000000000	nan	nan	nan
11.000000000000000	nan	nan	nan
11.000000000000000	nan	nan	nan
11.000000000000000	nan	nan	nan
11.000000000000000	nan	nan	nan
11.000000000000000	nan	nan	nan
11.000000000000000	nan	nan	nan
11.000000000000000	nan	nan	nan
11.000000000000000	nan	nan	nan
11.000000000000000	nan	nan	nan
11.000000000000000	nan	nan	nan
11.000000000000000	nan	nan	nan
11.000000000000000	nan	nan	nan
11.000000000000000	nan	nan	nan
11.000000000000000	nan	nan	nan
11.000000000000000	nan	nan	nan
11.000000000000000	nan	nan	nan
11.000000000000000	nan	nan	nan
11.000000000000000	nan	nan	nan
11.000000000000000	nan	nan	nan
11.000000000000000	nan	nan	nan
11.000000000000000	nan	nan	nan
11.000000000000000	nan	nan	nan
11.000000000000000	nan	nan	nan
11.000000000000000	nan	nan	nan
11.000000000000000	nan	nan	nan
11.000000000000000	nan	nan	nan
11.000000000000000	nan	nan	nan
11.000000000000000	nan	nan	nan
11.000000000000000	nan	nan	nan
11.000000000000000	nan	nan	nan
11.000000000000000	nan	nan	nan
11.000000000000000	nan	nan	nan
11.000000000000000	nan	nan	nan
11.000000000000000	nan	nan	nan
11.000000000000000	nan	nan	nan
11.000000000000000	nan	nan	nan
11.000000000000000	nan	nan	nan
11.000000000000000	nan	nan	nan
11.000000000000000	nan	nan	nan
11.000000000000000	nan	nan	nan
11.000000000000000	nan	nan	nan
11.000000000000000	nan	nan	nan
11.000000000000000	nan	nan	nan
11.000000000000000	nan	nan	nan
11.000000000000000	nan	nan	nan
11.000000000000000	nan	nan	nan
11.000000000000000	nan	nan	nan
11.000000000000000	nan	nan	nan
11.000000000000000	nan	nan	nan
11.000000000000000	nan	nan	nan
11.000000000000000	nan	nan	nan
11.000000000000000	nan	nan	nan
11.000000000000000	nan	nan	nan
11.000000000000000	nan	nan	nan
11.000000000000000	nan	nan	nan
11.000000000000000	nan	nan	nan
11.000000000000000	nan	nan	nan
11.000000000000000	nan	nan	nan
11.000000000000000	nan	nan	nan
11.000000000000000	nan	nan	nan
11.000000000000000	nan	nan	nan
11.000000000000000	nan	nan	nan
11.000000000000000	nan	nan	nan
11.000000000000000	nan	nan	nan
11.000000000000000	nan	nan	nan
11.000000000000000	nan	nan	nan
11.000000000000000	nan	nan	nan
11.000000000000000	nan	nan	nan
11.000000000000000	nan	nan	nan
11.000000000000000	nan	nan	nan
11.000000000000000	nan	nan	nan
11.000000000000000	nan	nan	nan
11.000000000000000	nan	nan	nan
11.000000000000000	nan	nan	nan
11.000000000000000	nan	nan	nan
11.000000000000000	nan	nan	nan
11.000000000000000	nan	nan	nan
11.000000000000000	nan	nan	nan
11.000000000000000	nan	nan	nan


12.000000000000000	nan	nan	nan
12.000000000000000	nan	nan	nan
12.000000000000000	nan	nan	nan
12.000000000000000	nan	nan	nan
12.000000000000000	nan	nan	nan
12.000000000000000	nan	nan	nan
12.000000000000000	nan	nan	nan
12.000000000000000	nan	nan	nan
12.000000000000000	nan	nan	nan
12.000000000000000	nan	nan	nan
12.000000000000000	nan	nan	nan
12.000000000000000	nan	nan	nan
12.000000000000000	nan	nan	nan
12.000000000000000	nan	nan	nan
12.000000000000000	nan	nan	nan
12.000000000000000	nan	nan	nan
12.000000000000000	nan	nan	nan
12.000000000000000	nan	nan	nan
12.000000000000000	nan	nan	nan
12.000000000000000	nan	nan	nan
12.000000000000000	nan	nan	nan
12.000000000000000	nan	nan	nan
12.000000000000000	nan	nan	nan
12.000000000000000	nan	nan	nan
12.000000000000000	nan	nan	nan
12.000000000000000	nan	nan	nan
12.000000000000000	nan	nan	nan
12.000000000000000	nan	nan	nan
12.000000000000000	nan	nan	nan
12.000000000000000	nan	nan	nan
12.000000000000000	nan	nan	nan
12.000000000000000	nan	nan	nan
12.000000000000000	nan	nan	nan
12.000000000000000	nan	nan	nan
12.000000000000000	nan	nan	nan
12.000000000000000	nan	nan	nan
12.000000000000000	nan	nan	nan
12.000000000000000	nan	nan	nan
12.000000000000000	nan	nan	nan
12.000000000000000	nan	nan	nan
12.000000000000000	nan	nan	nan
12.000000000000000	nan	nan	nan
12.000000000000000	nan	nan	nan
12.000000000000000	nan	nan	nan
12.000000000000000	nan	nan	nan
12.000000000000000	nan	nan	nan
12.000000000000000	nan	nan	nan
12.000000000000000	nan	nan	nan
12.000000000000000	nan	nan	nan
12.000000000000000	nan	nan	nan
12.000000000000000	nan	nan	nan
12.000000000000000	nan	nan	nan
12.000000000000000	nan	nan	nan
12.000000000000000	nan	nan	nan
12.000000000000000	nan	nan	nan
12.000000000000000	nan	nan	nan
12.000000000000000	nan	nan	nan
12.000000000000000	nan	nan	nan
12.000000000000000	nan	nan	nan
12.000000000000000	nan	nan	nan
12.000000000000000	nan	nan	nan
12.000000000000000	nan	nan	nan
12.000000000000000	nan	nan	nan
12.000000000000000	nan	nan	nan
12.000000000000000	nan	nan	nan
12.000000000000000	nan	nan	nan
12.000000000000000	nan	nan	nan
12.000000000000000	nan	nan	nan
12.000000000000000	nan	nan	nan
12.000000000000000	nan	nan	nan
12.000000000000000	nan	nan	nan
12.000000000000000	nan	nan	nan
12.000000000000000	nan	nan	nan
12.000000000000000	nan	nan	nan
12.000000000000000	nan	nan	nan
12.000000000000000	nan	nan	nan
12.000000000000000	nan	nan	nan
12.000000000000000	nan	nan	nan
12.000000000000000	nan	nan	nan
12.000000000000000	nan	nan	nan
12.000000000000000	nan	nan	nan
12.000000000000000	nan	nan	nan
12.000000000000000	nan	nan	nan
12.000000000000000	nan	nan	nan
12.000000000000000	nan	nan	nan
12.000000000000000	nan	nan	nan
12.000000000000000	nan	nan	nan
12.000000000000000	nan	nan	nan
12.000000000000000	nan	nan	nan
12.000000000000000	nan	nan	nan
12.000000000000000	nan	nan	nan
12.000000000000000	nan	nan	nan
12.000000000000000	nan	nan	nan
12.000000000000000	nan	nan	nan
12.000000000000000	nan	nan	nan
12.000000000000000	nan	nan	nan
12.000000000000000	nan	nan	nan
12.000000000000000	nan	nan	nan
12.000000000000000	nan	nan	nan
12.000000000000000	nan	nan	nan


13.000000000000000	-0.755606213158972	-0.703791948661569	-0.000087111909215
13.000000000000000	-0.703872064347456	-0.755894240079076	-0.001115467096846
13.000000000000000	-0.648914414316936	-0.804590247887345	-0.002139285815749
13.000000000000000	-0.590954558127127	-0.849683890449884	-0.003154445509293
13.000000000000000	-0.530225879662333	-0.890993591583613	-0.004156858487686
13.000000000000000	-0.466972911876925	-0.928353011702070	-0.005142488387660
13.000000000000000	-0.401450352147433	-0.961611717606211	-0.006107366425479
13.000000000000000	-0.333922036696109	-0.990635788225813	-0.007047607377834
13.000000000000000	-0.264659878215577	-1.015308353872357	-0.007959425226260
13.000000000000000	-0.193942770972390	-1.035530066832011	-0.008839148402103
13.000000000000000	-0.122055467798256	-1.051219501403815	-0.009683234570626
13.000000000000000	-0.049287433490880	-1.062313481772237	-0.010488284894745
13.000000000000000	0.024068320758606	-1.068767336393884	-0.011251057720940
13.000000000000000	0.097716417218296	-1.070555077874042	-0.011968481632257
13.000000000000000	0.171360300997383	-1.067669507608744	-0.012637667815816
13.000000000000000	0.244703434168039	-1.060122244771002	-0.013255921695039
13.000000000000000	0.317450489818988	-1.047943679524507	-0.013820753779765
13.000000000000000	0.389308541232742	-1.031182850653155	-0.014329889690543
13.000000000000000	0.459988241398111	-1.009907248099183	-0.014781279316755
13.000000000000000	0.529204988108488	-0.984202541204984	-0.015173105071692
13.000000000000000	0.596680069954489	-0.954172233752904	-0.015503789211332
13.000000000000000	0.662141788596432	-0.919937247192044	-0.015772000187357
13.000000000000000	0.725326552797650	-0.881635433730258	-0.015976658008830
13.000000000000000	0.785979939813374	-0.839421021251971	-0.016116938590937
13.000000000000000	0.843857719861326	-0.793463992296919	-0.016192277073285
13.000000000000000	0.898726839548855	-0.743949399600457	-0.016202370094395
13.000000000000000	0.950366360296694	-0.691076620951507	-0.016147177013234
13.000000000000000	0.998568347980638	-0.635058556368571	-0.016026920072859
13.000000000000000	1.043138710208875	-0.576120770826496	-0.015842083505526
13.000000000000000	1.083897977863543	-0.514500585985937	-0.015593411582855
13.000000000000000	1.120682027759527	-0.450446124582787	-0.015281905618910
13.000000000000000	1.153342743510597	-0.384215311325492	-0.014908819938264
13.000000000000000	1.181748611941818	-0.316074834323288	-0.014475656825276
13.000000000000000	1.205785252646694	-0.246299071227305	-0.013984160474918
13.000000000000000	1.225355878556688	-0.175168984408610	-0.013436309969523
13.000000000000000	1.240381685668590	-0.102970989621901	-0.012834311309717
13.000000000000000	1.250802170360427	-0.029995802710352	-0.012180588531630
13.000000000000000	1.256575373018189	0.043462731004483	-0.011477773946162
13.000000000000000	1.257678046992390	0.117108819934064	-0.010728697539595
13.000000000000000	1.254105752204117	0.190645917271202	-0.009936375578237
13.000000000000000	1.245872873023664	0.263777915079378	-0.009103998462980
13.000000000000000	1.233012560349747	0.336210336614904	-0.008234917882686
13.000000000000000	1.215576598122535	0.407651522080827	-0.007332633318114
13.000000000000000	1.193635194808005	0.477813803037997	-0.006400777950751
13.000000000000000	1.167276700693222	0.546414660744339	-0.005443104033269
13.000000000000000	1.136607252130921	0.613177863758116	-0.004463467780527
13.000000000000000	1.101750344165870	0.677834580224447	-0.003465813841960
13.000000000000000	1.062846333263916	0.740124460366308	-0.002454159417862
13.000000000000000	1.020051872146035	0.799796684821192	-0.001432578083542
13.000000000000000	0.973539279003108	0.856610974602158	-0.000405183386472
13.000000000000000	0.923495843631392	0.910338558616511	0.000623887717514
13.000000000000000	0.870123073282612	0.960763094846238	0.001650491522286
13.000000000000000	0.813635881265373	1.007681541480969	0.002670494256655
13.000000000000000	0.754261721565129	1.050904974495680	0.003679788729614
13.000000000000000	0.692239672967251	1.090259348381060	0.004674310868543
13.000000000000000	0.627819476371148	1.125586196963356	0.005650056083801
13.000000000000000	0.561260529171805	1.156743271491717	0.006603095393787
13.000000000000000	0.492830840758029	1.183605113423712	0.007529591245571
13.000000000000000	0.422805953333228	1.206063559602601	0.008425812967358
13.000000000000000	0.351467832404217	1.224028177792192	0.009288151790590
13.000000000000000	0.279103731405630	1.237426630815533	0.010113135381184
13.000000000000000	0.206005035031731	1.246204967831201	0.010897441821392
13.000000000000000	0.132466085933087	1.250327841574292	0.011637912985996
13.000000000000000	0.058782999502604	1.249778650687387	0.012331567258961
13.000000000000000	-0.014747528476647	1.244559606568352	0.012975611539350
13.000000000000000	-0.087829416520636	1.234691724465828	0.013567452488159
13.000000000000000	-0.160168389660008	1.220214738858231	0.014104706970772
13.000000000000000	-0.231473164381518	1.201186943457043	0.014585211653009
13.000000000000000	-0.301456621523940	1.177684956478603	0.015007031712105
13.000000000000000	-0.369836962405586	1.149803412129593	0.015368468627562
13.000000000000000	-0.436338843528143	1.117654579548488	0.015668067020487
13.000000000000000	-0.500694485287752	1.081367910737363	0.015904620513894
13.000000000000000	-0.562644750228970	1.041089519304367	0.016077176590355
13.000000000000000	-0.621940186499841	0.996981592115793	0.016185040427453
13.000000000000000	-0.678342032306456	0.949221736226810	0.016227777695585
13.000000000000000	-0.731623177322431	0.898002263720542	0.016205216306856
13.000000000000000	-0.781569077182035	0.843529417335177	0.016117447108017
13.000000000000000	-0.827978617374628	0.786022539997256	0.015964823514653
13.000000000000000	-0.870664923061813	0.725713191605126	0.015747960088106
13.000000000000000	-0.909456111556452	0.662844216618953	0.015467730060856
13.000000000000000	-0.944195984433586	0.597668766211794	0.015125261820317
13.000000000000000	-0.974744656486360	0.530449278919168	0.014721934365221
13.000000000000000	-1.000979118994382	0.461456423891705	0.014259371752877
13.000000000000000	-1.022793735036420	0.390968011006002	0.013739436559668
13.000000000000000	-1.040100664853008	0.319267872222303	0.013164222381108
13.000000000000000	-1.052830219546147	0.246644718693372	0.012536045401676
13.000000000000000	-1.060931141691904	0.173390978226582	0.011857435068357
13.000000000000000	-1.064370811735969	0.099801617780341	0.011131123905453
13.000000000000000	-1.063135379341084	0.026172955736260	0.010360036511669
13.000000000000000	-1.057229819157464	-0.047198531270388	0.009547277783789
13.000000000000000	-1.046677910791640	-0.120017402157435	0.008696120414353
13.000000000000000	-1.031522143054370	-0.191990441032786	0.007809991713676
13.000000000000000	-1.011823542873197	-0.262827837871326	0.006892459809283
13.000000000000000	-0.987661429558554	-0.332244355477605	0.005947219278315
13.000000000000000	-0.959133095412891	-0.399960478035347	0.004978076270774
13.000000000000000	-0.926353413968915	-0.465703536618997	0.003988933183498
13.000000000000000	-0.889454377434416	-0.529208807135243	0.002983772946588
13.000000000000000	-0.848584565206235	-0.590220576273503	0.001966642985553
13.000000000000000	-0.803908545593468	-0.648493171173182	0.000941638923756
13.000000000000000	-0.755606213158973	-0.703791948661568	-0.000087111909215


14.000000000000000	nan	nan	nan
14.000000000000000	nan	nan	nan
14.000000000000000	nan	nan	nan
14.000000000000000	nan	nan	nan
14.000000000000000	nan	nan	nan
14.000000000000000	nan	nan	nan
14.000000000000000	nan	nan	nan
14.000000000000000	nan	nan	nan
14.000000000000000	nan	nan	nan
14.000000000000000	nan	nan	nan
14.000000000000000	nan	nan	nan
14.000000000000000	nan	nan	nan
14.000000000000000	nan	nan	nan
14.000000000000000	nan	nan	nan
14.000000000000000	nan	nan	nan
14.000000000000000	nan	nan	nan
14.000000000000000	nan	nan	nan
14.000000000000000	nan	nan	nan
14.000000000000000	nan	nan	nan
14.000000000000000	nan	nan	nan
14.000000000000000	nan	nan	nan
14.000000000000000	nan	nan	nan
14.000000000000000	nan	nan	nan
14.000000000000000	nan	nan	nan
14.000000000000000	nan	nan	nan
14.000000000000000	nan	nan	nan
14.000000000000000	nan	nan	nan
14.000000000000000	nan	nan	nan
14.000000000000000	nan	nan	nan
14.000000000000000	nan	nan	nan
14.000000000000000	nan	nan	nan
14.000000000000000	nan	nan	nan
14.000000000000000	nan	nan	nan
14.000000000000000	nan	nan	nan
14.000000000000000	nan	nan	nan
14.000000000000000	nan	nan	nan
14.000000000000000	nan	nan	nan
14.000000000000000	nan	nan	nan
14.000000000000000	nan	nan	nan
14.000000000000000	nan	nan	nan
14.000000000000000	nan	nan	nan
14.000000000000000	nan	nan	nan
14.000000000000000	nan	nan	nan
14.000000000000000	nan	nan	nan
14.000000000000000	nan	nan	nan
14.000000000000000	nan	nan	nan
14.000000000000000	nan	nan	nan
14.000000000000000	nan	nan	nan
14.000000000000000	nan	nan	nan
14.000000000000000	nan	nan	nan
14.000000000000000	nan	nan	nan
14.000000000000000	nan	nan	nan
14.000000000000000	nan	nan	nan
14.000000000000000	nan	nan	nan
14.000000000000000	nan	nan	nan
14.000000000000000	nan	nan	nan
14.000000000000000	nan	nan	nan
14.000000000000000	nan	nan	nan
14.000000000000000	nan	nan	nan
14.000000000000000	nan	nan	nan
14.000000000000000	nan	nan	nan
14.000000000000000	nan	nan	nan
14.000000000000000	nan	nan	nan
14.000000000000000	nan	nan	nan
14.000000000000000	nan	nan	nan
14.000000000000000	nan	nan	nan
14.000000000000000	nan	nan	nan
14.000000000000000	nan	nan	nan
14.000000000000000	nan	nan	nan
14.000000000000000	nan	nan	nan
14.000000000000000	nan	nan	nan
14.000000000000000	nan	nan	nan
14.000000000000000	nan	nan	nan
14.000000000000000	nan	nan	nan
14.000000000000000	nan	nan	nan
14.000000000000000	nan	nan	nan
14.000000000000000	nan	nan	nan
14.000000000000000	nan	nan	nan
14.000000000000000	nan	nan	nan
14.000000000000000	nan	nan	nan
14.000000000000000	nan	nan	nan
14.000000000000000	nan	nan	nan
14.000000000000000	nan	nan	nan
14.000000000000000	nan	nan	nan
14.000000000000000	nan	nan	nan
14.000000000000000	nan	nan	nan
14.000000000000000	nan	nan	nan
14.000000000000000	nan	nan	nan
14.000000000000000	nan	nan	nan
14.000000000000000	nan	nan	nan
14.000000000000000	nan	nan	nan
14.000000000000000	nan	nan	nan
14.000000000000000	nan	nan	nan
14.000000000000000	nan	nan	nan
14.000000000000000	nan	nan	nan
14.000000000000000	nan	nan	nan
14.000000000000000	nan	nan	nan
14.000000000000000	nan	nan	nan
14.000000000000000	nan	nan	nan
14.000000000000000	nan	nan	nan


15.000000000000000	-1.207534989973906	0.879343276877337	0.065925382216525
15.000000000000000	-1.270905013584636	0.785632684199109	0.072328492398485
15.000000000000000	-1.328121754490819	0.688004344796427	0.078383811936537
15.000000000000000	-1.378954821071120	0.586851373534752	0.084066958196089
15.000000000000000	-1.423199526507634	0.482581077728043	0.089355047152984
15.000000000000000	-1.460677712987461	0.375613317055963	0.094226785539392
15.000000000000000	-1.491238469081339	0.266378812937134	0.098662556584279
15.000000000000000	-1.514758737410706	0.155317414166004	0.102644499003226
15.000000000000000	-1.531143810156333	0.042876325796996	0.106156578919513
15.000000000000000	-1.540327710413282	-0.070491691592408	0.109184654426884
15.000000000000000	-1.542273457856618	-0.184330145008718	0.111716532534012
15.000000000000000	-1.536973217648127	-0.298180647178599	0.113742018261369
15.000000000000000	-1.524448331984441	-0.411584762312638	0.115252955692814
15.000000000000000	-1.504749234159548	-0.524085852064466	0.116243260816587
15.000000000000000	-1.477955245487715	-0.635230914252210	0.116708946023477
15.000000000000000	-1.444174255904552	-0.744572406938398	0.116648136163514
15.000000000000000	-1.403542289532321	-0.851670050523382	0.116061076096545
15.000000000000000	-1.356222956958803	-0.956092600595890	0.114950129706258
15.000000000000000	-1.302406796435208	-1.057419584402069	0.113319770381666
15.000000000000000	-1.242310506645886	-1.155242993940859	0.111176563004344
15.000000000000000	-1.176176074139208	-1.249168928868210	0.108529137513969
15.000000000000000	-1.104269798933142	-1.338819182594743	0.105388154158597
15.000000000000000	-1.026881222219072	-1.423832765190199	0.101766260569612
15.000000000000000	-0.944321960481609	-1.503867356962482	0.097678040834170
15.000000000000000	-0.856924450728993	-1.578600686858234	0.093139956770235
15.000000000000000	-0.765040611886590	-1.647731830134629	0.088170281640643
15.000000000000000	-0.669040427743593	-1.710982420077098	0.082789026573126
15.000000000000000	-0.569310457158875	-1.768097768883845	0.077017859982560
15.000000000000000	-0.466252277524913	-1.818847893203732	0.070880020319909
15.000000000000000	-0.360280867757348	-1.863028440198062	0.064400222499180
15.000000000000000	-0.251822937321366	-1.900461510397338	0.057604558379195
15.000000000000000	-0.141315208023282	-1.930996374039637	0.050520391700876
15.000000000000000	-0.029202655485965	-1.954510078006161	0.043176247903126
15.000000000000000	0.084063282610944	-1.970907940910052	0.035601699260947
15.000000000000000	0.198026524311236	-1.980123934344919	0.027827245808333
15.000000000000000	0.312228179863201	-1.982120948757928	0.019884192525391
15.000000000000000	0.426208399506691	-1.976890942876872	0.011804523284241
15.000000000000000	0.539508225125813	-1.964454976089534	0.003620772061249
15.000000000000000	0.651671438311264	-1.944863123644972	-0.004634108065815
15.000000000000000	0.762246397390856	-1.918194275018157	-0.012926877608187
15.000000000000000	0.870787856031115	-1.884555816249905	-0.021224144509802
15.000000000000000	0.976858756087131	-1.844083197541192	-0.029492498605316
15.000000000000000	1.080031987481440	-1.796939387842999	-0.037698646151050
15.000000000000000	1.179892108025567	-1.743314218637867	-0.045809543887145
15.000000000000000	1.276037016259087	-1.683423619555515	-0.053792532091110
15.000000000000000	1.368079570570292	-1.617508748900434	-0.061615466086994
15.000000000000000	1.455649148078815	-1.545835022592510	-0.069246845680649
15.000000000000000	1.538393137003166	-1.468691045430790	-0.076655941999902
15.000000000000000	1.615978356503923	-1.386387448983817	-0.083812921228867
15.000000000000000	1.688092398285375	-1.299255640785942	-0.090688964738203
15.000000000000000	1.754444884553471	-1.207646469876149	-0.097256385127552
15.000000000000000	1.814768637264704	-1.111928814052807	-0.103488737712938
15.000000000000000	1.868820753957801	-1.012488094532964	-0.109360927010170
15.000000000000000	1.916383585836195	-0.909724723997147	-0.114849307785499
15.000000000000000	1.957265614162917	-0.804052494268810	-0.119931780266633
15.000000000000000	1.991302221438954	-0.695896910120715	-0.124587879130718
15.000000000000000	2.018356354259811	-0.585693475917386	-0.128798855910969
15.000000000000000	2.038319075181208	-0.473885941992746	-0.132547754490130
15.000000000000000	2.051110001371713	-0.360924517824136	-0.135819479376774
15.000000000000000	2.056677628286033	-0.247264059197652	-0.138600856489516
15.000000000000000	2.054999537055643	-0.133362236664433	-0.140880686204393
15.000000000000000	2.046082484761658	-0.019677692662882	-0.142649788451796
15.000000000000000	2.029962377226446	0.093331805272559	-0.143901039681367
15.000000000000000	2.006704124433561	0.205211207779702	-0.144629401546027
15.000000000000000	1.976401379158144	0.315510015991789	-0.144831941189617
15.000000000000000	1.939176159860254	0.423784095537425	-0.144507843056477
15.000000000000000	1.895178359359593	0.529597464912945	-0.143658412175402
15.000000000000000	1.844585141270030	0.632524051026040	-0.142287068904748
15.000000000000000	1.787600226624250	0.732149404841730	-0.140399335159858
15.000000000000000	1.724453073561061	0.828072370222348	-0.138002812178261
15.000000000000000	1.655397953378452	0.919906699241721	-0.135107149912164
15.000000000000000	1.580712926672828	1.007282607469239	-0.131724008171507
15.000000000000000	1.500698723687115	1.089848262961253	-0.127867009674022
15.000000000000000	1.415677533376223	1.167271202964130	-0.123551685191353
15.000000000000000	1.325991706065833	1.239239672624425	-0.118795411012127
15.000000000000000	1.232002374928473	1.305463880315637	-0.113617338973765
15.000000000000000	1.134088001827682	1.365677164526814	-0.108038319344797
15.000000000000000	1.032642853385671	1.419637067614343	-0.102080816868189
15.000000000000000	0.928075413410780	1.467126312093302	-0.095768820303751
15.000000000000000	0.820806738077364	1.507953675537205	-0.089127745833868
15.000000000000000	0.711268760481180	1.541954760563229	-0.082184334721505
15.000000000000000	0.599902551397260	1.568992656802445	-0.074966545632577
15.000000000000000	0.487156543243577	1.588958492189554	-0.067503442056272
15.000000000000000	0.373484724401963	1.601771871352269	-0.059825075276636
15.000000000000000	0.259344811167135	1.607381199335106	-0.051962363366658
15.000000000000000	0.145196404684716	1.605763889354053	-0.043946966692104
15.000000000000000	0.031499140299644	1.596926453745586	-0.035811160426400
15.000000000000000	-0.081289163233143	1.580904477743782	-0.027587704589895
15.000000000000000	-0.192714347223249	1.557762476191144	-0.019309712136824
15.000000000000000	-0.302327741781571	1.527593633760097	-0.011010515621131
15.000000000000000	-0.409687972455584	1.490519429731209	-0.002723532978035
15.000000000000000	-0.514362737488490	1.446689148838994	0.005517867038200
15.000000000000000	-0.615930548545808	1.396279280154980	0.013680499218459
15.000000000000000	-0.713982427900137	1.339492806428507	0.021731495523903
15.000000000000000	-0.808123555240114	1.276558386746843	0.029638437433957
15.000000000000000	-0.897974857472467	1.207729435805732	0.037369486484257
15.000000000000000	-0.983174535115564	1.133283103497865	0.044893512468902
15.000000000000000	-1.063379519138230	1.053519158928078	0.052180218790810
15.000000000000000	-1.138266852377657	0.968758783348965	0.059200264455421
15.000000000000000	-1.207534989973906	0.879343276877337	0.065925382216525


