# n	x	y	z
1.000000000000000	-0.326316294092015	-0.134552100881001	-0.037522319224273
1.000000000000000	-0.316564734466984	-0.156148460547576	-0.037763117883457
1.000000000000000	-0.305468271746131	-0.177087115894211	-0.037843784673987
1.000000000000000	-0.293071587468404	-0.197283754345993	-0.037763994779167
1.000000000000000	-0.279424598706057	-0.216657051168154	-0.037524069484743
1.000000000000000	-0.264582257066217	-0.235128996932076	-0.037124974885195
1.000000000000000	-0.248604327420155	-0.252625211631725	-0.036568317993618
1.000000000000000	-0.231555147251246	-0.269075244185687	-0.035856340270845
1.000000000000000	-0.213503367590627	-0.284412856118802	-0.034991908599878
1.000000000000000	-0.194521676583729	-0.298576288281131	-0.033978503741961
1.000000000000000	-0.174686506800767	-0.311508509530251	-0.032820206320780
1.000000000000000	-0.154077727469757	-0.323157446375539	-0.031521680391238
1.000000000000000	-0.132778322871326	-0.333476192659738	-0.030088154658945
1.000000000000000	-0.110874058190298	-0.342423198433500	-0.028525401426073
1.000000000000000	-0.088453134169571	-0.349962437262362	-0.026839713348325
1.000000000000000	-0.065605831956851	-0.356063551292490	-0.025037878096638
1.000000000000000	-0.042424149574335	-0.360701973491033	-0.023127151025623
1.000000000000000	-0.019001431475148	-0.363859026568900	-0.021115225958817
1.000000000000000	0.004568007321828	-0.365521998187610	-0.019010204208367
1.000000000000000	0.028189261005244	-0.365684192147388	-0.016820561953908
1.000000000000000	0.051767215123491	-0.364344955350405	-0.014555116111977
1.000000000000000	0.075206929577026	-0.361509680430565	-0.012222988833406
1.000000000000000	0.098414020908647	-0.357189784039280	-0.009833570771635
1.000000000000000	0.121295042352359	-0.351402660874636	-0.007396483269870
1.000000000000000	0.143757860110522	-0.344171613639088	-0.004921539619324
1.000000000000000	0.165712024344136	-0.335525759207700	-0.002418705544562
1.000000000000000	0.187069133382418	-0.325499911384768	0.000101940924956
1.000000000000000	0.207743189685129	-0.314134440720913	0.002630250035543
1.000000000000000	0.227650946124317	-0.301475111955128	0.005156041178763
1.000000000000000	0.246712241191120	-0.287572899736320	0.007669143885144
1.000000000000000	0.264850321777870	-0.272483783366396	0.010159438777072
1.000000000000000	0.281992152235766	-0.256268521391368	0.012616898315950
1.000000000000000	0.298068708463656	-0.238992406948133	0.015031627179560
1.000000000000000	0.313015255843732	-0.220725004852057	0.017393902107033
1.000000000000000	0.326771609904984	-0.201539871484017	0.019694211050985
1.000000000000000	0.339282378664827	-0.181514258604810	0.021923291479180
1.000000000000000	0.350497185673063	-0.160728802289587	0.024072167671472
1.000000000000000	0.360370872860067	-0.139267198234832	0.026132186861868
1.000000000000000	0.368863682372392	-0.117215864745334	0.028095054080158
1.000000000000000	0.375941416663617	-0.094663594758175	0.029952865552838
1.000000000000000	0.381575576195792	-0.071701198304908	0.031698140528809
1.000000000000000	0.385743474197024	-0.048421136851618	0.033323851401727
1.000000000000000	0.388428328013095	-0.024917150989224	0.034823452007690
1.000000000000000	0.389619326685291	-0.001283882973208	0.036190903984335
1.000000000000000	0.389311674482313	0.022383504367344	0.037420701085184
1.000000000000000	0.387506610211000	0.045989710816868	0.038507891351361
1.000000000000000	0.384211402228085	0.069439682513656	0.039448097051382
1.000000000000000	0.379439319173093	0.092638994698206	0.040237532308733
1.000000000000000	0.373209576540209	0.115494231928403	0.040873018346257
1.000000000000000	0.365547259304268	0.137913364230536	0.041351996285974
1.000000000000000	0.356483220912410	0.159806117671516	0.041672537452772
1.000000000000000	0.346053959048145	0.181084337860147	0.041833351140505
1.000000000000000	0.334301468668056	0.201662344913745	0.041833789809211
1.000000000000000	0.321273072902936	0.221457278460785	0.041673851692526
1.000000000000000	0.307021232504241	0.240389431290372	0.041354180804797
1.000000000000000	0.291603334603156	0.258382570305044	0.040876064347862
1.000000000000000	0.275081461632880	0.275364243484558	0.040241427527946
1.000000000000000	0.257522141344570	0.291266071624595	0.039452825803532
1.000000000000000	0.238996078923576	0.306024023675686	0.038513434595431
1.000000000000000	0.219577872284609	0.319578674573648	0.037427036500486
1.000000000000000	0.199345711692269	0.331875444523346	0.036198006060388
1.000000000000000	0.178381064916445	0.342864818772259	0.034831292146941
1.000000000000000	0.156768349190363	0.352502546988919	0.033332398034701
1.000000000000000	0.134594591292179	0.360749821443373	0.031707359241232
1.000000000000000	0.111949077118858	0.367573433272218	0.029962719224210
1.000000000000000	0.088922992163383	0.372945906198969	0.028105503033221
1.000000000000000	0.065609054342958	0.376845607171332	0.026143189022376
1.000000000000000	0.042101140656676	0.379256833469866	0.024083678737608
1.000000000000000	0.018493909175979	0.380169875937295	0.021935265099943
1.000000000000000	-0.005117582109984	0.379581058073854	0.019706599012831
1.000000000000000	-0.028638258059335	0.377492750841260	0.017406654528011
1.000000000000000	-0.051973409211500	0.373913363115684	0.015044692710173
1.000000000000000	-0.075029073148786	0.368857307828173	0.012630224345916
1.000000000000000	-0.097712412849871	0.362344943928869	0.010172971647172
1.000000000000000	-0.119932090511722	0.354402494408694	0.007682829103288
1.000000000000000	-0.141598635334691	0.345061940708628	0.005169823639406
1.000000000000000	-0.162624803789849	0.334360893941732	0.002644074241581
1.000000000000000	-0.182925930917880	0.322342443446468	0.000115751211190
1.000000000000000	-0.202420271244999	0.309054983281143	-0.002404964787280
1.000000000000000	-0.221029327943112	0.294552017358117	-0.004907923720173
1.000000000000000	-0.238678168908847	0.278891944002430	-0.007383047055272
1.000000000000000	-0.255295728488683	0.262137820802360	-0.009820368344484
1.000000000000000	-0.270815093635258	0.244357110698771	-0.012210073355215
1.000000000000000	-0.285173773342587	0.225621410335659	-0.014542539588819
1.000000000000000	-0.298313950275298	0.206006161765737	-0.016808375027002
1.000000000000000	-0.310182713578625	0.185590348671916	-0.018998455950167
1.000000000000000	-0.320732271931752	0.164456178327893	-0.021103963675413
1.000000000000000	-0.329920145986591	0.142688750578468	-0.023116420066254
1.000000000000000	-0.337709339417128	0.120375715172509	-0.025027721671091
1.000000000000000	-0.344068487890563	0.097606918828351	-0.026830172352941
1.000000000000000	-0.348971985360417	0.074474043452766	-0.028516514279072
1.000000000000000	-0.352400087173038	0.051070236970288	-0.030079957145733
1.000000000000000	-0.354338989572352	0.027489738249394	-0.031514205520305
1.000000000000000	-0.354780885282722	0.003827497635842	-0.032813484190795
1.000000000000000	-0.353723994946086	-0.019821205378857	-0.033972561420568
1.000000000000000	-0.351172574286808	-0.043361145814325	-0.034986770014709
1.000000000000000	-0.347136896975373	-0.066697536638703	-0.035852026113168
1.000000000000000	-0.341633213259948	-0.089736410442576	-0.036564845635023
1.000000000000000	-0.334683684532364	-0.112384997812562	-0.037122358307645
1.000000000000000	-0.326316294092015	-0.134552100881001	-0.037522319224273


2.000000000000000	nan	nan	nan
2.000000000000000	nan	nan	nan
2.000000000000000	nan	nan	nan
2.000000000000000	nan	nan	nan
2.000000000000000	nan	nan	nan
2.000000000000000	nan	nan	nan
2.000000000000000	nan	nan	nan
2.000000000000000	nan	nan	nan
2.000000000000000	nan	nan	nan
2.000000000000000	nan	nan	nan
2.000000000000000	nan	nan	nan
2.000000000000000	nan	nan	nan
2.000000000000000	nan	nan	nan
2.000000000000000	nan	nan	nan
2.000000000000000	nan	nan	nan
2.000000000000000	nan	nan	nan
2.000000000000000	nan	nan	nan
2.000000000000000	nan	nan	nan
2.000000000000000	nan	nan	nan
2.000000000000000	nan	nan	nan
2.000000000000000	nan	nan	nan
2.000000000000000	nan	nan	nan
2.000000000000000	nan	nan	nan
2.000000000000000	nan	nan	nan
2.000000000000000	nan	nan	nan
2.000000000000000	nan	nan	nan
2.000000000000000	nan	nan	nan
2.000000000000000	nan	nan	nan
2.000000000000000	nan	nan	nan
2.000000000000000	nan	nan	nan
2.000000000000000	nan	nan	nan
2.000000000000000	nan	nan	nan
2.000000000000000	nan	nan	nan
2.000000000000000	nan	nan	nan
2.000000000000000	nan	nan	nan
2.000000000000000	nan	nan	nan
2.000000000000000	nan	nan	nan
2.000000000000000	nan	nan	nan
2.000000000000000	nan	nan	nan
2.000000000000000	nan	nan	nan
2.000000000000000	nan	nan	nan
2.000000000000000	nan	nan	nan
2.000000000000000	nan	nan	nan
2.000000000000000	nan	nan	nan
2.000000000000000	nan	nan	nan
2.000000000000000	nan	nan	nan
2.000000000000000	nan	nan	nan
2.000000000000000	nan	nan	nan
2.000000000000000	nan	nan	nan
2.000000000000000	nan	nan	nan
2.000000000000000	nan	nan	nan
2.000000000000000	nan	nan	nan
2.000000000000000	nan	nan	nan
2.000000000000000	nan	nan	nan
2.000000000000000	nan	nan	nan
2.000000000000000	nan	nan	nan
2.000000000000000	nan	nan	nan
2.000000000000000	nan	nan	nan
2.000000000000000	nan	nan	nan
2.000000000000000	nan	nan	nan
2.000000000000000	nan	nan	nan
2.000000000000000	nan	nan	nan
2.000000000000000	nan	nan	nan
2.000000000000000	nan	nan	nan
2.000000000000000	nan	nan	nan
2.000000000000000	nan	nan	nan
2.000000000000000	nan	nan	nan
2.000000000000000	nan	nan	nan
2.000000000000000	nan	nan	nan
2.000000000000000	nan	nan	nan
2.000000000000000	nan	nan	nan
2.000000000000000	nan	nan	nan
2.000000000000000	nan	nan	nan
2.000000000000000	nan	nan	nan
2.000000000000000	nan	nan	nan
2.000000000000000	nan	nan	nan
2.000000000000000	nan	nan	nan
2.000000000000000	nan	nan	nan
2.000000000000000	nan	nan	nan
2.000000000000000	nan	nan	nan
2.000000000000000	nan	nan	nan
2.000000000000000	nan	nan	nan
2.000000000000000	nan	nan	nan
2.000000000000000	nan	nan	nan
2.000000000000000	nan	nan	nan
2.000000000000000	nan	nan	nan
2.000000000000000	nan	nan	nan
2.000000000000000	nan	nan	nan
2.000000000000000	nan	nan	nan
2.000000000000000	nan	nan	nan
2.000000000000000	nan	nan	nan
2.000000000000000	nan	nan	nan
2.000000000000000	nan	nan	nan
2.000000000000000	nan	nan	nan
2.000000000000000	nan	nan	nan
2.000000000000000	nan	nan	nan
2.000000000000000	nan	nan	nan
2.000000000000000	nan	nan	nan
2.000000000000000	nan	nan	nan
2.000000000000000	nan	nan	nan


3.000000000000000	0.313861556017274	0.604234480159444	0.003359346672252
3.000000000000000	0.274159893421943	0.623276254757115	0.004387451778940
3.000000000000000	0.233329564158576	0.639760722877505	0.005397625564385
3.000000000000000	0.191534977552305	0.653621507385582	0.006385800415286
3.000000000000000	0.148944425652254	0.664802795794211	0.007347997300290
3.000000000000000	0.105729405578856	0.673259565001336	0.008280341792141
3.000000000000000	0.062063928965473	0.678957762582124	0.009179079668637
3.000000000000000	0.018123821274971	0.681874443906060	0.010040592029552
3.000000000000000	-0.025913986187369	0.681997864526877	0.010861409868676
3.000000000000000	-0.069872168713765	0.679327527473297	0.011638228042271
3.000000000000000	-0.113573722217951	0.673874185250154	0.012367918577726
3.000000000000000	-0.156842675968155	0.665659796541858	0.013047543268795
3.000000000000000	-0.199504801159134	0.654717437792521	0.013674365506716
3.000000000000000	-0.241388312470075	0.641091170018788	0.014245861299570
3.000000000000000	-0.282324559783452	0.624835861391678	0.014759729435505
3.000000000000000	-0.322148707279529	0.606016966301822	0.015213900748904
3.000000000000000	-0.360700397172022	0.584710261797736	0.015606546452185
3.000000000000000	-0.397824395412315	0.561001542458389	0.015936085499682
3.000000000000000	-0.433371216762176	0.534986274928716	0.016201190953961
3.000000000000000	-0.467197726718060	0.506769213509132	0.016400795328923
3.000000000000000	-0.499167717863230	0.476463978346938	0.016534094888201
3.000000000000000	-0.529152458326953	0.444192597928088	0.016600552881516
3.000000000000000	-0.557031210142309	0.410085017711546	0.016599901705986
3.000000000000000	-0.582691715415370	0.374278576884786	0.016532143983663
3.000000000000000	-0.606030648348116	0.336917455347358	0.016397552550982
3.000000000000000	-0.626954031294959	0.298152093149317	0.016196669360138
3.000000000000000	-0.645377613177548	0.258138584722242	0.015930303296841
3.000000000000000	-0.661227208734132	0.217038050342051	0.015599526923215
3.000000000000000	-0.674438997237419	0.175015987354515	0.015205672158972
3.000000000000000	-0.684959779478125	0.132241603775859	0.014750324918237
3.000000000000000	-0.692747191979413	0.088887136951804	0.014235318723639
3.000000000000000	-0.697769877579657	0.045127160018559	0.013662727323354
3.000000000000000	-0.700007611696671	0.001137878958424	0.013034856340858
3.000000000000000	-0.699451383764960	-0.042903576919514	0.012354233990996
3.000000000000000	-0.696103433518088	-0.086819868216592	0.011623600899748
3.000000000000000	-0.689977241970061	-0.130434159527739	0.010845899068700
3.000000000000000	-0.681097477132042	-0.173570831495236	0.010024260028642
3.000000000000000	-0.669499894682975	-0.216056187965890	0.009161992229994
3.000000000000000	-0.655231193994090	-0.257719155404136	0.008262567720851
3.000000000000000	-0.638348830087010	-0.298391971744785	0.007329608166264
3.000000000000000	-0.618920782282665	-0.337910861911649	0.006366870265078
3.000000000000000	-0.597025280472554	-0.376116697281973	0.005378230623027
3.000000000000000	-0.572750490114585	-0.412855636441233	0.004367670143017
3.000000000000000	-0.546194157221895	-0.447979744648213	0.003339257995429
3.000000000000000	-0.517463214774149	-0.481347589515999	0.002297135233010
3.000000000000000	-0.486673352136178	-0.512824810510281	0.001245498116314
3.000000000000000	-0.453948549217735	-0.542284659971805	0.000188581216840
3.000000000000000	-0.419420577250157	-0.569608513484459	-0.000869359634089
3.000000000000000	-0.383228468190124	-0.594686347533932	-0.001924064482060
3.000000000000000	-0.345517954887043	-0.617417182533571	-0.002971286402903
3.000000000000000	-0.306440884268294	-0.637709489433540	-0.004006808603551
3.000000000000000	-0.266154605905251	-0.655481558275996	-0.005026461401585
3.000000000000000	-0.224821338422089	-0.670661827212251	-0.006026139015067
3.000000000000000	-0.182607516298645	-0.683189170657080	-0.007001816095077
3.000000000000000	-0.139683119697505	-0.693013145419879	-0.007949563934373
3.000000000000000	-0.096220990013882	-0.700094193821588	-0.008865566286908
3.000000000000000	-0.052396133904325	-0.704403802979506	-0.009746134734505
3.000000000000000	-0.008385018596678	-0.705924619618603	-0.010587723538819
3.000000000000000	0.035635138681165	-0.704650519947037	-0.011386943918766
3.000000000000000	0.079487084292486	-0.700586634314500	-0.012140577695956
3.000000000000000	0.122994241929580	-0.693749326554110	-0.012845590253161
3.000000000000000	0.165981423624221	-0.684166128091034	-0.013499142753640
3.000000000000000	0.208275535167783	-0.671875627083152	-0.014098603572142
3.000000000000000	0.249706273100525	-0.656927313040167	-0.014641558891528
3.000000000000000	0.290106810463511	-0.639381377546816	-0.015125822422358
3.000000000000000	0.329314468551897	-0.619308471892602	-0.015549444206311
3.000000000000000	0.367171371964663	-0.596789422583988	-0.015910718467979
3.000000000000000	0.403525084313121	-0.571914905884581	-0.016208190483419
3.000000000000000	0.438229222028462	-0.544785082693824	-0.016440662437816
3.000000000000000	0.471144043796714	-0.515509195234405	-0.016607198248659
3.000000000000000	0.502137013247698	-0.484205127172379	-0.016707127335015
3.000000000000000	0.531083332632211	-0.450998928941258	-0.016740047317723
3.000000000000000	0.557866445338513	-0.416024310181398	-0.016705825639632
3.000000000000000	0.582378505224670	-0.379422101338469	-0.016604600099361
3.000000000000000	0.604520810876899	-0.341339686588962	-0.016436778296434
3.000000000000000	0.624204203045327	-0.301930410376122	-0.016203035990019
3.000000000000000	0.641349423656822	-0.261352959945999	-0.015904314377886
3.000000000000000	0.655887434959281	-0.219770726369918	-0.015541816306536
3.000000000000000	0.667759697512289	-0.177351146626298	-0.015117001427761
3.000000000000000	0.676918405904786	-0.134265029391041	-0.014631580321141
3.000000000000000	0.683326681250586	-0.090685867251277	-0.014087507606147
3.000000000000000	0.686958719686630	-0.046789138111948	-0.013486974071574
3.000000000000000	0.687799896276042	-0.002751598608223	-0.012832397854013
3.000000000000000	0.685846823897586	0.041249427631092	-0.012126414700862
3.000000000000000	0.681107366884404	0.085036764003221	-0.011371867357106
3.000000000000000	0.673600609357126	0.128434094359061	-0.010571794118588
3.000000000000000	0.663356778378852	0.171266672966084	-0.009729416597856
3.000000000000000	0.650417122241434	0.213362028147733	-0.008848126751875
3.000000000000000	0.634833744373168	0.254550656765984	-0.007931473223809
3.000000000000000	0.616669393536672	0.294666706750662	-0.006983147053889
3.000000000000000	0.595997211161771	0.333548644927187	-0.006006966816895
3.000000000000000	0.572900436830771	0.371039907453662	-0.005006863246104
3.000000000000000	0.547472073102039	0.406989530248199	-0.003986863405616
3.000000000000000	0.519814511021529	0.441252756868001	-0.002951074474786
3.000000000000000	0.490039117830175	0.473691621392461	-0.001903667210063
3.000000000000000	0.458265788527319	0.504175503963234	-0.000848859150826
3.000000000000000	0.424622463095864	0.532581656744306	0.000209102363158
3.000000000000000	0.389244611333123	0.558795698184199	0.001265957294273
3.000000000000000	0.352274687361750	0.582712073590120	0.002317450060722
3.000000000000000	0.313861556017274	0.604234480159443	0.003359346672252


4.000000000000000	nan	nan	nan
4.000000000000000	nan	nan	nan
4.000000000000000	nan	nan	nan
4.000000000000000	nan	nan	nan
4.000000000000000	nan	nan	nan
4.000000000000000	nan	nan	nan
4.000000000000000	nan	nan	nan
4.000000000000000	nan	nan	nan
4.000000000000000	nan	nan	nan
4.000000000000000	nan	nan	nan
4.000000000000000	nan	nan	nan
4.000000000000000	nan	nan	nan
4.000000000000000	nan	nan	nan
4.000000000000000	nan	nan	nan
4.000000000000000	nan	nan	nan
4.000000000000000	nan	nan	nan
4.000000000000000	nan	nan	nan
4.000000000000000	nan	nan	nan
4.000000000000000	nan	nan	nan
4.000000000000000	nan	nan	nan
4.000000000000000	nan	nan	nan
4.000000000000000	nan	nan	nan
4.000000000000000	nan	nan	nan
4.000000000000000	nan	nan	nan
4.000000000000000	nan	nan	nan
4.000000000000000	nan	nan	nan
4.000000000000000	nan	nan	nan
4.000000000000000	nan	nan	nan
4.000000000000000	nan	nan	nan
4.000000000000000	nan	nan	nan
4.000000000000000	nan	nan	nan
4.000000000000000	nan	nan	nan
4.000000000000000	nan	nan	nan
4.000000000000000	nan	nan	nan
4.000000000000000	nan	nan	nan
4.000000000000000	nan	nan	nan
4.000000000000000	nan	nan	nan
4.000000000000000	nan	nan	nan
4.000000000000000	nan	nan	nan
4.000000000000000	nan	nan	nan
4.000000000000000	nan	nan	nan
4.000000000000000	nan	nan	nan
4.000000000000000	nan	nan	nan
4.000000000000000	nan	nan	nan
4.000000000000000	nan	nan	nan
4.000000000000000	nan	nan	nan
4.000000000000000	nan	nan	nan
4.000000000000000	nan	nan	nan
4.000000000000000	nan	nan	nan
4.000000000000000	nan	nan	nan
4.000000000000000	nan	nan	nan
4.000000000000000	nan	nan	nan
4.000000000000000	nan	nan	nan
4.000000000000000	nan	nan	nan
4.000000000000000	nan	nan	nan
4.000000000000000	nan	nan	nan
4.000000000000000	nan	nan	nan
4.000000000000000	nan	nan	nan
4.000000000000000	nan	nan	nan
4.000000000000000	nan	nan	nan
4.000000000000000	nan	nan	nan
4.000000000000000	nan	nan	nan
4.000000000000000	nan	nan	nan
4.000000000000000	nan	nan	nan
4.000000000000000	nan	nan	nan
4.000000000000000	nan	nan	nan
4.000000000000000	nan	nan	nan
4.000000000000000	nan	nan	nan
4.000000000000000	nan	nan	nan
4.000000000000000	nan	nan	nan
4.000000000000000	nan	nan	nan
4.000000000000000	nan	nan	nan
4.000000000000000	nan	nan	nan
4.000000000000000	nan	nan	nan
4.000000000000000	nan	nan	nan
4.000000000000000	nan	nan	nan
4.000000000000000	nan	nan	nan
4.000000000000000	nan	nan	nan
4.000000000000000	nan	nan	nan
4.000000000000000	nan	nan	nan
4.000000000000000	nan	nan	nan
4.000000000000000	nan	nan	nan
4.000000000000000	nan	nan	nan
4.000000000000000	nan	nan	nan
4.000000000000000	nan	nan	nan
4.000000000000000	nan	nan	nan
4.000000000000000	nan	nan	nan
4.000000000000000	nan	nan	nan
4.000000000000000	nan	nan	nan
4.000000000000000	nan	nan	nan
4.000000000000000	nan	nan	nan
4.000000000000000	nan	nan	nan
4.000000000000000	nan	nan	nan
4.000000000000000	nan	nan	nan
4.000000000000000	nan	nan	nan
4.000000000000000	nan	nan	nan
4.000000000000000	nan	nan	nan
4.000000000000000	nan	nan	nan
4.000000000000000	nan	nan	nan
4.000000000000000	nan	nan	nan


5.000000000000000	nan	nan	nan
5.000000000000000	nan	nan	nan
5.000000000000000	nan	nan	nan
5.000000000000000	nan	nan	nan
5.000000000000000	nan	nan	nan
5.000000000000000	nan	nan	nan
5.000000000000000	nan	nan	nan
5.000000000000000	nan	nan	nan
5.000000000000000	nan	nan	nan
5.000000000000000	nan	nan	nan
5.000000000000000	nan	nan	nan
5.000000000000000	nan	nan	nan
5.000000000000000	nan	nan	nan
5.000000000000000	nan	nan	nan
5.000000000000000	nan	nan	nan
5.000000000000000	nan	nan	nan
5.000000000000000	nan	nan	nan
5.000000000000000	nan	nan	nan
5.000000000000000	nan	nan	nan
5.000000000000000	nan	nan	nan
5.000000000000000	nan	nan	nan
5.000000000000000	nan	nan	nan
5.000000000000000	nan	nan	nan
5.000000000000000	nan	nan	nan
5.000000000000000	nan	nan	nan
5.000000000000000	nan	nan	nan
5.000000000000000	nan	nan	nan
5.000000000000000	nan	nan	nan
5.000000000000000	nan	nan	nan
5.000000000000000	nan	nan	nan
5.000000000000000	nan	nan	nan
5.000000000000000	nan	nan	nan
5.000000000000000	nan	nan	nan
5.000000000000000	nan	nan	nan
5.000000000000000	nan	nan	nan
5.000000000000000	nan	nan	nan
5.000000000000000	nan	nan	nan
5.000000000000000	nan	nan	nan
5.000000000000000	nan	nan	nan
5.000000000000000	nan	nan	nan
5.000000000000000	nan	nan	nan
5.000000000000000	nan	nan	nan
5.000000000000000	nan	nan	nan
5.000000000000000	nan	nan	nan
5.000000000000000	nan	nan	nan
5.000000000000000	nan	nan	nan
5.000000000000000	nan	nan	nan
5.000000000000000	nan	nan	nan
5.000000000000000	nan	nan	nan
5.000000000000000	nan	nan	nan
5.000000000000000	nan	nan	nan
5.000000000000000	nan	nan	nan
5.000000000000000	nan	nan	nan
5.000000000000000	nan	nan	nan
5.000000000000000	nan	nan	nan
5.000000000000000	nan	nan	nan
5.000000000000000	nan	nan	nan
5.000000000000000	nan	nan	nan
5.000000000000000	nan	nan	nan
5.000000000000000	nan	nan	nan
5.000000000000000	nan	nan	nan
5.000000000000000	nan	nan	nan
5.000000000000000	nan	nan	nan
5.000000000000000	nan	nan	nan
5.000000000000000	nan	nan	nan
5.000000000000000	nan	nan	nan
5.000000000000000	nan	nan	nan
5.000000000000000	nan	nan	nan
5.000000000000000	nan	nan	nan
5.000000000000000	nan	nan	nan
5.000000000000000	nan	nan	nan
5.000000000000000	nan	nan	nan
5.000000000000000	nan	nan	nan
5.000000000000000	nan	nan	nan
5.000000000000000	nan	nan	nan
5.000000000000000	nan	nan	nan
5.000000000000000	nan	nan	nan
5.000000000000000	nan	nan	nan
5.000000000000000	nan	nan	nan
5.000000000000000	nan	nan	nan
5.000000000000000	nan	nan	nan
5.000000000000000	nan	nan	nan
5.000000000000000	nan	nan	nan
5.000000000000000	nan	nan	nan
5.000000000000000	nan	nan	nan
5.000000000000000	nan	nan	nan
5.000000000000000	nan	nan	nan
5.000000000000000	nan	nan	nan
5.000000000000000	nan	nan	nan
5.000000000000000	nan	nan	nan
5.000000000000000	nan	nan	nan
5.000000000000000	nan	nan	nan
5.000000000000000	nan	nan	nan
5.000000000000000	nan	nan	nan
5.000000000000000	nan	nan	nan
5.000000000000000	nan	nan	nan
5.000000000000000	nan	nan	nan
5.000000000000000	nan	nan	nan
5.000000000000000	nan	nan	nan
5.000000000000000	nan	nan	nan


6.000000000000000	nan	nan	nan
6.000000000000000	nan	nan	nan
6.000000000000000	nan	nan	nan
6.000000000000000	nan	nan	nan
6.000000000000000	nan	nan	nan
6.000000000000000	nan	nan	nan
6.000000000000000	nan	nan	nan
6.000000000000000	nan	nan	nan
6.000000000000000	nan	nan	nan
6.000000000000000	nan	nan	nan
6.000000000000000	nan	nan	nan
6.000000000000000	nan	nan	nan
6.000000000000000	nan	nan	nan
6.000000000000000	nan	nan	nan
6.000000000000000	nan	nan	nan
6.000000000000000	nan	nan	nan
6.000000000000000	nan	nan	nan
6.000000000000000	nan	nan	nan
6.000000000000000	nan	nan	nan
6.000000000000000	nan	nan	nan
6.000000000000000	nan	nan	nan
6.000000000000000	nan	nan	nan
6.000000000000000	nan	nan	nan
6.000000000000000	nan	nan	nan
6.000000000000000	nan	nan	nan
6.000000000000000	nan	nan	nan
6.000000000000000	nan	nan	nan
6.000000000000000	nan	nan	nan
6.000000000000000	nan	nan	nan
6.000000000000000	nan	nan	nan
6.000000000000000	nan	nan	nan
6.000000000000000	nan	nan	nan
6.000000000000000	nan	nan	nan
6.000000000000000	nan	nan	nan
6.000000000000000	nan	nan	nan
6.000000000000000	nan	nan	nan
6.000000000000000	nan	nan	nan
6.000000000000000	nan	nan	nan
6.000000000000000	nan	nan	nan
6.000000000000000	nan	nan	nan
6.000000000000000	nan	nan	nan
6.000000000000000	nan	nan	nan
6.000000000000000	nan	nan	nan
6.000000000000000	nan	nan	nan
6.000000000000000	nan	nan	nan
6.000000000000000	nan	nan	nan
6.000000000000000	nan	nan	nan
6.000000000000000	nan	nan	nan
6.000000000000000	nan	nan	nan
6.000000000000000	nan	nan	nan
6.000000000000000	nan	nan	nan
6.000000000000000	nan	nan	nan
6.000000000000000	nan	nan	nan
6.000000000000000	nan	nan	nan
6.000000000000000	nan	nan	nan
6.000000000000000	nan	nan	nan
6.000000000000000	nan	nan	nan
6.000000000000000	nan	nan	nan
6.000000000000000	nan	nan	nan
6.000000000000000	nan	nan	nan
6.000000000000000	nan	nan	nan
6.000000000000000	nan	nan	nan
6.000000000000000	nan	nan	nan
6.000000000000000	nan	nan	nan
6.000000000000000	nan	nan	nan
6.000000000000000	nan	nan	nan
6.000000000000000	nan	nan	nan
6.000000000000000	nan	nan	nan
6.000000000000000	nan	nan	nan
6.000000000000000	nan	nan	nan
6.000000000000000	nan	nan	nan
6.000000000000000	nan	nan	nan
6.000000000000000	nan	nan	nan
6.000000000000000	nan	nan	nan
6.000000000000000	nan	nan	nan
6.000000000000000	nan	nan	nan
6.000000000000000	nan	nan	nan
6.000000000000000	nan	nan	nan
6.000000000000000	nan	nan	nan
6.000000000000000	nan	nan	nan
6.000000000000000	nan	nan	nan
6.000000000000000	nan	nan	nan
6.000000000000000	nan	nan	nan
6.000000000000000	nan	nan	nan
6.000000000000000	nan	nan	nan
6.000000000000000	nan	nan	nan
6.000000000000000	nan	nan	nan
6.000000000000000	nan	nan	nan
6.000000000000000	nan	nan	nan
6.000000000000000	nan	nan	nan
6.000000000000000	nan	nan	nan
6.000000000000000	nan	nan	nan
6.000000000000000	nan	nan	nan
6.000000000000000	nan	nan	nan
6.000000000000000	nan	nan	nan
6.000000000000000	nan	nan	nan
6.000000000000000	nan	nan	nan
6.000000000000000	nan	nan	nan
6.000000000000000	nan	nan	nan
6.000000000000000	nan	nan	nan


7.000000000000000	nan	nan	nan
7.000000000000000	nan	nan	nan
7.000000000000000	nan	nan	nan
7.000000000000000	nan	nan	nan
7.000000000000000	nan	nan	nan
7.000000000000000	nan	nan	nan
7.000000000000000	nan	nan	nan
7.000000000000000	nan	nan	nan
7.000000000000000	nan	nan	nan
7.000000000000000	nan	nan	nan
7.000000000000000	nan	nan	nan
7.000000000000000	nan	nan	nan
7.000000000000000	nan	nan	nan
7.000000000000000	nan	nan	nan
7.000000000000000	nan	nan	nan
7.000000000000000	nan	nan	nan
7.000000000000000	nan	nan	nan
7.000000000000000	nan	nan	nan
7.000000000000000	nan	nan	nan
7.000000000000000	nan	nan	nan
7.000000000000000	nan	nan	nan
7.000000000000000	nan	nan	nan
7.000000000000000	nan	nan	nan
7.000000000000000	nan	nan	nan
7.000000000000000	nan	nan	nan
7.000000000000000	nan	nan	nan
7.000000000000000	nan	nan	nan
7.000000000000000	nan	nan	nan
7.000000000000000	nan	nan	nan
7.000000000000000	nan	nan	nan
7.000000000000000	nan	nan	nan
7.000000000000000	nan	nan	nan
7.000000000000000	nan	nan	nan
7.000000000000000	nan	nan	nan
7.000000000000000	nan	nan	nan
7.000000000000000	nan	nan	nan
7.000000000000000	nan	nan	nan
7.000000000000000	nan	nan	nan
7.000000000000000	nan	nan	nan
7.000000000000000	nan	nan	nan
7.000000000000000	nan	nan	nan
7.000000000000000	nan	nan	nan
7.000000000000000	nan	nan	nan
7.000000000000000	nan	nan	nan
7.000000000000000	nan	nan	nan
7.000000000000000	nan	nan	nan
7.000000000000000	nan	nan	nan
7.000000000000000	nan	nan	nan
7.000000000000000	nan	nan	nan
7.000000000000000	nan	nan	nan
7.000000000000000	nan	nan	nan
7.000000000000000	nan	nan	nan
7.000000000000000	nan	nan	nan
7.000000000000000	nan	nan	nan
7.000000000000000	nan	nan	nan
7.000000000000000	nan	nan	nan
7.000000000000000	nan	nan	nan
7.000000000000000	nan	nan	nan
7.000000000000000	nan	nan	nan
7.000000000000000	nan	nan	nan
7.000000000000000	nan	nan	nan
7.000000000000000	nan	nan	nan
7.000000000000000	nan	nan	nan
7.000000000000000	nan	nan	nan
7.000000000000000	nan	nan	nan
7.000000000000000	nan	nan	nan
7.000000000000000	nan	nan	nan
7.000000000000000	nan	nan	nan
7.000000000000000	nan	nan	nan
7.000000000000000	nan	nan	nan
7.000000000000000	nan	nan	nan
7.000000000000000	nan	nan	nan
7.000000000000000	nan	nan	nan
7.000000000000000	nan	nan	nan
7.000000000000000	nan	nan	nan
7.000000000000000	nan	nan	nan
7.000000000000000	nan	nan	nan
7.000000000000000	nan	nan	nan
7.000000000000000	nan	nan	nan
7.000000000000000	nan	nan	nan
7.000000000000000	nan	nan	nan
7.000000000000000	nan	nan	nan
7.000000000000000	nan	nan	nan
7.000000000000000	nan	nan	nan
7.000000000000000	nan	nan	nan
7.000000000000000	nan	nan	nan
7.000000000000000	nan	nan	nan
7.000000000000000	nan	nan	nan
7.000000000000000	nan	nan	nan
7.000000000000000	nan	nan	nan
7.000000000000000	nan	nan	nan
7.000000000000000	nan	nan	nan
7.000000000000000	nan	nan	nan
7.000000000000000	nan	nan	nan
7.000000000000000	nan	nan	nan
7.000000000000000	nan	nan	nan
7.000000000000000	nan	nan	nan
7.000000000000000	nan	nan	nan
7.000000000000000	nan	nan	nan
7.000000000000000	nan	nan	nan


8.000000000000000	nan	nan	nan
8.000000000000000	nan	nan	nan
8.000000000000000	nan	nan	nan
8.000000000000000	nan	nan	nan
8.000000000000000	nan	nan	nan
8.000000000000000	nan	nan	nan
8.000000000000000	nan	nan	nan
8.000000000000000	nan	nan	nan
8.000000000000000	nan	nan	nan
8.000000000000000	nan	nan	nan
8.000000000000000	nan	nan	nan
8.000000000000000	nan	nan	nan
8.000000000000000	nan	nan	nan
8.000000000000000	nan	nan	nan
8.000000000000000	nan	nan	nan
8.000000000000000	nan	nan	nan
8.000000000000000	nan	nan	nan
8.000000000000000	nan	nan	nan
8.000000000000000	nan	nan	nan
8.000000000000000	nan	nan	nan
8.000000000000000	nan	nan	nan
8.000000000000000	nan	nan	nan
8.000000000000000	nan	nan	nan
8.000000000000000	nan	nan	nan
8.000000000000000	nan	nan	nan
8.000000000000000	nan	nan	nan
8.000000000000000	nan	nan	nan
8.000000000000000	nan	nan	nan
8.000000000000000	nan	nan	nan
8.000000000000000	nan	nan	nan
8.000000000000000	nan	nan	nan
8.000000000000000	nan	nan	nan
8.000000000000000	nan	nan	nan
8.000000000000000	nan	nan	nan
8.000000000000000	nan	nan	nan
8.000000000000000	nan	nan	nan
8.000000000000000	nan	nan	nan
8.000000000000000	nan	nan	nan
8.000000000000000	nan	nan	nan
8.000000000000000	nan	nan	nan
8.000000000000000	nan	nan	nan
8.000000000000000	nan	nan	nan
8.000000000000000	nan	nan	nan
8.000000000000000	nan	nan	nan
8.000000000000000	nan	nan	nan
8.000000000000000	nan	nan	nan
8.000000000000000	nan	nan	nan
8.000000000000000	nan	nan	nan
8.000000000000000	nan	nan	nan
8.000000000000000	nan	nan	nan
8.000000000000000	nan	nan	nan
8.000000000000000	nan	nan	nan
8.000000000000000	nan	nan	nan
8.000000000000000	nan	nan	nan
8.000000000000000	nan	nan	nan
8.000000000000000	nan	nan	nan
8.000000000000000	nan	nan	nan
8.000000000000000	nan	nan	nan
8.000000000000000	nan	nan	nan
8.000000000000000	nan	nan	nan
8.000000000000000	nan	nan	nan
8.000000000000000	nan	nan	nan
8.000000000000000	nan	nan	nan
8.000000000000000	nan	nan	nan
8.000000000000000	nan	nan	nan
8.000000000000000	nan	nan	nan
8.000000000000000	nan	nan	nan
8.000000000000000	nan	nan	nan
8.000000000000000	nan	nan	nan
8.000000000000000	nan	nan	nan
8.000000000000000	nan	nan	nan
8.000000000000000	nan	nan	nan
8.000000000000000	nan	nan	nan
8.000000000000000	nan	nan	nan
8.000000000000000	nan	nan	nan
8.000000000000000	nan	nan	nan
8.000000000000000	nan	nan	nan
8.000000000000000	nan	nan	nan
8.000000000000000	nan	nan	nan
8.000000000000000	nan	nan	nan
8.000000000000000	nan	nan	nan
8.000000000000000	nan	nan	nan
8.000000000000000	nan	nan	nan
8.000000000000000	nan	nan	nan
8.000000000000000	nan	nan	nan
8.000000000000000	nan	nan	nan
8.000000000000000	nan	nan	nan
8.000000000000000	nan	nan	nan
8.000000000000000	nan	nan	nan
8.000000000000000	nan	nan	nan
8.000000000000000	nan	nan	nan
8.000000000000000	nan	nan	nan
8.000000000000000	nan	nan	nan
8.000000000000000	nan	nan	nan
8.000000000000000	nan	nan	nan
8.000000000000000	nan	nan	nan
8.000000000000000	nan	nan	nan
8.000000000000000	nan	nan	nan
8.000000000000000	nan	nan	nan
8.000000000000000	nan	nan	nan


9.000000000000000	nan	nan	nan
9.000000000000000	nan	nan	nan
9.000000000000000	nan	nan	nan
9.000000000000000	nan	nan	nan
9.000000000000000	nan	nan	nan
9.000000000000000	nan	nan	nan
9.000000000000000	nan	nan	nan
9.000000000000000	nan	nan	nan
9.000000000000000	nan	nan	nan
9.000000000000000	nan	nan	nan
9.000000000000000	nan	nan	nan
9.000000000000000	nan	nan	nan
9.000000000000000	nan	nan	nan
9.000000000000000	nan	nan	nan
9.000000000000000	nan	nan	nan
9.000000000000000	nan	nan	nan
9.000000000000000	nan	nan	nan
9.000000000000000	nan	nan	nan
9.000000000000000	nan	nan	nan
9.000000000000000	nan	nan	nan
9.000000000000000	nan	nan	nan
9.000000000000000	nan	nan	nan
9.000000000000000	nan	nan	nan
9.000000000000000	nan	nan	nan
9.000000000000000	nan	nan	nan
9.000000000000000	nan	nan	nan
9.000000000000000	nan	nan	nan
9.000000000000000	nan	nan	nan
9.000000000000000	nan	nan	nan
9.000000000000000	nan	nan	nan
9.000000000000000	nan	nan	nan
9.000000000000000	nan	nan	nan
9.000000000000000	nan	nan	nan
9.000000000000000	nan	nan	nan
9.000000000000000	nan	nan	nan
9.000000000000000	nan	nan	nan
9.000000000000000	nan	nan	nan
9.000000000000000	nan	nan	nan
9.000000000000000	nan	nan	nan
9.000000000000000	nan	nan	nan
9.000000000000000	nan	nan	nan
9.000000000000000	nan	nan	nan
9.000000000000000	nan	nan	nan
9.000000000000000	nan	nan	nan
9.000000000000000	nan	nan	nan
9.000000000000000	nan	nan	nan
9.000000000000000	nan	nan	nan
9.000000000000000	nan	nan	nan
9.000000000000000	nan	nan	nan
9.000000000000000	nan	nan	nan
9.000000000000000	nan	nan	nan
9.000000000000000	nan	nan	nan
9.000000000000000	nan	nan	nan
9.000000000000000	nan	nan	nan
9.000000000000000	nan	nan	nan
9.000000000000000	nan	nan	nan
9.000000000000000	nan	nan	nan
9.000000000000000	nan	nan	nan
9.000000000000000	nan	nan	nan
9.000000000000000	nan	nan	nan
9.000000000000000	nan	nan	nan
9.000000000000000	nan	nan	nan
9.000000000000000	nan	nan	nan
9.000000000000000	nan	nan	nan
9.000000000000000	nan	nan	nan
9.000000000000000	nan	nan	nan
9.000000000000000	nan	nan	nan
9.000000000000000	nan	nan	nan
9.000000000000000	nan	nan	nan
9.000000000000000	nan	nan	nan
9.000000000000000	nan	nan	nan
9.000000000000000	nan	nan	nan
9.000000000000000	nan	nan	nan
9.000000000000000	nan	nan	nan
9.000000000000000	nan	nan	nan
9.000000000000000	nan	nan	nan
9.000000000000000	nan	nan	nan
9.000000000000000	nan	nan	nan
9.000000000000000	nan	nan	nan
9.000000000000000	nan	nan	nan
9.000000000000000	nan	nan	nan
9.000000000000000	nan	nan	nan
9.000000000000000	nan	nan	nan
9.000000000000000	nan	nan	nan
9.000000000000000	nan	nan	nan
9.000000000000000	nan	nan	nan
9.000000000000000	nan	nan	nan
9.000000000000000	nan	nan	nan
9.000000000000000	nan	nan	nan
9.000000000000000	nan	nan	nan
9.000000000000000	nan	nan	nan
9.000000000000000	nan	nan	nan
9.000000000000000	nan	nan	nan
9.000000000000000	nan	nan	nan
9.000000000000000	nan	nan	nan
9.000000000000000	nan	nan	nan
9.000000000000000	nan	nan	nan
9.000000000000000	nan	nan	nan
9.000000000000000	nan	nan	nan
9.000000000000000	nan	nan	nan


10.000000000000000	nan	nan	nan
10.000000000000000	nan	nan	nan
10.000000000000000	nan	nan	nan
10.000000000000000	nan	nan	nan
10.000000000000000	nan	nan	nan
10.000000000000000	nan	nan	nan
10.000000000000000	nan	nan	nan
10.000000000000000	nan	nan	nan
10.000000000000000	nan	nan	nan
10.000000000000000	nan	nan	nan
10.000000000000000	nan	nan	nan
10.000000000000000	nan	nan	nan
10.000000000000000	nan	nan	nan
10.000000000000000	nan	nan	nan
10.000000000000000	nan	nan	nan
10.000000000000000	nan	nan	nan
10.000000000000000	nan	nan	nan
10.000000000000000	nan	nan	nan
10.000000000000000	nan	nan	nan
10.000000000000000	nan	nan	nan
10.000000000000000	nan	nan	nan
10.000000000000000	nan	nan	nan
10.000000000000000	nan	nan	nan
10.000000000000000	nan	nan	nan
10.000000000000000	nan	nan	nan
10.000000000000000	nan	nan	nan
10.000000000000000	nan	nan	nan
10.000000000000000	nan	nan	nan
10.000000000000000	nan	nan	nan
10.000000000000000	nan	nan	nan
10.000000000000000	nan	nan	nan
10.000000000000000	nan	nan	nan
10.000000000000000	nan	nan	nan
10.000000000000000	nan	nan	nan
10.000000000000000	nan	nan	nan
10.000000000000000	nan	nan	nan
10.000000000000000	nan	nan	nan
10.000000000000000	nan	nan	nan
10.000000000000000	nan	nan	nan
10.000000000000000	nan	nan	nan
10.000000000000000	nan	nan	nan
10.000000000000000	nan	nan	nan
10.000000000000000	nan	nan	nan
10.000000000000000	nan	nan	nan
10.000000000000000	nan	nan	nan
10.000000000000000	nan	nan	nan
10.000000000000000	nan	nan	nan
10.000000000000000	nan	nan	nan
10.000000000000000	nan	nan	nan
10.000000000000000	nan	nan	nan
10.000000000000000	nan	nan	nan
10.000000000000000	nan	nan	nan
10.000000000000000	nan	nan	nan
10.000000000000000	nan	nan	nan
10.000000000000000	nan	nan	nan
10.000000000000000	nan	nan	nan
10.000000000000000	nan	nan	nan
10.000000000000000	nan	nan	nan
10.000000000000000	nan	nan	nan
10.000000000000000	nan	nan	nan
10.000000000000000	nan	nan	nan
10.000000000000000	nan	nan	nan
10.000000000000000	nan	nan	nan
10.000000000000000	nan	nan	nan
10.000000000000000	nan	nan	nan
10.000000000000000	nan	nan	nan
10.000000000000000	nan	nan	nan
10.000000000000000	nan	nan	nan
10.000000000000000	nan	nan	nan
10.000000000000000	nan	nan	nan
10.000000000000000	nan	nan	nan
10.000000000000000	nan	nan	nan
10.000000000000000	nan	nan	nan
10.000000000000000	nan	nan	nan
10.000000000000000	nan	nan	nan
10.000000000000000	nan	nan	nan
10.000000000000000	nan	nan	nan
10.000000000000000	nan	nan	nan
10.000000000000000	nan	nan	nan
10.000000000000000	nan	nan	nan
10.000000000000000	nan	nan	nan
10.000000000000000	nan	nan	nan
10.000000000000000	nan	nan	nan
10.000000000000000	nan	nan	nan
10.000000000000000	nan	nan	nan
10.000000000000000	nan	nan	nan
10.000000000000000	nan	nan	nan
10.000000000000000	nan	nan	nan
10.000000000000000	nan	nan	nan
10.000000000000000	nan	nan	nan
10.000000000000000	nan	nan	nan
10.000000000000000	nan	nan	nan
10.000000000000000	nan	nan	nan
10.000000000000000	nan	nan	nan
10.000000000000000	nan	nan	nan
10.000000000000000	nan	nan	nan
10.000000000000000	nan	nan	nan
10.000000000000000	nan	nan	nan
10.000000000000000	nan	nan	nan
10.000000000000000	nan	nan	nan


11.000000000000000	nan	nan	nan
11.000000000000000	nan	nan	nan
11.000000000000000	nan	nan	nan
11.000000000000000	nan	nan	nan
11.000000000000000	nan	nan	nan
11.000000000000000	nan	nan	nan
11.000000000000000	nan	nan	nan
11.000000000000000	nan	nan	nan
11.000000000000000	nan	nan	nan
11.000000000000000	nan	nan	nan
11.000000000000000	nan	nan	nan
11.000000000000000	nan	nan	nan
11.000000000000000	nan	nan	nan
11.000000000000000	nan	nan	nan
11.000000000000000	nan	nan	nan
11.000000000000000	nan	nan	nan
11.000000000000000	nan	nan	nan
11.000000000000000	nan	nan	nan
11.000000000000000	nan	nan	nan
11.000000000000000	nan	nan	nan
11.000000000000000	nan	nan	nan
11.000000000000000	nan	nan	nan
11.000000000000000	nan	nan	nan
11.000000000000000	nan	nan	nan
11.000000000000000	nan	nan	nan
11.000000000000000	nan	nan	nan
11.000000000000000	nan	nan	nan
11.000000000000000	nan	nan	nan
11.000000000000000	nan	nan	nan
11.000000000000000	nan	nan	nan
11.000000000000000	nan	nan	nan
11.000000000000000	nan	nan	nan
11.000000000000000	nan	nan	nan
11.000000000000000	nan	nan	nan
11.000000000000000	nan	nan	nan
11.000000000000000	nan	nan	nan
11.000000000000000	nan	nan	nan
11.000000000000000	nan	nan	nan
11.000000000000000	nan	nan	nan
11.000000000000000	nan	nan	nan
11.000000000000000	nan	nan	nan
11.000000000000000	nan	nan	nan
11.000000000000000	nan	nan	nan
11.000000000000000	nan	nan	nan
11.000000000000000	nan	nan	nan
11.000000000000000	nan	nan	nan
11.000000000000000	nan	nan	nan
11.000000000000000	nan	nan	nan
11.000000000000000	nan	nan	nan
11.000000000000000	nan	nan	nan
11.000000000000000	nan	nan	nan
11.000000000000000	nan	nan	nan
11.000000000000000	nan	nan	nan
11.000000000000000	nan	nan	nan
11.000000000000000	nan	nan	nan
11.000000000000000	nan	nan	nan
11.000000000000000	nan	nan	nan
11.000000000000000	nan	nan	nan
11.000000000000000	nan	nan	nan
11.000000000000000	nan	nan	nan
11.000000000000000	nan	nan	nan
11.000000000000000	nan	nan	nan
11.000000000000000	nan	nan	nan
11.000000000000000	nan	nan	nan
11.000000000000000	nan	nan	nan
11.000000000000000	nan	nan	nan
11.000000000000000	nan	nan	nan
11.000000000000000	nan	nan	nan
11.000000000000000	nan	nan	nan
11.000000000000000	nan	nan	nan
11.000000000000000	nan	nan	nan
11.000000000000000	nan	nan	nan
11.000000000000000	nan	nan	nan
11.000000000000000	nan	nan	nan
11.000000000000000	nan	nan	nan
11.000000000000000	nan	nan	nan
11.000000000000000	nan	nan	nan
11.000000000000000	nan	nan	nan
11.000000000000000	nan	nan	nan
11.000000000000000	nan	nan	nan
11.000000000000000	nan	nan	nan
11.000000000000000	nan	nan	nan
11.000000000000000	nan	nan	nan
11.000000000000000	nan	nan	nan
11.000000000000000	nan	nan	nan
11.000000000000000	nan	nan	nan
11.000000000000000	nan	nan	nan
11.000000000000000	nan	nan	nan
11.000000000000000	nan	nan	nan
11.000000000000000	nan	nan	nan
11.000000000000000	nan	nan	nan
11.000000000000000	nan	nan	nan
11.000000000000000	nan	nan	nan
11.000000000000000	nan	nan	nan
11.000000000000000	nan	nan	nan
11.000000000000000	nan	nan	nan
11.000000000000000	nan	nan	nan
11.000000000000000	nan	nan	nan
11.000000000000000	nan	nan	nan
11.000000000000000	nan	nan	nan


12.000000000000000	nan	nan	nan
12.000000000000000	nan	nan	nan
12.000000000000000	nan	nan	nan
12.000000000000000	nan	nan	nan
12.000000000000000	nan	nan	nan
12.000000000000000	nan	nan	nan
12.000000000000000	nan	nan	nan
12.000000000000000	nan	nan	nan
12.000000000000000	nan	nan	nan
12.000000000000000	nan	nan	nan
12.000000000000000	nan	nan	nan
12.000000000000000	nan	nan	nan
12.000000000000000	nan	nan	nan
12.000000000000000	nan	nan	nan
12.000000000000000	nan	nan	nan
12.000000000000000	nan	nan	nan
12.000000000000000	nan	nan	nan
12.000000000000000	nan	nan	nan
12.000000000000000	nan	nan	nan
12.000000000000000	nan	nan	nan
12.000000000000000	nan	nan	nan
12.000000000000000	nan	nan	nan
12.000000000000000	nan	nan	nan
12.000000000000000	nan	nan	nan
12.000000000000000	nan	nan	nan
12.000000000000000	nan	nan	nan
12.000000000000000	nan	nan	nan
12.000000000000000	nan	nan	nan
12.000000000000000	nan	nan	nan
12.000000000000000	nan	nan	nan
12.000000000000000	nan	nan	nan
12.000000000000000	nan	nan	nan
12.000000000000000	nan	nan	nan
12.000000000000000	nan	nan	nan
12.000000000000000	nan	nan	nan
12.000000000000000	nan	nan	nan
12.000000000000000	nan	nan	nan
12.000000000000000	nan	nan	nan
12.000000000000000	nan	nan	nan
12.000000000000000	nan	nan	nan
12.000000000000000	nan	nan	nan
12.000000000000000	nan	nan	nan
12.000000000000000	nan	nan	nan
12.000000000000000	nan	nan	nan
12.000000000000000	nan	nan	nan
12.000000000000000	nan	nan	nan
12.000000000000000	nan	nan	nan
12.000000000000000	nan	nan	nan
12.000000000000000	nan	nan	nan
12.000000000000000	nan	nan	nan
12.000000000000000	nan	nan	nan
12.000000000000000	nan	nan	nan
12.000000000000000	nan	nan	nan
12.000000000000000	nan	nan	nan
12.000000000000000	nan	nan	nan
12.000000000000000	nan	nan	nan
12.000000000000000	nan	nan	nan
12.000000000000000	nan	nan	nan
12.000000000000000	nan	nan	nan
12.000000000000000	nan	nan	nan
12.000000000000000	nan	nan	nan
12.000000000000000	nan	nan	nan
12.000000000000000	nan	nan	nan
12.000000000000000	nan	nan	nan
12.000000000000000	nan	nan	nan
12.000000000000000	nan	nan	nan
12.000000000000000	nan	nan	nan
12.000000000000000	nan	nan	nan
12.000000000000000	nan	nan	nan
12.000000000000000	nan	nan	nan
12.000000000000000	nan	nan	nan
12.000000000000000	nan	nan	nan
12.000000000000000	nan	nan	nan
12.000000000000000	nan	nan	nan
12.000000000000000	nan	nan	nan
12.000000000000000	nan	nan	nan
12.000000000000000	nan	nan	nan
12.000000000000000	nan	nan	nan
12.000000000000000	nan	nan	nan
12.000000000000000	nan	nan	nan
12.000000000000000	nan	nan	nan
12.000000000000000	nan	nan	nan
12.000000000000000	nan	nan	nan
12.000000000000000	nan	nan	nan
12.000000000000000	nan	nan	nan
12.000000000000000	nan	nan	nan
12.000000000000000	nan	nan	nan
12.000000000000000	nan	nan	nan
12.000000000000000	nan	nan	nan
12.000000000000000	nan	nan	nan
12.000000000000000	nan	nan	nan
12.000000000000000	nan	nan	nan
12.000000000000000	nan	nan	nan
12.000000000000000	nan	nan	nan
12.000000000000000	nan	nan	nan
12.000000000000000	nan	nan	nan
12.000000000000000	nan	nan	nan
12.000000000000000	nan	nan	nan
12.000000000000000	nan	nan	nan
12.000000000000000	nan	nan	nan


13.000000000000000	0.708125239282192	0.710081953720712	0.003486656380931
13.000000000000000	0.654692471436848	0.760064960403314	0.001625667711129
13.000000000000000	0.598163252391965	0.806525946325819	-0.000244133050314
13.000000000000000	0.538765205361001	0.849277829496033	-0.002115216875667
13.000000000000000	0.476737505315179	0.888148463169440	-0.003980049570752
13.000000000000000	0.412329915910293	0.922981329023385	-0.005831122112487
13.000000000000000	0.345801783776621	0.953636167401117	-0.007660980885071
13.000000000000000	0.277420994221573	0.979989542087924	-0.009462257693064
13.000000000000000	0.207462892550116	1.001935337345201	-0.011227699430510
13.000000000000000	0.136209175346403	1.019385185201078	-0.012950197286634
13.000000000000000	0.063946756181059	1.032268821277055	-0.014622815370514
13.000000000000000	-0.009033389688508	1.040534367717854	-0.016238818639466
13.000000000000000	-0.082437396972769	1.044148542085229	-0.017791700018685
13.000000000000000	-0.155969693641877	1.043096791374605	-0.019275206602936
13.000000000000000	-0.229334191089912	1.037383350614884	-0.020683364834799
13.000000000000000	-0.302235476379193	1.027031225815481	-0.022010504558075
13.000000000000000	-0.374380001763914	1.012082101329247	-0.023251281849503
13.000000000000000	-0.445477266703312	0.992596172004286	-0.024400700536857
13.000000000000000	-0.515240987604812	0.968651900800554	-0.025454132316762
13.000000000000000	-0.583390250587014	0.940345702847207	-0.026407335391242
13.000000000000000	-0.649650642620747	0.907791557212905	-0.027256471547944
13.000000000000000	-0.713755356493484	0.871120547952337	-0.027998121615263
13.000000000000000	-0.775446265147818	0.830480336276989	-0.028629299230137
13.000000000000000	-0.834474961068020	0.786034565975569	-0.029147462863082
13.000000000000000	-0.890603756529430	0.737962204478223	-0.029550526052030
13.000000000000000	-0.943606640683034	0.686456822217861	-0.029836865803779
13.000000000000000	-0.993270189621382	0.631725813190341	-0.030005329129210
13.000000000000000	-1.039394425761340	0.573989559852049	-0.030055237685969
13.000000000000000	-1.081793623083233	0.513480545717527	-0.029986390509914
13.000000000000000	-1.120297054983981	0.450442419230415	-0.029799064824323
13.000000000000000	-1.154749681732863	0.385129012677162	-0.029494014923616
13.000000000000000	-1.185012774761803	0.317803320094000	-0.029072469136079
13.000000000000000	-1.210964475276343	0.248736438282776	-0.028536124877815
13.000000000000000	-1.232500284938002	0.178206475199819	-0.027887141817854
13.000000000000000	-1.249533486642203	0.106497430113354	-0.027128133181922
13.000000000000000	-1.261995493697444	0.033898050038681	-0.026262155229911
13.000000000000000	-1.269836125999703	-0.039299332944135	-0.025292694949391
13.000000000000000	-1.273023812089999	-0.112799978808385	-0.024223656014746
13.000000000000000	-1.271545716281523	-0.186307926394768	-0.023059343068457
13.000000000000000	-1.265407790344409	-0.259527185142525	-0.021804444387820
13.000000000000000	-1.254634749540064	-0.332162926938959	-0.020464013006914
13.000000000000000	-1.239269973101529	-0.403922673288191	-0.019043446369813
13.000000000000000	-1.219375329560620	-0.474517473018825	-0.017548464596984
13.000000000000000	-1.195030927625186	-0.543663065788343	-0.015985087452382
13.000000000000000	-1.166334793609616	-0.611081026699167	-0.014359610103984
13.000000000000000	-1.133402476717468	-0.676499887417458	-0.012678577775371
13.000000000000000	-1.096366583765613	-0.739656229280283	-0.010948759390419
13.000000000000000	-1.055376245223378	-0.800295743989598	-0.009177120317235
13.000000000000000	-1.010596514716789	-0.858174257622007	-0.007370794321080
13.000000000000000	-0.962207704415869	-0.913058713830973	-0.005537054839208
13.000000000000000	-0.910404658981172	-0.964728112282471	-0.003683285693304
13.000000000000000	-0.855395970993099	-1.012974398545326	-0.001816951357445
13.000000000000000	-0.797403141023207	-1.057603301852986	0.000054433098712
13.000000000000000	-0.736659685729574	-1.098435117363323	0.001923332270453
13.000000000000000	-0.673410197567646	-1.135305429766613	0.003782220760432
13.000000000000000	-0.607909359902737	-1.168065775327954	0.005623613480783
13.000000000000000	-0.540420921490011	-1.196584239698331	0.007440095792927
13.000000000000000	-0.471216634451333	-1.220745989087138	0.009224353363711
13.000000000000000	-0.400575160025385	-1.240453732657326	0.010969201617640
13.000000000000000	-0.328780946497213	-1.255628114281262	0.012667614666628
13.000000000000000	-0.256123083825373	-1.266208032079851	0.014312753600771
13.000000000000000	-0.182894139578707	-1.272150884458233	0.015897994026223
13.000000000000000	-0.109388980869995	-1.273432741647374	0.017416952739291
13.000000000000000	-0.035903587030170	-1.270048442060797	0.018863513429346
13.000000000000000	0.037266142195987	-1.262011613078469	0.020231851307042
13.000000000000000	0.109825578133682	-1.249354616174153	0.021516456558693
13.000000000000000	0.181482549543797	-1.232128416607175	0.022712156532343
13.000000000000000	0.251948519093341	-1.210402378203311	0.023814136566214
13.000000000000000	0.320939745193465	-1.184263984051144	0.024817959375646
13.000000000000000	0.388178424526688	-1.153818484238541	0.025719582920479
13.000000000000000	0.453393810662807	-1.119188472047698	0.026515376680919
13.000000000000000	0.516323304259216	-1.080513390315261	0.027202136276364
13.000000000000000	0.576713510455774	-1.037948969945236	0.027777096368312
13.000000000000000	0.634321259206476	-0.991666602835608	0.028237941795399
13.000000000000000	0.688914584439399	-0.941852651743653	0.028582816895744
13.000000000000000	0.740273658102203	-0.888707699868896	0.028810332979039
13.000000000000000	0.788191675332113	-0.832445743175356	0.028919573918317
13.000000000000000	0.832475687186110	-0.773293328705331	0.028910099838871
13.000000000000000	0.872947377578224	-0.711488642354414	0.028781948889476
13.000000000000000	0.909443781295476	-0.647280549780965	0.028535637088775
13.000000000000000	0.941817940201277	-0.580927594311929	0.028172156247455
13.000000000000000	0.969939494983969	-0.512696955880117	0.027692969974575
13.000000000000000	0.993695210067770	-0.442863375184916	0.027100007784132
13.000000000000000	1.012989429572470	-0.371708047408459	0.026395657325582
13.000000000000000	1.027744462485897	-0.299517489941872	0.025582754769627
13.000000000000000	1.037900895498207	-0.226582388680864	0.024664573387951
13.000000000000000	1.043417832238308	-0.153196427536225	0.023644810372912
13.000000000000000	1.044273057949116	-0.079655105872367	0.022527571950251
13.000000000000000	1.040463128938542	-0.006254548635678	0.021317356844775
13.000000000000000	1.032003386446018	0.066709686036119	0.020019038165575
13.000000000000000	1.018927894868749	0.138943796922272	0.018637843783740
13.000000000000000	1.001289304596405	0.210156922752821	0.017179335281560
13.000000000000000	0.979158640006581	0.280062313404277	0.015649385558003
13.000000000000000	0.952625013474699	0.348378484541158	0.014054155180619
13.000000000000000	0.921795266549927	0.414830351054063	0.012400067579112
13.000000000000000	0.886793539741962	0.479150334730316	0.010693783180452
13.000000000000000	0.847760772651019	0.541079441696992	0.008942172589691
13.000000000000000	0.804854136453802	0.600368305297826	0.007152288924457
13.000000000000000	0.758246401030647	0.656778190204733	0.005331339414543
13.000000000000000	0.708125239282193	0.710081953720712	0.003486656380931


14.000000000000000	nan	nan	nan
14.000000000000000	nan	nan	nan
14.000000000000000	nan	nan	nan
14.000000000000000	nan	nan	nan
14.000000000000000	nan	nan	nan
14.000000000000000	nan	nan	nan
14.000000000000000	nan	nan	nan
14.000000000000000	nan	nan	nan
14.000000000000000	nan	nan	nan
14.000000000000000	nan	nan	nan
14.000000000000000	nan	nan	nan
14.000000000000000	nan	nan	nan
14.000000000000000	nan	nan	nan
14.000000000000000	nan	nan	nan
14.000000000000000	nan	nan	nan
14.000000000000000	nan	nan	nan
14.000000000000000	nan	nan	nan
14.000000000000000	nan	nan	nan
14.000000000000000	nan	nan	nan
14.000000000000000	nan	nan	nan
14.000000000000000	nan	nan	nan
14.000000000000000	nan	nan	nan
14.000000000000000	nan	nan	nan
14.000000000000000	nan	nan	nan
14.000000000000000	nan	nan	nan
14.000000000000000	nan	nan	nan
14.000000000000000	nan	nan	nan
14.000000000000000	nan	nan	nan
14.000000000000000	nan	nan	nan
14.000000000000000	nan	nan	nan
14.000000000000000	nan	nan	nan
14.000000000000000	nan	nan	nan
14.000000000000000	nan	nan	nan
14.000000000000000	nan	nan	nan
14.000000000000000	nan	nan	nan
14.000000000000000	nan	nan	nan
14.000000000000000	nan	nan	nan
14.000000000000000	nan	nan	nan
14.000000000000000	nan	nan	nan
14.000000000000000	nan	nan	nan
14.000000000000000	nan	nan	nan
14.000000000000000	nan	nan	nan
14.000000000000000	nan	nan	nan
14.000000000000000	nan	nan	nan
14.000000000000000	nan	nan	nan
14.000000000000000	nan	nan	nan
14.000000000000000	nan	nan	nan
14.000000000000000	nan	nan	nan
14.000000000000000	nan	nan	nan
14.000000000000000	nan	nan	nan
14.000000000000000	nan	nan	nan
14.000000000000000	nan	nan	nan
14.000000000000000	nan	nan	nan
14.000000000000000	nan	nan	nan
14.000000000000000	nan	nan	nan
14.000000000000000	nan	nan	nan
14.000000000000000	nan	nan	nan
14.000000000000000	nan	nan	nan
14.000000000000000	nan	nan	nan
14.000000000000000	nan	nan	nan
14.000000000000000	nan	nan	nan
14.000000000000000	nan	nan	nan
14.000000000000000	nan	nan	nan
14.000000000000000	nan	nan	nan
14.000000000000000	nan	nan	nan
14.000000000000000	nan	nan	nan
14.000000000000000	nan	nan	nan
14.000000000000000	nan	nan	nan
14.000000000000000	nan	nan	nan
14.000000000000000	nan	nan	nan
14.000000000000000	nan	nan	nan
14.000000000000000	nan	nan	nan
14.000000000000000	nan	nan	nan
14.000000000000000	nan	nan	nan
14.000000000000000	nan	nan	nan
14.000000000000000	nan	nan	nan
14.000000000000000	nan	nan	nan
14.000000000000000	nan	nan	nan
14.000000000000000	nan	nan	nan
14.000000000000000	nan	nan	nan
14.000000000000000	nan	nan	nan
14.000000000000000	nan	nan	nan
14.000000000000000	nan	nan	nan
14.000000000000000	nan	nan	nan
14.000000000000000	nan	nan	nan
14.000000000000000	nan	nan	nan
14.000000000000000	nan	nan	nan
14.000000000000000	nan	nan	nan
14.000000000000000	nan	nan	nan
14.000000000000000	nan	nan	nan
14.000000000000000	nan	nan	nan
14.000000000000000	nan	nan	nan
14.000000000000000	nan	nan	nan
14.000000000000000	nan	nan	nan
14.000000000000000	nan	nan	nan
14.000000000000000	nan	nan	nan
14.000000000000000	nan	nan	nan
14.000000000000000	nan	nan	nan
14.000000000000000	nan	nan	nan
14.000000000000000	nan	nan	nan


15.000000000000000	-1.498868881193560	0.231648543364816	0.080349358402828
15.000000000000000	-1.512412738875967	0.118930738757754	0.083629657441311
15.000000000000000	-1.518693534172150	0.005552739163493	0.086510322849404
15.000000000000000	-1.517685976536218	-0.108028922229659	0.088979755204222
15.000000000000000	-1.509394123047160	-0.221356892159212	0.091028010973242
15.000000000000000	-1.493851362072418	-0.333974838888659	0.092646842553402
15.000000000000000	-1.471120278824717	-0.445429289694325	0.093829731481284
15.000000000000000	-1.441292403353501	-0.555271456839969	0.094571914680671
15.000000000000000	-1.404487841985730	-0.663059044686603	0.094870403641766
15.000000000000000	-1.360854793700091	-0.768358030660926	0.094723996454874
15.000000000000000	-1.310568953382019	-0.870744412911042	0.094133282650061
15.000000000000000	-1.253832804362399	-0.969805917612264	0.093100640823332
15.000000000000000	-1.190874803088664	-1.065143659048301	0.091630229058859
15.000000000000000	-1.121948459211310	-1.156373745783253	0.089727968185843
15.000000000000000	-1.047331314790005	-1.243128826456928	0.087401517937430
15.000000000000000	-0.967323826729680	-1.325059568979118	0.084660246107664
15.000000000000000	-0.882248156946607	-1.401836067166632	0.081515190830689
15.000000000000000	-0.792446875136077	-1.473149169159055	0.077979016134077
15.000000000000000	-0.698281579365137	-1.538711722264179	0.074065960945260
15.000000000000000	-0.600131440044803	-1.598259729220544	0.069791781756396
15.000000000000000	-0.498391673144638	-1.651553411221234	0.065173689178533
15.000000000000000	-0.393471948797531	-1.698378173418506	0.060230278640556
15.000000000000000	-0.285794741702666	-1.738545469021500	0.054981455511954
15.000000000000000	-0.175793629969014	-1.771893558507619	0.049448354950928
15.000000000000000	-0.063911549249320	-1.798288160890502	0.043653256800562
15.000000000000000	0.049400990805441	-1.817622994422164	0.037619495875766
15.000000000000000	0.163687720589424	-1.829820204552083	0.031371368002204
15.000000000000000	0.278488447778577	-1.834830677419994	0.024934032185586
15.000000000000000	0.393340910362712	-1.832634237620074	0.018333409305228
15.000000000000000	0.507782638011462	-1.823239729440176	0.011596077739820
15.000000000000000	0.621352814279082	-1.806684981249009	0.004749166345676
15.000000000000000	0.733594132149627	-1.783036653174643	-0.002179754781592
15.000000000000000	0.844054635450907	-1.752389968687703	-0.009162785322127
15.000000000000000	0.952289538722473	-1.714868331170063	-0.016171807076557
15.000000000000000	1.057863018209686	-1.670622827012976	-0.023178597188069
15.000000000000000	1.160349966772152	-1.619831617245510	-0.030154941785887
15.000000000000000	1.259337705640140	-1.562699220142956	-0.037072749592571
15.000000000000000	1.354427646126335	-1.499455687703923	-0.043904165037683
15.000000000000000	1.445236894601800	-1.430355679312132	-0.050621680422329
15.000000000000000	1.531399794273484	-1.355677436312960	-0.057198246682962
15.000000000000000	1.612569397555066	-1.275721661633745	-0.063607382308408
15.000000000000000	1.688418863102437	-1.190810308959224	-0.069823279971566
15.000000000000000	1.758642771888436	-1.101285286337689	-0.075820910446412
15.000000000000000	1.822958357017471	-1.007507079437935	-0.081576123391847
15.000000000000000	1.881106642328012	-0.909853300000715	-0.087065744596609
15.000000000000000	1.932853485198190	-0.808717165329529	-0.092267669293632
15.000000000000000	1.977990519355492	-0.704505914943330	-0.097160951168149
15.000000000000000	2.016335993894200	-0.597639170766711	-0.101725886701104
15.000000000000000	2.047735505122145	-0.488547247460520	-0.105944094508272
15.000000000000000	2.072062618289873	-0.377669419696597	-0.109798589355603
15.000000000000000	2.089219376698761	-0.265452153353708	-0.113273850552768
15.000000000000000	2.099136696138066	-0.152347307757033	-0.116355884449496
15.000000000000000	2.101774643062663	-0.038810316200136	-0.119032280783071
15.000000000000000	2.097122595391335	0.074701647924154	-0.121292262650075
15.000000000000000	2.085199285278140	0.187731511999650	-0.123126729901175
15.000000000000000	2.066052723684648	0.299824144656907	-0.124528295784216
15.000000000000000	2.039760007056737	0.410528188426610	-0.125491316688060
15.000000000000000	2.006427006884415	0.519397877196800	-0.126011914867419
15.000000000000000	1.966187943394703	0.625994831155679	-0.126087994057168
15.000000000000000	1.919204845094147	0.729889821992384	-0.125719247913261
15.000000000000000	1.865666896337210	0.830664501247906	-0.124907161246272
15.000000000000000	1.805789675547653	0.927913084856678	-0.123655004042589
15.000000000000000	1.739814287160302	1.021243987095789	-0.121967818297330
15.000000000000000	1.668006390778592	1.110281397362483	-0.119852397712010
15.000000000000000	1.590655131457101	1.194666793430814	-0.117317260338700
15.000000000000000	1.508071975416473	1.274060385094115	-0.114372614280843
15.000000000000000	1.420589455878871	1.348142482380233	-0.111030316588818
15.000000000000000	1.328559834074067	1.416614782830208	-0.107303825515789
15.000000000000000	1.232353680807784	1.479201572657003	-0.103208146326065
15.000000000000000	1.132358384303864	1.535650836947601	-0.098759770874198
15.000000000000000	1.028976590328610	1.585735274438121	-0.093976611198106
15.000000000000000	0.922624580878403	1.629253212775778	-0.088877927393619
15.000000000000000	0.813730597959019	1.666029420582272	-0.083484250060870
15.000000000000000	0.702733119206221	1.695915813048699	-0.077817297634811
15.000000000000000	0.590079092291077	1.718792048220813	-0.071899888932747
15.000000000000000	0.476222135219440	1.734566011573601	-0.065755851271009
15.000000000000000	0.361620709772334	1.743174186923963	-0.059409924520761
15.000000000000000	0.246736275442173	1.744581912187965	-0.052887661489271
15.000000000000000	0.132031431298259	1.738783518952816	-0.046215325027774
15.000000000000000	0.017968053263603	1.725802355301569	-0.039419782280242
15.000000000000000	-0.094994565696410	1.705690691798625	-0.032528396498874
15.000000000000000	-0.206401564984681	1.678529511014624	-0.025568916861940
15.000000000000000	-0.315804347935481	1.644428181438215	-0.018569366737633
15.000000000000000	-0.422762388154898	1.603524017087750	-0.011557930843856
15.000000000000000	-0.526845003365143	1.555981724596198	-0.004562841758311
15.000000000000000	-0.627633089610075	1.501992739995667	0.002387733764128
15.000000000000000	-0.724720808838911	1.441774457872066	0.009265808208994
15.000000000000000	-0.817717223072823	1.375569355993842	0.016043685998072
15.000000000000000	-0.906247868574197	1.303644018939579	0.022694075009715
15.000000000000000	-0.989956263679938	1.226288064655994	0.029190196474585
15.000000000000000	-1.068505344227310	1.143812978268687	0.035505892804310
15.000000000000000	-1.141578820792358	1.056550857841472	0.041615732918855
15.000000000000000	-1.208882452275784	0.964853077134685	0.047495114648509
15.000000000000000	-1.270145230708002	0.869088870747074	0.053120363798139
15.000000000000000	-1.325120472502579	0.769643847338381	0.058468829474814
15.000000000000000	-1.373586811763979	0.666918436919373	0.063518975294963
15.000000000000000	-1.415349091649889	0.561326278461512	0.068250466103786
15.000000000000000	-1.450239150198943	0.453292554318815	0.072644249857745
15.000000000000000	-1.478116497459594	0.343252278168574	0.076682634340422
15.000000000000000	-1.498868881193560	0.231648543364817	0.080349358402828


