# n	x	y	z
1.000000000000000	-0.064427010186217	0.315762221424383	0.022989759343098
1.000000000000000	-0.087281845366790	0.310300467162772	0.023380683873515
1.000000000000000	-0.109744493549128	0.303389602581050	0.023662927425453
1.000000000000000	-0.131724505577052	0.295057455291739	0.023835353503744
1.000000000000000	-0.153133375699834	0.285337575911194	0.023897267809429
1.000000000000000	-0.173884897953618	0.274269102963110	0.023848421035449
1.000000000000000	-0.193895513282407	0.261896605281501	0.023689009870524
1.000000000000000	-0.213084646000895	0.248269902547733	0.023419676207152
1.000000000000000	-0.231375028244308	0.233443864684257	0.023041504556936
1.000000000000000	-0.248693011098830	0.217478190912791	0.022556017683638
1.000000000000000	-0.264968861159780	0.200437169366627	0.021965170471546
1.000000000000000	-0.280137041323420	0.182389418225010	0.021271342053848
1.000000000000000	-0.294136474681749	0.163407609411944	0.020477326232701
1.000000000000000	-0.306910790457643	0.143568175972011	0.019586320229572
1.000000000000000	-0.318408550990089	0.122951004301467	0.018601911811161
1.000000000000000	-0.328583458855486	0.101639112473928	0.017528064842728
1.000000000000000	-0.337394543291029	0.079718315955883	0.016369103327008
1.000000000000000	-0.344806325169515	0.057276882058103	0.015129693992977
1.000000000000000	-0.350788959861261	0.034405174514329	0.013814827504579
1.000000000000000	-0.355318357407896	0.011195289618414	0.012429798365091
1.000000000000000	-0.358376279524124	-0.012259314614950	0.010980183598020
1.000000000000000	-0.359950413036857	-0.035864194772674	0.009471820290400
1.000000000000000	-0.360034419466019	-0.059524302333555	0.007910782088904
1.000000000000000	-0.358627960547369	-0.083144366395136	0.006303354743409
1.000000000000000	-0.355736699594574	-0.106629277295993	0.004656010796506
1.000000000000000	-0.351372278695036	-0.129884469588782	0.002975383520848
1.000000000000000	-0.345552271831322	-0.152816302821916	0.001268240209308
1.000000000000000	-0.338300114116939	-0.175332438596612	-0.000458545074524
1.000000000000000	-0.329645007431398	-0.197342212381035	-0.002198019175769
1.000000000000000	-0.319621802834556	-0.218756998584368	-0.003943177846157
1.000000000000000	-0.308270860233696	-0.239490567420786	-0.005686993947666
1.000000000000000	-0.295637885868428	-0.259459432126367	-0.007422445748324
1.000000000000000	-0.281773748267791	-0.278583185130830	-0.009142545196246
1.000000000000000	-0.266734273420641	-0.296784821830434	-0.010840366058054
1.000000000000000	-0.250580019984100	-0.313991050658345	-0.012509071808373
1.000000000000000	-0.233376035435214	-0.330132588203903	-0.014141943158106
1.000000000000000	-0.215191594147721	-0.345144438192468	-0.015732405110639
1.000000000000000	-0.196099918448601	-0.358966153202476	-0.017274053437032
1.000000000000000	-0.176177883777606	-0.371542078065868	-0.018760680463591
1.000000000000000	-0.155505709136999	-0.382821573971814	-0.020186300067976
1.000000000000000	-0.134166634077942	-0.392759222371328	-0.021545171783202
1.000000000000000	-0.112246583524204	-0.401315007861738	-0.022831823912479
1.000000000000000	-0.089833821782819	-0.408454479314584	-0.024041075561797
1.000000000000000	-0.067018597134877	-0.414148888598158	-0.025168057501562
1.000000000000000	-0.043892778437542	-0.418375306336081	-0.026208231773265
1.000000000000000	-0.020549485200596	-0.421116714235809	-0.027157409962236
1.000000000000000	0.002917287372967	-0.422362073615295	-0.028011770062915
1.000000000000000	0.026413046872443	-0.422106369851858	-0.028767871868716
1.000000000000000	0.049843184167012	-0.420350632574304	-0.029422670824531
1.000000000000000	0.073113354363307	-0.417101931516975	-0.029973530286071
1.000000000000000	0.096129856699010	-0.412373348052418	-0.030418232136706
1.000000000000000	0.118800011842747	-0.406183922517322	-0.030754985719039
1.000000000000000	0.141032535081043	-0.398558577543798	-0.030982435045250
1.000000000000000	0.162737903889649	-0.389528017704735	-0.031099664257177
1.000000000000000	0.183828718409146	-0.379128605877326	-0.031106201314161
1.000000000000000	0.204220053373337	-0.367402216822592	-0.031002019893779
1.000000000000000	0.223829800073316	-0.354396068570500	-0.030787539497842
1.000000000000000	0.242578996980258	-0.340162532289624	-0.030463623763204
1.000000000000000	0.260392147695633	-0.324758921406927	-0.030031576984205
1.000000000000000	0.277197524948550	-0.308247260826827	-0.029493138860735
1.000000000000000	0.292927459416165	-0.290694037178791	-0.028850477493080
1.000000000000000	0.307518612204159	-0.272169931099149	-0.028106180651743
1.000000000000000	0.320912229890111	-0.252749532625116	-0.027263245357411
1.000000000000000	0.333054381102794	-0.232511040847039	-0.026325065813003
1.000000000000000	0.343896173684770	-0.211535949028258	-0.025295419736421
1.000000000000000	0.353393951563856	-0.189908716460499	-0.024178453149009
1.000000000000000	0.361509470540714	-0.167716428376116	-0.022978663680987
1.000000000000000	0.368210052284746	-0.145048445286595	-0.021700882461085
1.000000000000000	0.373468715918197	-0.121996043159314	-0.020350254663290
1.000000000000000	0.377264286658628	-0.098652045881438	-0.018932218789048
1.000000000000000	0.379581481082291	-0.075110451490886	-0.017452484768339
1.000000000000000	0.380410968665080	-0.051466053679410	-0.015917010967801
1.000000000000000	0.379749409353262	-0.027814060091854	-0.014331980198492
1.000000000000000	0.377599467012692	-0.004249708958572	-0.012703774819893
1.000000000000000	0.373969798702368	0.019132114395314	-0.011038951040400
1.000000000000000	0.368875019815506	0.042237259619626	-0.009344212517784
1.000000000000000	0.362335645228513	0.064972690449364	-0.007626383365927
1.000000000000000	0.354378006694819	0.087246859328904	-0.005892380676526
1.000000000000000	0.345034146816201	0.108970076041698	-0.004149186666408
1.000000000000000	0.334341690018532	0.130054868861117	-0.002403820562600
1.000000000000000	0.322343691051502	0.150416336768224	-0.000663310338387
1.000000000000000	0.309088461622330	0.169972491318210	0.001065335585860
1.000000000000000	0.294629375861579	0.188644586778925	0.002775156563120
1.000000000000000	0.279024655404361	0.206357437212148	0.004459267747787
1.000000000000000	0.262337134952370	0.223039719220826	0.006110887818517
1.000000000000000	0.244634009260709	0.238624259143216	0.007723366284215
1.000000000000000	0.225986562568331	0.253048303537518	0.009290210263214
1.000000000000000	0.206469881561566	0.266253771867832	0.010805110627818
1.000000000000000	0.186162553026537	0.278187490373980	0.012261967408932
1.000000000000000	0.165146347407910	0.288801406183469	0.013654914358489
1.000000000000000	0.143505889548171	0.298052780803450	0.014978342570755
1.000000000000000	0.121328317933258	0.305904362213542	0.016226923067413
1.000000000000000	0.098702933816628	0.312324534866576	0.017395628255484
1.000000000000000	0.075720841634630	0.317287446993236	0.018479752171661
1.000000000000000	0.052474582161095	0.320773114698017	0.019474929431570
1.000000000000000	0.029057759878301	0.322767502427317	0.020377152807625
1.000000000000000	0.005564666064758	0.323262579485657	0.021182789364726
1.000000000000000	-0.017910100882487	0.322256352372458	0.021888595088803
1.000000000000000	-0.041272016362210	0.319752872809162	0.022491727949312
1.000000000000000	-0.064427010186217	0.315762221424383	0.022989759343098


2.000000000000000	nan	nan	nan
2.000000000000000	nan	nan	nan
2.000000000000000	nan	nan	nan
2.000000000000000	nan	nan	nan
2.000000000000000	nan	nan	nan
2.000000000000000	nan	nan	nan
2.000000000000000	nan	nan	nan
2.000000000000000	nan	nan	nan
2.000000000000000	nan	nan	nan
2.000000000000000	nan	nan	nan
2.000000000000000	nan	nan	nan
2.000000000000000	nan	nan	nan
2.000000000000000	nan	nan	nan
2.000000000000000	nan	nan	nan
2.000000000000000	nan	nan	nan
2.000000000000000	nan	nan	nan
2.000000000000000	nan	nan	nan
2.000000000000000	nan	nan	nan
2.000000000000000	nan	nan	nan
2.000000000000000	nan	nan	nan
2.000000000000000	nan	nan	nan
2.000000000000000	nan	nan	nan
2.000000000000000	nan	nan	nan
2.000000000000000	nan	nan	nan
2.000000000000000	nan	nan	nan
2.000000000000000	nan	nan	nan
2.000000000000000	nan	nan	nan
2.000000000000000	nan	nan	nan
2.000000000000000	nan	nan	nan
2.000000000000000	nan	nan	nan
2.000000000000000	nan	nan	nan
2.000000000000000	nan	nan	nan
2.000000000000000	nan	nan	nan
2.000000000000000	nan	nan	nan
2.000000000000000	nan	nan	nan
2.000000000000000	nan	nan	nan
2.000000000000000	nan	nan	nan
2.000000000000000	nan	nan	nan
2.000000000000000	nan	nan	nan
2.000000000000000	nan	nan	nan
2.000000000000000	nan	nan	nan
2.000000000000000	nan	nan	nan
2.000000000000000	nan	nan	nan
2.000000000000000	nan	nan	nan
2.000000000000000	nan	nan	nan
2.000000000000000	nan	nan	nan
2.000000000000000	nan	nan	nan
2.000000000000000	nan	nan	nan
2.000000000000000	nan	nan	nan
2.000000000000000	nan	nan	nan
2.000000000000000	nan	nan	nan
2.000000000000000	nan	nan	nan
2.000000000000000	nan	nan	nan
2.000000000000000	nan	nan	nan
2.000000000000000	nan	nan	nan
2.000000000000000	nan	nan	nan
2.000000000000000	nan	nan	nan
2.000000000000000	nan	nan	nan
2.000000000000000	nan	nan	nan
2.000000000000000	nan	nan	nan
2.000000000000000	nan	nan	nan
2.000000000000000	nan	nan	nan
2.000000000000000	nan	nan	nan
2.000000000000000	nan	nan	nan
2.000000000000000	nan	nan	nan
2.000000000000000	nan	nan	nan
2.000000000000000	nan	nan	nan
2.000000000000000	nan	nan	nan
2.000000000000000	nan	nan	nan
2.000000000000000	nan	nan	nan
2.000000000000000	nan	nan	nan
2.000000000000000	nan	nan	nan
2.000000000000000	nan	nan	nan
2.000000000000000	nan	nan	nan
2.000000000000000	nan	nan	nan
2.000000000000000	nan	nan	nan
2.000000000000000	nan	nan	nan
2.000000000000000	nan	nan	nan
2.000000000000000	nan	nan	nan
2.000000000000000	nan	nan	nan
2.000000000000000	nan	nan	nan
2.000000000000000	nan	nan	nan
2.000000000000000	nan	nan	nan
2.000000000000000	nan	nan	nan
2.000000000000000	nan	nan	nan
2.000000000000000	nan	nan	nan
2.000000000000000	nan	nan	nan
2.000000000000000	nan	nan	nan
2.000000000000000	nan	nan	nan
2.000000000000000	nan	nan	nan
2.000000000000000	nan	nan	nan
2.000000000000000	nan	nan	nan
2.000000000000000	nan	nan	nan
2.000000000000000	nan	nan	nan
2.000000000000000	nan	nan	nan
2.000000000000000	nan	nan	nan
2.000000000000000	nan	nan	nan
2.000000000000000	nan	nan	nan
2.000000000000000	nan	nan	nan
2.000000000000000	nan	nan	nan


3.000000000000000	0.100576487049913	-0.626352006735234	-0.017170065795428
3.000000000000000	0.143635753488923	-0.618065931310759	-0.015569203251145
3.000000000000000	0.186078730741065	-0.607054979301886	-0.013899175672198
3.000000000000000	0.227734515916929	-0.593363487926107	-0.012166707670221
3.000000000000000	0.268435375871761	-0.577046587986866	-0.010378775282396
3.000000000000000	0.308017422607638	-0.558169981881270	-0.008542577881407
3.000000000000000	0.346321273192592	-0.536809679039725	-0.006665509186116
3.000000000000000	0.383192691539422	-0.513051689862789	-0.004755127489657
3.000000000000000	0.418483209459983	-0.486991679387643	-0.002819125224865
3.000000000000000	0.452050724494177	-0.458734582078753	-0.000865297989561
3.000000000000000	0.483760072106406	-0.428394179293814	0.001098486843570
3.000000000000000	0.513483569945454	-0.396092641126386	0.003064321806111
3.000000000000000	0.541101531976245	-0.361960034470041	0.005024291174497
3.000000000000000	0.566502750413270	-0.326133799284896	0.006970502843840
3.000000000000000	0.589584943515083	-0.288758195175392	0.008895120106651
3.000000000000000	0.610255167436780	-0.249983720507794	0.010790393208494
3.000000000000000	0.628430190482056	-0.209966506406378	0.012648690553514
3.000000000000000	0.644036828247868	-0.168867688068503	0.014462529434175
3.000000000000000	0.657012238312198	-0.126852755930046	0.016224606161490
3.000000000000000	0.667304173278308	-0.084090889293819	0.017927825474390
3.000000000000000	0.674871191156564	-0.040754275104231	0.019565329109844
3.000000000000000	0.679682822236701	0.002982585388763	0.021130523418659
3.000000000000000	0.681719691778595	0.046943579284611	0.022617105915777
3.000000000000000	0.680973598027502	0.090951691176654	0.024019090658164
3.000000000000000	0.677447545239628	0.134829715930690	0.025330832348084
3.000000000000000	0.671155731585050	0.178400972227511	0.026547049064722
3.000000000000000	0.662123491976701	0.221490013996212	0.027662843532617
3.000000000000000	0.650387196055609	0.263923336873601	0.028673722841258
3.000000000000000	0.635994101743197	0.305530076845026	0.029575616536454
3.000000000000000	0.619002164950308	0.346142698253463	0.030364893010613
3.000000000000000	0.599479806209208	0.385597668406470	0.031038374125942
3.000000000000000	0.577505635168254	0.423736116064629	0.031593348011691
3.000000000000000	0.553168134058579	0.460404471159947	0.032027579983897
3.000000000000000	0.526565301407384	0.495455083168322	0.032339321543667
3.000000000000000	0.497804257432452	0.528746815646093	0.032527317417768
3.000000000000000	0.467000812706836	0.560145614536679	0.032590810613166
3.000000000000000	0.434279001830565	0.589525047958961	0.032529545465172
3.000000000000000	0.399770583987077	0.616766815303833	0.032343768666916
3.000000000000000	0.363614512395497	0.641761223589010	0.032034228275994
3.000000000000000	0.325956374795064	0.664407629153949	0.031602170702311
3.000000000000000	0.286947807214691	0.684614842916347	0.031049335689224
3.000000000000000	0.246745883388191	0.702301497558394	0.030377949308210
3.000000000000000	0.205512482273797	0.717396375164239	0.029590714995264
3.000000000000000	0.163413636224724	0.729838693989408	0.028690802665116
3.000000000000000	0.120618862435486	0.739578353207430	0.027681835947100
3.000000000000000	0.077300480355983	0.746576134648187	0.026567877594081
3.000000000000000	0.033632917821897	0.750803860715639	0.025353413123182
3.000000000000000	-0.010207991304641	0.752244507849064	0.024043332754190
3.000000000000000	-0.054045715155955	0.750892275070921	0.022642911718366
3.000000000000000	-0.097703734690347	0.746752607345347	0.021157789016952
3.000000000000000	-0.141006254471978	0.739842173653202	0.019593944714900
3.000000000000000	-0.183778910537042	0.730188799871970	0.017957675861267
3.000000000000000	-0.225849472495907	0.717831356730770	0.016255571133216
3.000000000000000	-0.267048537044107	0.702819603291649	0.014494484305738
3.000000000000000	-0.307210210089660	0.685213986587402	0.012681506653923
3.000000000000000	-0.346172774750025	0.665085398222704	0.010823938398896
3.000000000000000	-0.383779342528907	0.642514888918639	0.008929259312403
3.000000000000000	-0.419878485050865	0.617593342150055	0.007005098598411
3.000000000000000	-0.454324843809932	0.590421108189884	0.005059204172993
3.000000000000000	-0.486979715477010	0.561107600034012	0.003099411466209
3.000000000000000	-0.517711610409232	0.529770852833765	0.001133611871594
3.000000000000000	-0.546396782112335	0.496537048610006	-0.000830279029702
3.000000000000000	-0.572919725524124	0.461540008162682	-0.002784353342163
3.000000000000000	-0.597173642112587	0.424920652221686	-0.004720742698210
3.000000000000000	-0.619060869915890	0.386826434008819	-0.006631649941344
3.000000000000000	-0.638493276792632	0.347410745495708	-0.008509380522539
3.000000000000000	-0.655392615298866	0.306832299748472	-0.010346373483478
3.000000000000000	-0.669690837762944	0.265254491846228	-0.012135231901862
3.000000000000000	-0.681330370289470	0.222844740946768	-0.013868752676207
3.000000000000000	-0.690264344589063	0.179773816148708	-0.015539955530190
3.000000000000000	-0.696456786700407	0.136215148864594	-0.017142111119759
3.000000000000000	-0.699882761844704	0.092344134473821	-0.018668768129826
3.000000000000000	-0.700528474829225	0.048337426067337	-0.020113779251434
3.000000000000000	-0.698391325595681	0.004372223128004	-0.021471325934806
3.000000000000000	-0.693479919689743	-0.039374441989189	-0.022735941818583
3.000000000000000	-0.685814033609542	-0.082726416903925	-0.023902534740942
3.000000000000000	-0.675424535172699	-0.125509138514032	-0.024966407243925
3.000000000000000	-0.662353259222509	-0.167550335899483	-0.025923275488450
3.000000000000000	-0.646652839173797	-0.208680723996584	-0.026769286503817
3.000000000000000	-0.628386495076736	-0.248734685249182	-0.027501033702261
3.000000000000000	-0.607627779052011	-0.287550936492110	-0.028115570596080
3.000000000000000	-0.584460279122394	-0.324973178381566	-0.028610422662100
3.000000000000000	-0.558977282633278	-0.360850724757408	-0.028983597305704
3.000000000000000	-0.531281400617459	-0.395039109403137	-0.029233591884315
3.000000000000000	-0.501484154616726	-0.427400667760362	-0.029359399757996
3.000000000000000	-0.469705527623971	-0.457805091255390	-0.029360514342845
3.000000000000000	-0.436073480954026	-0.486129952005857	-0.029236931150821
3.000000000000000	-0.400723438988610	-0.512261195794604	-0.028989147807820
3.000000000000000	-0.363797743870140	-0.536093601325754	-0.028618162049912
3.000000000000000	-0.325445082340164	-0.557531203913732	-0.028125467705807
3.000000000000000	-0.285819887030331	-0.576487681899183	-0.027513048681734
3.000000000000000	-0.245081714616688	-0.592886704235833	-0.026783370972954
3.000000000000000	-0.203394603341259	-0.606662237848663	-0.025939372734065
3.000000000000000	-0.160926412487946	-0.617758813525804	-0.024984452448091
3.000000000000000	-0.117848146472431	-0.626131749273471	-0.023922455241991
3.000000000000000	-0.074333266267753	-0.631747330234583	-0.022757657403689
3.000000000000000	-0.030556990938190	-0.634582944446595	-0.021494749162970
3.000000000000000	0.013304407906068	-0.634627173891887	-0.020138815805586
3.000000000000000	0.057074315892484	-0.631879840474093	-0.018695317196597
3.000000000000000	0.100576487049912	-0.626352006735234	-0.017170065795428


4.000000000000000	nan	nan	nan
4.000000000000000	nan	nan	nan
4.000000000000000	nan	nan	nan
4.000000000000000	nan	nan	nan
4.000000000000000	nan	nan	nan
4.000000000000000	nan	nan	nan
4.000000000000000	nan	nan	nan
4.000000000000000	nan	nan	nan
4.000000000000000	nan	nan	nan
4.000000000000000	nan	nan	nan
4.000000000000000	nan	nan	nan
4.000000000000000	nan	nan	nan
4.000000000000000	nan	nan	nan
4.000000000000000	nan	nan	nan
4.000000000000000	nan	nan	nan
4.000000000000000	nan	nan	nan
4.000000000000000	nan	nan	nan
4.000000000000000	nan	nan	nan
4.000000000000000	nan	nan	nan
4.000000000000000	nan	nan	nan
4.000000000000000	nan	nan	nan
4.000000000000000	nan	nan	nan
4.000000000000000	nan	nan	nan
4.000000000000000	nan	nan	nan
4.000000000000000	nan	nan	nan
4.000000000000000	nan	nan	nan
4.000000000000000	nan	nan	nan
4.000000000000000	nan	nan	nan
4.000000000000000	nan	nan	nan
4.000000000000000	nan	nan	nan
4.000000000000000	nan	nan	nan
4.000000000000000	nan	nan	nan
4.000000000000000	nan	nan	nan
4.000000000000000	nan	nan	nan
4.000000000000000	nan	nan	nan
4.000000000000000	nan	nan	nan
4.000000000000000	nan	nan	nan
4.000000000000000	nan	nan	nan
4.000000000000000	nan	nan	nan
4.000000000000000	nan	nan	nan
4.000000000000000	nan	nan	nan
4.000000000000000	nan	nan	nan
4.000000000000000	nan	nan	nan
4.000000000000000	nan	nan	nan
4.000000000000000	nan	nan	nan
4.000000000000000	nan	nan	nan
4.000000000000000	nan	nan	nan
4.000000000000000	nan	nan	nan
4.000000000000000	nan	nan	nan
4.000000000000000	nan	nan	nan
4.000000000000000	nan	nan	nan
4.000000000000000	nan	nan	nan
4.000000000000000	nan	nan	nan
4.000000000000000	nan	nan	nan
4.000000000000000	nan	nan	nan
4.000000000000000	nan	nan	nan
4.000000000000000	nan	nan	nan
4.000000000000000	nan	nan	nan
4.000000000000000	nan	nan	nan
4.000000000000000	nan	nan	nan
4.000000000000000	nan	nan	nan
4.000000000000000	nan	nan	nan
4.000000000000000	nan	nan	nan
4.000000000000000	nan	nan	nan
4.000000000000000	nan	nan	nan
4.000000000000000	nan	nan	nan
4.000000000000000	nan	nan	nan
4.000000000000000	nan	nan	nan
4.000000000000000	nan	nan	nan
4.000000000000000	nan	nan	nan
4.000000000000000	nan	nan	nan
4.000000000000000	nan	nan	nan
4.000000000000000	nan	nan	nan
4.000000000000000	nan	nan	nan
4.000000000000000	nan	nan	nan
4.000000000000000	nan	nan	nan
4.000000000000000	nan	nan	nan
4.000000000000000	nan	nan	nan
4.000000000000000	nan	nan	nan
4.000000000000000	nan	nan	nan
4.000000000000000	nan	nan	nan
4.000000000000000	nan	nan	nan
4.000000000000000	nan	nan	nan
4.000000000000000	nan	nan	nan
4.000000000000000	nan	nan	nan
4.000000000000000	nan	nan	nan
4.000000000000000	nan	nan	nan
4.000000000000000	nan	nan	nan
4.000000000000000	nan	nan	nan
4.000000000000000	nan	nan	nan
4.000000000000000	nan	nan	nan
4.000000000000000	nan	nan	nan
4.000000000000000	nan	nan	nan
4.000000000000000	nan	nan	nan
4.000000000000000	nan	nan	nan
4.000000000000000	nan	nan	nan
4.000000000000000	nan	nan	nan
4.000000000000000	nan	nan	nan
4.000000000000000	nan	nan	nan
4.000000000000000	nan	nan	nan


5.000000000000000	nan	nan	nan
5.000000000000000	nan	nan	nan
5.000000000000000	nan	nan	nan
5.000000000000000	nan	nan	nan
5.000000000000000	nan	nan	nan
5.000000000000000	nan	nan	nan
5.000000000000000	nan	nan	nan
5.000000000000000	nan	nan	nan
5.000000000000000	nan	nan	nan
5.000000000000000	nan	nan	nan
5.000000000000000	nan	nan	nan
5.000000000000000	nan	nan	nan
5.000000000000000	nan	nan	nan
5.000000000000000	nan	nan	nan
5.000000000000000	nan	nan	nan
5.000000000000000	nan	nan	nan
5.000000000000000	nan	nan	nan
5.000000000000000	nan	nan	nan
5.000000000000000	nan	nan	nan
5.000000000000000	nan	nan	nan
5.000000000000000	nan	nan	nan
5.000000000000000	nan	nan	nan
5.000000000000000	nan	nan	nan
5.000000000000000	nan	nan	nan
5.000000000000000	nan	nan	nan
5.000000000000000	nan	nan	nan
5.000000000000000	nan	nan	nan
5.000000000000000	nan	nan	nan
5.000000000000000	nan	nan	nan
5.000000000000000	nan	nan	nan
5.000000000000000	nan	nan	nan
5.000000000000000	nan	nan	nan
5.000000000000000	nan	nan	nan
5.000000000000000	nan	nan	nan
5.000000000000000	nan	nan	nan
5.000000000000000	nan	nan	nan
5.000000000000000	nan	nan	nan
5.000000000000000	nan	nan	nan
5.000000000000000	nan	nan	nan
5.000000000000000	nan	nan	nan
5.000000000000000	nan	nan	nan
5.000000000000000	nan	nan	nan
5.000000000000000	nan	nan	nan
5.000000000000000	nan	nan	nan
5.000000000000000	nan	nan	nan
5.000000000000000	nan	nan	nan
5.000000000000000	nan	nan	nan
5.000000000000000	nan	nan	nan
5.000000000000000	nan	nan	nan
5.000000000000000	nan	nan	nan
5.000000000000000	nan	nan	nan
5.000000000000000	nan	nan	nan
5.000000000000000	nan	nan	nan
5.000000000000000	nan	nan	nan
5.000000000000000	nan	nan	nan
5.000000000000000	nan	nan	nan
5.000000000000000	nan	nan	nan
5.000000000000000	nan	nan	nan
5.000000000000000	nan	nan	nan
5.000000000000000	nan	nan	nan
5.000000000000000	nan	nan	nan
5.000000000000000	nan	nan	nan
5.000000000000000	nan	nan	nan
5.000000000000000	nan	nan	nan
5.000000000000000	nan	nan	nan
5.000000000000000	nan	nan	nan
5.000000000000000	nan	nan	nan
5.000000000000000	nan	nan	nan
5.000000000000000	nan	nan	nan
5.000000000000000	nan	nan	nan
5.000000000000000	nan	nan	nan
5.000000000000000	nan	nan	nan
5.000000000000000	nan	nan	nan
5.000000000000000	nan	nan	nan
5.000000000000000	nan	nan	nan
5.000000000000000	nan	nan	nan
5.000000000000000	nan	nan	nan
5.000000000000000	nan	nan	nan
5.000000000000000	nan	nan	nan
5.000000000000000	nan	nan	nan
5.000000000000000	nan	nan	nan
5.000000000000000	nan	nan	nan
5.000000000000000	nan	nan	nan
5.000000000000000	nan	nan	nan
5.000000000000000	nan	nan	nan
5.000000000000000	nan	nan	nan
5.000000000000000	nan	nan	nan
5.000000000000000	nan	nan	nan
5.000000000000000	nan	nan	nan
5.000000000000000	nan	nan	nan
5.000000000000000	nan	nan	nan
5.000000000000000	nan	nan	nan
5.000000000000000	nan	nan	nan
5.000000000000000	nan	nan	nan
5.000000000000000	nan	nan	nan
5.000000000000000	nan	nan	nan
5.000000000000000	nan	nan	nan
5.000000000000000	nan	nan	nan
5.000000000000000	nan	nan	nan
5.000000000000000	nan	nan	nan


6.000000000000000	nan	nan	nan
6.000000000000000	nan	nan	nan
6.000000000000000	nan	nan	nan
6.000000000000000	nan	nan	nan
6.000000000000000	nan	nan	nan
6.000000000000000	nan	nan	nan
6.000000000000000	nan	nan	nan
6.000000000000000	nan	nan	nan
6.000000000000000	nan	nan	nan
6.000000000000000	nan	nan	nan
6.000000000000000	nan	nan	nan
6.000000000000000	nan	nan	nan
6.000000000000000	nan	nan	nan
6.000000000000000	nan	nan	nan
6.000000000000000	nan	nan	nan
6.000000000000000	nan	nan	nan
6.000000000000000	nan	nan	nan
6.000000000000000	nan	nan	nan
6.000000000000000	nan	nan	nan
6.000000000000000	nan	nan	nan
6.000000000000000	nan	nan	nan
6.000000000000000	nan	nan	nan
6.000000000000000	nan	nan	nan
6.000000000000000	nan	nan	nan
6.000000000000000	nan	nan	nan
6.000000000000000	nan	nan	nan
6.000000000000000	nan	nan	nan
6.000000000000000	nan	nan	nan
6.000000000000000	nan	nan	nan
6.000000000000000	nan	nan	nan
6.000000000000000	nan	nan	nan
6.000000000000000	nan	nan	nan
6.000000000000000	nan	nan	nan
6.000000000000000	nan	nan	nan
6.000000000000000	nan	nan	nan
6.000000000000000	nan	nan	nan
6.000000000000000	nan	nan	nan
6.000000000000000	nan	nan	nan
6.000000000000000	nan	nan	nan
6.000000000000000	nan	nan	nan
6.000000000000000	nan	nan	nan
6.000000000000000	nan	nan	nan
6.000000000000000	nan	nan	nan
6.000000000000000	nan	nan	nan
6.000000000000000	nan	nan	nan
6.000000000000000	nan	nan	nan
6.000000000000000	nan	nan	nan
6.000000000000000	nan	nan	nan
6.000000000000000	nan	nan	nan
6.000000000000000	nan	nan	nan
6.000000000000000	nan	nan	nan
6.000000000000000	nan	nan	nan
6.000000000000000	nan	nan	nan
6.000000000000000	nan	nan	nan
6.000000000000000	nan	nan	nan
6.000000000000000	nan	nan	nan
6.000000000000000	nan	nan	nan
6.000000000000000	nan	nan	nan
6.000000000000000	nan	nan	nan
6.000000000000000	nan	nan	nan
6.000000000000000	nan	nan	nan
6.000000000000000	nan	nan	nan
6.000000000000000	nan	nan	nan
6.000000000000000	nan	nan	nan
6.000000000000000	nan	nan	nan
6.000000000000000	nan	nan	nan
6.000000000000000	nan	nan	nan
6.000000000000000	nan	nan	nan
6.000000000000000	nan	nan	nan
6.000000000000000	nan	nan	nan
6.000000000000000	nan	nan	nan
6.000000000000000	nan	nan	nan
6.000000000000000	nan	nan	nan
6.000000000000000	nan	nan	nan
6.000000000000000	nan	nan	nan
6.000000000000000	nan	nan	nan
6.000000000000000	nan	nan	nan
6.000000000000000	nan	nan	nan
6.000000000000000	nan	nan	nan
6.000000000000000	nan	nan	nan
6.000000000000000	nan	nan	nan
6.000000000000000	nan	nan	nan
6.000000000000000	nan	nan	nan
6.000000000000000	nan	nan	nan
6.000000000000000	nan	nan	nan
6.000000000000000	nan	nan	nan
6.000000000000000	nan	nan	nan
6.000000000000000	nan	nan	nan
6.000000000000000	nan	nan	nan
6.000000000000000	nan	nan	nan
6.000000000000000	nan	nan	nan
6.000000000000000	nan	nan	nan
6.000000000000000	nan	nan	nan
6.000000000000000	nan	nan	nan
6.000000000000000	nan	nan	nan
6.000000000000000	nan	nan	nan
6.000000000000000	nan	nan	nan
6.000000000000000	nan	nan	nan
6.000000000000000	nan	nan	nan
6.000000000000000	nan	nan	nan


7.000000000000000	nan	nan	nan
7.000000000000000	nan	nan	nan
7.000000000000000	nan	nan	nan
7.000000000000000	nan	nan	nan
7.000000000000000	nan	nan	nan
7.000000000000000	nan	nan	nan
7.000000000000000	nan	nan	nan
7.000000000000000	nan	nan	nan
7.000000000000000	nan	nan	nan
7.000000000000000	nan	nan	nan
7.000000000000000	nan	nan	nan
7.000000000000000	nan	nan	nan
7.000000000000000	nan	nan	nan
7.000000000000000	nan	nan	nan
7.000000000000000	nan	nan	nan
7.000000000000000	nan	nan	nan
7.000000000000000	nan	nan	nan
7.000000000000000	nan	nan	nan
7.000000000000000	nan	nan	nan
7.000000000000000	nan	nan	nan
7.000000000000000	nan	nan	nan
7.000000000000000	nan	nan	nan
7.000000000000000	nan	nan	nan
7.000000000000000	nan	nan	nan
7.000000000000000	nan	nan	nan
7.000000000000000	nan	nan	nan
7.000000000000000	nan	nan	nan
7.000000000000000	nan	nan	nan
7.000000000000000	nan	nan	nan
7.000000000000000	nan	nan	nan
7.000000000000000	nan	nan	nan
7.000000000000000	nan	nan	nan
7.000000000000000	nan	nan	nan
7.000000000000000	nan	nan	nan
7.000000000000000	nan	nan	nan
7.000000000000000	nan	nan	nan
7.000000000000000	nan	nan	nan
7.000000000000000	nan	nan	nan
7.000000000000000	nan	nan	nan
7.000000000000000	nan	nan	nan
7.000000000000000	nan	nan	nan
7.000000000000000	nan	nan	nan
7.000000000000000	nan	nan	nan
7.000000000000000	nan	nan	nan
7.000000000000000	nan	nan	nan
7.000000000000000	nan	nan	nan
7.000000000000000	nan	nan	nan
7.000000000000000	nan	nan	nan
7.000000000000000	nan	nan	nan
7.000000000000000	nan	nan	nan
7.000000000000000	nan	nan	nan
7.000000000000000	nan	nan	nan
7.000000000000000	nan	nan	nan
7.000000000000000	nan	nan	nan
7.000000000000000	nan	nan	nan
7.000000000000000	nan	nan	nan
7.000000000000000	nan	nan	nan
7.000000000000000	nan	nan	nan
7.000000000000000	nan	nan	nan
7.000000000000000	nan	nan	nan
7.000000000000000	nan	nan	nan
7.000000000000000	nan	nan	nan
7.000000000000000	nan	nan	nan
7.000000000000000	nan	nan	nan
7.000000000000000	nan	nan	nan
7.000000000000000	nan	nan	nan
7.000000000000000	nan	nan	nan
7.000000000000000	nan	nan	nan
7.000000000000000	nan	nan	nan
7.000000000000000	nan	nan	nan
7.000000000000000	nan	nan	nan
7.000000000000000	nan	nan	nan
7.000000000000000	nan	nan	nan
7.000000000000000	nan	nan	nan
7.000000000000000	nan	nan	nan
7.000000000000000	nan	nan	nan
7.000000000000000	nan	nan	nan
7.000000000000000	nan	nan	nan
7.000000000000000	nan	nan	nan
7.000000000000000	nan	nan	nan
7.000000000000000	nan	nan	nan
7.000000000000000	nan	nan	nan
7.000000000000000	nan	nan	nan
7.000000000000000	nan	nan	nan
7.000000000000000	nan	nan	nan
7.000000000000000	nan	nan	nan
7.000000000000000	nan	nan	nan
7.000000000000000	nan	nan	nan
7.000000000000000	nan	nan	nan
7.000000000000000	nan	nan	nan
7.000000000000000	nan	nan	nan
7.000000000000000	nan	nan	nan
7.000000000000000	nan	nan	nan
7.000000000000000	nan	nan	nan
7.000000000000000	nan	nan	nan
7.000000000000000	nan	nan	nan
7.000000000000000	nan	nan	nan
7.000000000000000	nan	nan	nan
7.000000000000000	nan	nan	nan
7.000000000000000	nan	nan	nan


8.000000000000000	nan	nan	nan
8.000000000000000	nan	nan	nan
8.000000000000000	nan	nan	nan
8.000000000000000	nan	nan	nan
8.000000000000000	nan	nan	nan
8.000000000000000	nan	nan	nan
8.000000000000000	nan	nan	nan
8.000000000000000	nan	nan	nan
8.000000000000000	nan	nan	nan
8.000000000000000	nan	nan	nan
8.000000000000000	nan	nan	nan
8.000000000000000	nan	nan	nan
8.000000000000000	nan	nan	nan
8.000000000000000	nan	nan	nan
8.000000000000000	nan	nan	nan
8.000000000000000	nan	nan	nan
8.000000000000000	nan	nan	nan
8.000000000000000	nan	nan	nan
8.000000000000000	nan	nan	nan
8.000000000000000	nan	nan	nan
8.000000000000000	nan	nan	nan
8.000000000000000	nan	nan	nan
8.000000000000000	nan	nan	nan
8.000000000000000	nan	nan	nan
8.000000000000000	nan	nan	nan
8.000000000000000	nan	nan	nan
8.000000000000000	nan	nan	nan
8.000000000000000	nan	nan	nan
8.000000000000000	nan	nan	nan
8.000000000000000	nan	nan	nan
8.000000000000000	nan	nan	nan
8.000000000000000	nan	nan	nan
8.000000000000000	nan	nan	nan
8.000000000000000	nan	nan	nan
8.000000000000000	nan	nan	nan
8.000000000000000	nan	nan	nan
8.000000000000000	nan	nan	nan
8.000000000000000	nan	nan	nan
8.000000000000000	nan	nan	nan
8.000000000000000	nan	nan	nan
8.000000000000000	nan	nan	nan
8.000000000000000	nan	nan	nan
8.000000000000000	nan	nan	nan
8.000000000000000	nan	nan	nan
8.000000000000000	nan	nan	nan
8.000000000000000	nan	nan	nan
8.000000000000000	nan	nan	nan
8.000000000000000	nan	nan	nan
8.000000000000000	nan	nan	nan
8.000000000000000	nan	nan	nan
8.000000000000000	nan	nan	nan
8.000000000000000	nan	nan	nan
8.000000000000000	nan	nan	nan
8.000000000000000	nan	nan	nan
8.000000000000000	nan	nan	nan
8.000000000000000	nan	nan	nan
8.000000000000000	nan	nan	nan
8.000000000000000	nan	nan	nan
8.000000000000000	nan	nan	nan
8.000000000000000	nan	nan	nan
8.000000000000000	nan	nan	nan
8.000000000000000	nan	nan	nan
8.000000000000000	nan	nan	nan
8.000000000000000	nan	nan	nan
8.000000000000000	nan	nan	nan
8.000000000000000	nan	nan	nan
8.000000000000000	nan	nan	nan
8.000000000000000	nan	nan	nan
8.000000000000000	nan	nan	nan
8.000000000000000	nan	nan	nan
8.000000000000000	nan	nan	nan
8.000000000000000	nan	nan	nan
8.000000000000000	nan	nan	nan
8.000000000000000	nan	nan	nan
8.000000000000000	nan	nan	nan
8.000000000000000	nan	nan	nan
8.000000000000000	nan	nan	nan
8.000000000000000	nan	nan	nan
8.000000000000000	nan	nan	nan
8.000000000000000	nan	nan	nan
8.000000000000000	nan	nan	nan
8.000000000000000	nan	nan	nan
8.000000000000000	nan	nan	nan
8.000000000000000	nan	nan	nan
8.000000000000000	nan	nan	nan
8.000000000000000	nan	nan	nan
8.000000000000000	nan	nan	nan
8.000000000000000	nan	nan	nan
8.000000000000000	nan	nan	nan
8.000000000000000	nan	nan	nan
8.000000000000000	nan	nan	nan
8.000000000000000	nan	nan	nan
8.000000000000000	nan	nan	nan
8.000000000000000	nan	nan	nan
8.000000000000000	nan	nan	nan
8.000000000000000	nan	nan	nan
8.000000000000000	nan	nan	nan
8.000000000000000	nan	nan	nan
8.000000000000000	nan	nan	nan
8.000000000000000	nan	nan	nan


9.000000000000000	nan	nan	nan
9.000000000000000	nan	nan	nan
9.000000000000000	nan	nan	nan
9.000000000000000	nan	nan	nan
9.000000000000000	nan	nan	nan
9.000000000000000	nan	nan	nan
9.000000000000000	nan	nan	nan
9.000000000000000	nan	nan	nan
9.000000000000000	nan	nan	nan
9.000000000000000	nan	nan	nan
9.000000000000000	nan	nan	nan
9.000000000000000	nan	nan	nan
9.000000000000000	nan	nan	nan
9.000000000000000	nan	nan	nan
9.000000000000000	nan	nan	nan
9.000000000000000	nan	nan	nan
9.000000000000000	nan	nan	nan
9.000000000000000	nan	nan	nan
9.000000000000000	nan	nan	nan
9.000000000000000	nan	nan	nan
9.000000000000000	nan	nan	nan
9.000000000000000	nan	nan	nan
9.000000000000000	nan	nan	nan
9.000000000000000	nan	nan	nan
9.000000000000000	nan	nan	nan
9.000000000000000	nan	nan	nan
9.000000000000000	nan	nan	nan
9.000000000000000	nan	nan	nan
9.000000000000000	nan	nan	nan
9.000000000000000	nan	nan	nan
9.000000000000000	nan	nan	nan
9.000000000000000	nan	nan	nan
9.000000000000000	nan	nan	nan
9.000000000000000	nan	nan	nan
9.000000000000000	nan	nan	nan
9.000000000000000	nan	nan	nan
9.000000000000000	nan	nan	nan
9.000000000000000	nan	nan	nan
9.000000000000000	nan	nan	nan
9.000000000000000	nan	nan	nan
9.000000000000000	nan	nan	nan
9.000000000000000	nan	nan	nan
9.000000000000000	nan	nan	nan
9.000000000000000	nan	nan	nan
9.000000000000000	nan	nan	nan
9.000000000000000	nan	nan	nan
9.000000000000000	nan	nan	nan
9.000000000000000	nan	nan	nan
9.000000000000000	nan	nan	nan
9.000000000000000	nan	nan	nan
9.000000000000000	nan	nan	nan
9.000000000000000	nan	nan	nan
9.000000000000000	nan	nan	nan
9.000000000000000	nan	nan	nan
9.000000000000000	nan	nan	nan
9.000000000000000	nan	nan	nan
9.000000000000000	nan	nan	nan
9.000000000000000	nan	nan	nan
9.000000000000000	nan	nan	nan
9.000000000000000	nan	nan	nan
9.000000000000000	nan	nan	nan
9.000000000000000	nan	nan	nan
9.000000000000000	nan	nan	nan
9.000000000000000	nan	nan	nan
9.000000000000000	nan	nan	nan
9.000000000000000	nan	nan	nan
9.000000000000000	nan	nan	nan
9.000000000000000	nan	nan	nan
9.000000000000000	nan	nan	nan
9.000000000000000	nan	nan	nan
9.000000000000000	nan	nan	nan
9.000000000000000	nan	nan	nan
9.000000000000000	nan	nan	nan
9.000000000000000	nan	nan	nan
9.000000000000000	nan	nan	nan
9.000000000000000	nan	nan	nan
9.000000000000000	nan	nan	nan
9.000000000000000	nan	nan	nan
9.000000000000000	nan	nan	nan
9.000000000000000	nan	nan	nan
9.000000000000000	nan	nan	nan
9.000000000000000	nan	nan	nan
9.000000000000000	nan	nan	nan
9.000000000000000	nan	nan	nan
9.000000000000000	nan	nan	nan
9.000000000000000	nan	nan	nan
9.000000000000000	nan	nan	nan
9.000000000000000	nan	nan	nan
9.000000000000000	nan	nan	nan
9.000000000000000	nan	nan	nan
9.000000000000000	nan	nan	nan
9.000000000000000	nan	nan	nan
9.000000000000000	nan	nan	nan
9.000000000000000	nan	nan	nan
9.000000000000000	nan	nan	nan
9.000000000000000	nan	nan	nan
9.000000000000000	nan	nan	nan
9.000000000000000	nan	nan	nan
9.000000000000000	nan	nan	nan
9.000000000000000	nan	nan	nan


10.000000000000000	nan	nan	nan
10.000000000000000	nan	nan	nan
10.000000000000000	nan	nan	nan
10.000000000000000	nan	nan	nan
10.000000000000000	nan	nan	nan
10.000000000000000	nan	nan	nan
10.000000000000000	nan	nan	nan
10.000000000000000	nan	nan	nan
10.000000000000000	nan	nan	nan
10.000000000000000	nan	nan	nan
10.000000000000000	nan	nan	nan
10.000000000000000	nan	nan	nan
10.000000000000000	nan	nan	nan
10.000000000000000	nan	nan	nan
10.000000000000000	nan	nan	nan
10.000000000000000	nan	nan	nan
10.000000000000000	nan	nan	nan
10.000000000000000	nan	nan	nan
10.000000000000000	nan	nan	nan
10.000000000000000	nan	nan	nan
10.000000000000000	nan	nan	nan
10.000000000000000	nan	nan	nan
10.000000000000000	nan	nan	nan
10.000000000000000	nan	nan	nan
10.000000000000000	nan	nan	nan
10.000000000000000	nan	nan	nan
10.000000000000000	nan	nan	nan
10.000000000000000	nan	nan	nan
10.000000000000000	nan	nan	nan
10.000000000000000	nan	nan	nan
10.000000000000000	nan	nan	nan
10.000000000000000	nan	nan	nan
10.000000000000000	nan	nan	nan
10.000000000000000	nan	nan	nan
10.000000000000000	nan	nan	nan
10.000000000000000	nan	nan	nan
10.000000000000000	nan	nan	nan
10.000000000000000	nan	nan	nan
10.000000000000000	nan	nan	nan
10.000000000000000	nan	nan	nan
10.000000000000000	nan	nan	nan
10.000000000000000	nan	nan	nan
10.000000000000000	nan	nan	nan
10.000000000000000	nan	nan	nan
10.000000000000000	nan	nan	nan
10.000000000000000	nan	nan	nan
10.000000000000000	nan	nan	nan
10.000000000000000	nan	nan	nan
10.000000000000000	nan	nan	nan
10.000000000000000	nan	nan	nan
10.000000000000000	nan	nan	nan
10.000000000000000	nan	nan	nan
10.000000000000000	nan	nan	nan
10.000000000000000	nan	nan	nan
10.000000000000000	nan	nan	nan
10.000000000000000	nan	nan	nan
10.000000000000000	nan	nan	nan
10.000000000000000	nan	nan	nan
10.000000000000000	nan	nan	nan
10.000000000000000	nan	nan	nan
10.000000000000000	nan	nan	nan
10.000000000000000	nan	nan	nan
10.000000000000000	nan	nan	nan
10.000000000000000	nan	nan	nan
10.000000000000000	nan	nan	nan
10.000000000000000	nan	nan	nan
10.000000000000000	nan	nan	nan
10.000000000000000	nan	nan	nan
10.000000000000000	nan	nan	nan
10.000000000000000	nan	nan	nan
10.000000000000000	nan	nan	nan
10.000000000000000	nan	nan	nan
10.000000000000000	nan	nan	nan
10.000000000000000	nan	nan	nan
10.000000000000000	nan	nan	nan
10.000000000000000	nan	nan	nan
10.000000000000000	nan	nan	nan
10.000000000000000	nan	nan	nan
10.000000000000000	nan	nan	nan
10.000000000000000	nan	nan	nan
10.000000000000000	nan	nan	nan
10.000000000000000	nan	nan	nan
10.000000000000000	nan	nan	nan
10.000000000000000	nan	nan	nan
10.000000000000000	nan	nan	nan
10.000000000000000	nan	nan	nan
10.000000000000000	nan	nan	nan
10.000000000000000	nan	nan	nan
10.000000000000000	nan	nan	nan
10.000000000000000	nan	nan	nan
10.000000000000000	nan	nan	nan
10.000000000000000	nan	nan	nan
10.000000000000000	nan	nan	nan
10.000000000000000	nan	nan	nan
10.000000000000000	nan	nan	nan
10.000000000000000	nan	nan	nan
10.000000000000000	nan	nan	nan
10.000000000000000	nan	nan	nan
10.000000000000000	nan	nan	nan
10.000000000000000	nan	nan	nan


11.000000000000000	nan	nan	nan
11.000000000000000	nan	nan	nan
11.000000000000000	nan	nan	nan
11.000000000000000	nan	nan	nan
11.000000000000000	nan	nan	nan
11.000000000000000	nan	nan	nan
11.000000000000000	nan	nan	nan
11.000000000000000	nan	nan	nan
11.000000000000000	nan	nan	nan
11.000000000000000	nan	nan	nan
11.000000000000000	nan	nan	nan
11.000000000000000	nan	nan	nan
11.000000000000000	nan	nan	nan
11.000000000000000	nan	nan	nan
11.000000000000000	nan	nan	nan
11.000000000000000	nan	nan	nan
11.000000000000000	nan	nan	nan
11.000000000000000	nan	nan	nan
11.000000000000000	nan	nan	nan
11.000000000000000	nan	nan	nan
11.000000000000000	nan	nan	nan
11.000000000000000	nan	nan	nan
11.000000000000000	nan	nan	nan
11.000000000000000	nan	nan	nan
11.000000000000000	nan	nan	nan
11.000000000000000	nan	nan	nan
11.000000000000000	nan	nan	nan
11.000000000000000	nan	nan	nan
11.000000000000000	nan	nan	nan
11.000000000000000	nan	nan	nan
11.000000000000000	nan	nan	nan
11.000000000000000	nan	nan	nan
11.000000000000000	nan	nan	nan
11.000000000000000	nan	nan	nan
11.000000000000000	nan	nan	nan
11.000000000000000	nan	nan	nan
11.000000000000000	nan	nan	nan
11.000000000000000	nan	nan	nan
11.000000000000000	nan	nan	nan
11.000000000000000	nan	nan	nan
11.000000000000000	nan	nan	nan
11.000000000000000	nan	nan	nan
11.000000000000000	nan	nan	nan
11.000000000000000	nan	nan	nan
11.000000000000000	nan	nan	nan
11.000000000000000	nan	nan	nan
11.000000000000000	nan	nan	nan
11.000000000000000	nan	nan	nan
11.000000000000000	nan	nan	nan
11.000000000000000	nan	nan	nan
11.000000000000000	nan	nan	nan
11.000000000000000	nan	nan	nan
11.000000000000000	nan	nan	nan
11.000000000000000	nan	nan	nan
11.000000000000000	nan	nan	nan
11.000000000000000	nan	nan	nan
11.000000000000000	nan	nan	nan
11.000000000000000	nan	nan	nan
11.000000000000000	nan	nan	nan
11.000000000000000	nan	nan	nan
11.000000000000000	nan	nan	nan
11.000000000000000	nan	nan	nan
11.000000000000000	nan	nan	nan
11.000000000000000	nan	nan	nan
11.000000000000000	nan	nan	nan
11.000000000000000	nan	nan	nan
11.000000000000000	nan	nan	nan
11.000000000000000	nan	nan	nan
11.000000000000000	nan	nan	nan
11.000000000000000	nan	nan	nan
11.000000000000000	nan	nan	nan
11.000000000000000	nan	nan	nan
11.000000000000000	nan	nan	nan
11.000000000000000	nan	nan	nan
11.000000000000000	nan	nan	nan
11.000000000000000	nan	nan	nan
11.000000000000000	nan	nan	nan
11.000000000000000	nan	nan	nan
11.000000000000000	nan	nan	nan
11.000000000000000	nan	nan	nan
11.000000000000000	nan	nan	nan
11.000000000000000	nan	nan	nan
11.000000000000000	nan	nan	nan
11.000000000000000	nan	nan	nan
11.000000000000000	nan	nan	nan
11.000000000000000	nan	nan	nan
11.000000000000000	nan	nan	nan
11.000000000000000	nan	nan	nan
11.000000000000000	nan	nan	nan
11.000000000000000	nan	nan	nan
11.000000000000000	nan	nan	nan
11.000000000000000	nan	nan	nan
11.000000000000000	nan	nan	nan
11.000000000000000	nan	nan	nan
11.000000000000000	nan	nan	nan
11.000000000000000	nan	nan	nan
11.000000000000000	nan	nan	nan
11.000000000000000	nan	nan	nan
11.000000000000000	nan	nan	nan
11.000000000000000	nan	nan	nan


12.000000000000000	nan	nan	nan
12.000000000000000	nan	nan	nan
12.000000000000000	nan	nan	nan
12.000000000000000	nan	nan	nan
12.000000000000000	nan	nan	nan
12.000000000000000	nan	nan	nan
12.000000000000000	nan	nan	nan
12.000000000000000	nan	nan	nan
12.000000000000000	nan	nan	nan
12.000000000000000	nan	nan	nan
12.000000000000000	nan	nan	nan
12.000000000000000	nan	nan	nan
12.000000000000000	nan	nan	nan
12.000000000000000	nan	nan	nan
12.000000000000000	nan	nan	nan
12.000000000000000	nan	nan	nan
12.000000000000000	nan	nan	nan
12.000000000000000	nan	nan	nan
12.000000000000000	nan	nan	nan
12.000000000000000	nan	nan	nan
12.000000000000000	nan	nan	nan
12.000000000000000	nan	nan	nan
12.000000000000000	nan	nan	nan
12.000000000000000	nan	nan	nan
12.000000000000000	nan	nan	nan
12.000000000000000	nan	nan	nan
12.000000000000000	nan	nan	nan
12.000000000000000	nan	nan	nan
12.000000000000000	nan	nan	nan
12.000000000000000	nan	nan	nan
12.000000000000000	nan	nan	nan
12.000000000000000	nan	nan	nan
12.000000000000000	nan	nan	nan
12.000000000000000	nan	nan	nan
12.000000000000000	nan	nan	nan
12.000000000000000	nan	nan	nan
12.000000000000000	nan	nan	nan
12.000000000000000	nan	nan	nan
12.000000000000000	nan	nan	nan
12.000000000000000	nan	nan	nan
12.000000000000000	nan	nan	nan
12.000000000000000	nan	nan	nan
12.000000000000000	nan	nan	nan
12.000000000000000	nan	nan	nan
12.000000000000000	nan	nan	nan
12.000000000000000	nan	nan	nan
12.000000000000000	nan	nan	nan
12.000000000000000	nan	nan	nan
12.000000000000000	nan	nan	nan
12.000000000000000	nan	nan	nan
12.000000000000000	nan	nan	nan
12.000000000000000	nan	nan	nan
12.000000000000000	nan	nan	nan
12.000000000000000	nan	nan	nan
12.000000000000000	nan	nan	nan
12.000000000000000	nan	nan	nan
12.000000000000000	nan	nan	nan
12.000000000000000	nan	nan	nan
12.000000000000000	nan	nan	nan
12.000000000000000	nan	nan	nan
12.000000000000000	nan	nan	nan
12.000000000000000	nan	nan	nan
12.000000000000000	nan	nan	nan
12.000000000000000	nan	nan	nan
12.000000000000000	nan	nan	nan
12.000000000000000	nan	nan	nan
12.000000000000000	nan	nan	nan
12.000000000000000	nan	nan	nan
12.000000000000000	nan	nan	nan
12.000000000000000	nan	nan	nan
12.000000000000000	nan	nan	nan
12.000000000000000	nan	nan	nan
12.000000000000000	nan	nan	nan
12.000000000000000	nan	nan	nan
12.000000000000000	nan	nan	nan
12.000000000000000	nan	nan	nan
12.000000000000000	nan	nan	nan
12.000000000000000	nan	nan	nan
12.000000000000000	nan	nan	nan
12.000000000000000	nan	nan	nan
12.000000000000000	nan	nan	nan
12.000000000000000	nan	nan	nan
12.000000000000000	nan	nan	nan
12.000000000000000	nan	nan	nan
12.000000000000000	nan	nan	nan
12.000000000000000	nan	nan	nan
12.000000000000000	nan	nan	nan
12.000000000000000	nan	nan	nan
12.000000000000000	nan	nan	nan
12.000000000000000	nan	nan	nan
12.000000000000000	nan	nan	nan
12.000000000000000	nan	nan	nan
12.000000000000000	nan	nan	nan
12.000000000000000	nan	nan	nan
12.000000000000000	nan	nan	nan
12.000000000000000	nan	nan	nan
12.000000000000000	nan	nan	nan
12.000000000000000	nan	nan	nan
12.000000000000000	nan	nan	nan
12.000000000000000	nan	nan	nan


13.000000000000000	0.367616736974655	-1.002493641724489	0.013153515425023
13.000000000000000	0.435848134703333	-0.975004045335569	0.011133158232631
13.000000000000000	0.502191764081451	-0.943226409496075	0.009063221458183
13.000000000000000	0.566380482729073	-0.907288691529813	0.006952040006500
13.000000000000000	0.628155825331215	-0.867335599943041	0.004808114860158
13.000000000000000	0.687269044386439	-0.823528011734383	0.002640078849037
13.000000000000000	0.743482111825252	-0.776042324599941	0.000456661888960
13.000000000000000	0.796568677465130	-0.725069746642027	-0.001733344170600
13.000000000000000	0.846314980442814	-0.670815526441624	-0.003921120948188
13.000000000000000	0.892520709953860	-0.613498126594791	-0.006097859038885
13.000000000000000	0.934999811833552	-0.553348344040891	-0.008254793486665
13.000000000000000	0.973581237731355	-0.490608380724778	-0.010383239077783
13.000000000000000	1.008109633862251	-0.425530868335046	-0.012474625313066
13.000000000000000	1.038445966561605	-0.358377851045388	-0.014520530918285
13.000000000000000	1.064468082124655	-0.289419730355189	-0.016512717753659
13.000000000000000	1.086071198676372	-0.218934176278129	-0.018443163985930
13.000000000000000	1.103168328091088	-0.147205009263041	-0.020304096389461
13.000000000000000	1.115690626262976	-0.074521057349130	-0.022088021646268
13.000000000000000	1.123587670316964	-0.001174993157408	-0.023787756518966
13.000000000000000	1.126827661643859	0.072537844598664	-0.025396456775133
13.000000000000000	1.125397553942123	0.146320640337927	-0.026907644746619
13.000000000000000	1.119303105750722	0.219876296783119	-0.028315235412828
13.000000000000000	1.108568857261527	0.292908631266743	-0.029613560902946
13.000000000000000	1.093238031504617	0.365123568354144	-0.030797393318461
13.000000000000000	1.073372360304396	0.436230323981480	-0.031861965784062
13.000000000000000	1.049051835707322	0.505942576340529	-0.032802991642164
13.000000000000000	1.020374387882169	0.573979618795544	-0.033616681713765
13.000000000000000	0.987455490789805	0.640067490189809	-0.034299759556135
13.000000000000000	0.950427697210298	0.703940077990523	-0.034849474655890
13.000000000000000	0.909440104999666	0.765340189830043	-0.035263613504341
13.000000000000000	0.864657756725426	0.824020589128780	-0.035540508510515
13.000000000000000	0.816260975098426	0.879744990629637	-0.035679044715949
13.000000000000000	0.764444636876937	0.932289011835351	-0.035678664284240
13.000000000000000	0.709417388166722	0.981441076517613	-0.035539368747251
13.000000000000000	0.651400804276813	1.027003266659861	-0.035261718998947
13.000000000000000	0.590628497513943	1.068792119403283	-0.034846833036870
13.000000000000000	0.527345176508239	1.106639365786998	-0.034296381460356
13.000000000000000	0.461805660857937	1.140392608307767	-0.033612580743628
13.000000000000000	0.394273855060798	1.169915934570955	-0.032798184310827
13.000000000000000	0.325021685863835	1.195090464561777	-0.031856471448952
13.000000000000000	0.254328007310285	1.215814829333151	-0.030791234103326
13.000000000000000	0.182477477892788	1.232005579182678	-0.029606761608772
13.000000000000000	0.109759414334113	1.243597519675140	-0.028307823417973
13.000000000000000	0.036466626610822	1.250543974157476	-0.026899649896570
13.000000000000000	-0.037105761089154	1.252816971709193	-0.025387911262329
13.000000000000000	-0.110661498727466	1.250407359771391	-0.023778694753171
13.000000000000000	-0.183904403309681	1.243324841000886	-0.022078480116015
13.000000000000000	-0.256539551509675	1.231597934201036	-0.020294113515126
13.000000000000000	-0.328274467221769	1.215273859486586	-0.018432779965023
13.000000000000000	-0.398820299258782	1.194418348144930	-0.016501974398966
13.000000000000000	-0.467892984453812	1.169115377959417	-0.014509471489506
13.000000000000000	-0.535214391482353	1.139466835060460	-0.012463294342616
13.000000000000000	-0.600513440798973	1.105592103666044	-0.010371682191481
13.000000000000000	-0.663527196178964	1.067627585363619	-0.008243057220013
13.000000000000000	-0.724001923469727	1.025726149869049	-0.006085990649687
13.000000000000000	-0.781694112288636	0.980056519474219	-0.003909168226259
13.000000000000000	-0.836371456553420	0.930802589661919	-0.001721355245331
13.000000000000000	-0.887813789896749	0.878162688623635	0.000468638742397
13.000000000000000	-0.935813972198502	0.822348778661922	0.002651995404081
13.000000000000000	-0.980178723665916	0.763585602693026	0.004819923133048
13.000000000000000	-1.020729403103093	0.702109779286475	0.006963692449488
13.000000000000000	-1.057302727236049	0.638168849885620	0.009074671150994
13.000000000000000	-1.089751428196829	0.572020282045605	0.011144359071393
13.000000000000000	-1.117944846519229	0.503930432702397	0.013164422307912
13.000000000000000	-1.141769457258357	0.434173475647412	0.015126726778867
13.000000000000000	-1.161129327115514	0.363030297526429	0.017023370976737
13.000000000000000	-1.175946500727730	0.290787366808198	0.018846717784744
13.000000000000000	-1.186161314566500	0.217735580277030	0.020589425228833
13.000000000000000	-1.191732637181747	0.144169091694114	0.022244476041203
13.000000000000000	-1.192638034823666	0.070384127344138	0.023805205916373
13.000000000000000	-1.188873861775506	-0.003322206763404	0.025265330345986
13.000000000000000	-1.180455275033590	-0.076653121235251	0.026618969924306
13.000000000000000	-1.167416173275441	-0.149313338360514	0.027860674022508
13.000000000000000	-1.149809060361769	-0.221010281089802	0.028985442736442
13.000000000000000	-1.127704833921956	-0.291455251139733	0.029988747019477
13.000000000000000	-1.101192499874327	-0.360364591479027	0.030866546919374
13.000000000000000	-1.070378814030728	-0.427460828515263	0.031615307845752
13.000000000000000	-1.035387852228554	-0.492473789383093	0.032232014802629
13.000000000000000	-0.996360510721139	-0.555141689835023	0.032714184528753
13.000000000000000	-0.953453938838277	-0.615212188354177	0.033059875496817
13.000000000000000	-0.906840906201333	-0.672443402244526	0.033267695731300
13.000000000000000	-0.856709107040956	-0.726604881607135	0.033336808413469
13.000000000000000	-0.803260404418660	-0.777478537280567	0.033266935250944
13.000000000000000	-0.746710017395517	-0.824859519008965	0.033058357598290
13.000000000000000	-0.687285654420964	-0.868557040301731	0.032711915324097
13.000000000000000	-0.625226596431240	-0.908395146663387	0.032229003429130
13.000000000000000	-0.560782733349511	-0.944213424100225	0.031611566429149
13.000000000000000	-0.494213557867349	-0.975867645050846	0.030862090525032
13.000000000000000	-0.425787120559244	-1.003230349139641	0.029983593591721
13.000000000000000	-0.355778950537551	-1.026191356414741	0.028979613026308
13.000000000000000	-0.284470945994000	-1.044658211003793	0.027854191504181
13.000000000000000	-0.212150239095173	-1.058556553401129	0.026611860700599
13.000000000000000	-0.139108039802607	-1.067830419887247	0.025257623043234
13.000000000000000	-0.065638463273065	-1.072442467874962	0.023796931569164
13.000000000000000	0.007962654439398	-1.072374126274821	0.022235667967412
13.000000000000000	0.081398947610809	-1.067625670274326	0.020580118895465
13.000000000000000	0.154374714207450	-1.058216220229854	0.018836950665119
13.000000000000000	0.226596106573577	-1.044183664675727	0.017013182399598
13.000000000000000	0.297772314652223	-1.025584507760458	0.015116157770019
13.000000000000000	0.367616736974655	-1.002493641724489	0.013153515425023


14.000000000000000	nan	nan	nan
14.000000000000000	nan	nan	nan
14.000000000000000	nan	nan	nan
14.000000000000000	nan	nan	nan
14.000000000000000	nan	nan	nan
14.000000000000000	nan	nan	nan
14.000000000000000	nan	nan	nan
14.000000000000000	nan	nan	nan
14.000000000000000	nan	nan	nan
14.000000000000000	nan	nan	nan
14.000000000000000	nan	nan	nan
14.000000000000000	nan	nan	nan
14.000000000000000	nan	nan	nan
14.000000000000000	nan	nan	nan
14.000000000000000	nan	nan	nan
14.000000000000000	nan	nan	nan
14.000000000000000	nan	nan	nan
14.000000000000000	nan	nan	nan
14.000000000000000	nan	nan	nan
14.000000000000000	nan	nan	nan
14.000000000000000	nan	nan	nan
14.000000000000000	nan	nan	nan
14.000000000000000	nan	nan	nan
14.000000000000000	nan	nan	nan
14.000000000000000	nan	nan	nan
14.000000000000000	nan	nan	nan
14.000000000000000	nan	nan	nan
14.000000000000000	nan	nan	nan
14.000000000000000	nan	nan	nan
14.000000000000000	nan	nan	nan
14.000000000000000	nan	nan	nan
14.000000000000000	nan	nan	nan
14.000000000000000	nan	nan	nan
14.000000000000000	nan	nan	nan
14.000000000000000	nan	nan	nan
14.000000000000000	nan	nan	nan
14.000000000000000	nan	nan	nan
14.000000000000000	nan	nan	nan
14.000000000000000	nan	nan	nan
14.000000000000000	nan	nan	nan
14.000000000000000	nan	nan	nan
14.000000000000000	nan	nan	nan
14.000000000000000	nan	nan	nan
14.000000000000000	nan	nan	nan
14.000000000000000	nan	nan	nan
14.000000000000000	nan	nan	nan
14.000000000000000	nan	nan	nan
14.000000000000000	nan	nan	nan
14.000000000000000	nan	nan	nan
14.000000000000000	nan	nan	nan
14.000000000000000	nan	nan	nan
14.000000000000000	nan	nan	nan
14.000000000000000	nan	nan	nan
14.000000000000000	nan	nan	nan
14.000000000000000	nan	nan	nan
14.000000000000000	nan	nan	nan
14.000000000000000	nan	nan	nan
14.000000000000000	nan	nan	nan
14.000000000000000	nan	nan	nan
14.000000000000000	nan	nan	nan
14.000000000000000	nan	nan	nan
14.000000000000000	nan	nan	nan
14.000000000000000	nan	nan	nan
14.000000000000000	nan	nan	nan
14.000000000000000	nan	nan	nan
14.000000000000000	nan	nan	nan
14.000000000000000	nan	nan	nan
14.000000000000000	nan	nan	nan
14.000000000000000	nan	nan	nan
14.000000000000000	nan	nan	nan
14.000000000000000	nan	nan	nan
14.000000000000000	nan	nan	nan
14.000000000000000	nan	nan	nan
14.000000000000000	nan	nan	nan
14.000000000000000	nan	nan	nan
14.000000000000000	nan	nan	nan
14.000000000000000	nan	nan	nan
14.000000000000000	nan	nan	nan
14.000000000000000	nan	nan	nan
14.000000000000000	nan	nan	nan
14.000000000000000	nan	nan	nan
14.000000000000000	nan	nan	nan
14.000000000000000	nan	nan	nan
14.000000000000000	nan	nan	nan
14.000000000000000	nan	nan	nan
14.000000000000000	nan	nan	nan
14.000000000000000	nan	nan	nan
14.000000000000000	nan	nan	nan
14.000000000000000	nan	nan	nan
14.000000000000000	nan	nan	nan
14.000000000000000	nan	nan	nan
14.000000000000000	nan	nan	nan
14.000000000000000	nan	nan	nan
14.000000000000000	nan	nan	nan
14.000000000000000	nan	nan	nan
14.000000000000000	nan	nan	nan
14.000000000000000	nan	nan	nan
14.000000000000000	nan	nan	nan
14.000000000000000	nan	nan	nan
14.000000000000000	nan	nan	nan


15.000000000000000	-1.478941335078955	0.154828418347596	-0.006495159939279
15.000000000000000	-1.487131254106448	0.041638244775729	0.000441355942984
15.000000000000000	-1.487987797277364	-0.071860420951847	0.007382002542078
15.000000000000000	-1.481507515594665	-0.185210559766894	0.014298832323807
15.000000000000000	-1.467716502865512	-0.297955750666630	0.021163993655892
15.000000000000000	-1.446670290630715	-0.409642008560012	0.027949842956664
15.000000000000000	-1.418453624558812	-0.519819612305474	0.034629056006012
15.000000000000000	-1.383180123205180	-0.628044915579231	0.041174737970374
15.000000000000000	-1.340991820510206	-0.733882133282446	0.047560531698736
15.000000000000000	-1.292058593878744	-0.836905096294015	0.053760723853581
15.000000000000000	-1.236577480143763	-0.936698967503203	0.059750348449420
15.000000000000000	-1.174771882168559	-1.032861912212276	0.065505287382006
15.000000000000000	-1.106890669282278	-1.125006716183002	0.071002367543428
15.000000000000000	-1.033207175170963	-1.212762344811726	0.076219454132036
15.000000000000000	-0.954018097259268	-1.295775437154762	0.081135539781475
15.000000000000000	-0.869642302014653	-1.373711728788198	0.085730829149938
15.000000000000000	-0.780419540984657	-1.446257397772755	0.089986818629015
15.000000000000000	-0.686709082737330	-1.513120328303974	0.093886370851201
15.000000000000000	-0.588888266213511	-1.574031286959461	0.097413783696018
15.000000000000000	-0.487350981316096	-1.628745006806853	0.100554853516919
15.000000000000000	-0.382506082854412	-1.677041175007191	0.103296932334357
15.000000000000000	-0.274775744230212	-1.718725319936963	0.105628978764733
15.000000000000000	-0.164593757494385	-1.753629594256698	0.107541602480153
15.000000000000000	-0.052403786619468	-1.781613450772956	0.109027102019964
15.000000000000000	0.061342418978575	-1.802564208372273	0.110079495801817
15.000000000000000	0.176186843475815	-1.816397505748236	0.110694546207388
15.000000000000000	0.291667048908427	-1.823057641094689	0.110869776645772
15.000000000000000	0.407318037247151	-1.822517796397244	0.110604481525841
15.000000000000000	0.522674122780245	-1.814780145419963	0.109899729097407
15.000000000000000	0.637270807265476	-1.799875844952377	0.108758357149763
15.000000000000000	0.750646650300610	-1.777864909352088	0.107184961584901
15.000000000000000	0.862345127381041	-1.748835968888135	0.105185877911441
15.000000000000000	0.971916468162848	-1.712905912858185	0.102769155733772
15.000000000000000	1.078919467529224	-1.670219418916578	0.099944526339136
15.000000000000000	1.182923262167762	-1.620948370508488	0.096723363513170
15.000000000000000	1.283509065504945	-1.565291164755943	0.093118637741685
15.000000000000000	1.380271854011866	-1.503471913582646	0.089144863983097
15.000000000000000	1.472821998091032	-1.435739541294350	0.084818043221814
15.000000000000000	1.560786830977231	-1.362366782248543	0.080155598037916
15.000000000000000	1.643812149335071	-1.283649082649444	0.075176302452578
15.000000000000000	1.721563639510794	-1.199903410890417	0.069900206331711
15.000000000000000	1.793728223695366	-1.111466981234123	0.064348554652229
15.000000000000000	1.860015320578315	-1.018695895969701	0.058543701956023
15.000000000000000	1.920158015416114	-0.921963711514533	0.052509022336116
15.000000000000000	1.973914134803637	-0.821659934234400	0.046268815317433
15.000000000000000	2.021067221821001	-0.718188452038814	0.039848208011197
15.000000000000000	2.061427407629173	-0.611965908066964	0.033273053936916
15.000000000000000	2.094832176004780	-0.503420023012838	0.026569828919389
15.000000000000000	2.121147017735579	-0.392987872844956	0.019765524479898
15.000000000000000	2.140265972241580	-0.281114128855705	0.012887539150886
15.000000000000000	2.152112054240902	-0.168249267126988	0.005963568151730
15.000000000000000	2.156637563742334	-0.054847754622038	-0.000978508130129
15.000000000000000	2.153824278116366	0.058633780792647	-0.007910736403666
15.000000000000000	2.143683525471281	0.171738389026549	-0.014805203032311
15.000000000000000	2.126256139038866	0.284010637741881	-0.021634146432309
15.000000000000000	2.101612292753396	0.394998446218854	-0.028370068858821
15.000000000000000	2.069851218685971	0.504254905725189	-0.034985847129638
15.000000000000000	2.031100807471987	0.611340079059838	-0.041454841840660
15.000000000000000	1.985517093340687	0.715822772024829	-0.047751004633378
15.000000000000000	1.933283625820390	0.817282269692106	-0.053848983082418
15.000000000000000	1.874610730649323	0.915310030474062	-0.059724222780807
15.000000000000000	1.809734662868107	1.009511331176313	-0.065353066211910
15.000000000000000	1.738916655504094	1.099506856408696	-0.070712848009896
15.000000000000000	1.662441867678164	1.184934225954458	-0.075781986225164
15.000000000000000	1.580618236369591	1.265449453947497	-0.080540069227244
15.000000000000000	1.493775236462515	1.340728333982032	-0.084967937895221
15.000000000000000	1.402262554066866	1.410467744577377	-0.089047762764759
15.000000000000000	1.306448678455820	1.474386869741154	-0.092763115821055
15.000000000000000	1.206719418289553	1.532228329716185	-0.096099036648665
15.000000000000000	1.103476348099933	1.583759217357934	-0.099042092671806
15.000000000000000	0.997135191291615	1.628772035969374	-0.101580433242607
15.000000000000000	0.888124146170618	1.667085534816949	-0.103703837359481
15.000000000000000	0.776882161740876	1.698545438963312	-0.105403754823492
15.000000000000000	0.663857170211521	1.723025070478042	-0.106673340666987
15.000000000000000	0.549504283331974	1.740425858524963	-0.107507482715867
15.000000000000000	0.434283959817563	1.750677736272110	-0.107902822174506
15.000000000000000	0.318660151244784	1.753739423026130	-0.107857767150437
15.000000000000000	0.203098433882057	1.749598590455069	-0.107372499064341
15.000000000000000	0.088064133978412	1.738271912230211	-0.106448971919526
15.000000000000000	-0.025979545941075	1.719804996887084	-0.105090904433853
15.000000000000000	-0.138573392228377	1.694272204175995	-0.103303765065765
15.000000000000000	-0.249264029203792	1.661776345641549	-0.101094749994738
15.000000000000000	-0.357605744739788	1.622448270636854	-0.098472754144803
15.000000000000000	-0.463162284986437	1.576446339439357	-0.095448335367832
15.000000000000000	-0.565508611011688	1.523955785589893	-0.092033671930791
15.000000000000000	-0.664232610283137	1.465187970022600	-0.088242513478155
15.000000000000000	-0.758936756099735	1.400379529989035	-0.084090125666948
15.000000000000000	-0.849239708291519	1.329791426203476	-0.079593228697326
15.000000000000000	-0.934777848741876	1.253707892046238	-0.074769929986234
15.000000000000000	-1.015206745549368	1.172435289056161	-0.069639651255228
15.000000000000000	-1.090202539933427	1.086300873320829	-0.064223050326058
15.000000000000000	-1.159463250299367	0.995651477731802	-0.058541937938911
15.000000000000000	-1.222709988211681	0.900852115410977	-0.052619189928256
15.000000000000000	-1.279688081379340	0.802284509931576	-0.046478655109935
15.000000000000000	-1.330168099131217	0.700345558252044	-0.040145059250398
15.000000000000000	-1.373946776252435	0.595445732552075	-0.033643905504769
15.000000000000000	-1.410847831461639	0.488007427406023	-0.027001371724638
15.000000000000000	-1.440722677233497	0.378463258949032	-0.020244205049098
15.000000000000000	-1.463451018108228	0.267254322884547	-0.013399614203452
15.000000000000000	-1.478941335078955	0.154828418347596	-0.006495159939279


