# n	x	y	z
1.000000000000000	-0.152833983009654	0.410963039486521	-0.020159479445851
1.000000000000000	-0.182623343042120	0.398849037083001	-0.018802726622297
1.000000000000000	-0.211574127020262	0.384851466819813	-0.017356647166689
1.000000000000000	-0.239569760355000	0.369026691972051	-0.015827063930611
1.000000000000000	-0.266497514511777	0.351438433322771	-0.014220136005896
1.000000000000000	-0.292248960928589	0.332157512581887	-0.012542333924143
1.000000000000000	-0.316720407619527	0.311261567212142	-0.010800413602165
1.000000000000000	-0.339813316705811	0.288834737810448	-0.009001389138299
1.000000000000000	-0.361434701193049	0.264967329303393	-0.007152504569106
1.000000000000000	-0.381497499397045	0.239755447321184	-0.005261204700195
1.000000000000000	-0.399920925510469	0.213300611214185	-0.003335105128614
1.000000000000000	-0.416630794898798	0.185709345270331	-0.001381961577534
1.000000000000000	-0.431559822815648	0.157092749779411	0.000590361333315
1.000000000000000	-0.444647895334705	0.127566053671419	0.002573921755691
1.000000000000000	-0.455842311407289	0.097248150530319	0.004560732591857
1.000000000000000	-0.465097995070875	0.066261119851543	0.006542793655808
1.000000000000000	-0.472377676954086	0.034729735470957	0.008512123887197
1.000000000000000	-0.477652044347297	0.002780963144655	0.010460793488244
1.000000000000000	-0.480899859234569	-0.029456550697324	0.012380955854237
1.000000000000000	-0.482108043811648	-0.061852996964769	0.014264879169037
1.000000000000000	-0.481271733145664	-0.094277926602685	0.016104977538374
1.000000000000000	-0.478394294764497	-0.126600775863596	0.017893841535567
1.000000000000000	-0.473487315096934	-0.158691392041678	0.019624268036667
1.000000000000000	-0.466570552818210	-0.190420557551763	0.021289289224897
1.000000000000000	-0.457671859288792	-0.221660510242955	0.022882200647592
1.000000000000000	-0.446827066406784	-0.252285457851712	0.024396588212660
1.000000000000000	-0.434079842325521	-0.282172084522898	0.025826354015871
1.000000000000000	-0.419481515617325	-0.311200047359208	0.027165740894961
1.000000000000000	-0.403090868591460	-0.339252460999537	0.028409355611697
1.000000000000000	-0.384973900598524	-0.366216368275081	0.029552190568541
1.000000000000000	-0.365203562274353	-0.391983195047984	0.030589643972478
1.000000000000000	-0.343859461793561	-0.416449187401074	0.031517538364813
1.000000000000000	-0.321027544315516	-0.439515829418262	0.032332137442322
1.000000000000000	-0.296799745913519	-0.461090239873374	0.033030161102029
1.000000000000000	-0.271273623380686	-0.481085546230062	0.033608798649018
1.000000000000000	-0.244551961403169	-0.499421234446844	0.034065720114115
1.000000000000000	-0.216742358682509	-0.516023473178739	0.034399085635847
1.000000000000000	-0.187956794673635	-0.530825411070031	0.034607552868917
1.000000000000000	-0.158311178683126	-0.543767445941083	0.034690282389355
1.000000000000000	-0.127924883143339	-0.554797464785280	0.034646941074582
1.000000000000000	-0.096920262941761	-0.563871053609712	0.034477703444774
1.000000000000000	-0.065422162741054	-0.570951676274651	0.034183250960135
1.000000000000000	-0.033557414273671	-0.576010821611686	0.033764769276896
1.000000000000000	-0.001454325635223	-0.579028118228138	0.033223943473096
1.000000000000000	0.030757835366927	-0.579991416535471	0.032562951263363
1.000000000000000	0.062949361729505	-0.578896837671389	0.031784454230035
1.000000000000000	0.094990629537647	-0.575748789118653	0.030891587105899
1.000000000000000	0.126752619914656	-0.570559946957703	0.029887945151731
1.000000000000000	0.158107438535481	-0.563351204824549	0.028777569679453
1.000000000000000	0.188928830612022	-0.554151589779483	0.027564931779190
1.000000000000000	0.219092689276606	-0.542998145425342	0.026254914315774
1.000000000000000	0.248477555316537	-0.529935782746004	0.024852792267168
1.000000000000000	0.276965106247478	-0.515017099265698	0.023364211483991
1.000000000000000	0.304440632756332	-0.498302167257342	0.021795165955672
1.000000000000000	0.330793500595165	-0.479858291852704	0.020151973674769
1.000000000000000	0.355917596066270	-0.459759740028387	0.018441251196641
1.000000000000000	0.379711753304579	-0.438087441558929	0.016669886996921
1.000000000000000	0.402080161636891	-0.414928663141164	0.014845013734047
1.000000000000000	0.422932751377643	-0.390376657002033	0.012973979528573
1.000000000000000	0.442185556507741	-0.364530285404782	0.011064318374874
1.000000000000000	0.459761052776083	-0.337493622565516	0.009123719804411
1.000000000000000	0.475588469862359	-0.309375535583067	0.007159997922708
1.000000000000000	0.489604076344150	-0.280289246069611	0.005181059944698
1.000000000000000	0.501751436320875	-0.250351874247193	0.003194874355164
1.000000000000000	0.511981636661243	-0.219683967345934	0.001209438822463
1.000000000000000	0.520253483959169	-0.188409014202878	-0.000767252005260
1.000000000000000	0.526533670405081	-0.156652948016032	-0.002727238691704
1.000000000000000	0.530796907904714	-0.124543639255825	-0.004662629062248
1.000000000000000	0.533026029905339	-0.092210380775855	-0.006565629982952
1.000000000000000	0.533212060519416	-0.059783367196197	-0.008428578740763
1.000000000000000	0.531354250667320	-0.027393170655625	-0.010243973898548
1.000000000000000	0.527460081093622	0.004829784956311	-0.012004505500739
1.000000000000000	0.521545232244774	0.036755749170252	-0.013703084507943
1.000000000000000	0.513633521129479	0.068256167396379	-0.015332871342001
1.000000000000000	0.503756805416012	0.099204198568372	-0.016887303426555
1.000000000000000	0.491954855152623	0.129475225887617	-0.018360121612228
1.000000000000000	0.478275192627600	0.158947358611068	-0.019745395380008
1.000000000000000	0.462772901013778	0.187501922862254	-0.021037546721356
1.000000000000000	0.445510402568050	0.215023939489092	-0.022231372598878
1.000000000000000	0.426557207278965	0.241402587044348	-0.023322065897117
1.000000000000000	0.405989632974540	0.266531648024498	-0.024305234779115
1.000000000000000	0.383890498017302	0.290309936570121	-0.025176920370787
1.000000000000000	0.360348787823972	0.312641705905640	-0.025933612701913
1.000000000000000	0.335459296552598	0.333437033877801	-0.026572264839545
1.000000000000000	0.309322245399939	0.352612185040442	-0.027090305156931
1.000000000000000	0.282042879046078	0.370089947827582	-0.027485647688554
1.000000000000000	0.253731041871239	0.385799945457142	-0.027756700529573
1.000000000000000	0.224500735651239	0.399678919313415	-0.027902372245862
1.000000000000000	0.194469660512572	0.411670983667180	-0.027922076268835
1.000000000000000	0.163758740995538	0.421727850707807	-0.027815733257345
1.000000000000000	0.132491639133808	0.429809024981233	-0.027583771417166
1.000000000000000	0.100794256511049	0.435881966450860	-0.027227124776760
1.000000000000000	0.068794227299688	0.439922221524794	-0.026747229426271
1.000000000000000	0.036620404323149	0.441913521521837	-0.026146017734899
1.000000000000000	0.004402340211009	0.441847848179718	-0.025425910569932
1.000000000000000	-0.027730234263718	0.439725465941806	-0.024589807548765
1.000000000000000	-0.059647932564615	0.435554920892292	-0.023641075363168
1.000000000000000	-0.091222233385775	0.429353006344122	-0.022583534222803
1.000000000000000	-0.122325998161746	0.421144695218254	-0.021421442472589
1.000000000000000	-0.152833983009654	0.410963039486521	-0.020159479445851


2.000000000000000	0.269168782669478	0.111955725263348	0.001528336853978
2.000000000000000	0.259793245362048	0.132602005477539	-0.000299796551534
2.000000000000000	0.249094058816653	0.152598901011952	-0.002128298727491
2.000000000000000	0.237114304881301	0.171865891426048	-0.003949806940991
2.000000000000000	0.223902221796910	0.190325395349596	-0.005756986621347
2.000000000000000	0.209511009958938	0.207903082875460	-0.007542560893819
2.000000000000000	0.193998617698168	0.224528174859911	-0.009299339881020
2.000000000000000	0.177427507943232	0.240133727925250	-0.011020249654012
2.000000000000000	0.159864406704444	0.254656904017164	-0.012698360716523
2.000000000000000	0.141380034391704	0.268039223431397	-0.014326915907584
2.000000000000000	0.122048821048373	0.280226800290873	-0.015899357610228
2.000000000000000	0.101948606647752	0.291170559525109	-0.017409354156704
2.000000000000000	0.081160327658987	0.300826434478200	-0.018850825323861
2.000000000000000	0.059767691144474	0.309155544349690	-0.020217966816068
2.000000000000000	0.037856837701056	0.316124350753836	-0.021505273637060
2.000000000000000	0.015515994602253	0.321704792766843	-0.022707562256616
2.000000000000000	-0.007164879461838	0.325874399918309	-0.023819991482805
2.000000000000000	-0.030094456616435	0.328616382671870	-0.024838081955758
2.000000000000000	-0.053180407547186	0.329919700030745	-0.025757734184469
2.000000000000000	-0.076329773277738	0.329779103995926	-0.026575245054000
2.000000000000000	-0.099449339482716	0.328195160698023	-0.027287322736612
2.000000000000000	-0.122446011828921	0.325174248117654	-0.027891099946803
2.000000000000000	-0.145227190833346	0.320728530403568	-0.028384145486846
2.000000000000000	-0.167701144728616	0.314875908891911	-0.028764474036368
2.000000000000000	-0.189777378834436	0.307639950023864	-0.029030554146536
2.000000000000000	-0.211366999947733	0.299049790451903	-0.029181314406656
2.000000000000000	-0.232383074284203	0.289140019716780	-0.029216147758372
2.000000000000000	-0.252740977529988	0.277950540967653	-0.029134913940070
2.000000000000000	-0.272358735593912	0.265526410286190	-0.028937940051666
2.000000000000000	-0.291157354688216	0.251917655261624	-0.028626019237487
2.000000000000000	-0.309061139408663	0.237179073547314	-0.028200407492561
2.000000000000000	-0.325997997533213	0.221370012209933	-0.027662818605169
2.000000000000000	-0.341899730311958	0.204554128759778	-0.027015417256022
2.000000000000000	-0.356702307079414	0.186799134824439	-0.026260810301855
2.000000000000000	-0.370346123083417	0.168176523497982	-0.025402036278540
2.000000000000000	-0.382776239492418	0.148761281463482	-0.024442553165970
2.000000000000000	-0.393942604614770	0.128631587048124	-0.023386224463995
2.000000000000000	-0.403800255439224	0.107868495426668	-0.022237303635473
2.000000000000000	-0.412309498685108	0.086555612240870	-0.021000416979077
2.000000000000000	-0.419436070633153	0.064778756949071	-0.019680545000821
2.000000000000000	-0.425151275093405	0.042625617261524	-0.018283002359319
2.000000000000000	-0.429432098954648	0.020185396052939	-0.016813416465537
2.000000000000000	-0.432261304850082	-0.002451547826013	-0.015277704823186
2.000000000000000	-0.433627500566118	-0.025194063391901	-0.013682051201030
2.000000000000000	-0.433525184914797	-0.047950574561369	-0.012032880733031
2.000000000000000	-0.431954769885135	-0.070629448895707	-0.010336834046598
2.000000000000000	-0.428922578984189	-0.093139366572338	-0.008600740523128
2.000000000000000	-0.424440821774523	-0.115389688097513	-0.006831590798498
2.000000000000000	-0.418527544710614	-0.137290819279562	-0.005036508614237
2.000000000000000	-0.411206558472142	-0.158754571993084	-0.003222722132738
2.000000000000000	-0.402507342086794	-0.179694519281399	-0.001397534831999
2.000000000000000	-0.392464924228620	-0.200026343367401	0.000431703902910
2.000000000000000	-0.381119742169925	-0.219668175171485	0.002257628373221
2.000000000000000	-0.368517478954649	-0.238540923969440	0.004072886225541
2.000000000000000	-0.354708879448868	-0.256568595862874	0.005870168057183
2.000000000000000	-0.339749546009135	-0.273678599779828	0.007642236848550
2.000000000000000	-0.323699714591406	-0.289802039773396	0.009381957104060
2.000000000000000	-0.306624012202113	-0.304873992441394	0.011082323584267
2.000000000000000	-0.288591196668016	-0.318833768349977	0.012736489513490
2.000000000000000	-0.269673879772700	-0.331625156408579	0.014337794149358
2.000000000000000	-0.249948234874553	-0.343196650212129	0.015879789603275
2.000000000000000	-0.229493690183538	-0.353501655439165	0.017356266803783
2.000000000000000	-0.208392608931819	-0.362498677470726	0.018761280498312
2.000000000000000	-0.186729957726104	-0.370151488474534	0.020089173192603
2.000000000000000	-0.164592964417099	-0.376429273281689	0.021334597931448
2.000000000000000	-0.142070766863746	-0.381306753468476	0.022492539828988
2.000000000000000	-0.119254054006523	-0.384764289143661	0.023558336261891
2.000000000000000	-0.096234700695090	-0.386787958031394	0.024527695644088
2.000000000000000	-0.073105397740695	-0.387369611531306	0.025396714707475
2.000000000000000	-0.049959278682991	-0.386506907530045	0.026161894219000
2.000000000000000	-0.026889544774144	-0.384203319832137	0.026820153070835
2.000000000000000	-0.003989089690289	-0.380468124172204	0.027368840686911
2.000000000000000	0.018649874518526	-0.375316360864855	0.027805747695855
2.000000000000000	0.040936188733714	-0.368768774242647	0.028129114827345
2.000000000000000	0.062780113833745	-0.360851729125976	0.028337639996074
2.000000000000000	0.084093692041919	-0.351597104661256	0.028430483544784
2.000000000000000	0.104791101101286	-0.341042165954845	0.028407271625273
2.000000000000000	0.124788999850585	-0.329229414019613	0.028268097703749
2.000000000000000	0.144006863809688	-0.316206414638366	0.028013522184473
2.000000000000000	0.162367309423256	-0.302025606833226	0.027644570153211
2.000000000000000	0.179796405657008	-0.286744091712196	0.027162727249572
2.000000000000000	0.196223971691902	-0.270423402543154	0.026569933684867
2.000000000000000	0.211583859517521	-0.253129256981097	0.025868576429557
2.000000000000000	0.225814220286770	-0.234931292446344	0.025061479601771
2.000000000000000	0.238857753359347	-0.215902785719217	0.024151893095574
2.000000000000000	0.250661937031204	-0.196120357880313	0.023143479494793
2.000000000000000	0.261179240020906	-0.175663665784456	0.022040299325085
2.000000000000000	0.270367312861330	-0.154615081310653	0.020846794703634
2.000000000000000	0.278189158426021	-0.133059359679613	0.019567771452310
2.000000000000000	0.284613280903563	-0.111083298174387	0.018208379746322
2.000000000000000	0.289613812620091	-0.088775386638343	0.016774093376283
2.000000000000000	0.293170618199290	-0.066225451157799	0.015270687707181
2.000000000000000	0.295269375640444	-0.043524292364073	0.013704216423028
2.000000000000000	0.295901633988083	-0.020763319811398	0.012080987150810
2.000000000000000	0.295064847360990	0.001965816097102	0.010407536061897
2.000000000000000	0.292762385203576	0.024571593153229	0.008690601553189
2.000000000000000	0.289003518718307	0.046962985871347	0.006937097113973
2.000000000000000	0.283803383533853	0.069049832015882	0.005154083487736
2.000000000000000	0.277182918759245	0.090743195652826	0.003348740241048
2.000000000000000	0.269168782669478	0.111955725263348	0.001528336853978


3.000000000000000	-0.027919522428257	-0.603918683129087	-0.005413633611479
3.000000000000000	0.012963954362535	-0.604512671192811	-0.004808165317730
3.000000000000000	0.053802880449425	-0.602507013053107	-0.004181852784279
3.000000000000000	0.094432811890904	-0.597909784787419	-0.003537217950645
3.000000000000000	0.134690146293138	-0.590739497811411	-0.002876856533783
3.000000000000000	0.174412781579065	-0.581025024340026	-0.002203427576049
3.000000000000000	0.213440768716245	-0.568805481129271	-0.001519642738173
3.000000000000000	0.251616955775162	-0.554130071966844	-0.000828255380358
3.000000000000000	0.288787620724576	-0.537057889545848	-0.000132049475476
3.000000000000000	0.324803090415892	-0.517657677519371	0.000566171601018
3.000000000000000	0.359518343264097	-0.496007553694061	0.001263596359281
3.000000000000000	0.392793593198504	-0.472194695477285	0.001957416515964
3.000000000000000	0.424494852531920	-0.446314988844483	0.002644838302174
3.000000000000000	0.454494471481770	-0.418472642240184	0.003323093712999
3.000000000000000	0.482671652170722	-0.388779766967381	0.003989451653288
3.000000000000000	0.508912935037103	-0.357355925754881	0.004641228934800
3.000000000000000	0.533112655696505	-0.324327651320399	0.005275801080464
3.000000000000000	0.555173370414976	-0.289827936867958	0.005890612892218
3.000000000000000	0.575006248480535	-0.253995700571200	0.006483188739889
3.000000000000000	0.592531429893102	-0.216975226198927	0.007051142529686
3.000000000000000	0.607678346932534	-0.178915582135290	0.007592187312152
3.000000000000000	0.620386008309922	-0.139970021134020	0.008104144490906
3.000000000000000	0.630603244757989	-0.100295363223674	0.008584952595083
3.000000000000000	0.638288915071670	-0.060051364248736	0.009032675580144
3.000000000000000	0.643412071769219	-0.019400072589208	0.009445510623650
3.000000000000000	0.645952085706803	0.021494823351016	0.009821795384588
3.000000000000000	0.645898729144777	0.062468654259585	0.010160014697034
3.000000000000000	0.643252216931184	0.103356432980887	0.010458806671188
3.000000000000000	0.638023205636639	0.143993518861099	0.010716968177227
3.000000000000000	0.630232750644077	0.184216280697987	0.010933459689883
3.000000000000000	0.619912221366162	0.223862755626008	0.011107409474245
3.000000000000000	0.607103174931728	0.262773301283602	0.011238117095924
3.000000000000000	0.591857188849894	0.300791238636641	0.011325056241460
3.000000000000000	0.574235653325636	0.337763482869598	0.011367876837600
3.000000000000000	0.554309524063099	0.373541159804071	0.011366406460915
3.000000000000000	0.532159036552020	0.407980205362552	0.011320651032095
3.000000000000000	0.507873382987730	0.440941945663624	0.011230794792101
3.000000000000000	0.481550353125662	0.472293655412736	0.011097199560297
3.000000000000000	0.453295940516520	0.501909092340118	0.010920403277532
3.000000000000000	0.423223915707664	0.529669005533847	0.010701117840035
3.000000000000000	0.391455368129264	0.555461615621182	0.010440226232869
3.000000000000000	0.358118218509909	0.579183064864641	0.010138778974456
3.000000000000000	0.323346703784975	0.600737835360458	0.009797989886511
3.000000000000000	0.287280836571871	0.620039133655469	0.009419231206412
3.000000000000000	0.250065841388641	0.637009240233713	0.009004028061683
3.000000000000000	0.211851569886087	0.651579822465493	0.008554052328845
3.000000000000000	0.172791897448061	0.663692209758756	0.008071115901358
3.000000000000000	0.133044103589602	0.673297629804866	0.007557163393766
3.000000000000000	0.092768238647843	0.680357404967470	0.007014264311420
3.000000000000000	0.052126479315789	0.684843108023690	0.006444604717313
3.000000000000000	0.011282475614013	0.686736676630522	0.005850478429571
3.000000000000000	-0.029599308070213	0.686030486055508	0.005234277785063
3.000000000000000	-0.070354255222964	0.682727379878849	0.004598484006300
3.000000000000000	-0.110818260056260	0.676840658543306	0.003945657210430
3.000000000000000	-0.150828388304157	0.668394025798017	0.003278426100547
3.000000000000000	-0.190223533301525	0.657421493251861	0.002599477380838
3.000000000000000	-0.228845064703731	0.643967243420714	0.001911544938164
3.000000000000000	-0.266537467235047	0.628085451820052	0.001217398833672
3.000000000000000	-0.303148966893778	0.609840068819272	0.000519834148730
3.000000000000000	-0.338532142092599	0.589304562136124	-0.000178340269878
3.000000000000000	-0.372544517273256	0.566561621008142	-0.000874313120183
3.000000000000000	-0.405049136605352	0.541702823232268	-0.001565281965157
3.000000000000000	-0.435915115459139	0.514828266413388	-0.002248464517134
3.000000000000000	-0.465018167431729	0.486046164906606	-0.002921109841103
3.000000000000000	-0.492241104804568	0.455472414076224	-0.003580509431750
3.000000000000000	-0.517474310417022	0.423230123626022	-0.004224008119654
3.000000000000000	-0.540616179055992	0.389449121879928	-0.004849014762718
3.000000000000000	-0.561573526584248	0.354265433009179	-0.005453012679782
3.000000000000000	-0.580261965160058	0.317820729310994	-0.006033569784413
3.000000000000000	-0.596606243037247	0.280261760744235	-0.006588348378052
3.000000000000000	-0.610540547577412	0.241739764019114	-0.007115114563111
3.000000000000000	-0.622008770254198	0.202409853620348	-0.007611747238079
3.000000000000000	-0.630964732582522	0.162430397215863	-0.008076246638459
3.000000000000000	-0.637372372063039	0.121962377966101	-0.008506742389107
3.000000000000000	-0.641205887393098	0.081168746301646	-0.008901501035577
3.000000000000000	-0.642449842359480	0.040213763779352	-0.009258933024126
3.000000000000000	-0.641099227994581	-0.000737658340969	-0.009577599102290
3.000000000000000	-0.637159482745758	-0.041520623135988	-0.009856216114244
3.000000000000000	-0.630646470576619	-0.081970912000570	-0.010093662167616
3.000000000000000	-0.621586417088443	-0.121925645898133	-0.010288981150954
3.000000000000000	-0.610015803918937	-0.161223941217046	-0.010441386583650
3.000000000000000	-0.595981221843559	-0.199707557592150	-0.010550264782817
3.000000000000000	-0.579539183170907	-0.237221535082852	-0.010615177334373
3.000000000000000	-0.560755894187602	-0.273614818142124	-0.010635862858386
3.000000000000000	-0.539706988568935	-0.308740863863868	-0.010612238061549
3.000000000000000	-0.516477222828752	-0.342458232059482	-0.010544398072583
3.000000000000000	-0.491160135034887	-0.374631154787577	-0.010432616059178
3.000000000000000	-0.463857668164378	-0.405130083043559	-0.010277342128050
3.000000000000000	-0.434679759615078	-0.433832208407748	-0.010079201512517
3.000000000000000	-0.403743898526552	-0.460621957551539	-0.009838992054905
3.000000000000000	-0.371174652692785	-0.485391457610405	-0.009557680993919
3.000000000000000	-0.337103166971638	-0.508040970549849	-0.009236401069915
3.000000000000000	-0.301666635210791	-0.528479294775270	-0.008876445963753
3.000000000000000	-0.265007747816541	-0.546624132368590	-0.008479265087602
3.000000000000000	-0.227274117189900	-0.562402420472928	-0.008046457748667
3.000000000000000	-0.188617683343551	-0.575750625490937	-0.007579766709346
3.000000000000000	-0.149194102093046	-0.586614998912175	-0.007081071169738
3.000000000000000	-0.109162118285773	-0.594951793739387	-0.006552379200770
3.000000000000000	-0.068682926591486	-0.600727440642224	-0.005995819658403
3.000000000000000	-0.027919522428258	-0.603918683129087	-0.005413633611479


4.000000000000000	nan	nan	nan
4.000000000000000	nan	nan	nan
4.000000000000000	nan	nan	nan
4.000000000000000	nan	nan	nan
4.000000000000000	nan	nan	nan
4.000000000000000	nan	nan	nan
4.000000000000000	nan	nan	nan
4.000000000000000	nan	nan	nan
4.000000000000000	nan	nan	nan
4.000000000000000	nan	nan	nan
4.000000000000000	nan	nan	nan
4.000000000000000	nan	nan	nan
4.000000000000000	nan	nan	nan
4.000000000000000	nan	nan	nan
4.000000000000000	nan	nan	nan
4.000000000000000	nan	nan	nan
4.000000000000000	nan	nan	nan
4.000000000000000	nan	nan	nan
4.000000000000000	nan	nan	nan
4.000000000000000	nan	nan	nan
4.000000000000000	nan	nan	nan
4.000000000000000	nan	nan	nan
4.000000000000000	nan	nan	nan
4.000000000000000	nan	nan	nan
4.000000000000000	nan	nan	nan
4.000000000000000	nan	nan	nan
4.000000000000000	nan	nan	nan
4.000000000000000	nan	nan	nan
4.000000000000000	nan	nan	nan
4.000000000000000	nan	nan	nan
4.000000000000000	nan	nan	nan
4.000000000000000	nan	nan	nan
4.000000000000000	nan	nan	nan
4.000000000000000	nan	nan	nan
4.000000000000000	nan	nan	nan
4.000000000000000	nan	nan	nan
4.000000000000000	nan	nan	nan
4.000000000000000	nan	nan	nan
4.000000000000000	nan	nan	nan
4.000000000000000	nan	nan	nan
4.000000000000000	nan	nan	nan
4.000000000000000	nan	nan	nan
4.000000000000000	nan	nan	nan
4.000000000000000	nan	nan	nan
4.000000000000000	nan	nan	nan
4.000000000000000	nan	nan	nan
4.000000000000000	nan	nan	nan
4.000000000000000	nan	nan	nan
4.000000000000000	nan	nan	nan
4.000000000000000	nan	nan	nan
4.000000000000000	nan	nan	nan
4.000000000000000	nan	nan	nan
4.000000000000000	nan	nan	nan
4.000000000000000	nan	nan	nan
4.000000000000000	nan	nan	nan
4.000000000000000	nan	nan	nan
4.000000000000000	nan	nan	nan
4.000000000000000	nan	nan	nan
4.000000000000000	nan	nan	nan
4.000000000000000	nan	nan	nan
4.000000000000000	nan	nan	nan
4.000000000000000	nan	nan	nan
4.000000000000000	nan	nan	nan
4.000000000000000	nan	nan	nan
4.000000000000000	nan	nan	nan
4.000000000000000	nan	nan	nan
4.000000000000000	nan	nan	nan
4.000000000000000	nan	nan	nan
4.000000000000000	nan	nan	nan
4.000000000000000	nan	nan	nan
4.000000000000000	nan	nan	nan
4.000000000000000	nan	nan	nan
4.000000000000000	nan	nan	nan
4.000000000000000	nan	nan	nan
4.000000000000000	nan	nan	nan
4.000000000000000	nan	nan	nan
4.000000000000000	nan	nan	nan
4.000000000000000	nan	nan	nan
4.000000000000000	nan	nan	nan
4.000000000000000	nan	nan	nan
4.000000000000000	nan	nan	nan
4.000000000000000	nan	nan	nan
4.000000000000000	nan	nan	nan
4.000000000000000	nan	nan	nan
4.000000000000000	nan	nan	nan
4.000000000000000	nan	nan	nan
4.000000000000000	nan	nan	nan
4.000000000000000	nan	nan	nan
4.000000000000000	nan	nan	nan
4.000000000000000	nan	nan	nan
4.000000000000000	nan	nan	nan
4.000000000000000	nan	nan	nan
4.000000000000000	nan	nan	nan
4.000000000000000	nan	nan	nan
4.000000000000000	nan	nan	nan
4.000000000000000	nan	nan	nan
4.000000000000000	nan	nan	nan
4.000000000000000	nan	nan	nan
4.000000000000000	nan	nan	nan
4.000000000000000	nan	nan	nan


5.000000000000000	nan	nan	nan
5.000000000000000	nan	nan	nan
5.000000000000000	nan	nan	nan
5.000000000000000	nan	nan	nan
5.000000000000000	nan	nan	nan
5.000000000000000	nan	nan	nan
5.000000000000000	nan	nan	nan
5.000000000000000	nan	nan	nan
5.000000000000000	nan	nan	nan
5.000000000000000	nan	nan	nan
5.000000000000000	nan	nan	nan
5.000000000000000	nan	nan	nan
5.000000000000000	nan	nan	nan
5.000000000000000	nan	nan	nan
5.000000000000000	nan	nan	nan
5.000000000000000	nan	nan	nan
5.000000000000000	nan	nan	nan
5.000000000000000	nan	nan	nan
5.000000000000000	nan	nan	nan
5.000000000000000	nan	nan	nan
5.000000000000000	nan	nan	nan
5.000000000000000	nan	nan	nan
5.000000000000000	nan	nan	nan
5.000000000000000	nan	nan	nan
5.000000000000000	nan	nan	nan
5.000000000000000	nan	nan	nan
5.000000000000000	nan	nan	nan
5.000000000000000	nan	nan	nan
5.000000000000000	nan	nan	nan
5.000000000000000	nan	nan	nan
5.000000000000000	nan	nan	nan
5.000000000000000	nan	nan	nan
5.000000000000000	nan	nan	nan
5.000000000000000	nan	nan	nan
5.000000000000000	nan	nan	nan
5.000000000000000	nan	nan	nan
5.000000000000000	nan	nan	nan
5.000000000000000	nan	nan	nan
5.000000000000000	nan	nan	nan
5.000000000000000	nan	nan	nan
5.000000000000000	nan	nan	nan
5.000000000000000	nan	nan	nan
5.000000000000000	nan	nan	nan
5.000000000000000	nan	nan	nan
5.000000000000000	nan	nan	nan
5.000000000000000	nan	nan	nan
5.000000000000000	nan	nan	nan
5.000000000000000	nan	nan	nan
5.000000000000000	nan	nan	nan
5.000000000000000	nan	nan	nan
5.000000000000000	nan	nan	nan
5.000000000000000	nan	nan	nan
5.000000000000000	nan	nan	nan
5.000000000000000	nan	nan	nan
5.000000000000000	nan	nan	nan
5.000000000000000	nan	nan	nan
5.000000000000000	nan	nan	nan
5.000000000000000	nan	nan	nan
5.000000000000000	nan	nan	nan
5.000000000000000	nan	nan	nan
5.000000000000000	nan	nan	nan
5.000000000000000	nan	nan	nan
5.000000000000000	nan	nan	nan
5.000000000000000	nan	nan	nan
5.000000000000000	nan	nan	nan
5.000000000000000	nan	nan	nan
5.000000000000000	nan	nan	nan
5.000000000000000	nan	nan	nan
5.000000000000000	nan	nan	nan
5.000000000000000	nan	nan	nan
5.000000000000000	nan	nan	nan
5.000000000000000	nan	nan	nan
5.000000000000000	nan	nan	nan
5.000000000000000	nan	nan	nan
5.000000000000000	nan	nan	nan
5.000000000000000	nan	nan	nan
5.000000000000000	nan	nan	nan
5.000000000000000	nan	nan	nan
5.000000000000000	nan	nan	nan
5.000000000000000	nan	nan	nan
5.000000000000000	nan	nan	nan
5.000000000000000	nan	nan	nan
5.000000000000000	nan	nan	nan
5.000000000000000	nan	nan	nan
5.000000000000000	nan	nan	nan
5.000000000000000	nan	nan	nan
5.000000000000000	nan	nan	nan
5.000000000000000	nan	nan	nan
5.000000000000000	nan	nan	nan
5.000000000000000	nan	nan	nan
5.000000000000000	nan	nan	nan
5.000000000000000	nan	nan	nan
5.000000000000000	nan	nan	nan
5.000000000000000	nan	nan	nan
5.000000000000000	nan	nan	nan
5.000000000000000	nan	nan	nan
5.000000000000000	nan	nan	nan
5.000000000000000	nan	nan	nan
5.000000000000000	nan	nan	nan
5.000000000000000	nan	nan	nan


6.000000000000000	nan	nan	nan
6.000000000000000	nan	nan	nan
6.000000000000000	nan	nan	nan
6.000000000000000	nan	nan	nan
6.000000000000000	nan	nan	nan
6.000000000000000	nan	nan	nan
6.000000000000000	nan	nan	nan
6.000000000000000	nan	nan	nan
6.000000000000000	nan	nan	nan
6.000000000000000	nan	nan	nan
6.000000000000000	nan	nan	nan
6.000000000000000	nan	nan	nan
6.000000000000000	nan	nan	nan
6.000000000000000	nan	nan	nan
6.000000000000000	nan	nan	nan
6.000000000000000	nan	nan	nan
6.000000000000000	nan	nan	nan
6.000000000000000	nan	nan	nan
6.000000000000000	nan	nan	nan
6.000000000000000	nan	nan	nan
6.000000000000000	nan	nan	nan
6.000000000000000	nan	nan	nan
6.000000000000000	nan	nan	nan
6.000000000000000	nan	nan	nan
6.000000000000000	nan	nan	nan
6.000000000000000	nan	nan	nan
6.000000000000000	nan	nan	nan
6.000000000000000	nan	nan	nan
6.000000000000000	nan	nan	nan
6.000000000000000	nan	nan	nan
6.000000000000000	nan	nan	nan
6.000000000000000	nan	nan	nan
6.000000000000000	nan	nan	nan
6.000000000000000	nan	nan	nan
6.000000000000000	nan	nan	nan
6.000000000000000	nan	nan	nan
6.000000000000000	nan	nan	nan
6.000000000000000	nan	nan	nan
6.000000000000000	nan	nan	nan
6.000000000000000	nan	nan	nan
6.000000000000000	nan	nan	nan
6.000000000000000	nan	nan	nan
6.000000000000000	nan	nan	nan
6.000000000000000	nan	nan	nan
6.000000000000000	nan	nan	nan
6.000000000000000	nan	nan	nan
6.000000000000000	nan	nan	nan
6.000000000000000	nan	nan	nan
6.000000000000000	nan	nan	nan
6.000000000000000	nan	nan	nan
6.000000000000000	nan	nan	nan
6.000000000000000	nan	nan	nan
6.000000000000000	nan	nan	nan
6.000000000000000	nan	nan	nan
6.000000000000000	nan	nan	nan
6.000000000000000	nan	nan	nan
6.000000000000000	nan	nan	nan
6.000000000000000	nan	nan	nan
6.000000000000000	nan	nan	nan
6.000000000000000	nan	nan	nan
6.000000000000000	nan	nan	nan
6.000000000000000	nan	nan	nan
6.000000000000000	nan	nan	nan
6.000000000000000	nan	nan	nan
6.000000000000000	nan	nan	nan
6.000000000000000	nan	nan	nan
6.000000000000000	nan	nan	nan
6.000000000000000	nan	nan	nan
6.000000000000000	nan	nan	nan
6.000000000000000	nan	nan	nan
6.000000000000000	nan	nan	nan
6.000000000000000	nan	nan	nan
6.000000000000000	nan	nan	nan
6.000000000000000	nan	nan	nan
6.000000000000000	nan	nan	nan
6.000000000000000	nan	nan	nan
6.000000000000000	nan	nan	nan
6.000000000000000	nan	nan	nan
6.000000000000000	nan	nan	nan
6.000000000000000	nan	nan	nan
6.000000000000000	nan	nan	nan
6.000000000000000	nan	nan	nan
6.000000000000000	nan	nan	nan
6.000000000000000	nan	nan	nan
6.000000000000000	nan	nan	nan
6.000000000000000	nan	nan	nan
6.000000000000000	nan	nan	nan
6.000000000000000	nan	nan	nan
6.000000000000000	nan	nan	nan
6.000000000000000	nan	nan	nan
6.000000000000000	nan	nan	nan
6.000000000000000	nan	nan	nan
6.000000000000000	nan	nan	nan
6.000000000000000	nan	nan	nan
6.000000000000000	nan	nan	nan
6.000000000000000	nan	nan	nan
6.000000000000000	nan	nan	nan
6.000000000000000	nan	nan	nan
6.000000000000000	nan	nan	nan
6.000000000000000	nan	nan	nan


7.000000000000000	nan	nan	nan
7.000000000000000	nan	nan	nan
7.000000000000000	nan	nan	nan
7.000000000000000	nan	nan	nan
7.000000000000000	nan	nan	nan
7.000000000000000	nan	nan	nan
7.000000000000000	nan	nan	nan
7.000000000000000	nan	nan	nan
7.000000000000000	nan	nan	nan
7.000000000000000	nan	nan	nan
7.000000000000000	nan	nan	nan
7.000000000000000	nan	nan	nan
7.000000000000000	nan	nan	nan
7.000000000000000	nan	nan	nan
7.000000000000000	nan	nan	nan
7.000000000000000	nan	nan	nan
7.000000000000000	nan	nan	nan
7.000000000000000	nan	nan	nan
7.000000000000000	nan	nan	nan
7.000000000000000	nan	nan	nan
7.000000000000000	nan	nan	nan
7.000000000000000	nan	nan	nan
7.000000000000000	nan	nan	nan
7.000000000000000	nan	nan	nan
7.000000000000000	nan	nan	nan
7.000000000000000	nan	nan	nan
7.000000000000000	nan	nan	nan
7.000000000000000	nan	nan	nan
7.000000000000000	nan	nan	nan
7.000000000000000	nan	nan	nan
7.000000000000000	nan	nan	nan
7.000000000000000	nan	nan	nan
7.000000000000000	nan	nan	nan
7.000000000000000	nan	nan	nan
7.000000000000000	nan	nan	nan
7.000000000000000	nan	nan	nan
7.000000000000000	nan	nan	nan
7.000000000000000	nan	nan	nan
7.000000000000000	nan	nan	nan
7.000000000000000	nan	nan	nan
7.000000000000000	nan	nan	nan
7.000000000000000	nan	nan	nan
7.000000000000000	nan	nan	nan
7.000000000000000	nan	nan	nan
7.000000000000000	nan	nan	nan
7.000000000000000	nan	nan	nan
7.000000000000000	nan	nan	nan
7.000000000000000	nan	nan	nan
7.000000000000000	nan	nan	nan
7.000000000000000	nan	nan	nan
7.000000000000000	nan	nan	nan
7.000000000000000	nan	nan	nan
7.000000000000000	nan	nan	nan
7.000000000000000	nan	nan	nan
7.000000000000000	nan	nan	nan
7.000000000000000	nan	nan	nan
7.000000000000000	nan	nan	nan
7.000000000000000	nan	nan	nan
7.000000000000000	nan	nan	nan
7.000000000000000	nan	nan	nan
7.000000000000000	nan	nan	nan
7.000000000000000	nan	nan	nan
7.000000000000000	nan	nan	nan
7.000000000000000	nan	nan	nan
7.000000000000000	nan	nan	nan
7.000000000000000	nan	nan	nan
7.000000000000000	nan	nan	nan
7.000000000000000	nan	nan	nan
7.000000000000000	nan	nan	nan
7.000000000000000	nan	nan	nan
7.000000000000000	nan	nan	nan
7.000000000000000	nan	nan	nan
7.000000000000000	nan	nan	nan
7.000000000000000	nan	nan	nan
7.000000000000000	nan	nan	nan
7.000000000000000	nan	nan	nan
7.000000000000000	nan	nan	nan
7.000000000000000	nan	nan	nan
7.000000000000000	nan	nan	nan
7.000000000000000	nan	nan	nan
7.000000000000000	nan	nan	nan
7.000000000000000	nan	nan	nan
7.000000000000000	nan	nan	nan
7.000000000000000	nan	nan	nan
7.000000000000000	nan	nan	nan
7.000000000000000	nan	nan	nan
7.000000000000000	nan	nan	nan
7.000000000000000	nan	nan	nan
7.000000000000000	nan	nan	nan
7.000000000000000	nan	nan	nan
7.000000000000000	nan	nan	nan
7.000000000000000	nan	nan	nan
7.000000000000000	nan	nan	nan
7.000000000000000	nan	nan	nan
7.000000000000000	nan	nan	nan
7.000000000000000	nan	nan	nan
7.000000000000000	nan	nan	nan
7.000000000000000	nan	nan	nan
7.000000000000000	nan	nan	nan
7.000000000000000	nan	nan	nan


8.000000000000000	nan	nan	nan
8.000000000000000	nan	nan	nan
8.000000000000000	nan	nan	nan
8.000000000000000	nan	nan	nan
8.000000000000000	nan	nan	nan
8.000000000000000	nan	nan	nan
8.000000000000000	nan	nan	nan
8.000000000000000	nan	nan	nan
8.000000000000000	nan	nan	nan
8.000000000000000	nan	nan	nan
8.000000000000000	nan	nan	nan
8.000000000000000	nan	nan	nan
8.000000000000000	nan	nan	nan
8.000000000000000	nan	nan	nan
8.000000000000000	nan	nan	nan
8.000000000000000	nan	nan	nan
8.000000000000000	nan	nan	nan
8.000000000000000	nan	nan	nan
8.000000000000000	nan	nan	nan
8.000000000000000	nan	nan	nan
8.000000000000000	nan	nan	nan
8.000000000000000	nan	nan	nan
8.000000000000000	nan	nan	nan
8.000000000000000	nan	nan	nan
8.000000000000000	nan	nan	nan
8.000000000000000	nan	nan	nan
8.000000000000000	nan	nan	nan
8.000000000000000	nan	nan	nan
8.000000000000000	nan	nan	nan
8.000000000000000	nan	nan	nan
8.000000000000000	nan	nan	nan
8.000000000000000	nan	nan	nan
8.000000000000000	nan	nan	nan
8.000000000000000	nan	nan	nan
8.000000000000000	nan	nan	nan
8.000000000000000	nan	nan	nan
8.000000000000000	nan	nan	nan
8.000000000000000	nan	nan	nan
8.000000000000000	nan	nan	nan
8.000000000000000	nan	nan	nan
8.000000000000000	nan	nan	nan
8.000000000000000	nan	nan	nan
8.000000000000000	nan	nan	nan
8.000000000000000	nan	nan	nan
8.000000000000000	nan	nan	nan
8.000000000000000	nan	nan	nan
8.000000000000000	nan	nan	nan
8.000000000000000	nan	nan	nan
8.000000000000000	nan	nan	nan
8.000000000000000	nan	nan	nan
8.000000000000000	nan	nan	nan
8.000000000000000	nan	nan	nan
8.000000000000000	nan	nan	nan
8.000000000000000	nan	nan	nan
8.000000000000000	nan	nan	nan
8.000000000000000	nan	nan	nan
8.000000000000000	nan	nan	nan
8.000000000000000	nan	nan	nan
8.000000000000000	nan	nan	nan
8.000000000000000	nan	nan	nan
8.000000000000000	nan	nan	nan
8.000000000000000	nan	nan	nan
8.000000000000000	nan	nan	nan
8.000000000000000	nan	nan	nan
8.000000000000000	nan	nan	nan
8.000000000000000	nan	nan	nan
8.000000000000000	nan	nan	nan
8.000000000000000	nan	nan	nan
8.000000000000000	nan	nan	nan
8.000000000000000	nan	nan	nan
8.000000000000000	nan	nan	nan
8.000000000000000	nan	nan	nan
8.000000000000000	nan	nan	nan
8.000000000000000	nan	nan	nan
8.000000000000000	nan	nan	nan
8.000000000000000	nan	nan	nan
8.000000000000000	nan	nan	nan
8.000000000000000	nan	nan	nan
8.000000000000000	nan	nan	nan
8.000000000000000	nan	nan	nan
8.000000000000000	nan	nan	nan
8.000000000000000	nan	nan	nan
8.000000000000000	nan	nan	nan
8.000000000000000	nan	nan	nan
8.000000000000000	nan	nan	nan
8.000000000000000	nan	nan	nan
8.000000000000000	nan	nan	nan
8.000000000000000	nan	nan	nan
8.000000000000000	nan	nan	nan
8.000000000000000	nan	nan	nan
8.000000000000000	nan	nan	nan
8.000000000000000	nan	nan	nan
8.000000000000000	nan	nan	nan
8.000000000000000	nan	nan	nan
8.000000000000000	nan	nan	nan
8.000000000000000	nan	nan	nan
8.000000000000000	nan	nan	nan
8.000000000000000	nan	nan	nan
8.000000000000000	nan	nan	nan
8.000000000000000	nan	nan	nan


9.000000000000000	-0.129839533022822	0.709873835131685	0.025070522846982
9.000000000000000	-0.186838636413180	0.697603276526028	0.022411959388812
9.000000000000000	-0.242922698300291	0.681634138179790	0.019631733784156
9.000000000000000	-0.297865887961455	0.662030722176883	0.016741041020259
9.000000000000000	-0.351446968563764	0.638871964554646	0.013751520896631
9.000000000000000	-0.403450188006740	0.612251117456286	0.010675211155676
9.000000000000000	-0.453666147679899	0.582275373637406	0.007524499010956
9.000000000000000	-0.501892645637048	0.549065434838612	0.004312071268256
9.000000000000000	-0.547935490792154	0.512755025762206	0.001050863240287
9.000000000000000	-0.591609284858313	0.473490355610006	-0.002245993339244
9.000000000000000	-0.632738168881215	0.431429529350494	-0.005565223192497
9.000000000000000	-0.671156531361082	0.386741911085911	-0.008893460952354
9.000000000000000	-0.706709675111731	0.339607442082792	-0.012217304980037
9.000000000000000	-0.739254440171536	0.290215916211996	-0.015523371328777
9.000000000000000	-0.768659780258075	0.238766215715772	-0.018798347636242
9.000000000000000	-0.794807290445251	0.185465510379168	-0.022029046728725
9.000000000000000	-0.817591683938141	0.130528423330422	-0.025202459721236
9.000000000000000	-0.836921216025758	0.074176166829377	-0.028305808399690
9.000000000000000	-0.852718053504623	0.016635651523786	-0.031326596674266
9.000000000000000	-0.864918588085606	-0.041861427239783	-0.034252660896752
9.000000000000000	-0.873473692522050	-0.101079522371327	-0.037072218839260
9.000000000000000	-0.878348918427860	-0.160780183502411	-0.039773917137099
9.000000000000000	-0.879524634988996	-0.220723017141636	-0.042346877004774
9.000000000000000	-0.876996108009827	-0.280666654654385	-0.044780738041006
9.000000000000000	-0.870773518976069	-0.340369724169129	-0.047065699946418
9.000000000000000	-0.860881924057539	-0.399591822496758	-0.049192561985882
9.000000000000000	-0.847361153215796	-0.458094483149377	-0.051152760036626
9.000000000000000	-0.830265649822948	-0.515642136560687	-0.052938401072940
9.000000000000000	-0.809664251437407	-0.572003058641488	-0.054542294948601
9.000000000000000	-0.785639912619336	-0.626950303850795	-0.055957983349057
9.000000000000000	-0.758289370901915	-0.680262619025439	-0.057179765796777
9.000000000000000	-0.727722757263436	-0.731725334288461	-0.058202722605066
9.000000000000000	-0.694063152668727	-0.781131227448941	-0.059022734687901
9.000000000000000	-0.657446092465541	-0.828281358412625	-0.059636500146044
9.000000000000000	-0.618019020631555	-0.872985870243466	-0.060041547562619
9.000000000000000	-0.575940696069503	-0.915064753650500	-0.060236245954640
9.000000000000000	-0.531380553341116	-0.954348571821728	-0.060219811340398
9.000000000000000	-0.484518020413936	-0.990679142686352	-0.059992309896285
9.000000000000000	-0.435541796168221	-1.023910175858149	-0.059554657690321
9.000000000000000	-0.384649090573155	-1.053907861695222	-0.058908616993473
9.000000000000000	-0.332044830591908	-1.080551410104202	-0.058056789183611
9.000000000000000	-0.277940835013077	-1.103733536919321	-0.057002604270678
9.000000000000000	-0.222554961531191	-1.123360895897880	-0.055750307085251
9.000000000000000	-0.166110229510661	-1.139354454592628	-0.054304940186104
9.000000000000000	-0.108833921965519	-1.151649812587527	-0.052672323555607
9.000000000000000	-0.050956670370932	-1.160197460815502	-0.050859031164710
9.000000000000000	0.007288474008343	-1.164962980913979	-0.048872364501880
9.000000000000000	0.065666978533152	-1.165927183815481	-0.046720323172587
9.000000000000000	0.123943773570103	-1.163086187015232	-0.044411572687715
9.000000000000000	0.181884199034012	-1.156451430204637	-0.041955409570606
9.000000000000000	0.239254949281251	-1.146049629207674	-0.039361723923246
9.000000000000000	0.295825012549221	-1.131922668405709	-0.036640959602312
9.000000000000000	0.351366601159195	-1.114127432083866	-0.033804072165448
9.000000000000000	0.405656068736896	-1.092735575378098	-0.030862484757099
9.000000000000000	0.458474810757519	-1.067833235745235	-0.027828042111544
9.000000000000000	0.509610144788993	-1.039520686117854	-0.024712962858330
9.000000000000000	0.558856166889071	-1.007911931140565	-0.021529790322161
9.000000000000000	0.606014580707833	-0.973134248113550	-0.018291342015360
9.000000000000000	0.650895495957097	-0.935327674491792	-0.015010658026267
9.000000000000000	0.693318193031596	-0.894644444003670	-0.011700948511410
9.000000000000000	0.733111850703036	-0.851248373659468	-0.008375540502865
9.000000000000000	0.770116233956898	-0.805314204118089	-0.005047824244998
9.000000000000000	0.804182339202286	-0.757026896068098	-0.001731199276684
9.000000000000000	0.835172994256796	-0.706580885456308	0.001560979523911
9.000000000000000	0.862963410690481	-0.654179300562846	0.004815455714712
9.000000000000000	0.887441686304819	-0.600033144075266	0.008019124668746
9.000000000000000	0.908509255723364	-0.544360443455194	0.011159086341849
9.000000000000000	0.926081287279735	-0.487385373018697	0.014222697216594
9.000000000000000	0.940087024604794	-0.429337351265424	0.017197621213271
9.000000000000000	0.950470071537571	-0.370450117091290	0.020071879362926
9.000000000000000	0.957188619212700	-0.310960788604429	0.022833898042441
9.000000000000000	0.960215614409961	-0.251108908334272	0.025472555577433
9.000000000000000	0.959538868488055	-0.191135478678319	0.027977227025304
9.000000000000000	0.955161106463956	-0.131281991470545	0.030337826958142
9.000000000000000	0.947099956040231	-0.071789455579019	0.032544850073178
9.000000000000000	0.935387876624504	-0.012897426448260	0.034589409467282
9.000000000000000	0.920072028626876	0.045156958505999	0.036463272421388
9.000000000000000	0.901214083561601	0.102139934765481	0.038158893550749
9.000000000000000	0.878889975717663	0.157822051996576	0.039669445187534
9.000000000000000	0.853189596398193	0.211979097965849	0.040988844873444
9.000000000000000	0.824216431959924	0.264393001363574	0.042111779851616
9.000000000000000	0.792087147110149	0.314852709899931	0.043033728459227
9.000000000000000	0.756931115139128	0.363155040138081	0.043750978334629
9.000000000000000	0.718889896979507	0.409105495642162	0.044260641365723
9.000000000000000	0.678116671190403	0.452519050145788	0.044560665319366
9.000000000000000	0.634775617161411	0.493220892587515	0.044649842104987
9.000000000000000	0.589041254020154	0.531047131013291	0.044527812639146
9.000000000000000	0.541097737905342	0.565845452511512	0.044195068291431
9.000000000000000	0.491138120435003	0.597475736523355	0.043652948905891
9.000000000000000	0.439363571355755	0.625810619058816	0.042903637405954
9.000000000000000	0.385982568503237	0.650736005546545	0.041950151004565
9.000000000000000	0.331210058335442	0.672151530252415	0.040796329054936
9.000000000000000	0.275266590419201	0.689970960416912	0.039446817590823
9.000000000000000	0.218377429354912	0.704122543484021	0.037907050618591
9.000000000000000	0.160771647715509	0.714549296023443	0.036183228236386
9.000000000000000	0.102681203652050	0.721209233182759	0.034282291668528
9.000000000000000	0.044340006880119	0.724075537745612	0.032211895315653
9.000000000000000	-0.014017023192045	0.723136668115172	0.029980375933140
9.000000000000000	-0.072154903401092	0.718396404788073	0.027596719061942
9.000000000000000	-0.129839533022822	0.709873835131685	0.025070522846982


10.000000000000000	nan	nan	nan
10.000000000000000	nan	nan	nan
10.000000000000000	nan	nan	nan
10.000000000000000	nan	nan	nan
10.000000000000000	nan	nan	nan
10.000000000000000	nan	nan	nan
10.000000000000000	nan	nan	nan
10.000000000000000	nan	nan	nan
10.000000000000000	nan	nan	nan
10.000000000000000	nan	nan	nan
10.000000000000000	nan	nan	nan
10.000000000000000	nan	nan	nan
10.000000000000000	nan	nan	nan
10.000000000000000	nan	nan	nan
10.000000000000000	nan	nan	nan
10.000000000000000	nan	nan	nan
10.000000000000000	nan	nan	nan
10.000000000000000	nan	nan	nan
10.000000000000000	nan	nan	nan
10.000000000000000	nan	nan	nan
10.000000000000000	nan	nan	nan
10.000000000000000	nan	nan	nan
10.000000000000000	nan	nan	nan
10.000000000000000	nan	nan	nan
10.000000000000000	nan	nan	nan
10.000000000000000	nan	nan	nan
10.000000000000000	nan	nan	nan
10.000000000000000	nan	nan	nan
10.000000000000000	nan	nan	nan
10.000000000000000	nan	nan	nan
10.000000000000000	nan	nan	nan
10.000000000000000	nan	nan	nan
10.000000000000000	nan	nan	nan
10.000000000000000	nan	nan	nan
10.000000000000000	nan	nan	nan
10.000000000000000	nan	nan	nan
10.000000000000000	nan	nan	nan
10.000000000000000	nan	nan	nan
10.000000000000000	nan	nan	nan
10.000000000000000	nan	nan	nan
10.000000000000000	nan	nan	nan
10.000000000000000	nan	nan	nan
10.000000000000000	nan	nan	nan
10.000000000000000	nan	nan	nan
10.000000000000000	nan	nan	nan
10.000000000000000	nan	nan	nan
10.000000000000000	nan	nan	nan
10.000000000000000	nan	nan	nan
10.000000000000000	nan	nan	nan
10.000000000000000	nan	nan	nan
10.000000000000000	nan	nan	nan
10.000000000000000	nan	nan	nan
10.000000000000000	nan	nan	nan
10.000000000000000	nan	nan	nan
10.000000000000000	nan	nan	nan
10.000000000000000	nan	nan	nan
10.000000000000000	nan	nan	nan
10.000000000000000	nan	nan	nan
10.000000000000000	nan	nan	nan
10.000000000000000	nan	nan	nan
10.000000000000000	nan	nan	nan
10.000000000000000	nan	nan	nan
10.000000000000000	nan	nan	nan
10.000000000000000	nan	nan	nan
10.000000000000000	nan	nan	nan
10.000000000000000	nan	nan	nan
10.000000000000000	nan	nan	nan
10.000000000000000	nan	nan	nan
10.000000000000000	nan	nan	nan
10.000000000000000	nan	nan	nan
10.000000000000000	nan	nan	nan
10.000000000000000	nan	nan	nan
10.000000000000000	nan	nan	nan
10.000000000000000	nan	nan	nan
10.000000000000000	nan	nan	nan
10.000000000000000	nan	nan	nan
10.000000000000000	nan	nan	nan
10.000000000000000	nan	nan	nan
10.000000000000000	nan	nan	nan
10.000000000000000	nan	nan	nan
10.000000000000000	nan	nan	nan
10.000000000000000	nan	nan	nan
10.000000000000000	nan	nan	nan
10.000000000000000	nan	nan	nan
10.000000000000000	nan	nan	nan
10.000000000000000	nan	nan	nan
10.000000000000000	nan	nan	nan
10.000000000000000	nan	nan	nan
10.000000000000000	nan	nan	nan
10.000000000000000	nan	nan	nan
10.000000000000000	nan	nan	nan
10.000000000000000	nan	nan	nan
10.000000000000000	nan	nan	nan
10.000000000000000	nan	nan	nan
10.000000000000000	nan	nan	nan
10.000000000000000	nan	nan	nan
10.000000000000000	nan	nan	nan
10.000000000000000	nan	nan	nan
10.000000000000000	nan	nan	nan
10.000000000000000	nan	nan	nan


11.000000000000000	nan	nan	nan
11.000000000000000	nan	nan	nan
11.000000000000000	nan	nan	nan
11.000000000000000	nan	nan	nan
11.000000000000000	nan	nan	nan
11.000000000000000	nan	nan	nan
11.000000000000000	nan	nan	nan
11.000000000000000	nan	nan	nan
11.000000000000000	nan	nan	nan
11.000000000000000	nan	nan	nan
11.000000000000000	nan	nan	nan
11.000000000000000	nan	nan	nan
11.000000000000000	nan	nan	nan
11.000000000000000	nan	nan	nan
11.000000000000000	nan	nan	nan
11.000000000000000	nan	nan	nan
11.000000000000000	nan	nan	nan
11.000000000000000	nan	nan	nan
11.000000000000000	nan	nan	nan
11.000000000000000	nan	nan	nan
11.000000000000000	nan	nan	nan
11.000000000000000	nan	nan	nan
11.000000000000000	nan	nan	nan
11.000000000000000	nan	nan	nan
11.000000000000000	nan	nan	nan
11.000000000000000	nan	nan	nan
11.000000000000000	nan	nan	nan
11.000000000000000	nan	nan	nan
11.000000000000000	nan	nan	nan
11.000000000000000	nan	nan	nan
11.000000000000000	nan	nan	nan
11.000000000000000	nan	nan	nan
11.000000000000000	nan	nan	nan
11.000000000000000	nan	nan	nan
11.000000000000000	nan	nan	nan
11.000000000000000	nan	nan	nan
11.000000000000000	nan	nan	nan
11.000000000000000	nan	nan	nan
11.000000000000000	nan	nan	nan
11.000000000000000	nan	nan	nan
11.000000000000000	nan	nan	nan
11.000000000000000	nan	nan	nan
11.000000000000000	nan	nan	nan
11.000000000000000	nan	nan	nan
11.000000000000000	nan	nan	nan
11.000000000000000	nan	nan	nan
11.000000000000000	nan	nan	nan
11.000000000000000	nan	nan	nan
11.000000000000000	nan	nan	nan
11.000000000000000	nan	nan	nan
11.000000000000000	nan	nan	nan
11.000000000000000	nan	nan	nan
11.000000000000000	nan	nan	nan
11.000000000000000	nan	nan	nan
11.000000000000000	nan	nan	nan
11.000000000000000	nan	nan	nan
11.000000000000000	nan	nan	nan
11.000000000000000	nan	nan	nan
11.000000000000000	nan	nan	nan
11.000000000000000	nan	nan	nan
11.000000000000000	nan	nan	nan
11.000000000000000	nan	nan	nan
11.000000000000000	nan	nan	nan
11.000000000000000	nan	nan	nan
11.000000000000000	nan	nan	nan
11.000000000000000	nan	nan	nan
11.000000000000000	nan	nan	nan
11.000000000000000	nan	nan	nan
11.000000000000000	nan	nan	nan
11.000000000000000	nan	nan	nan
11.000000000000000	nan	nan	nan
11.000000000000000	nan	nan	nan
11.000000000000000	nan	nan	nan
11.000000000000000	nan	nan	nan
11.000000000000000	nan	nan	nan
11.000000000000000	nan	nan	nan
11.000000000000000	nan	nan	nan
11.000000000000000	nan	nan	nan
11.000000000000000	nan	nan	nan
11.000000000000000	nan	nan	nan
11.000000000000000	nan	nan	nan
11.000000000000000	nan	nan	nan
11.000000000000000	nan	nan	nan
11.000000000000000	nan	nan	nan
11.000000000000000	nan	nan	nan
11.000000000000000	nan	nan	nan
11.000000000000000	nan	nan	nan
11.000000000000000	nan	nan	nan
11.000000000000000	nan	nan	nan
11.000000000000000	nan	nan	nan
11.000000000000000	nan	nan	nan
11.000000000000000	nan	nan	nan
11.000000000000000	nan	nan	nan
11.000000000000000	nan	nan	nan
11.000000000000000	nan	nan	nan
11.000000000000000	nan	nan	nan
11.000000000000000	nan	nan	nan
11.000000000000000	nan	nan	nan
11.000000000000000	nan	nan	nan
11.000000000000000	nan	nan	nan


12.000000000000000	0.450152121570258	-0.299295886561337	0.012947169219695
12.000000000000000	0.472160488338795	-0.263613583401428	0.015784147056573
12.000000000000000	0.491814798310514	-0.226568722936427	0.018544543423660
12.000000000000000	0.509035910516023	-0.188310471744675	0.021217243179050
12.000000000000000	0.523754481614556	-0.148992882300709	0.023791484304141
12.000000000000000	0.535911245115128	-0.108774272660322	0.026256901238484
12.000000000000000	0.545457250021774	-0.067816588969628	0.028603566618238
12.000000000000000	0.552354057941939	-0.026284753365091	0.030822031250160
12.000000000000000	0.556573897864314	0.015654000109714	0.032903362160171
12.000000000000000	0.558099777982897	0.057830798896564	0.034839178563288
12.000000000000000	0.556925554117002	0.100075811912783	0.036621685610091
12.000000000000000	0.553055954451700	0.142218933401069	0.038243705773827
12.000000000000000	0.546506560499093	0.184090467885341	0.039698707751779
12.000000000000000	0.537303744357061	0.225521813474528	0.040980832764514
12.000000000000000	0.525484562518130	0.266346140762877	0.042084918147125
12.000000000000000	0.511096606656060	0.306399064593091	0.043006518137457
12.000000000000000	0.494197811990968	0.345519305977334	0.043741921777620
12.000000000000000	0.474856224004645	0.383549341510798	0.044288167856713
12.000000000000000	0.453149724445420	0.420336037662854	0.044643056834569
12.000000000000000	0.429165717725844	0.455731267391733	0.044805159698529
12.000000000000000	0.403000778975970	0.489592506599841	0.044773823717575
12.000000000000000	0.374760265169394	0.521783408028002	0.044549175070641
12.000000000000000	0.344557890887899	0.552174350277742	0.044132118338540
12.000000000000000	0.312515270432979	0.580642959750916	0.043524332861535
12.000000000000000	0.278761428127962	0.607074603404992	0.042728265977228
12.000000000000000	0.243432278782601	0.631362850339861	0.041747123165995
12.000000000000000	0.206670080412108	0.653409900357501	0.040584855143648
12.000000000000000	0.168622861414331	0.673126977768859	0.039246141953298
12.000000000000000	0.129443824511646	0.690434688862220	0.037736374120473
12.000000000000000	0.089290729857663	0.705263341593660	0.036061630947372
12.000000000000000	0.048325259792769	0.717553226212309	0.034228656033663
12.000000000000000	0.006712367806408	0.727254855690447	0.032244830122385
12.000000000000000	-0.035380385672402	0.734329164990294	0.030118141380306
12.000000000000000	-0.077783507981777	0.738747668365135	0.027857153232388
12.000000000000000	-0.120326256714094	0.740492574061360	0.025470969879901
12.000000000000000	-0.162837327235408	0.739556855959586	0.022969199641016
12.000000000000000	-0.205145542468745	0.735944281866353	0.020361916261502
12.000000000000000	-0.247080542163783	0.729669398342497	0.017659618351303
12.000000000000000	-0.288473468877446	0.720757472129289	0.014873187110345
12.000000000000000	-0.329157647903233	0.709244388408181	0.012013842513781
12.000000000000000	-0.368969258411436	0.695176506303846	0.009093098133114
12.000000000000000	-0.407747993097798	0.678610472212347	0.006122714775107
12.000000000000000	-0.445337703684448	0.659612991706092	0.003114653125163
12.000000000000000	-0.481587029673911	0.638260560934037	0.000081025585870
12.000000000000000	-0.516350007824399	0.614639158598695	-0.002965952495370
12.000000000000000	-0.549486659892276	0.588843899750242	-0.006014012013237
12.000000000000000	-0.580863556275041	0.560978652791786	-0.009050879507846
12.000000000000000	-0.610354353285240	0.531155621237962	-0.012064326585640
12.000000000000000	-0.637840301891906	0.499494891910986	-0.015042219158812
12.000000000000000	-0.663210725880994	0.466123951393400	-0.017972566305001
12.000000000000000	-0.686363467509434	0.431177172684601	-0.020843568550496
12.000000000000000	-0.707205298858302	0.394795274128204	-0.023643665382556
12.000000000000000	-0.725652297228753	0.357124752788930	-0.026361581799517
12.000000000000000	-0.741630183069102	0.318317294560637	-0.028986373711238
12.000000000000000	-0.755074619072364	0.278529163380759	-0.031507472007094
12.000000000000000	-0.765931469239884	0.237920572010585	-0.033914725114055
12.000000000000000	-0.774157016867895	0.196655036915014	-0.036198439873484
12.000000000000000	-0.779718140579256	0.154898719839461	-0.038349420572066
12.000000000000000	-0.782592447691544	0.112819758735158	-0.040359005969706
12.000000000000000	-0.782768364384487	0.070587590726965	-0.042219104175275
12.000000000000000	-0.780245182303651	0.028372269849870	-0.043922225229812
12.000000000000000	-0.775033061412734	-0.013656217698588	-0.045461511265935
12.000000000000000	-0.767152989082979	-0.055328638032746	-0.046830764122058
12.000000000000000	-0.756636695584435	-0.096477191023938	-0.048024470300199
12.000000000000000	-0.743526526319361	-0.136936185972395	-0.049037823166890
12.000000000000000	-0.727875271312233	-0.176542708785209	-0.049866742307793
12.000000000000000	-0.709745952642954	-0.215137277973889	-0.050507889958089
12.000000000000000	-0.689211570679174	-0.252564486830024	-0.050958684442480
12.000000000000000	-0.666354810129579	-0.288673629193250	-0.051217310570682
12.000000000000000	-0.641267707101751	-0.323319306291768	-0.051282726946558
12.000000000000000	-0.614051278505246	-0.356362012211879	-0.051154670161450
12.000000000000000	-0.584815115292155	-0.387668695639058	-0.050833655854834
12.000000000000000	-0.553676941173014	-0.417113295608644	-0.050320976638025
12.000000000000000	-0.520762138584976	-0.444577249108846	-0.049618696889280
12.000000000000000	-0.486203243820989	-0.469949968492152	-0.048729644441283
12.000000000000000	-0.450139413352921	-0.493129286772747	-0.047657399194457
12.000000000000000	-0.412715863497564	-0.514021869016911	-0.046406278701967
12.000000000000000	-0.374083285681775	-0.532543588169855	-0.044981320784462
12.000000000000000	-0.334397239661290	-0.548619863805675	-0.043388263244547
12.000000000000000	-0.293817527136493	-0.562185962436405	-0.041633520762673
12.000000000000000	-0.252507548287363	-0.573187258170931	-0.039724159067491
12.000000000000000	-0.210633643818627	-0.581579452674168	-0.037667866484650
12.000000000000000	-0.168364425164446	-0.587328753540825	-0.035472922978625
12.000000000000000	-0.125870095549684	-0.590412010365491	-0.033148166812223
12.000000000000000	-0.083321764641590	-0.590816807961149	-0.030702958958018
12.000000000000000	-0.040890759551563	-0.588541516350754	-0.028147145405018
12.000000000000000	0.001252065038659	-0.583595297330569	-0.025491017512343
12.000000000000000	0.042937014848497	-0.575998067578852	-0.022745270569552
12.000000000000000	0.083996239297511	-0.565780418458419	-0.019920960730491
12.000000000000000	0.124264407380443	-0.552983492836020	-0.017029460494057
12.000000000000000	0.163579373396821	-0.537658819414544	-0.014082412911167
12.000000000000000	0.201782829854470	-0.519868105245110	-0.011091684702295
12.000000000000000	0.238720944917906	-0.499682987254557	-0.008069318474378
12.000000000000000	0.274244981834847	-0.477184743788820	-0.005027484229492
12.000000000000000	0.308211897846615	-0.452463967333723	-0.001978430360544
12.000000000000000	0.340484920170843	-0.425620199731005	0.001065565668681
12.000000000000000	0.370934096737193	-0.396761531358461	0.004092246760531
12.000000000000000	0.399436819458480	-0.366004165888142	0.007089425538499
12.000000000000000	0.425878317930162	-0.333471952375176	0.010045033421480
12.000000000000000	0.450152121570258	-0.299295886561337	0.012947169219695


13.000000000000000	-1.001159837038733	0.772285958138188	-0.063504809060512
13.000000000000000	-1.051353845701612	0.702765409654208	-0.063283098869720
13.000000000000000	-1.097033730505799	0.630198548779546	-0.062788765270924
13.000000000000000	-1.138015554677618	0.554877576650923	-0.062023798771052
13.000000000000000	-1.174134298875410	0.477105784239034	-0.060991279620210
13.000000000000000	-1.205244525664174	0.397196331102852	-0.059695365408597
13.000000000000000	-1.231220965140794	0.315470984406612	-0.058141274325358
13.000000000000000	-1.251959019351720	0.232258823277009	-0.056335264146779
13.000000000000000	-1.267375183472012	0.147894913717697	-0.054284607038429
13.000000000000000	-1.277407382049794	0.062718959416757	-0.051997560272717
13.000000000000000	-1.282015218962199	-0.022926066120166	-0.049483332979769
13.000000000000000	-1.281180140076285	-0.108695300603111	-0.046752049065513
13.000000000000000	-1.274905507959992	-0.194243381596533	-0.043814706446281
13.000000000000000	-1.263216588342258	-0.279225837171933	-0.040683132764086
13.000000000000000	-1.246160448376854	-0.363300472974736	-0.037369937760876
13.000000000000000	-1.223805767119561	-0.446128750120186	-0.033888462503557
13.000000000000000	-1.196242558981857	-0.527377148369940	-0.030252725664225
13.000000000000000	-1.163581811274651	-0.606718509100362	-0.026477367071921
13.000000000000000	-1.125955037301551	-0.683833352654831	-0.022577588763209
13.000000000000000	-1.083513746801213	-0.758411164775556	-0.018569093768934
13.000000000000000	-1.036428835871091	-0.830151646934902	-0.014468022883664
13.000000000000000	-0.984889898829176	-0.898765925531567	-0.010290889672408
13.000000000000000	-0.929104464784588	-0.963977715082626	-0.006054513976315
13.000000000000000	-0.869297161991104	-1.025524430727651	-0.001775954185109
13.000000000000000	-0.805708813348459	-1.083158245565270	0.002527561451021
13.000000000000000	-0.738595466693524	-1.136647088564627	0.006838704193507
13.000000000000000	-0.668227363786043	-1.185775579033518	0.011140114592116
13.000000000000000	-0.594887852140439	-1.230345893880419	0.015414472385330
13.000000000000000	-0.518872244085386	-1.270178564178257	0.019644566242922
13.000000000000000	-0.440486627645287	-1.305113197822435	0.023813363069913
13.000000000000000	-0.360046634031830	-1.335009125373228	0.027904076592833
13.000000000000000	-0.277876166708503	-1.359745966481972	0.031900234952116
13.000000000000000	-0.194306097145663	-1.379224114620236	0.035785747028468
13.000000000000000	-0.109672932517903	-1.393365138160157	0.039544967236125
13.000000000000000	-0.024317460708433	-1.402112096190926	0.043162758522105
13.000000000000000	0.061416621923456	-1.405429767799738	0.046624553317776
13.000000000000000	0.147184094486311	-1.403304793893977	0.049916412197314
13.000000000000000	0.232639601639220	-1.395745730993563	0.053025080006852
13.000000000000000	0.317439044215865	-1.382783016776872	0.055938039238307
13.000000000000000	0.401240964790426	-1.364468847518947	0.058643560432964
13.000000000000000	0.483707922606113	-1.340876967915517	0.061130749411869
13.000000000000000	0.564507852330004	-1.312102374139138	0.063389591142843
13.000000000000000	0.643315401162930	-1.278260931323134	0.065410990067477
13.000000000000000	0.719813238920376	-1.239488907013599	0.067186806725744
13.000000000000000	0.793693335809125	-1.195942422468082	0.068709890530724
13.000000000000000	0.864658202754530	-1.147796824010388	0.069974108561496
13.000000000000000	0.932422089284006	-1.095245976972818	0.070974370258250
13.000000000000000	0.996712134143342	-1.038501485068897	0.071706647920167
13.000000000000000	1.057269464012660	-0.977791838339908	0.072167992923557
13.000000000000000	1.113850235897908	-0.913361493106137	0.072356547594920
13.000000000000000	1.166226619000535	-0.845469887627552	0.072271552691144
13.000000000000000	1.214187712111706	-0.774390397437495	0.071913350456706
13.000000000000000	1.257540392837029	-0.700409234555899	0.071283383245581
13.000000000000000	1.296110095232284	-0.623824295014498	0.070384187713385
13.000000000000000	1.329741512718860	-0.544943959334648	0.069219384603159
13.000000000000000	1.358299223448538	-0.464085850787808	0.067793664165920
13.000000000000000	1.381668235599476	-0.381575556438730	0.066112767274668
13.000000000000000	1.399754450407689	-0.297745316121266	0.064183462307923
13.000000000000000	1.412485041069561	-0.212932684625811	0.062013517895850
13.000000000000000	1.419808745989680	-0.127479172485309	0.059611671638727
13.000000000000000	1.421696075193188	-0.041728870832864	0.056987594923715
13.000000000000000	1.418139429071505	0.043972934131803	0.054151853981595
13.000000000000000	1.409153128983265	0.129281151488019	0.051115867340283
13.000000000000000	1.394773359587265	0.213852275153493	0.047891859846450
13.000000000000000	1.375058023139614	0.297345767062076	0.044492813440383
13.000000000000000	1.350086506341780	0.379425428390358	0.040932414882284
13.000000000000000	1.319959360678368	0.459760753311678	0.037225000640528
13.000000000000000	1.284797897531776	0.538028259826428	0.033385499163757
13.000000000000000	1.244743699704075	0.613912792309902	0.029429370769289
13.000000000000000	1.199958051313038	0.687108790532762	0.025372545389880
13.000000000000000	1.150621288357921	0.757321520044238	0.021231358429499
13.000000000000000	1.096932072570040	0.824268258963730	0.017022484986431
13.000000000000000	1.039106591472100	0.887679436402044	0.012762872708536
13.000000000000000	0.977377687867338	0.947299717928217	0.008469673551052
13.000000000000000	0.911993922263739	1.002889033711150	0.004160174711728
13.000000000000000	0.843218572008596	1.054223545196087	-0.000148270978619
13.000000000000000	0.771328571163555	1.101096546423474	-0.004438314929834
13.000000000000000	0.696613395388891	1.143319296360902	-0.008692682649070
13.000000000000000	0.619373896327193	1.180721778896630	-0.012894243299073
13.000000000000000	0.539921090179983	1.213153387434460	-0.017026078678022
13.000000000000000	0.458574905355243	1.240483531333343	-0.021071551343150
13.000000000000000	0.375662894228632	1.262602161749804	-0.025014371603859
13.000000000000000	0.291518914205680	1.279420214765786	-0.028838663114554
13.000000000000000	0.206481783395847	1.290869970017624	-0.032529026803081
13.000000000000000	0.120893916311577	1.296905323382036	-0.036070602877356
13.000000000000000	0.035099945085914	1.297501972621165	-0.039449130660506
13.000000000000000	-0.050554668239462	1.292657515239109	-0.042651006013579
13.000000000000000	-0.135725022767953	1.282391458155924	-0.045663336114609
13.000000000000000	-0.220068167542218	1.266745139160143	-0.048473991373464
13.000000000000000	-0.303244482486640	1.245781560456091	-0.051071654273418
13.000000000000000	-0.384919045937499	1.219585134976245	-0.053445864942802
13.000000000000000	-0.464762983254305	1.188261346480148	-0.055587063273215
13.000000000000000	-0.542454791081906	1.151936324808537	-0.057486627414701
13.000000000000000	-0.617681631931019	1.110756338002993	-0.059136908492903
13.000000000000000	-0.690140593864387	1.064887203336163	-0.060531261408375
13.000000000000000	-0.759539910216247	1.014513619624125	-0.061664071594054
13.000000000000000	-0.825600134433704	0.959838423509444	-0.062530777623142
13.000000000000000	-0.888055265309379	0.901081772709606	-0.063127889576357
13.000000000000000	-0.946653818074386	0.838480259519587	-0.063453003094610
13.000000000000000	-1.001159837038733	0.772285958138188	-0.063504809060512


14.000000000000000	0.953935151655694	0.250451606300076	-0.002624428549267
14.000000000000000	0.934393967270737	0.316277468258482	-0.001272748443590
14.000000000000000	0.910698100143163	0.380726819935875	0.000085135598022
14.000000000000000	0.882942965166587	0.443540146540047	0.001443755855788
14.000000000000000	0.851240322473556	0.504464520974336	0.002797641645448
14.000000000000000	0.815717827416945	0.563254622285774	0.004141341346773
14.000000000000000	0.776518516546905	0.619673723485978	0.005469444355316
14.000000000000000	0.733800231653156	0.673494644767187	0.006776602869006
14.000000000000000	0.687734984191814	0.724500668275158	0.008057553421863
14.000000000000000	0.638508262655962	0.772486410755485	0.009307138078113
14.000000000000000	0.586318285678961	0.817258650559466	0.010520325201381
14.000000000000000	0.531375203877970	0.858637105679496	0.011692229715305
14.000000000000000	0.473900253651584	0.896455159681073	0.012818132774026
14.000000000000000	0.414124866338938	0.930560532608380	0.013893500763307
14.000000000000000	0.352289736327391	0.960815894161916	0.014914003555799
14.000000000000000	0.288643851861175	0.987099416679148	0.015875531946937
14.000000000000000	0.223443492453616	1.009305265691504	0.016774214201255
14.000000000000000	0.156951196939989	1.027344026082428	0.017606431642499
14.000000000000000	0.089434706326285	1.041143062130492	0.018368833224759
14.000000000000000	0.021165885690682	1.050646809987815	0.019058349025950
14.000000000000000	-0.047580370521176	1.055817001416065	0.019672202609298
14.000000000000000	-0.116527245399086	1.056632817879147	0.020207922203081
14.000000000000000	-0.185397114212286	1.053090974372101	0.020663350653573
14.000000000000000	-0.253912662306255	1.045205732648658	0.021036654111144
14.000000000000000	-0.321798001750955	1.033008843794193	0.021326329414525
14.000000000000000	-0.388779782244149	1.016549420375305	0.021531210143510
14.000000000000000	-0.454588291796593	0.995893738680852	0.021650471315714
14.000000000000000	-0.518958542767024	0.971124971850723	0.021683632708489
14.000000000000000	-0.581631338873862	0.942342854966962	0.021630560792611
14.000000000000000	-0.642354318887157	0.909663283455789	0.021491469269952
14.000000000000000	-0.700882972798194	0.873217846417631	0.021266918212984
14.000000000000000	-0.756981626374997	0.833153296764249	0.020957811809559
14.000000000000000	-0.810424390139282	0.789630960296565	0.020565394722067
14.000000000000000	-0.860996068943661	0.742826086102595	0.020091247075617
14.000000000000000	-0.908493028486546	0.692927140891232	0.019537278095434
14.000000000000000	-0.952724015275616	0.640135050103319	0.018905718419082
14.000000000000000	-0.993510926738122	0.584662388855820	0.018199111114473
14.000000000000000	-1.030689528377090	0.526732525976848	0.017420301439828
14.000000000000000	-1.064110115085676	0.466578724578232	0.016572425386833
14.000000000000000	-1.093638113956793	0.404443202787296	0.015658897053100
14.000000000000000	-1.119154626160709	0.340576158419947	0.014683394894804
14.000000000000000	-1.140556905708674	0.275234761522375	0.013649846914840
14.000000000000000	-1.157758773174748	0.208682118838050	0.012562414846139
14.000000000000000	-1.170690962709939	0.141186214369720	0.011425477393839
14.000000000000000	-1.179301400951323	0.073018830302421	0.010243612603786
14.000000000000000	-1.183555416703103	0.004454452632537	0.009021579428357
14.000000000000000	-1.183435880545276	-0.064230834090424	0.007764298563840
14.000000000000000	-1.178943273807758	-0.132760458458873	0.006476832636528
14.000000000000000	-1.170095686632245	-0.200858475862582	0.005164365817307
14.000000000000000	-1.156928745129591	-0.268250679620237	0.003832182946831
14.000000000000000	-1.139495467926037	-0.334665705112966	0.002485648255333
14.000000000000000	-1.117866052675917	-0.399836122473876	0.001130183762766
14.000000000000000	-1.092127593400475	-0.463499513433750	-0.000228752553763
14.000000000000000	-1.062383729790983	-0.525399527986788	-0.001585688737333
14.000000000000000	-1.028754229888287	-0.585286916621611	-0.002935160884857
14.000000000000000	-0.991374507819172	-0.642920533961066	-0.004271735148284
14.000000000000000	-0.950395078531469	-0.698068309769553	-0.005590029614791
14.000000000000000	-0.905980951723488	-0.750508183417956	-0.006884735977844
14.000000000000000	-0.858310967408194	-0.800028998043420	-0.008150640911879
14.000000000000000	-0.807577075787600	-0.846431350803509	-0.009382647064520
14.000000000000000	-0.753983564337053	-0.889528395801081	-0.010575793581818
14.000000000000000	-0.697746235211667	-0.929146596446764	-0.011725276083862
14.000000000000000	-0.639091536287216	-0.965126424229555	-0.012826466010319
14.000000000000000	-0.578255649334457	-0.997323001081828	-0.013874929258013
14.000000000000000	-0.515483538998503	-1.025606682752181	-0.014866444035495
14.000000000000000	-0.451027966412651	-1.049863580837076	-0.015797017862704
14.000000000000000	-0.385148471418511	-1.069996021369246	-0.016662903647278
14.000000000000000	-0.318110327490668	-1.085922938116289	-0.017460614772773
14.000000000000000	-0.250183473574024	-1.097580199005769	-0.018186939138032
14.000000000000000	-0.181641427134942	-1.104920864362442	-0.018838952091189
14.000000000000000	-0.112760182802943	-1.107915375917759	-0.019414028206205
14.000000000000000	-0.043817101037746	-1.106551675830580	-0.019909851854535
14.000000000000000	0.024910208703410	-1.100835255239849	-0.020324426529344
14.000000000000000	0.093145005801075	-1.090789132153708	-0.020656082884739
14.000000000000000	0.160612532810383	-1.076453758764108	-0.020903485457632
14.000000000000000	0.227041121812309	-1.057886858560109	-0.021065638045181
14.000000000000000	0.292163288324501	-1.035163193895761	-0.021141887716149
14.000000000000000	0.355716808366875	-1.008374264948491	-0.021131927440020
14.000000000000000	0.417445774345042	-0.977627941280184	-0.021035797323312
14.000000000000000	0.477101625499860	-0.943048027484530	-0.020853884448076
14.000000000000000	0.534444148773889	-0.904773764669618	-0.020586921313256
14.000000000000000	0.589242446064593	-0.862959269783140	-0.020235982885172
14.000000000000000	0.641275863969498	-0.817772915037841	-0.019802482269014
14.000000000000000	0.690334882279571	-0.769396649936037	-0.019288165018761
14.000000000000000	0.736221957643154	-0.718025268623191	-0.018695102108454
14.000000000000000	0.778752319003315	-0.663865625520640	-0.018025681593116
14.000000000000000	0.817754711605682	-0.607135802395851	-0.017282598992894
14.000000000000000	0.853072086580896	-0.548064230224111	-0.016468846439153
14.000000000000000	0.884562233324980	-0.486888769377610	-0.015587700626217
14.000000000000000	0.912098352131247	-0.423855751845679	-0.014642709617282
14.000000000000000	0.935569564767965	-0.359218989342810	-0.013637678557610
14.000000000000000	0.954881360945865	-0.293238751298460	-0.012576654352560
14.000000000000000	0.969955978877716	-0.226180716843918	-0.011463909372123
14.000000000000000	0.980732718397599	-0.158314905016216	-0.010303924247600
14.000000000000000	0.987168185379051	-0.089914587486772	-0.009101369829678
14.000000000000000	0.989236466467895	-0.021255188192810	-0.007861088380562
14.000000000000000	0.986929233426174	0.047386825697623	-0.006588074075900
14.000000000000000	0.980255776667023	0.115735057021357	-0.005287452894993
14.000000000000000	0.969242967845455	0.183514291573937	-0.003964461980292
14.000000000000000	0.953935151655694	0.250451606300076	-0.002624428549267


15.000000000000000	1.069155875574654	0.939556514062023	-0.124472507566576
15.000000000000000	1.001978768301925	1.012470773692580	-0.114666718334134
15.000000000000000	0.930320418494986	1.080915681841876	-0.104347209727073
15.000000000000000	0.854469369037142	1.144615635021999	-0.093555534764348
15.000000000000000	0.774731045333404	1.203314136003993	-0.082335147712180
15.000000000000000	0.691426525470183	1.256774826641673	-0.070731229109061
15.000000000000000	0.604891247347156	1.304782439602461	-0.058790503839677
15.000000000000000	0.515473657987238	1.347143665172949	-0.046561052990282
15.000000000000000	0.423533810463400	1.383687929648898	-0.034092120243137
15.000000000000000	0.329441914092025	1.414268082175332	-0.021433913589585
15.000000000000000	0.233576843730650	1.438760987271102	-0.008637403160183
15.000000000000000	0.136324614182643	1.457068020652005	0.004245884014018
15.000000000000000	0.038076825851825	1.469115466355969	0.017164071482643
15.000000000000000	-0.060770912094141	1.474854813571217	0.030065142264150
15.000000000000000	-0.159820574702239	1.474262951972179	0.042897148299854
15.000000000000000	-0.258673323940108	1.467342264776620	0.055608419630427
15.000000000000000	-0.356931114676029	1.454120619149263	0.068147772452584
15.000000000000000	-0.454198297466183	1.434651253990552	0.080464715218196
15.000000000000000	-0.550083211695320	1.409012565562391	0.092509651945935
15.000000000000000	-0.644199762655824	1.377307791814065	0.104234081926783
15.000000000000000	-0.736168976214825	1.339664596679454	0.115590795019272
15.000000000000000	-0.825620524809282	1.296234556019437	0.126534061748060
15.000000000000000	-0.912194218624373	1.247192547279387	0.137019817440388
15.000000000000000	-0.995541455950751	1.192736045319430	0.147005839658964
15.000000000000000	-1.075326626880588	1.133084327252875	0.156451918216820
15.000000000000000	-1.151228464690231	1.068477589494674	0.165320017089536
15.000000000000000	-1.222941339467900	0.999175980575235	0.173574427572893
15.000000000000000	-1.290176488777478	0.925458553614105	0.181181912069217
15.000000000000000	-1.352663180402922	0.847622142671549	0.188111837923456
15.000000000000000	-1.410149802491345	0.765980167502557	0.194336300770069
15.000000000000000	-1.462404876705142	0.680861371526108	0.199830236894058
15.000000000000000	-1.509217990303557	0.592608498091451	0.204571524153701
15.000000000000000	-1.550400643400526	0.501576910371605	0.208541071058613
15.000000000000000	-1.585787007987188	0.408133160441287	0.211722893644434
15.000000000000000	-1.615234595662749	0.312653513301076	0.214104179834615
15.000000000000000	-1.638624831384983	0.215522431791060	0.215675341030129
15.000000000000000	-1.655863530930074	0.117131028494670	0.216430050719372
15.000000000000000	-1.666881280139246	0.017875490866347	0.216365269952797
15.000000000000000	-1.671633714425079	-0.081844514075503	0.215481259579687
15.000000000000000	-1.670101697412046	-0.181627449066533	0.213781579197807
15.000000000000000	-1.662291397991943	-0.281071523445299	0.211273072820165
15.000000000000000	-1.648234265483938	-0.379776311022446	0.207965841316580
15.000000000000000	-1.627986902999264	-0.477344362455638	0.203873201741053
15.000000000000000	-1.601630839520465	-0.573382805637792	0.199011633708680
15.000000000000000	-1.569272201612963	-0.667504927654381	0.193400713038070
15.000000000000000	-1.531041286090831	-0.759331731939862	0.187063032926422
15.000000000000000	-1.487092035357515	-0.848493464363076	0.180024112974701
15.000000000000000	-1.437601417534101	-0.934631102096632	0.172312296429211
15.000000000000000	-1.382768713871161	-1.017397799275120	0.163958636053342
15.000000000000000	-1.322814716313484	-1.096460283620991	0.154996769089056
15.000000000000000	-1.257980838448844	-1.171500198414397	0.145462781811583
15.000000000000000	-1.188528143420691	-1.242215384403334	0.135395064222727
15.000000000000000	-1.114736292719005	-1.308321096492310	0.124834155467881
15.000000000000000	-1.036902420082189	-1.369551150310341	0.113822580599194
15.000000000000000	-0.955339935044371	-1.425658994041467	0.102404679342195
15.000000000000000	-0.870377260945827	-1.476418701201898	0.090626427555369
15.000000000000000	-0.782356512488105	-1.521625880366222	0.078535252101600
15.000000000000000	-0.691632118158871	-1.561098498179534	0.066179839876937
15.000000000000000	-0.598569393073479	-1.594677612341516	0.053609941765642
15.000000000000000	-0.503543067979938	-1.622228011610976	0.040876172310942
15.000000000000000	-0.406935780350450	-1.643638760253799	0.028029805908127
15.000000000000000	-0.309136533635360	-1.658823644741989	0.015122570340656
15.000000000000000	-0.210539130883555	-1.667721520905122	0.002206438490630
15.000000000000000	-0.111540589036576	-1.670296560136342	-0.010666580937659
15.000000000000000	-0.012539540281524	-1.666538393661506	-0.023444652838424
15.000000000000000	0.086065373100068	-1.656462154290588	-0.036076324426062
15.000000000000000	0.183877103924004	-1.640108415483188	-0.048510732417361
15.000000000000000	0.280501798872293	-1.617543027973535	-0.060697807839984
15.000000000000000	0.375550384401465	-1.588856854612815	-0.072588477642559
15.000000000000000	0.468640133404400	-1.554165404496547	-0.084134862294527
15.000000000000000	0.559396206317311	-1.513608367850218	-0.095290468580121
15.000000000000000	0.647453160466364	-1.467349053546049	-0.106010376810128
15.000000000000000	0.732456421576358	-1.415573731515806	-0.116251421697633
15.000000000000000	0.814063711516173	-1.358490882707529	-0.125972366169386
15.000000000000000	0.891946426532007	-1.296330359606330	-0.135134067412946
15.000000000000000	0.965790960418708	-1.229342460699572	-0.143699634490971
15.000000000000000	1.035299967301283	-1.157796922613188	-0.151634576888000
15.000000000000000	1.100193558941788	-1.081981833977502	-0.158906943391590
15.000000000000000	1.160210431750475	-1.002202475395985	-0.165487450748567
15.000000000000000	1.215108918963124	-0.918780090188019	-0.171349601578354
15.000000000000000	1.264667963747808	-0.832050590855425	-0.176469791068569
15.000000000000000	1.308688009322738	-0.742363206481377	-0.180827402023273
15.000000000000000	1.346991802500982	-0.650079076508150	-0.184404887881143
15.000000000000000	1.379425107426496	-0.555569796556034	-0.187187843369282
15.000000000000000	1.405857326627480	-0.459215922138936	-0.189165062508165
15.000000000000000	1.426182026886298	-0.361405436301633	-0.190328583734167
15.000000000000000	1.440317367808483	-0.262532187348992	-0.190673721957969
15.000000000000000	1.448206431365122	-0.162994302957848	-0.190199087429758
15.000000000000000	1.449817451081669	-0.063192587057367	-0.188906591335259
15.000000000000000	1.445143939950325	0.036471094066915	-0.186801438100067
15.000000000000000	1.434204716550928	0.135595429946781	-0.183892104433260
15.000000000000000	1.417043829275178	0.233781281866963	-0.180190305194681
15.000000000000000	1.393730378959306	0.330633290055862	-0.175710946223338
15.000000000000000	1.364358240639396	0.425761465659816	-0.170472064316847
15.000000000000000	1.329045685549751	0.518782761090562	-0.164494754603615
15.000000000000000	1.287934904886368	0.609322612422687	-0.157803085600202
15.000000000000000	1.241191437253186	0.697016447630356	-0.150424002295902
15.000000000000000	1.189003502096550	0.781511154590177	-0.142387217654780
15.000000000000000	1.131581241811926	0.862466502939104	-0.133725092972054
15.000000000000000	1.069155875574654	0.939556514062023	-0.124472507566576


