# n	x	y	z
1.000000000000000	0.385152744831660	0.045290860583168	0.007652541062273
1.000000000000000	0.380857548393177	0.073892540222921	0.007433610033797
1.000000000000000	0.374733466370086	0.102161954998611	0.007178879078465
1.000000000000000	0.366805158279236	0.129985273954448	0.006889373907929
1.000000000000000	0.357104548619064	0.157250462405064	0.006566260257332
1.000000000000000	0.345670698320899	0.183847733059648	0.006210839191303
1.000000000000000	0.332549647464388	0.209669988096615	0.005824541865033
1.000000000000000	0.317794229890336	0.234613250408733	0.005408923761511
1.000000000000000	0.301463860457481	0.258577082282243	0.004965658428152
1.000000000000000	0.283624295799827	0.281464989824073	0.004496530738006
1.000000000000000	0.264347369547887	0.303184811508698	0.004003429702704
1.000000000000000	0.243710703080007	0.323649089280069	0.003488340866079
1.000000000000000	0.221797392968470	0.342775420714341	0.002953338309079
1.000000000000000	0.198695676378929	0.360486790825346	0.002400576298175
1.000000000000000	0.174498575770483	0.376711882176766	0.001832280610891
1.000000000000000	0.149303524327067	0.391385362052273	0.001250739573383
1.000000000000000	0.123211973628406	0.404448145527323	0.000658294846157
1.000000000000000	0.096328985140314	0.415847633383288	0.000057331995032
1.000000000000000	0.068762807169250	0.425537923905952	-0.000549729114698
1.000000000000000	0.040624438984592	0.433479997715506	-0.001160444062203
1.000000000000000	0.012027183863757	0.439641874883826	-0.001772353713936
1.000000000000000	-0.016913807140104	0.443998743706351	-0.002382994125700
1.000000000000000	-0.046081998870764	0.446533060610062	-0.002989906464079
1.000000000000000	-0.075359941314853	0.447234620795260	-0.003590646907292
1.000000000000000	-0.104629742531616	0.446100599326689	-0.004182796485601
1.000000000000000	-0.133773543362148	0.443135562508558	-0.004763970821650
1.000000000000000	-0.162673992006627	0.438351449497643	-0.005331829731511
1.000000000000000	-0.191214716558595	0.431767524228515	-0.005884086647774
1.000000000000000	-0.219280793593552	0.423410297844477	-0.006418517826754
1.000000000000000	-0.246759210925025	0.413313421946548	-0.006932971302718
1.000000000000000	-0.273539322664756	0.401517553090339	-0.007425375553090
1.000000000000000	-0.299513294754644	0.388070189076455	-0.007893747839746
1.000000000000000	-0.324576539176434	0.373025477693617	-0.008336202192796
1.000000000000000	-0.348628135090755	0.356443998684627	-0.008750957004722
1.000000000000000	-0.371571235209721	0.338392519813123	-0.009136342204282
1.000000000000000	-0.393313455766777	0.318943728013365	-0.009490805981296
1.000000000000000	-0.413767248513522	0.298175936705601	-0.009812921035240
1.000000000000000	-0.432850253245602	0.276172770455564	-0.010101390322480
1.000000000000000	-0.450485629438190	0.253022828247862	-0.010355052279010
1.000000000000000	-0.466602365655654	0.228819326729138	-0.010572885497659
1.000000000000000	-0.481135565489548	0.203659724857534	-0.010754012840939
1.000000000000000	-0.494026708873543	0.177645331469861	-0.010897704972966
1.000000000000000	-0.505223887723081	0.150880897346673	-0.011003383296240
1.000000000000000	-0.514682014950908	0.123474193417844	-0.011070622281451
1.000000000000000	-0.522363006016866	0.095535576807071	-0.011099151180938
1.000000000000000	-0.528235932280890	0.067177546462684	-0.011088855118892
1.000000000000000	-0.532277145541727	0.038514290164090	-0.011039775553919
1.000000000000000	-0.534470373259897	0.009661224727885	-0.010952110112107
1.000000000000000	-0.534806784081465	-0.019265468734928	-0.010826211791248
1.000000000000000	-0.533285023398787	-0.048149312639270	-0.010662587539446
1.000000000000000	-0.529911218805036	-0.076874001940113	-0.010461896213812
1.000000000000000	-0.524698955420547	-0.105323872451841	-0.010224945927481
1.000000000000000	-0.517669221190334	-0.133384366587108	-0.009952690795628
1.000000000000000	-0.508850322373042	-0.160942494639808	-0.009646227093576
1.000000000000000	-0.498277769561631	-0.187887289754742	-0.009306788842490
1.000000000000000	-0.485994134694757	-0.214110254751981	-0.008935742840405
1.000000000000000	-0.472048879634597	-0.239505799006711	-0.008534583158611
1.000000000000000	-0.456498157001387	-0.263971663625420	-0.008104925125562
1.000000000000000	-0.439404584066640	-0.287409333206361	-0.007648498822510
1.000000000000000	-0.420836990615494	-0.309724432526311	-0.007167142117086
1.000000000000000	-0.400870141793460	-0.330827106556285	-0.006662793262851
1.000000000000000	-0.379584437053571	-0.350632382276020	-0.006137483094633
1.000000000000000	-0.357065586416157	-0.369060510830343	-0.005593326851075
1.000000000000000	-0.333404265344846	-0.386037288649657	-0.005032515657314
1.000000000000000	-0.308695749628478	-0.401494356241534	-0.004457307702091
1.000000000000000	-0.283039531739124	-0.415369473450255	-0.003870019144827
1.000000000000000	-0.256538920211024	-0.427606770075958	-0.003273014789262
1.000000000000000	-0.229300623653575	-0.438156970844208	-0.002668698561226
1.000000000000000	-0.201434321073427	-0.446977593820139	-0.002059503828881
1.000000000000000	-0.173052220235833	-0.454033121468212	-0.001447883604401
1.000000000000000	-0.144268605843580	-0.459295143668791	-0.000836300666564
1.000000000000000	-0.115199379352827	-0.462742472115673	-0.000227217644005
1.000000000000000	-0.085961592278852	-0.464361225633916	0.000376912900915
1.000000000000000	-0.056672974870906	-0.464144886074430	0.000973658347716
1.000000000000000	-0.027451462054056	-0.462094324560267	0.001560615813102
1.000000000000000	0.001585281453136	-0.458217797978909	0.002135421826523
1.000000000000000	0.030320334932903	-0.452530915734706	0.002695761847036
1.000000000000000	0.058637992466741	-0.445056576895304	0.003239379583147
1.000000000000000	0.086424228842302	-0.435824877985188	0.003764086078101
1.000000000000000	0.113567158692680	-0.424872991797599	0.004267768524033
1.000000000000000	0.139957487019296	-0.412245017712815	0.004748398769505
1.000000000000000	0.165488949284281	-0.397991804125509	0.005204041486154
1.000000000000000	0.190058739300263	-0.382170743696216	0.005632861961577
1.000000000000000	0.213567923194603	-0.364845542251339	0.006033133487068
1.000000000000000	0.235921837781178	-0.346085962262274	0.006403244310468
1.000000000000000	0.257030471735624	-0.325967541936562	0.006741704126119
1.000000000000000	0.276808828039166	-0.304571291052182	0.007047150075800
1.000000000000000	0.295177266231617	-0.281983364759772	0.007318352236479
1.000000000000000	0.312061823095403	-0.258294716666245	0.007554218572772
1.000000000000000	0.327394510479332	-0.233600732596711	0.007753799334191
1.000000000000000	0.341113589062884	-0.208000846509432	0.007916290879451
1.000000000000000	0.353163816958669	-0.181598140110361	0.008041038912449
1.000000000000000	0.363496672152002	-0.154498927779495	0.008127541116885
1.000000000000000	0.372070547881937	-0.126812328480393	0.008175449178913
1.000000000000000	0.378850920177005	-0.098649826376620	0.008184570189676
1.000000000000000	0.383810486871063	-0.070124821924369	0.008154867422082
1.000000000000000	0.386929277539484	-0.041352175248844	0.008086460478693
1.000000000000000	0.388194733913003	-0.012447743643084	0.007979624810126
1.000000000000000	0.387601760445439	0.016472084948475	0.007834790605912
1.000000000000000	0.385152744831660	0.045290860583168	0.007652541062273


2.000000000000000	0.062842156607748	-0.310699380336237	0.005347231121508
2.000000000000000	0.085962049290527	-0.305294597551470	0.001819217385164
2.000000000000000	0.108682207894711	-0.298395519662099	-0.001720682110169
2.000000000000000	0.130911146360542	-0.290029926819798	-0.005258213438611
2.000000000000000	0.152559356598381	-0.280231504314359	-0.008779132210051
2.000000000000000	0.173539668906202	-0.269039706934919	-0.012269260927282
2.000000000000000	0.193767602971213	-0.256499600099451	-0.015714546073781
2.000000000000000	0.213161708042256	-0.242661678392227	-0.019101114702253
2.000000000000000	0.231643890903239	-0.227581662239955	-0.022415330296100
2.000000000000000	0.249139730326952	-0.211320273545283	-0.025643847678858
2.000000000000000	0.265578776743083	-0.193942991181127	-0.028773666750511
2.000000000000000	0.280894835913774	-0.175519787330365	-0.031792184834308
2.000000000000000	0.295026235474452	-0.156124845732549	-0.034687247423292
2.000000000000000	0.307916073266675	-0.135836262972169	-0.037447197122212
2.000000000000000	0.319512446463042	-0.114735734011273	-0.040060920587738
2.000000000000000	0.329768660561559	-0.092908223232685	-0.042517893277971
2.000000000000000	0.338643417407917	-0.070441622318428	-0.044808221831060
2.000000000000000	0.346100981488588	-0.047426396340937	-0.046922683902281
2.000000000000000	0.352111323825119	-0.023955219492141	-0.048852765299157
2.000000000000000	0.356650242890233	-0.000122601917206	-0.050590694265115
2.000000000000000	0.359699462058838	0.023975490844468	-0.052129472773599
2.000000000000000	0.361246703201546	0.048242024278602	-0.053462904706658
2.000000000000000	0.361285736124364	0.072579285619778	-0.054585620804524
2.000000000000000	0.359816403655487	0.096889277306259	-0.055493100285727
2.000000000000000	0.356844622278177	0.121074111581585	-0.056181689050684
2.000000000000000	0.352382358307168	0.145036404654015	-0.056648614395474
2.000000000000000	0.346447579704544	0.168679668826689	-0.056891996176530
2.000000000000000	0.339064183729093	0.191908701019526	-0.056910854381320
2.000000000000000	0.330261900710486	0.214629966118428	-0.056705113074510
2.000000000000000	0.320076174335726	0.236751973608169	-0.056275600703727
2.000000000000000	0.308548018929938	0.258185645972415	-0.055624046763695
2.000000000000000	0.295723854306149	0.278844677377435	-0.054753074832167
2.000000000000000	0.281655318849091	0.298645881195237	-0.053666192005709
2.000000000000000	0.266399061585646	0.317509524966759	-0.052367774777853
2.000000000000000	0.250016514079214	0.335359651456338	-0.050863051416509
2.000000000000000	0.232573643066486	0.352124384504692	-0.049158080911568
2.000000000000000	0.214140684832676	0.367736218448843	-0.047259728577498
2.000000000000000	0.194791862394795	0.382132289943597	-0.045175638409134
2.000000000000000	0.174605086631754	0.395254631090050	-0.042914202302018
2.000000000000000	0.153661642564754	0.407050402851851	-0.040484526261194
2.000000000000000	0.132045862051194	0.417472107819362	-0.037896393734539
2.000000000000000	0.109844784210048	0.426477781464953	-0.035160226218273
2.000000000000000	0.087147804946050	0.434031161119351	-0.032287041293270
2.000000000000000	0.064046316983938	0.440101831988604	-0.029288408261151
2.000000000000000	0.040633341862209	0.444665349623729	-0.026176401558787
2.000000000000000	0.017003155368216	0.447703338349874	-0.022963552138806
2.000000000000000	-0.006749092077157	0.449203565258677	-0.019662797011866
2.000000000000000	-0.030527758556656	0.449159989465873	-0.016287427153883
2.000000000000000	-0.054237095772901	0.447572786435799	-0.012851033987958
2.000000000000000	-0.077781634592983	0.444448347274864	-0.009367454656519
2.000000000000000	-0.101066569468973	0.439799252996819	-0.005850716304023
2.000000000000000	-0.123998140186398	0.433644223863451	-0.002314979594607
2.000000000000000	-0.146484009403533	0.426008044004702	0.001225518307917
2.000000000000000	-0.168433634461290	0.416921461621720	0.004756521068092
2.000000000000000	-0.189758631966543	0.406421065174710	0.008263810584049
2.000000000000000	-0.210373133680864	0.394549136054114	0.011733264238783
2.000000000000000	-0.230194132281609	0.381353478328377	0.015150911766948
2.000000000000000	-0.249141815603111	0.366887226253836	0.018502991508185
2.000000000000000	-0.267139888012101	0.351208630321820	0.021776005820473
2.000000000000000	-0.284115877623296	0.334380822704487	0.024956775430366
2.000000000000000	-0.300001428118101	0.316471563043840	0.028032492501277
2.000000000000000	-0.314732573991380	0.297552965607573	0.030990772206118
2.000000000000000	-0.328249998117966	0.277701208910358	0.033819702596623
2.000000000000000	-0.340499270601794	0.256996228969863	0.036507892568562
2.000000000000000	-0.351431067945874	0.235521397432614	0.039044517729700
2.000000000000000	-0.361001371660612	0.213363185865804	0.041419363985798
2.000000000000000	-0.369171645510728	0.190610817566808	0.043622868669169
2.000000000000000	-0.375908990687075	0.167355908292462	0.045646159044168
2.000000000000000	-0.381186278278532	0.143692097354738	0.047481088034562
2.000000000000000	-0.384982258510552	0.119714670568286	0.049120267028932
2.000000000000000	-0.387281646310511	0.095520176568092	0.050557095632008
2.000000000000000	-0.388075182855291	0.071206038042200	0.051785788242124
2.000000000000000	-0.387359672853301	0.046870159444930	0.052801397347798
2.000000000000000	-0.385137997410785	0.022610532770196	0.053599833449616
2.000000000000000	-0.381419102430621	-0.001475157027667	0.054177881527197
2.000000000000000	-0.376217962590336	-0.025289925376737	0.054533213984952
2.000000000000000	-0.369555521044355	-0.048737878610147	0.054664400024486
2.000000000000000	-0.361458605093318	-0.071724600096033	0.054570911405919
2.000000000000000	-0.351959818160003	-0.094157530419994	0.054253124574922
2.000000000000000	-0.341097408506852	-0.115946340089177	0.053712319146902
2.000000000000000	-0.328915115223720	-0.137003293257269	0.052950672754444
2.000000000000000	-0.315461992105992	-0.157243601005783	0.051971252278753
2.000000000000000	-0.300792210132269	-0.176585762759106	0.050778001500403
2.000000000000000	-0.284964839336950	-0.194951894458552	0.049375725219128
2.000000000000000	-0.268043610956056	-0.212268042173979	0.047770069906589
2.000000000000000	-0.250096660804034	-0.228464479890165	0.045967500970022
2.000000000000000	-0.231196254914883	-0.243475990268858	0.043975276718331
2.000000000000000	-0.211418498552338	-0.257242127255981	0.041801419135433
2.000000000000000	-0.190843029760834	-0.269707459476561	0.039454681578565
2.000000000000000	-0.169552698691213	-0.280821793437306	0.036944513531603
2.000000000000000	-0.147633233992401	-0.290540375638090	0.034281022555323
2.000000000000000	-0.125172897612402	-0.298824072778505	0.031474933587825
2.000000000000000	-0.102262129398582	-0.305639529333846	0.028537545758988
2.000000000000000	-0.078993182928326	-0.310959301866036	0.025480686892867
2.000000000000000	-0.055459754036440	-0.314761969528670	0.022316665881216
2.000000000000000	-0.031756603535095	-0.317032220321197	0.019058223119929
2.000000000000000	-0.007979175645479	-0.317760912744948	0.015718479207956
2.000000000000000	0.015776786322390	-0.316945112612718	0.012310882115291
2.000000000000000	0.039415625494187	-0.314588104863710	0.008849153032735
2.000000000000000	0.062842156607748	-0.310699380336237	0.005347231121508


3.000000000000000	-0.285786787709560	0.477546186558404	-0.029555661474034
3.000000000000000	-0.320007589767543	0.455006869275734	-0.037521102642938
3.000000000000000	-0.352713570189158	0.430257315549124	-0.045312059672805
3.000000000000000	-0.383773033534619	0.403397183096230	-0.052897161129444
3.000000000000000	-0.413060914307278	0.374534628190323	-0.060245864486406
3.000000000000000	-0.440459280548238	0.343785870153150	-0.067328579108950
3.000000000000000	-0.465857808706731	0.311274723380744	-0.074116785405092
3.000000000000000	-0.489154227874113	0.277132098786552	-0.080583149663931
3.000000000000000	-0.510254731592724	0.241495476669388	-0.086701634118860
3.000000000000000	-0.529074355581380	0.204508353128792	-0.092447601792462
3.000000000000000	-0.545537319856548	0.166319662256890	-0.097797915700916
3.000000000000000	-0.559577333871593	0.127083176433362	-0.102731032018475
3.000000000000000	-0.571137863445411	0.086956887138344	-0.107227086826839
3.000000000000000	-0.580172358405625	0.046102368776506	-0.111267976100150
3.000000000000000	-0.586644440029700	0.004684128073942	-0.114837428603512
3.000000000000000	-0.590528047529216	-0.037131058332348	-0.117921071411509
3.000000000000000	-0.591807542987468	-0.079174815445116	-0.120506487782905
3.000000000000000	-0.590477774327835	-0.121277847893551	-0.122583267158480
3.000000000000000	-0.586544096059375	-0.163270621625985	-0.124143047080675
3.000000000000000	-0.580022347716110	-0.204984046563687	-0.125179546866258
3.000000000000000	-0.570938790076806	-0.246250157466925	-0.125688592896418
3.000000000000000	-0.559329999422093	-0.286902790271709	-0.125668135422456
3.000000000000000	-0.545242720254686	-0.326778251173827	-0.125118256819400
3.000000000000000	-0.528733677075775	-0.365715975766022	-0.124041171254308
3.000000000000000	-0.509869345975477	-0.403559175574189	-0.122441215770600
3.000000000000000	-0.488725686957086	-0.440155469389221	-0.120324832824315
3.000000000000000	-0.465387838072946	-0.475357496852360	-0.117700544342612
3.000000000000000	-0.439949772603565	-0.509023511823347	-0.114578917408983
3.000000000000000	-0.412513920660381	-0.541017953142104	-0.110972521713328
3.000000000000000	-0.383190756735857	-0.571211990485680	-0.106895878938261
3.000000000000000	-0.352098354861688	-0.599484043122490	-0.102365404285411
3.000000000000000	-0.319361913166353	-0.625720269475009	-0.097399340377201
3.000000000000000	-0.285113249746435	-0.649815025519628	-0.092017683800249
3.000000000000000	-0.249490271881674	-0.671671290177851	-0.086242104586169
3.000000000000000	-0.212636420731024	-0.691201055985931	-0.080095858953999
3.000000000000000	-0.174700093745731	-0.708325683469867	-0.073603695665623
3.000000000000000	-0.135834047125174	-0.722976217798813	-0.066791756371234
3.000000000000000	-0.096194780721566	-0.735093666441841	-0.059687470346139
3.000000000000000	-0.055941907870282	-0.744629236710042	-0.052319444042747
3.000000000000000	-0.015237512683293	-0.751544532227469	-0.044717345902484
3.000000000000000	0.025754502606345	-0.755811707539781	-0.036911786891446
3.000000000000000	0.066869077620938	-0.757413580238069	-0.028934197240849
3.000000000000000	0.107940658478034	-0.756343700146349	-0.020816699888573
3.000000000000000	0.148803864417481	-0.752606375294142	-0.012591981131438
3.000000000000000	0.189294153731374	-0.746216654569562	-0.004293159009014
3.000000000000000	0.229248486315442	-0.737200267122755	0.004046350051029
3.000000000000000	0.268505980174002	-0.725593518763693	0.012392965789084
3.000000000000000	0.306908559234972	-0.711443145771486	0.020713079329460
3.000000000000000	0.344301589866425	-0.694806126703889	0.028973188511461
3.000000000000000	0.380534503531646	-0.675749452964755	0.037140032790767
3.000000000000000	0.415461403075486	-0.654349859053297	0.045180727167901
3.000000000000000	0.448941650200712	-0.630693513581344	0.053062894604519
3.000000000000000	0.480840431768798	-0.604875672302750	0.060754796394316
3.000000000000000	0.511029302644843	-0.577000294552099	0.068225459963593
3.000000000000000	0.539386702900805	-0.547179624637152	0.075444803586882
3.000000000000000	0.565798447294420	-0.515533739870636	0.082383757515432
3.000000000000000	0.590158185052875	-0.482190067061289	0.089014381030836
3.000000000000000	0.612367828109836	-0.447282869411072	0.095309974952432
3.000000000000000	0.632337946071466	-0.410952705884644	0.101245189145491
3.000000000000000	0.649988126321063	-0.373345865228023	0.106796124597252
3.000000000000000	0.665247297812283	-0.334613776915431	0.111940429649821
3.000000000000000	0.678054017247160	-0.294912401396255	0.116657390002400
3.000000000000000	0.688356716486582	-0.254401602097357	0.120928012120472
3.000000000000000	0.696113910196985	-0.213244501709480	0.124735099716056
3.000000000000000	0.701294362897151	-0.171606825349743	0.128063322991093
3.000000000000000	0.703877214732465	-0.129656233245089	0.130899280365131
3.000000000000000	0.703852065470186	-0.087561645623723	0.133231552438757
3.000000000000000	0.701219016377519	-0.045492562532974	0.135050747975491
3.000000000000000	0.695988669813840	-0.003618381322427	0.136349541716982
3.000000000000000	0.688182086538745	0.037892285459413	0.137122703879233
3.000000000000000	0.677830700907796	0.078872289008348	0.137367121211099
3.000000000000000	0.664976194297472	0.119156617313722	0.137081809530252
3.000000000000000	0.649670327268976	0.158583059603554	0.136267917686129
3.000000000000000	0.631974731146719	0.196992859510058	0.134928722933931
3.000000000000000	0.611960659850738	0.234231354325511	0.133069617738263
3.000000000000000	0.589708702982298	0.270148597774386	0.130698088059589
3.000000000000000	0.565308461318019	0.304599963794081	0.127823683210908
3.000000000000000	0.538858186019170	0.337446728893030	0.124457977406042
3.000000000000000	0.510464383008920	0.368556630741241	0.120614523154364
3.000000000000000	0.480241384110575	0.397804400744016	0.116308796689620
3.000000000000000	0.448310886673680	0.425072268454373	0.111558135652606
3.000000000000000	0.414801463541743	0.450250435793067	0.106381669278601
3.000000000000000	0.379848045334774	0.473237519166701	0.100800241370692
3.000000000000000	0.343591377131301	0.493940957703678	0.094836326369134
3.000000000000000	0.306177451737615	0.512277385964159	0.088513938854711
3.000000000000000	0.267756921826264	0.528172969623267	0.081858536850496
3.000000000000000	0.228484493310915	0.541563702775854	0.074896919311379
3.000000000000000	0.188518302400240	0.552395665665690	0.067657118214129
3.000000000000000	0.148019278839218	0.560625241801293	0.060168285682522
3.000000000000000	0.107150497901851	0.566219293584141	0.052460576602026
3.000000000000000	0.066076523744593	0.569155295742090	0.044565027196722
3.000000000000000	0.024962746764572	0.569421426030695	0.036513430057378
3.000000000000000	-0.016025282369165	0.567016612837212	0.028338206123914
3.000000000000000	-0.056722519329766	0.561950539495608	0.020072274137716
3.000000000000000	-0.096965090707827	0.554243605295189	0.011748918089482
3.000000000000000	-0.136590953871774	0.543926843339867	0.003401653196344
3.000000000000000	-0.175440549456346	0.531041795588799	-0.004935909052091
3.000000000000000	-0.213357443851847	0.515640345581581	-0.013230196235338
3.000000000000000	-0.250188959107078	0.497784509521547	-0.021447810186328
3.000000000000000	-0.285786787709560	0.477546186558404	-0.029555661474034


4.000000000000000	0.546354645792134	0.011372356224999	-0.005402885643924
4.000000000000000	0.544321798576767	0.049896983730234	-0.005370004638936
4.000000000000000	0.539835877259123	0.088215255108547	-0.005312916706960
4.000000000000000	0.532914945061070	0.126172876205293	-0.005231851720949
4.000000000000000	0.523586870133869	0.163617005077222	-0.005127136100990
4.000000000000000	0.511889213342968	0.200396867433038	-0.004999191499926
4.000000000000000	0.497869077023647	0.236364363748257	-0.004848533105508
4.000000000000000	0.481582915316545	0.271374665609723	-0.004675767565917
4.000000000000000	0.463096306846757	0.305286798888506	-0.004481590547004
4.000000000000000	0.442483690661858	0.337964211392969	-0.004266783931091
4.000000000000000	0.419828066492130	0.369275322716245	-0.004032212668605
4.000000000000000	0.395220660539942	0.399094054064099	-0.003778821295230
4.000000000000000	0.368760558144035	0.427300335929726	-0.003507630128593
4.000000000000000	0.340554304797827	0.453780591571287	-0.003219731159808
4.000000000000000	0.310715477128323	0.478428194345352	-0.002916283656409
4.000000000000000	0.279364225563119	0.501143897054770	-0.002598509494393
4.000000000000000	0.246626790527040	0.521836231582094	-0.002267688238154
4.000000000000000	0.212634994116502	0.540421877199415	-0.001925151988129
4.000000000000000	0.177525709298457	0.556825996071518	-0.001572280016901
4.000000000000000	0.141440308771266	0.570982534601437	-0.001210493215355
4.000000000000000	0.104524095706733	0.582834489404975	-0.000841248371249
4.000000000000000	0.066925718665522	0.592334136843211	-0.000466032303249
4.000000000000000	0.028796573041864	0.599443225188753	-0.000086355874030
4.000000000000000	-0.009709808552257	0.604133128651942	0.000296252093432
4.000000000000000	-0.048438374508750	0.606384962646803	0.000680250971891
4.000000000000000	-0.087233178561513	0.606189659832610	0.001064094533394
4.000000000000000	-0.125938007727012	0.603548006624866	0.001446237175394
4.000000000000000	-0.164397011318825	0.598470640028681	0.001825140144345
4.000000000000000	-0.202455328503353	0.590978004807316	0.002199277731724
4.000000000000000	-0.239959711869739	0.581100271158326	0.002567143417516
4.000000000000000	-0.276759144503107	0.568877213228832	0.002927255936440
4.000000000000000	-0.312705448076371	0.554358048959064	0.003278165242481
4.000000000000000	-0.347653879512067	0.537601241899087	0.003618458347716
4.000000000000000	-0.381463713811633	0.518674265796722	0.003946765011914
4.000000000000000	-0.413998810705316	0.497653332904575	0.004261763260012
4.000000000000000	-0.445128162840985	0.474623087100195	0.004562184705242
4.000000000000000	-0.474726423304499	0.449676263055054	0.004846819656476
4.000000000000000	-0.502674410347495	0.422913312824755	0.005114521989224
4.000000000000000	-0.528859587290217	0.394442001364061	0.005364213760678
4.000000000000000	-0.553176515667014	0.364376972595451	0.005594889550201
4.000000000000000	-0.575527279789818	0.332839287778512	0.005805620507803
4.000000000000000	-0.595821881020071	0.299955938038972	0.005995558094295
4.000000000000000	-0.613978600161472	0.265859333020260	0.006163937498053
4.000000000000000	-0.629924326514340	0.230686767716600	0.006310080714646
4.000000000000000	-0.643594852266595	0.194579869634534	0.006433399276923
4.000000000000000	-0.654935131035960	0.157684028508932	0.006533396624556
4.000000000000000	-0.663899499522313	0.120147810869851	0.006609670103522
4.000000000000000	-0.670451861377676	0.082122361817549	0.006661912587439
4.000000000000000	-0.674565832553473	0.043760796414515	0.006689913714264
4.000000000000000	-0.676224847539780	0.005217583145150	0.006693560733342
4.000000000000000	-0.675422226068786	-0.033352078074296	0.006672838959414
4.000000000000000	-0.672161200013874	-0.071792880831014	0.006627831831751
4.000000000000000	-0.666454900376009	-0.109950037579745	0.006558720578170
4.000000000000000	-0.658326304409829	-0.147669902917592	0.006465783485298
4.000000000000000	-0.647808143102353	-0.184800592259831	0.006349394778005
4.000000000000000	-0.634942769376847	-0.221192593425527	0.006210023112538
4.000000000000000	-0.619781987552549	-0.256699368670315	0.006048229689402
4.000000000000000	-0.602386844746963	-0.291177944742180	0.005864665993609
4.000000000000000	-0.582827385060660	-0.324489488584278	0.005660071171375
4.000000000000000	-0.561182367534407	-0.356499866366659	0.005435269053837
4.000000000000000	-0.537538949014307	-0.387080183595858	0.005191164839780
4.000000000000000	-0.511992333201945	-0.416107304127524	0.004928741450720
4.000000000000000	-0.484645387302677	-0.443464345992219	0.004649055573024
4.000000000000000	-0.455608227815707	-0.469041152037849	0.004353233403007
4.000000000000000	-0.424997777133803	-0.492734733493644	0.004042466112140
4.000000000000000	-0.392937292738094	-0.514449684669583	0.003718005050619
4.000000000000000	-0.359555870883692	-0.534098567121438	0.003381156708624
4.000000000000000	-0.324987926774642	-0.551602261734525	0.003033277455538
4.000000000000000	-0.289372653321329	-0.566890287308458	0.002675768078332
4.000000000000000	-0.252853460659762	-0.579901084360063	0.002310068141087
4.000000000000000	-0.215577398689565	-0.590582263001694	0.001937650188379
4.000000000000000	-0.177694564955942	-0.598890813896816	0.001560013815862
4.000000000000000	-0.139357500259825	-0.604793281443425	0.001178679631921
4.000000000000000	-0.100720574429919	-0.608265898487951	0.000795183134728
4.000000000000000	-0.061939364729877	-0.609294682027195	0.000411068529323
4.000000000000000	-0.023170029403577	-0.607875489512945	0.000027882509652
4.000000000000000	0.015431321119018	-0.604014035532562	-0.000352831969428
4.000000000000000	0.053709252823461	-0.597725868798349	-0.000729541905079
4.000000000000000	0.091509633988735	-0.589036309538375	-0.001100730419350
4.000000000000000	0.128680255821295	-0.577980347540854	-0.001464902867100
4.000000000000000	0.165071445346162	-0.564602501262618	-0.001820592854416
4.000000000000000	0.200536668087164	-0.548956638569001	-0.002166368143257
4.000000000000000	0.234933118109550	-0.531105759826961	-0.002500836418574
4.000000000000000	0.268122293049093	-0.511121744224835	-0.002822650894672
4.000000000000000	0.299970551812225	-0.489085060340220	-0.003130515738236
4.000000000000000	0.330349652701552	-0.465084442121409	-0.003423191286202
4.000000000000000	0.359137269799905	-0.439216531587099	-0.003699499037435
4.000000000000000	0.386217485533640	-0.411585489683096	-0.003958326398142
4.000000000000000	0.411481257431791	-0.382302576862943	-0.004198631161894
4.000000000000000	0.434826857201615	-0.351485705081343	-0.004419445706221
4.000000000000000	0.456160280352521	-0.319258963004340	-0.004619880888887
4.000000000000000	0.475395624718982	-0.285752116348049	-0.004799129628155
4.000000000000000	0.492455436358227	-0.251100085357923	-0.004956470152616
4.000000000000000	0.507271021429941	-0.215442401532540	-0.005091268907511
4.000000000000000	0.519782722802106	-0.178922645779508	-0.005202983105830
4.000000000000000	0.529940160269225	-0.141687870265824	-0.005291162913926
4.000000000000000	0.537702433415623	-0.103888006290699	-0.005355453262833
4.000000000000000	0.543038286306983	-0.065675260565136	-0.005395595278007
4.000000000000000	0.545926233346969	-0.027203502329221	-0.005411427321722
4.000000000000000	0.546354645792134	0.011372356224999	-0.005402885643924


5.000000000000000	nan	nan	nan
5.000000000000000	nan	nan	nan
5.000000000000000	nan	nan	nan
5.000000000000000	nan	nan	nan
5.000000000000000	nan	nan	nan
5.000000000000000	nan	nan	nan
5.000000000000000	nan	nan	nan
5.000000000000000	nan	nan	nan
5.000000000000000	nan	nan	nan
5.000000000000000	nan	nan	nan
5.000000000000000	nan	nan	nan
5.000000000000000	nan	nan	nan
5.000000000000000	nan	nan	nan
5.000000000000000	nan	nan	nan
5.000000000000000	nan	nan	nan
5.000000000000000	nan	nan	nan
5.000000000000000	nan	nan	nan
5.000000000000000	nan	nan	nan
5.000000000000000	nan	nan	nan
5.000000000000000	nan	nan	nan
5.000000000000000	nan	nan	nan
5.000000000000000	nan	nan	nan
5.000000000000000	nan	nan	nan
5.000000000000000	nan	nan	nan
5.000000000000000	nan	nan	nan
5.000000000000000	nan	nan	nan
5.000000000000000	nan	nan	nan
5.000000000000000	nan	nan	nan
5.000000000000000	nan	nan	nan
5.000000000000000	nan	nan	nan
5.000000000000000	nan	nan	nan
5.000000000000000	nan	nan	nan
5.000000000000000	nan	nan	nan
5.000000000000000	nan	nan	nan
5.000000000000000	nan	nan	nan
5.000000000000000	nan	nan	nan
5.000000000000000	nan	nan	nan
5.000000000000000	nan	nan	nan
5.000000000000000	nan	nan	nan
5.000000000000000	nan	nan	nan
5.000000000000000	nan	nan	nan
5.000000000000000	nan	nan	nan
5.000000000000000	nan	nan	nan
5.000000000000000	nan	nan	nan
5.000000000000000	nan	nan	nan
5.000000000000000	nan	nan	nan
5.000000000000000	nan	nan	nan
5.000000000000000	nan	nan	nan
5.000000000000000	nan	nan	nan
5.000000000000000	nan	nan	nan
5.000000000000000	nan	nan	nan
5.000000000000000	nan	nan	nan
5.000000000000000	nan	nan	nan
5.000000000000000	nan	nan	nan
5.000000000000000	nan	nan	nan
5.000000000000000	nan	nan	nan
5.000000000000000	nan	nan	nan
5.000000000000000	nan	nan	nan
5.000000000000000	nan	nan	nan
5.000000000000000	nan	nan	nan
5.000000000000000	nan	nan	nan
5.000000000000000	nan	nan	nan
5.000000000000000	nan	nan	nan
5.000000000000000	nan	nan	nan
5.000000000000000	nan	nan	nan
5.000000000000000	nan	nan	nan
5.000000000000000	nan	nan	nan
5.000000000000000	nan	nan	nan
5.000000000000000	nan	nan	nan
5.000000000000000	nan	nan	nan
5.000000000000000	nan	nan	nan
5.000000000000000	nan	nan	nan
5.000000000000000	nan	nan	nan
5.000000000000000	nan	nan	nan
5.000000000000000	nan	nan	nan
5.000000000000000	nan	nan	nan
5.000000000000000	nan	nan	nan
5.000000000000000	nan	nan	nan
5.000000000000000	nan	nan	nan
5.000000000000000	nan	nan	nan
5.000000000000000	nan	nan	nan
5.000000000000000	nan	nan	nan
5.000000000000000	nan	nan	nan
5.000000000000000	nan	nan	nan
5.000000000000000	nan	nan	nan
5.000000000000000	nan	nan	nan
5.000000000000000	nan	nan	nan
5.000000000000000	nan	nan	nan
5.000000000000000	nan	nan	nan
5.000000000000000	nan	nan	nan
5.000000000000000	nan	nan	nan
5.000000000000000	nan	nan	nan
5.000000000000000	nan	nan	nan
5.000000000000000	nan	nan	nan
5.000000000000000	nan	nan	nan
5.000000000000000	nan	nan	nan
5.000000000000000	nan	nan	nan
5.000000000000000	nan	nan	nan
5.000000000000000	nan	nan	nan
5.000000000000000	nan	nan	nan


6.000000000000000	nan	nan	nan
6.000000000000000	nan	nan	nan
6.000000000000000	nan	nan	nan
6.000000000000000	nan	nan	nan
6.000000000000000	nan	nan	nan
6.000000000000000	nan	nan	nan
6.000000000000000	nan	nan	nan
6.000000000000000	nan	nan	nan
6.000000000000000	nan	nan	nan
6.000000000000000	nan	nan	nan
6.000000000000000	nan	nan	nan
6.000000000000000	nan	nan	nan
6.000000000000000	nan	nan	nan
6.000000000000000	nan	nan	nan
6.000000000000000	nan	nan	nan
6.000000000000000	nan	nan	nan
6.000000000000000	nan	nan	nan
6.000000000000000	nan	nan	nan
6.000000000000000	nan	nan	nan
6.000000000000000	nan	nan	nan
6.000000000000000	nan	nan	nan
6.000000000000000	nan	nan	nan
6.000000000000000	nan	nan	nan
6.000000000000000	nan	nan	nan
6.000000000000000	nan	nan	nan
6.000000000000000	nan	nan	nan
6.000000000000000	nan	nan	nan
6.000000000000000	nan	nan	nan
6.000000000000000	nan	nan	nan
6.000000000000000	nan	nan	nan
6.000000000000000	nan	nan	nan
6.000000000000000	nan	nan	nan
6.000000000000000	nan	nan	nan
6.000000000000000	nan	nan	nan
6.000000000000000	nan	nan	nan
6.000000000000000	nan	nan	nan
6.000000000000000	nan	nan	nan
6.000000000000000	nan	nan	nan
6.000000000000000	nan	nan	nan
6.000000000000000	nan	nan	nan
6.000000000000000	nan	nan	nan
6.000000000000000	nan	nan	nan
6.000000000000000	nan	nan	nan
6.000000000000000	nan	nan	nan
6.000000000000000	nan	nan	nan
6.000000000000000	nan	nan	nan
6.000000000000000	nan	nan	nan
6.000000000000000	nan	nan	nan
6.000000000000000	nan	nan	nan
6.000000000000000	nan	nan	nan
6.000000000000000	nan	nan	nan
6.000000000000000	nan	nan	nan
6.000000000000000	nan	nan	nan
6.000000000000000	nan	nan	nan
6.000000000000000	nan	nan	nan
6.000000000000000	nan	nan	nan
6.000000000000000	nan	nan	nan
6.000000000000000	nan	nan	nan
6.000000000000000	nan	nan	nan
6.000000000000000	nan	nan	nan
6.000000000000000	nan	nan	nan
6.000000000000000	nan	nan	nan
6.000000000000000	nan	nan	nan
6.000000000000000	nan	nan	nan
6.000000000000000	nan	nan	nan
6.000000000000000	nan	nan	nan
6.000000000000000	nan	nan	nan
6.000000000000000	nan	nan	nan
6.000000000000000	nan	nan	nan
6.000000000000000	nan	nan	nan
6.000000000000000	nan	nan	nan
6.000000000000000	nan	nan	nan
6.000000000000000	nan	nan	nan
6.000000000000000	nan	nan	nan
6.000000000000000	nan	nan	nan
6.000000000000000	nan	nan	nan
6.000000000000000	nan	nan	nan
6.000000000000000	nan	nan	nan
6.000000000000000	nan	nan	nan
6.000000000000000	nan	nan	nan
6.000000000000000	nan	nan	nan
6.000000000000000	nan	nan	nan
6.000000000000000	nan	nan	nan
6.000000000000000	nan	nan	nan
6.000000000000000	nan	nan	nan
6.000000000000000	nan	nan	nan
6.000000000000000	nan	nan	nan
6.000000000000000	nan	nan	nan
6.000000000000000	nan	nan	nan
6.000000000000000	nan	nan	nan
6.000000000000000	nan	nan	nan
6.000000000000000	nan	nan	nan
6.000000000000000	nan	nan	nan
6.000000000000000	nan	nan	nan
6.000000000000000	nan	nan	nan
6.000000000000000	nan	nan	nan
6.000000000000000	nan	nan	nan
6.000000000000000	nan	nan	nan
6.000000000000000	nan	nan	nan
6.000000000000000	nan	nan	nan


7.000000000000000	nan	nan	nan
7.000000000000000	nan	nan	nan
7.000000000000000	nan	nan	nan
7.000000000000000	nan	nan	nan
7.000000000000000	nan	nan	nan
7.000000000000000	nan	nan	nan
7.000000000000000	nan	nan	nan
7.000000000000000	nan	nan	nan
7.000000000000000	nan	nan	nan
7.000000000000000	nan	nan	nan
7.000000000000000	nan	nan	nan
7.000000000000000	nan	nan	nan
7.000000000000000	nan	nan	nan
7.000000000000000	nan	nan	nan
7.000000000000000	nan	nan	nan
7.000000000000000	nan	nan	nan
7.000000000000000	nan	nan	nan
7.000000000000000	nan	nan	nan
7.000000000000000	nan	nan	nan
7.000000000000000	nan	nan	nan
7.000000000000000	nan	nan	nan
7.000000000000000	nan	nan	nan
7.000000000000000	nan	nan	nan
7.000000000000000	nan	nan	nan
7.000000000000000	nan	nan	nan
7.000000000000000	nan	nan	nan
7.000000000000000	nan	nan	nan
7.000000000000000	nan	nan	nan
7.000000000000000	nan	nan	nan
7.000000000000000	nan	nan	nan
7.000000000000000	nan	nan	nan
7.000000000000000	nan	nan	nan
7.000000000000000	nan	nan	nan
7.000000000000000	nan	nan	nan
7.000000000000000	nan	nan	nan
7.000000000000000	nan	nan	nan
7.000000000000000	nan	nan	nan
7.000000000000000	nan	nan	nan
7.000000000000000	nan	nan	nan
7.000000000000000	nan	nan	nan
7.000000000000000	nan	nan	nan
7.000000000000000	nan	nan	nan
7.000000000000000	nan	nan	nan
7.000000000000000	nan	nan	nan
7.000000000000000	nan	nan	nan
7.000000000000000	nan	nan	nan
7.000000000000000	nan	nan	nan
7.000000000000000	nan	nan	nan
7.000000000000000	nan	nan	nan
7.000000000000000	nan	nan	nan
7.000000000000000	nan	nan	nan
7.000000000000000	nan	nan	nan
7.000000000000000	nan	nan	nan
7.000000000000000	nan	nan	nan
7.000000000000000	nan	nan	nan
7.000000000000000	nan	nan	nan
7.000000000000000	nan	nan	nan
7.000000000000000	nan	nan	nan
7.000000000000000	nan	nan	nan
7.000000000000000	nan	nan	nan
7.000000000000000	nan	nan	nan
7.000000000000000	nan	nan	nan
7.000000000000000	nan	nan	nan
7.000000000000000	nan	nan	nan
7.000000000000000	nan	nan	nan
7.000000000000000	nan	nan	nan
7.000000000000000	nan	nan	nan
7.000000000000000	nan	nan	nan
7.000000000000000	nan	nan	nan
7.000000000000000	nan	nan	nan
7.000000000000000	nan	nan	nan
7.000000000000000	nan	nan	nan
7.000000000000000	nan	nan	nan
7.000000000000000	nan	nan	nan
7.000000000000000	nan	nan	nan
7.000000000000000	nan	nan	nan
7.000000000000000	nan	nan	nan
7.000000000000000	nan	nan	nan
7.000000000000000	nan	nan	nan
7.000000000000000	nan	nan	nan
7.000000000000000	nan	nan	nan
7.000000000000000	nan	nan	nan
7.000000000000000	nan	nan	nan
7.000000000000000	nan	nan	nan
7.000000000000000	nan	nan	nan
7.000000000000000	nan	nan	nan
7.000000000000000	nan	nan	nan
7.000000000000000	nan	nan	nan
7.000000000000000	nan	nan	nan
7.000000000000000	nan	nan	nan
7.000000000000000	nan	nan	nan
7.000000000000000	nan	nan	nan
7.000000000000000	nan	nan	nan
7.000000000000000	nan	nan	nan
7.000000000000000	nan	nan	nan
7.000000000000000	nan	nan	nan
7.000000000000000	nan	nan	nan
7.000000000000000	nan	nan	nan
7.000000000000000	nan	nan	nan
7.000000000000000	nan	nan	nan


8.000000000000000	nan	nan	nan
8.000000000000000	nan	nan	nan
8.000000000000000	nan	nan	nan
8.000000000000000	nan	nan	nan
8.000000000000000	nan	nan	nan
8.000000000000000	nan	nan	nan
8.000000000000000	nan	nan	nan
8.000000000000000	nan	nan	nan
8.000000000000000	nan	nan	nan
8.000000000000000	nan	nan	nan
8.000000000000000	nan	nan	nan
8.000000000000000	nan	nan	nan
8.000000000000000	nan	nan	nan
8.000000000000000	nan	nan	nan
8.000000000000000	nan	nan	nan
8.000000000000000	nan	nan	nan
8.000000000000000	nan	nan	nan
8.000000000000000	nan	nan	nan
8.000000000000000	nan	nan	nan
8.000000000000000	nan	nan	nan
8.000000000000000	nan	nan	nan
8.000000000000000	nan	nan	nan
8.000000000000000	nan	nan	nan
8.000000000000000	nan	nan	nan
8.000000000000000	nan	nan	nan
8.000000000000000	nan	nan	nan
8.000000000000000	nan	nan	nan
8.000000000000000	nan	nan	nan
8.000000000000000	nan	nan	nan
8.000000000000000	nan	nan	nan
8.000000000000000	nan	nan	nan
8.000000000000000	nan	nan	nan
8.000000000000000	nan	nan	nan
8.000000000000000	nan	nan	nan
8.000000000000000	nan	nan	nan
8.000000000000000	nan	nan	nan
8.000000000000000	nan	nan	nan
8.000000000000000	nan	nan	nan
8.000000000000000	nan	nan	nan
8.000000000000000	nan	nan	nan
8.000000000000000	nan	nan	nan
8.000000000000000	nan	nan	nan
8.000000000000000	nan	nan	nan
8.000000000000000	nan	nan	nan
8.000000000000000	nan	nan	nan
8.000000000000000	nan	nan	nan
8.000000000000000	nan	nan	nan
8.000000000000000	nan	nan	nan
8.000000000000000	nan	nan	nan
8.000000000000000	nan	nan	nan
8.000000000000000	nan	nan	nan
8.000000000000000	nan	nan	nan
8.000000000000000	nan	nan	nan
8.000000000000000	nan	nan	nan
8.000000000000000	nan	nan	nan
8.000000000000000	nan	nan	nan
8.000000000000000	nan	nan	nan
8.000000000000000	nan	nan	nan
8.000000000000000	nan	nan	nan
8.000000000000000	nan	nan	nan
8.000000000000000	nan	nan	nan
8.000000000000000	nan	nan	nan
8.000000000000000	nan	nan	nan
8.000000000000000	nan	nan	nan
8.000000000000000	nan	nan	nan
8.000000000000000	nan	nan	nan
8.000000000000000	nan	nan	nan
8.000000000000000	nan	nan	nan
8.000000000000000	nan	nan	nan
8.000000000000000	nan	nan	nan
8.000000000000000	nan	nan	nan
8.000000000000000	nan	nan	nan
8.000000000000000	nan	nan	nan
8.000000000000000	nan	nan	nan
8.000000000000000	nan	nan	nan
8.000000000000000	nan	nan	nan
8.000000000000000	nan	nan	nan
8.000000000000000	nan	nan	nan
8.000000000000000	nan	nan	nan
8.000000000000000	nan	nan	nan
8.000000000000000	nan	nan	nan
8.000000000000000	nan	nan	nan
8.000000000000000	nan	nan	nan
8.000000000000000	nan	nan	nan
8.000000000000000	nan	nan	nan
8.000000000000000	nan	nan	nan
8.000000000000000	nan	nan	nan
8.000000000000000	nan	nan	nan
8.000000000000000	nan	nan	nan
8.000000000000000	nan	nan	nan
8.000000000000000	nan	nan	nan
8.000000000000000	nan	nan	nan
8.000000000000000	nan	nan	nan
8.000000000000000	nan	nan	nan
8.000000000000000	nan	nan	nan
8.000000000000000	nan	nan	nan
8.000000000000000	nan	nan	nan
8.000000000000000	nan	nan	nan
8.000000000000000	nan	nan	nan
8.000000000000000	nan	nan	nan


9.000000000000000	0.449880697740427	0.644742158868274	-0.000090568196292
9.000000000000000	0.402400555822807	0.675656516455537	0.004047194233701
9.000000000000000	0.353031392503106	0.703465164096451	0.008168714133837
9.000000000000000	0.301971999977475	0.728056126181852	0.012257395598143
9.000000000000000	0.249427976398519	0.749330383586651	0.016296774949437
9.000000000000000	0.195610898004105	0.767202272384895	0.020270587032745
9.000000000000000	0.140737467174526	0.781599828788165	0.024162830709340
9.000000000000000	0.085028639848495	0.792465078918353	0.027957833287679
9.000000000000000	0.028708735811573	0.799754272248008	0.031640313631803
9.000000000000000	-0.027995464560444	0.803438057768265	0.035195443693073
9.000000000000000	-0.084855633466052	0.803501602175003	0.038608908217494
9.000000000000000	-0.141642815073510	0.799944649597326	0.041866962388187
9.000000000000000	-0.198128347445167	0.792781522627858	0.044956487170916
9.000000000000000	-0.254084783278379	0.782041064650725	0.047865042139811
9.000000000000000	-0.309286805755521	0.767766523699423	0.050580915570568
9.000000000000000	-0.363512135815287	0.750015378312252	0.053093171599431
9.000000000000000	-0.416542427192019	0.728859106086531	0.055391694258057
9.000000000000000	-0.468164145619054	0.704382895863538	0.057467228206951
9.000000000000000	-0.518169428655849	0.676685304703115	0.059311416003445
9.000000000000000	-0.566356922676670	0.645877861029173	0.060916831754178
9.000000000000000	-0.612532593650569	0.612084615544091	0.062277011016544
9.000000000000000	-0.656510508447950	0.575441641720323	0.063386476828720
9.000000000000000	-0.698113583527656	0.536096487880548	0.064240761763458
9.000000000000000	-0.737174297989886	0.494207583072652	0.064836425916843
9.000000000000000	-0.773535368123736	0.449943599131867	0.065171070759563
9.000000000000000	-0.807050380733191	0.403482771498826	0.065243348794948
9.000000000000000	-0.837584382691388	0.355012181528349	0.065052968984859
9.000000000000000	-0.865014424349226	0.304727003178853	0.064600697921599
9.000000000000000	-0.889230054610211	0.252829717115711	0.063888356741113
9.000000000000000	-0.910133765678039	0.199529295393076	0.062918813789918
9.000000000000000	-0.927641385686074	0.145040359997174	0.061695973075284
9.000000000000000	-0.941682417627748	0.089582318639312	0.060224758545177
9.000000000000000	-0.952200323223128	0.033378481278470	0.058511094261251
9.000000000000000	-0.959152750578610	-0.023344839069095	0.056561880544752
9.000000000000000	-0.962511704723049	-0.080359237612485	0.054384966191352
9.000000000000000	-0.962263660333629	-0.137435137491643	0.051989116866826
9.000000000000000	-0.958409616197558	-0.194342714202339	0.049383979810802
9.000000000000000	-0.950965091190313	-0.250852821018334	0.046580044990738
9.000000000000000	-0.939960061786599	-0.306737911684369	0.043588602862523
9.000000000000000	-0.925438841355667	-0.361772956664628	0.040421698907798
9.000000000000000	-0.907459901727020	-0.415736349257250	0.037092085131047
9.000000000000000	-0.886095637744986	-0.468410797926308	0.033613168711785
9.000000000000000	-0.861432075760239	-0.519584201258131	0.029998958018569
9.000000000000000	-0.833568527232039	-0.569050502018835	0.026264006202248
9.000000000000000	-0.802617188836044	-0.616610516874079	0.022423352595558
9.000000000000000	-0.768702690687893	-0.662072738430052	0.018492462155039
9.000000000000000	-0.731961594501717	-0.705254106366156	0.014487163189111
9.000000000000000	-0.692541843704318	-0.745980744554308	0.010423583623065
9.000000000000000	-0.650602167719201	-0.784088661196735	0.006318086057598
9.000000000000000	-0.606311442819210	-0.819424409163073	0.002187201882396
9.000000000000000	-0.559848012121383	-0.851845703867791	-0.001952435289936
9.000000000000000	-0.511398967462162	-0.881221996200007	-0.006084156601565
9.000000000000000	-0.461159396044599	-0.907434998198681	-0.010191325069034
9.000000000000000	-0.409331594891052	-0.930379159356477	-0.014257402574525
9.000000000000000	-0.356124256264465	-0.949962091634414	-0.018266016459019
9.000000000000000	-0.301751627338290	-0.966104941475880	-0.022201025449219
9.000000000000000	-0.246432647498730	-0.978742707322085	-0.026046584652758
9.000000000000000	-0.190390066753112	-0.987824501350383	-0.029787209359990
9.000000000000000	-0.133849548794217	-0.993313754381588	-0.033407837395449
9.000000000000000	-0.077038762332243	-0.995188363131140	-0.036893889767914
9.000000000000000	-0.020186464353258	-0.993440779211235	-0.040231329374862
9.000000000000000	0.036478421004438	-0.988078039525520	-0.043406717524923
9.000000000000000	0.092727724247031	-0.979121737933965	-0.046407268050752
9.000000000000000	0.148334949283202	-0.966607938302008	-0.049220898794407
9.000000000000000	0.203076185443955	-0.950587029284098	-0.051836280257935
9.000000000000000	0.256731009091848	-0.931123521426371	-0.054242881223267
9.000000000000000	0.309083371189188	-0.908295787405446	-0.056431011157709
9.000000000000000	0.359922467251247	-0.882195746449320	-0.058391859234302
9.000000000000000	0.409043586181527	-0.852928494211074	-0.060117529809911
9.000000000000000	0.456248934571088	-0.820611879585780	-0.061601074218193
9.000000000000000	0.501348433142799	-0.785376030174584	-0.062836518749423
9.000000000000000	0.544160482133498	-0.747362828306793	-0.063818888704517
9.000000000000000	0.584512692532146	-0.706725339729805	-0.064544228426386
9.000000000000000	0.622242580229529	-0.663627197267371	-0.065009617227975
9.000000000000000	0.657198220284419	-0.618241941927966	-0.065213181152836
9.000000000000000	0.689238858671688	-0.570752324116400	-0.065154100520890
9.000000000000000	0.718235479049096	-0.521349567762436	-0.064832613228990
9.000000000000000	0.744071322260559	-0.470232600329515	-0.064250013792993
9.000000000000000	0.766642356484065	-0.417607251804073	-0.063408648135204
9.000000000000000	0.785857696131101	-0.363685425890836	-0.062311904138171
9.000000000000000	0.801639967810844	-0.308684246751383	-0.060964198002881
9.000000000000000	0.813925621885492	-0.252825184721783	-0.059370956466277
9.000000000000000	0.822665188362234	-0.196333164529725	-0.057538594949703
9.000000000000000	0.827823476091441	-0.139435659602014	-0.055474491726264
9.000000000000000	0.829379714469016	-0.082361776109375	-0.053186958211129
9.000000000000000	0.827327637072274	-0.025341330436759	-0.050685205494393
9.000000000000000	0.821675506892626	0.031396076206119	-0.047979307251268
9.000000000000000	0.812446083063421	0.087621982307823	-0.045080159178950
9.000000000000000	0.799676529216951	0.143109985989065	-0.041999435123488
9.000000000000000	0.783418263839621	0.197636656643166	-0.038749540073333
9.000000000000000	0.763736753227853	0.250982434612250	-0.035343560208821
9.000000000000000	0.740711247878413	0.302932515276495	-0.031795210208748
9.000000000000000	0.714434463374635	0.353277713996523	-0.028118778026194
9.000000000000000	0.685012207053489	0.401815308426115	-0.024329067355986
9.000000000000000	0.652562951956778	0.448349854803543	-0.020441338025438
9.000000000000000	0.617217359782013	0.492693974934622	-0.016471244548414
9.000000000000000	0.579117754753876	0.534669110698567	-0.012434773090126
9.000000000000000	0.538417550534798	0.574106243038519	-0.008348177096490
9.000000000000000	0.495280632482285	0.610846572541634	-0.004227911847233
9.000000000000000	0.449880697740427	0.644742158868274	-0.000090568196292


10.000000000000000	nan	nan	nan
10.000000000000000	nan	nan	nan
10.000000000000000	nan	nan	nan
10.000000000000000	nan	nan	nan
10.000000000000000	nan	nan	nan
10.000000000000000	nan	nan	nan
10.000000000000000	nan	nan	nan
10.000000000000000	nan	nan	nan
10.000000000000000	nan	nan	nan
10.000000000000000	nan	nan	nan
10.000000000000000	nan	nan	nan
10.000000000000000	nan	nan	nan
10.000000000000000	nan	nan	nan
10.000000000000000	nan	nan	nan
10.000000000000000	nan	nan	nan
10.000000000000000	nan	nan	nan
10.000000000000000	nan	nan	nan
10.000000000000000	nan	nan	nan
10.000000000000000	nan	nan	nan
10.000000000000000	nan	nan	nan
10.000000000000000	nan	nan	nan
10.000000000000000	nan	nan	nan
10.000000000000000	nan	nan	nan
10.000000000000000	nan	nan	nan
10.000000000000000	nan	nan	nan
10.000000000000000	nan	nan	nan
10.000000000000000	nan	nan	nan
10.000000000000000	nan	nan	nan
10.000000000000000	nan	nan	nan
10.000000000000000	nan	nan	nan
10.000000000000000	nan	nan	nan
10.000000000000000	nan	nan	nan
10.000000000000000	nan	nan	nan
10.000000000000000	nan	nan	nan
10.000000000000000	nan	nan	nan
10.000000000000000	nan	nan	nan
10.000000000000000	nan	nan	nan
10.000000000000000	nan	nan	nan
10.000000000000000	nan	nan	nan
10.000000000000000	nan	nan	nan
10.000000000000000	nan	nan	nan
10.000000000000000	nan	nan	nan
10.000000000000000	nan	nan	nan
10.000000000000000	nan	nan	nan
10.000000000000000	nan	nan	nan
10.000000000000000	nan	nan	nan
10.000000000000000	nan	nan	nan
10.000000000000000	nan	nan	nan
10.000000000000000	nan	nan	nan
10.000000000000000	nan	nan	nan
10.000000000000000	nan	nan	nan
10.000000000000000	nan	nan	nan
10.000000000000000	nan	nan	nan
10.000000000000000	nan	nan	nan
10.000000000000000	nan	nan	nan
10.000000000000000	nan	nan	nan
10.000000000000000	nan	nan	nan
10.000000000000000	nan	nan	nan
10.000000000000000	nan	nan	nan
10.000000000000000	nan	nan	nan
10.000000000000000	nan	nan	nan
10.000000000000000	nan	nan	nan
10.000000000000000	nan	nan	nan
10.000000000000000	nan	nan	nan
10.000000000000000	nan	nan	nan
10.000000000000000	nan	nan	nan
10.000000000000000	nan	nan	nan
10.000000000000000	nan	nan	nan
10.000000000000000	nan	nan	nan
10.000000000000000	nan	nan	nan
10.000000000000000	nan	nan	nan
10.000000000000000	nan	nan	nan
10.000000000000000	nan	nan	nan
10.000000000000000	nan	nan	nan
10.000000000000000	nan	nan	nan
10.000000000000000	nan	nan	nan
10.000000000000000	nan	nan	nan
10.000000000000000	nan	nan	nan
10.000000000000000	nan	nan	nan
10.000000000000000	nan	nan	nan
10.000000000000000	nan	nan	nan
10.000000000000000	nan	nan	nan
10.000000000000000	nan	nan	nan
10.000000000000000	nan	nan	nan
10.000000000000000	nan	nan	nan
10.000000000000000	nan	nan	nan
10.000000000000000	nan	nan	nan
10.000000000000000	nan	nan	nan
10.000000000000000	nan	nan	nan
10.000000000000000	nan	nan	nan
10.000000000000000	nan	nan	nan
10.000000000000000	nan	nan	nan
10.000000000000000	nan	nan	nan
10.000000000000000	nan	nan	nan
10.000000000000000	nan	nan	nan
10.000000000000000	nan	nan	nan
10.000000000000000	nan	nan	nan
10.000000000000000	nan	nan	nan
10.000000000000000	nan	nan	nan
10.000000000000000	nan	nan	nan


11.000000000000000	nan	nan	nan
11.000000000000000	nan	nan	nan
11.000000000000000	nan	nan	nan
11.000000000000000	nan	nan	nan
11.000000000000000	nan	nan	nan
11.000000000000000	nan	nan	nan
11.000000000000000	nan	nan	nan
11.000000000000000	nan	nan	nan
11.000000000000000	nan	nan	nan
11.000000000000000	nan	nan	nan
11.000000000000000	nan	nan	nan
11.000000000000000	nan	nan	nan
11.000000000000000	nan	nan	nan
11.000000000000000	nan	nan	nan
11.000000000000000	nan	nan	nan
11.000000000000000	nan	nan	nan
11.000000000000000	nan	nan	nan
11.000000000000000	nan	nan	nan
11.000000000000000	nan	nan	nan
11.000000000000000	nan	nan	nan
11.000000000000000	nan	nan	nan
11.000000000000000	nan	nan	nan
11.000000000000000	nan	nan	nan
11.000000000000000	nan	nan	nan
11.000000000000000	nan	nan	nan
11.000000000000000	nan	nan	nan
11.000000000000000	nan	nan	nan
11.000000000000000	nan	nan	nan
11.000000000000000	nan	nan	nan
11.000000000000000	nan	nan	nan
11.000000000000000	nan	nan	nan
11.000000000000000	nan	nan	nan
11.000000000000000	nan	nan	nan
11.000000000000000	nan	nan	nan
11.000000000000000	nan	nan	nan
11.000000000000000	nan	nan	nan
11.000000000000000	nan	nan	nan
11.000000000000000	nan	nan	nan
11.000000000000000	nan	nan	nan
11.000000000000000	nan	nan	nan
11.000000000000000	nan	nan	nan
11.000000000000000	nan	nan	nan
11.000000000000000	nan	nan	nan
11.000000000000000	nan	nan	nan
11.000000000000000	nan	nan	nan
11.000000000000000	nan	nan	nan
11.000000000000000	nan	nan	nan
11.000000000000000	nan	nan	nan
11.000000000000000	nan	nan	nan
11.000000000000000	nan	nan	nan
11.000000000000000	nan	nan	nan
11.000000000000000	nan	nan	nan
11.000000000000000	nan	nan	nan
11.000000000000000	nan	nan	nan
11.000000000000000	nan	nan	nan
11.000000000000000	nan	nan	nan
11.000000000000000	nan	nan	nan
11.000000000000000	nan	nan	nan
11.000000000000000	nan	nan	nan
11.000000000000000	nan	nan	nan
11.000000000000000	nan	nan	nan
11.000000000000000	nan	nan	nan
11.000000000000000	nan	nan	nan
11.000000000000000	nan	nan	nan
11.000000000000000	nan	nan	nan
11.000000000000000	nan	nan	nan
11.000000000000000	nan	nan	nan
11.000000000000000	nan	nan	nan
11.000000000000000	nan	nan	nan
11.000000000000000	nan	nan	nan
11.000000000000000	nan	nan	nan
11.000000000000000	nan	nan	nan
11.000000000000000	nan	nan	nan
11.000000000000000	nan	nan	nan
11.000000000000000	nan	nan	nan
11.000000000000000	nan	nan	nan
11.000000000000000	nan	nan	nan
11.000000000000000	nan	nan	nan
11.000000000000000	nan	nan	nan
11.000000000000000	nan	nan	nan
11.000000000000000	nan	nan	nan
11.000000000000000	nan	nan	nan
11.000000000000000	nan	nan	nan
11.000000000000000	nan	nan	nan
11.000000000000000	nan	nan	nan
11.000000000000000	nan	nan	nan
11.000000000000000	nan	nan	nan
11.000000000000000	nan	nan	nan
11.000000000000000	nan	nan	nan
11.000000000000000	nan	nan	nan
11.000000000000000	nan	nan	nan
11.000000000000000	nan	nan	nan
11.000000000000000	nan	nan	nan
11.000000000000000	nan	nan	nan
11.000000000000000	nan	nan	nan
11.000000000000000	nan	nan	nan
11.000000000000000	nan	nan	nan
11.000000000000000	nan	nan	nan
11.000000000000000	nan	nan	nan
11.000000000000000	nan	nan	nan


12.000000000000000	0.702401211825073	0.339363238068988	0.000504010357457
12.000000000000000	0.677708925140793	0.386574888662232	-0.000524391871619
12.000000000000000	0.650063049077349	0.432121377969039	-0.001550843790170
12.000000000000000	0.619574903820209	0.475819306352319	-0.002571212238601
12.000000000000000	0.586367254369723	0.517492717677385	-0.003581388553302
12.000000000000000	0.550573816209795	0.556973807825201	-0.004577305110789
12.000000000000000	0.512338716882824	0.594103600380347	-0.005554951706587
12.000000000000000	0.471815915638959	0.628732586772933	-0.006510391702911
12.000000000000000	0.429168583496541	0.660721328296839	-0.007439777880110
12.000000000000000	0.384568446209994	0.689941017580177	-0.008339367928071
12.000000000000000	0.338195092790833	0.716273997247111	-0.009205539515175
12.000000000000000	0.290235252366091	0.739614233682581	-0.010034804874151
12.000000000000000	0.240882042286029	0.759867743992254	-0.010823824846082
12.000000000000000	0.190334190508734	0.776952974438462	-0.011569422326021
12.000000000000000	0.138795235392763	0.790801128828325	-0.012268595056070
12.000000000000000	0.086472706120015	0.801356445531734	-0.012918527714414
12.000000000000000	0.033577287048960	0.808576422013758	-0.013516603251628
12.000000000000000	-0.019678030636910	0.812431985977350	-0.014060413428610
12.000000000000000	-0.073078806569408	0.812907612427225	-0.014547768513711
12.000000000000000	-0.126410014671324	0.810001386183539	-0.014976706100014
12.000000000000000	-0.179456908990549	0.803725009593641	-0.015345499007248
12.000000000000000	-0.232005888406232	0.794103755410851	-0.015652662236540
12.000000000000000	-0.283845356725098	0.781176365030001	-0.015896958949977
12.000000000000000	-0.334766574704647	0.764994892489512	-0.016077405450916
12.000000000000000	-0.384564500572401	0.745624494868156	-0.016193275144986
12.000000000000000	-0.433038615656757	0.723143169920493	-0.016244101465825
12.000000000000000	-0.479993731804909	0.697641442007442	-0.016229679753776
12.000000000000000	-0.525240777336643	0.669221997586634	-0.016150068079985
12.000000000000000	-0.568597558369265	0.637999271730286	-0.016005587012563
12.000000000000000	-0.609889492448064	0.604098987335555	-0.015796818325775
12.000000000000000	-0.648950311528234	0.567657648882804	-0.015524602657440
12.000000000000000	-0.685622731477613	0.528821992780240	-0.015190036123976
12.000000000000000	-0.719759085404365	0.487748396508183	-0.014794465906731
12.000000000000000	-0.751221918259443	0.444602248942153	-0.014339484827356
12.000000000000000	-0.779884540319549	0.399557284390233	-0.013826924934075
12.000000000000000	-0.805631537321940	0.352794883026334	-0.013258850124672
12.000000000000000	-0.828359235196932	0.304503340536252	-0.012637547835908
12.000000000000000	-0.847976117526779	0.254877109917394	-0.011965519832813
12.000000000000000	-0.864403194049997	0.204116018485193	-0.011245472134969
12.000000000000000	-0.877574318727260	0.152424463239036	-0.010480304120319
12.000000000000000	-0.887436456088160	0.100010587827688	-0.009673096850395
12.000000000000000	-0.893949894786324	0.047085444428278	-0.008827100663976
12.000000000000000	-0.897088407502992	-0.006137856086323	-0.007945722089115
12.000000000000000	-0.896839356555174	-0.059445002269775	-0.007032510126255
12.000000000000000	-0.893203744783134	-0.112621345058823	-0.006091141957659
12.000000000000000	-0.886196211512312	-0.165452762089313	-0.005125408140692
12.000000000000000	-0.875844973605925	-0.217726519891385	-0.004139197344585
12.000000000000000	-0.862191711845616	-0.269232130492065	-0.003136480692136
12.000000000000000	-0.845291403097661	-0.319762198976049	-0.002121295769403
12.000000000000000	-0.825212098940530	-0.369113258591824	-0.001097730367767
12.000000000000000	-0.802034651645196	-0.417086590040469	-0.000069906023838
12.000000000000000	-0.775852388611585	-0.463489021648125	0.000958038576515
12.000000000000000	-0.746770736572064	-0.508133707200160	0.001981964263192
12.000000000000000	-0.714906797075210	-0.550840878304918	0.002997748048842
12.000000000000000	-0.680388874959197	-0.591438568257591	0.004001299730674
12.000000000000000	-0.643355961713501	-0.629763304489441	0.004988578360262
12.000000000000000	-0.603957175809227	-0.665660766814138	0.005955608515020
12.000000000000000	-0.562351162251654	-0.698986408820688	0.006898496305822
12.000000000000000	-0.518705453772796	-0.729606039910807	0.007813445056319
12.000000000000000	-0.473195796236217	-0.757396365637103	0.008696770590820
12.000000000000000	-0.426005440970467	-0.782245484166299	0.009544916069162
12.000000000000000	-0.377324406880658	-0.804053336868420	0.010354466308850
12.000000000000000	-0.327348715309402	-0.822732111217579	0.011122161536795
12.000000000000000	-0.276279600728050	-0.838206594382030	0.011844910515267
12.000000000000000	-0.224322700436492	-0.850414476079693	0.012519802989220
12.000000000000000	-0.171687226534340	-0.859306599479665	0.013144121404861
12.000000000000000	-0.118585123497634	-0.864847159139435	0.013715351852278
12.000000000000000	-0.065230214753248	-0.867013845180759	0.014231194188073
12.000000000000000	-0.011837341687413	-0.865797933123667	0.014689571297222
12.000000000000000	0.041378501444717	-0.861204319016864	0.015088637456888
12.000000000000000	0.094203033225051	-0.853251499723072	0.015426785768494
12.000000000000000	0.146423547908197	-0.841971498438687	0.015702654628137
12.000000000000000	0.197829771912431	-0.827409735747677	0.015915133209285
12.000000000000000	0.248214710517195	-0.809624846728914	0.016063365935685
12.000000000000000	0.297375481357779	-0.788688444853411	0.016146755926465
12.000000000000000	0.345114131360994	-0.764684833622148	0.016164967399565
12.000000000000000	0.391238433832336	-0.737710667105629	0.016117927023809
12.000000000000000	0.435562662485038	-0.707874560752052	0.016005824214190
12.000000000000000	0.477908339294278	-0.675296654031233	0.015829110369153
12.000000000000000	0.518104953165186	-0.640108126675371	0.015588497052985
12.000000000000000	0.555990646520848	-0.602450670464554	0.015284953130586
12.000000000000000	0.591412867045642	-0.562475918683979	0.014919700866197
12.000000000000000	0.624228981959565	-0.520344835550227	0.014494211001774
12.000000000000000	0.654306852350102	-0.476227068065175	0.014010196834827
12.000000000000000	0.681525365248988	-0.430300262907393	0.013469607319576
12.000000000000000	0.705774921311384	-0.382749351111672	0.012874619219201
12.000000000000000	0.726957876133755	-0.333765803417016	0.012227628340786
12.000000000000000	0.744988933433424	-0.283546859281554	0.011531239888246
12.000000000000000	0.759795488506595	-0.232294732668854	0.010788257972094
12.000000000000000	0.771317920581869	-0.180215797803667	0.010001674318275
12.000000000000000	0.779509832892050	-0.127519758175762	0.009174656221544
12.000000000000000	0.784338239497549	-0.074418802137979	0.008310533791884
12.000000000000000	0.785783698109121	-0.021126748498632	0.007412786545335
12.000000000000000	0.783840388375105	0.032141814451372	0.006485029393202
12.000000000000000	0.778516135317918	0.085172393009840	0.005530998086092
12.000000000000000	0.769832377825462	0.137751451753731	0.004554534171360
12.000000000000000	0.757824082324279	0.189667273370933	0.003559569524552
12.000000000000000	0.742539601982100	0.240710811171160	0.002550110517135
12.000000000000000	0.724040482006700	0.290676530843188	0.001530221884250
12.000000000000000	0.702401211825073	0.339363238068988	0.000504010357457


13.000000000000000	1.141426314814886	0.278924732871935	0.034981222479946
13.000000000000000	1.120118254051736	0.355187589632108	0.037546822596526
13.000000000000000	1.094005699176730	0.429948345662338	0.039952219401079
13.000000000000000	1.063193796232085	0.502905965784436	0.042187727209643
13.000000000000000	1.027806613876091	0.573766675412105	0.044244344421283
13.000000000000000	0.987986643802410	0.642245143477523	0.046113789764356
13.000000000000000	0.943894226976317	0.708065631358838	0.047788535642277
13.000000000000000	0.895706907998228	0.770963103182283	0.049261838444484
13.000000000000000	0.843618720194254	0.830684293028095	0.050527765700588
13.000000000000000	0.787839404312480	0.886988724742988	0.051581219968328
13.000000000000000	0.728593563971000	0.939649680252744	0.052417959359178
13.000000000000000	0.666119761258419	0.988455112475882	0.053034614618935
13.000000000000000	0.600669556128520	1.033208499162411	0.053428702694510
13.000000000000000	0.532506493457121	1.073729634219575	0.053598636732316
13.000000000000000	0.461905041839870	1.109855353338179	0.053543732467958
13.000000000000000	0.389149488404088	1.141440190997682	0.053264210981531
13.000000000000000	0.314532794084842	1.168356966204499	0.052761197807406
13.000000000000000	0.238355413974657	1.190497294604981	0.052036718402099
13.000000000000000	0.160924087496907	1.207772024910951	0.051093689988475
13.000000000000000	0.082550603274411	1.220111597880474	0.049935909809121
13.000000000000000	0.003550543666703	1.227466326408378	0.048568039836186
13.000000000000000	-0.075757985968757	1.229806595598686	0.046995587999270
13.000000000000000	-0.155055638174579	1.227122982013352	0.045224886006935
13.000000000000000	-0.234023109292941	1.219426291617121	0.043263063851144
13.000000000000000	-0.312342425188727	1.206747516265718	0.041118021097306
13.000000000000000	-0.389698221619139	1.189137708912588	0.038798395075512
13.000000000000000	-0.465779014094198	1.166667778036673	0.036313526101053
13.000000000000000	-0.540278452114849	1.139428202118985	0.033673419864271
13.000000000000000	-0.612896552738294	1.107528665317708	0.030888707141172
13.000000000000000	-0.683340908503430	1.071097615808797	0.027970600987045
13.000000000000000	-0.751327864852486	1.030281748570513	0.024930851585446
13.000000000000000	-0.816583662307819	0.985245414694518	0.021781698934353
13.000000000000000	-0.878845538804701	0.936169959602038	0.018535823560020
13.000000000000000	-0.937862787741421	0.883252992829854	0.015206295456967
13.000000000000000	-0.993397767486282	0.826707592326444	0.011806521459729
13.000000000000000	-1.045226858276576	0.766761446462288	0.008350191258263
13.000000000000000	-1.093141362656445	0.703655937209164	0.004851222274401
13.000000000000000	-1.136948345827878	0.637645168180135	0.001323703621302
13.000000000000000	-1.176471412531043	0.568994941443993	-0.002218160628434
13.000000000000000	-1.211551417325750	0.497981687234136	-0.005760108637552
13.000000000000000	-1.242047105413956	0.424891350861579	-0.009287878231529
13.000000000000000	-1.267835681422995	0.350018241314117	-0.012787264327313
13.000000000000000	-1.288813303859196	0.273663846177901	-0.016244176132184
13.000000000000000	-1.304895503240930	0.196135617653334	-0.019644693882398
13.000000000000000	-1.316017522227396	0.117745734553581	-0.022975124893167
13.000000000000000	-1.322134576373586	0.038809845270664	-0.026222058694266
13.000000000000000	-1.323222034461427	-0.040354203229205	-0.029372421029262
13.000000000000000	-1.319275517681013	-0.119427645263176	-0.032413526500933
13.000000000000000	-1.310310917262518	-0.198092079988655	-0.035333129650884
13.000000000000000	-1.296364330487830	-0.276030753491126	-0.038119474267687
13.000000000000000	-1.277491915339527	-0.352929834240363	-0.040761340724991
13.000000000000000	-1.253769664372512	-0.428479676779239	-0.043248091159004
13.000000000000000	-1.225293098718808	-0.502376068556699	-0.045569712303411
13.000000000000000	-1.192176883457675	-0.574321454884324	-0.047716855809266
13.000000000000000	-1.154554365899809	-0.644026137084049	-0.049680875887490
13.000000000000000	-1.112577038644782	-0.711209439002488	-0.051453864122419
13.000000000000000	-1.066413929573813	-0.775600837194746	-0.053028681316194
13.000000000000000	-1.016250921234151	-0.836941050226842	-0.054398986235799
13.000000000000000	-0.962290002355657	-0.894983082710544	-0.055559261146962
13.000000000000000	-0.904748454513485	-0.949493219866614	-0.056504834032129
13.000000000000000	-0.843857977211865	-1.000251968611736	-0.057231897403024
13.000000000000000	-0.779863754911977	-1.047054941379699	-0.057737523632066
13.000000000000000	-0.713023469760658	-1.089713679117983	-0.058019676740889
13.000000000000000	-0.643606263995353	-1.128056410145853	-0.058077220598506
13.000000000000000	-0.571891656203307	-1.161928741818286	-0.057909923496113
13.000000000000000	-0.498168415798875	-1.191194282210667	-0.057518459080095
13.000000000000000	-0.422733400251007	-1.215735189320925	-0.056904403639490
13.000000000000000	-0.345890359742996	-1.235452645577688	-0.056070229758831
13.000000000000000	-0.267948714077696	-1.250267255743762	-0.055019296361919
13.000000000000000	-0.189222306753183	-1.260119366612734	-0.053755835186621
13.000000000000000	-0.110028141225756	-1.264969307211376	-0.052284933745162
13.000000000000000	-0.030685104448908	-1.264797548540652	-0.050612514838499
13.000000000000000	0.048487317171890	-1.259604782212109	-0.048745312707301
13.000000000000000	0.127170324238185	-1.249411917662997	-0.046690845915532
13.000000000000000	0.205047088051199	-1.234259997961348	-0.044457387075851
13.000000000000000	0.281804026369174	-1.214210034540024	-0.042053929538721
13.000000000000000	0.357132066092387	-1.189342761525214	-0.039490151179357
13.000000000000000	0.430727887791435	-1.159758310648598	-0.036776375428345
13.000000000000000	0.502295147067523	-1.125575808052210	-0.033923529702822
13.000000000000000	0.571545667826764	-1.086932894609504	-0.030943101405631
13.000000000000000	0.638200602663600	-1.043985171694138	-0.027847091669602
13.000000000000000	0.701991555680888	-0.996905574628161	-0.024647967033224
13.000000000000000	0.762661663225445	-0.945883676332508	-0.021358609242296
13.000000000000000	0.819966628187327	-0.891124923983754	-0.017992263379685
13.000000000000000	0.873675703698063	-0.832849811750847	-0.014562484532048
13.000000000000000	0.923572622266854	-0.771292992942910	-0.011083083208287
13.000000000000000	0.969456466613429	-0.706702335143189	-0.007568069729497
13.000000000000000	1.011142478691023	-0.639337922133772	-0.004031597814357
13.000000000000000	1.048462803641818	-0.569471006629999	-0.000487907587093
13.000000000000000	1.081267165689212	-0.497382918041510	0.003048731762473
13.000000000000000	1.109423473245335	-0.423363929658011	0.006564079435915
13.000000000000000	1.132818350797253	-0.347712089821179	0.010043980368873
13.000000000000000	1.151357595430141	-0.270732021789194	0.013474422228499
13.000000000000000	1.164966556149172	-0.192733697126384	0.016841591836176
13.000000000000000	1.173590434472728	-0.114031187557144	0.020131930788318
13.000000000000000	1.177194505086546	-0.034941400309949	0.023332190051267
13.000000000000000	1.175764255670297	0.044217197956205	0.026429483310483
13.000000000000000	1.169305445333583	0.123125863504633	0.029411338859183
13.000000000000000	1.157844081426033	0.201466858989493	0.032265749817498
13.000000000000000	1.141426314814886	0.278924732871935	0.034981222479946


14.000000000000000	-0.999488284954806	-0.131996288584956	0.012862031759158
14.000000000000000	-0.988051830108586	-0.201398003289898	0.013602430079927
14.000000000000000	-0.972216744800471	-0.269933280017435	0.014282650180908
14.000000000000000	-0.952046791330103	-0.337326151397284	0.014899953055834
14.000000000000000	-0.927623186981248	-0.403305250122291	0.015451853043901
14.000000000000000	-0.899044276988460	-0.467604901648804	0.015936127838647
14.000000000000000	-0.866425138535531	-0.529966193974287	0.016350827436395
14.000000000000000	-0.829897117380290	-0.590138020184573	0.016694281988231
14.000000000000000	-0.789607298971591	-0.647878089572787	0.016965108523895
14.000000000000000	-0.745717916188126	-0.702953903258498	0.017162216520513
14.000000000000000	-0.698405696083880	-0.755143690378659	0.017284812293752
14.000000000000000	-0.647861148270659	-0.804237301080599	0.017332402193702
14.000000000000000	-0.594287797803124	-0.850037052721304	0.017304794592633
14.000000000000000	-0.537901365655227	-0.892358525865655	0.017202100656610
14.000000000000000	-0.478928900087989	-0.931031306878398	0.017024733897868
14.000000000000000	-0.417607862406284	-0.965899674119713	0.016773408509745
14.000000000000000	-0.354185170785978	-0.996823224981292	0.016449136490874
14.000000000000000	-0.288916206021582	-1.023677441238091	0.016053223570226
14.000000000000000	-0.222063783197929	-1.046354190439270	0.015587263949398
14.000000000000000	-0.153897093426583	-1.064762161319415	0.015053133883324
14.000000000000000	-0.084690619908244	-1.078827231476769	0.014452984125264
14.000000000000000	-0.014723032685778	-1.088492765837988	0.013789231266473
14.000000000000000	0.055723933461694	-1.093719844707590	0.013064548005446
14.000000000000000	0.126366613465315	-1.094487420483831	0.012281852385904
14.000000000000000	0.196920554185603	-1.090792402409971	0.011444296046858
14.000000000000000	0.267101659804852	-1.082649669019661	0.010555251532076
14.000000000000000	0.336627335780716	-1.070092008226336	0.009618298710035
14.000000000000000	0.405217626754696	-1.053169985297863	0.008637210359060
14.000000000000000	0.472596343833554	-1.031951739248052	0.007615936975669
14.000000000000000	0.538492176704513	-1.006522708464897	0.006558590867326
14.000000000000000	0.602639786106124	-0.976985286680346	0.005469429593626
14.000000000000000	0.664780872255827	-0.943458410666875	0.004352838822605
14.000000000000000	0.724665214932006	-0.906077081321088	0.003213314671203
14.000000000000000	0.782051681022509	-0.864991820062754	0.002055445600992
14.000000000000000	0.836709195482585	-0.820368062738173	0.000883893942053
14.000000000000000	0.888417671792534	-0.772385493468414	-0.000296622880574
14.000000000000000	0.936968898168438	-0.721237321124778	-0.001481351342301
14.000000000000000	0.982167375957537	-0.667129501344863	-0.002665520959755
14.000000000000000	1.023831106842292	-0.610279907221906	-0.003844363499832
14.000000000000000	1.061792325683387	-0.550917452006729	-0.005013132179688
14.000000000000000	1.095898176050723	-0.489281167354876	-0.006167120780358
14.000000000000000	1.126011325722320	-0.425619240830497	-0.007301682597041
14.000000000000000	1.152010519672696	-0.360188016542626	-0.008412249149739
14.000000000000000	1.173791068324069	-0.293250962937926	-0.009494348578909
14.000000000000000	1.191265269094328	-0.225077611906248	-0.010543623652073
14.000000000000000	1.204362759544380	-0.155942473470837	-0.011555849308844
14.000000000000000	1.213030800702863	-0.086123930433356	-0.012526949673762
14.000000000000000	1.217234489427361	-0.015903117424597	-0.013453014468402
14.000000000000000	1.216956898947047	0.054437211125451	-0.014330314756684
14.000000000000000	1.212199147020810	0.124613819539899	-0.015155317959984
14.000000000000000	1.202980391436440	0.194344131385058	-0.015924702081583
14.000000000000000	1.189337752868972	0.263347367306007	-0.016635369083173
14.000000000000000	1.171326165408833	0.331345675625954	-0.017284457359563
14.000000000000000	1.149018155361648	0.398065251156873	-0.017869353261356
14.000000000000000	1.122503549210402	0.463237437716362	-0.018387701619192
14.000000000000000	1.091889111915904	0.526599809911260	-0.018837415227180
14.000000000000000	1.057298117011961	0.587897229832095	-0.019216683247346
14.000000000000000	1.018869850226376	0.646882874403387	-0.019523978501232
14.000000000000000	0.976759048626479	0.703319229253064	-0.019758063619308
14.000000000000000	0.931135277547566	0.756979045099004	-0.019917996023424
14.000000000000000	0.882182247813146	0.807646252801696	-0.020003131722234
14.000000000000000	0.830097075996294	0.855116833398394	-0.020013127904329
14.000000000000000	0.775089490700779	0.899199639615483	-0.019947944318610
14.000000000000000	0.717380988058001	0.939717165551076	-0.019807843436371
14.000000000000000	0.657203939840246	0.976506261428641	-0.019593389394418
14.000000000000000	0.594800657781574	1.009418790543560	-0.019305445723487
14.000000000000000	0.530422417873984	1.038322225757359	-0.018945171871113
14.000000000000000	0.464328448567687	1.063100183137720	-0.018514018532942
14.000000000000000	0.396784886949624	1.083652890595498	-0.018013721811296
14.000000000000000	0.328063707103352	1.099897589631710	-0.017446296224495
14.000000000000000	0.258441624965398	1.111768868576803	-0.016814026595109
14.000000000000000	0.188198984087854	1.119218925980359	-0.016119458849778
14.000000000000000	0.117618626793831	1.122217763090665	-0.015365389767671
14.000000000000000	0.046984755271254	1.120753304649099	-0.014554855718836
14.000000000000000	-0.023418212809042	1.114831447512933	-0.013691120437816
14.000000000000000	-0.093306789542883	1.104476036910772	-0.012777661881737
14.000000000000000	-0.162399558298502	1.089728770426234	-0.011818158225805
14.000000000000000	-0.230418306881981	1.070649030096497	-0.010816473052592
14.000000000000000	-0.297089147799570	1.047313643301790	-0.009776639794751
14.000000000000000	-0.362143621105949	1.019816573408660	-0.008702845493810
14.000000000000000	-0.425319775397685	0.988268541412645	-0.007599413940429
14.000000000000000	-0.486363222599076	0.952796580103911	-0.006470788264024
14.000000000000000	-0.545028162293146	0.913543522551043	-0.005321513041853
14.000000000000000	-0.601078371473171	0.870667426962682	-0.004156215999606
14.000000000000000	-0.654288155729356	0.824340940242913	-0.002979589377188
14.000000000000000	-0.704443258040564	0.774750602803110	-0.001796371034724
14.000000000000000	-0.751341721511717	0.722096097429545	-0.000611325374870
14.000000000000000	-0.794794702582937	0.666589445231276	0.000570775841757
14.000000000000000	-0.834627231435910	0.608454151905979	0.001745172710772
14.000000000000000	-0.870678916535589	0.547924307761385	0.002907136350480
14.000000000000000	-0.902804590470292	0.485243645116233	0.004051987943411
14.000000000000000	-0.930874894489644	0.420664556876247	0.005175117576270
14.000000000000000	-0.954776799386595	0.354447080236981	0.006272002802426
14.000000000000000	-0.974414060626155	0.286857849605816	0.007338226852212
14.000000000000000	-0.989707605888161	0.218169022959306	0.008369496417697
14.000000000000000	-1.000595853463605	0.148657185959064	0.009361658940321
14.000000000000000	-1.007034960222438	0.078602238238918	0.010310719331783
14.000000000000000	-1.008998998154387	0.008286266347882	0.011212856060851
14.000000000000000	-1.006480058771893	-0.062007592112823	0.012064436541321
14.000000000000000	-0.999488284954806	-0.131996288584956	0.012862031759158


15.000000000000000	-0.902285194053788	1.223911713331969	-0.067520513998662
15.000000000000000	-0.982064469217087	1.161101628651161	-0.067236091142719
15.000000000000000	-1.057698157815201	1.093356897653642	-0.066666627275948
15.000000000000000	-1.128881709678585	1.020950304461061	-0.065814415428351
15.000000000000000	-1.195328493767676	0.944173404868747	-0.064682887156256
15.000000000000000	-1.256770952334925	0.863335352353430	-0.063276598724649
15.000000000000000	-1.312961678285416	0.778761653221303	-0.061601212760703
15.000000000000000	-1.363674411397912	0.690792855909011	-0.059663475452377
15.000000000000000	-1.408704949394912	0.599783179715291	-0.057471189383900
15.000000000000000	-1.447871970193151	0.506099088484878	-0.055033182117517
15.000000000000000	-1.481017762023629	0.410117814987940	-0.052359270648009
15.000000000000000	-1.508008858481247	0.312225841936857	-0.049460221873124
15.000000000000000	-1.528736575946907	0.212817345756743	-0.046347709239077
15.000000000000000	-1.543117451218096	0.112292609376107	-0.043034265735703
15.000000000000000	-1.551093577585736	0.011056410428774	-0.039533233430531
15.000000000000000	-1.552632838004069	-0.090483608642781	-0.035858709744987
15.000000000000000	-1.547729034414662	-0.191918582019672	-0.032025490689051
15.000000000000000	-1.536401912703804	-0.292840066864955	-0.028049011282953
15.000000000000000	-1.518697083192786	-0.392841687978765	-0.023945283405785
15.000000000000000	-1.494685836981241	-0.491520774127826	-0.019730831321325
15.000000000000000	-1.464464858883043	-0.588479979460385	-0.015422625140652
15.000000000000000	-1.428155838110686	-0.683328883477715	-0.011038012489501
15.000000000000000	-1.385904978275780	-0.775685563119668	-0.006594648655496
15.000000000000000	-1.337882408678700	-0.865178130634039	-0.002110425496539
15.000000000000000	-1.284281499257949	-0.951446231037294	0.002396600603386
15.000000000000000	-1.225318081957656	-1.034142493136896	0.006908281440903
15.000000000000000	-1.161229581648519	-1.112933928272501	0.011406450069649
15.000000000000000	-1.092274060101645	-1.187503271143763	0.015872993952155
15.000000000000000	-1.018729176864884	-1.257550257325726	0.020289927892647
15.000000000000000	-0.940891071225820	-1.322792832327681	0.024639466457074
15.000000000000000	-0.859073169763388	-1.382968287327055	0.028904095588782
15.000000000000000	-0.773604924289659	-1.437834317005120	0.033066643131429
15.000000000000000	-0.684830485263670	-1.487169995224983	0.037110347975208
15.000000000000000	-0.593107316018995	-1.530776664623175	0.041018927547914
15.000000000000000	-0.498804753385060	-1.568478736532730	0.044776643379114
15.000000000000000	-0.402302520498091	-1.600124398016781	0.048368364473421
15.000000000000000	-0.303989197790061	-1.625586223165669	0.051779628237661
15.000000000000000	-0.204260658312441	-1.644761686196113	0.054996698716642
15.000000000000000	-0.103518473695142	-1.657573574286350	0.058006621902989
15.000000000000000	-0.002168297159289	-1.663970298484916	0.060797277898365
15.000000000000000	0.099381769905118	-1.663926101441147	0.063357429716021
15.000000000000000	0.200722821219477	-1.657441161120941	0.065676768528176
15.000000000000000	0.301446792137837	-1.644541590090146	0.067745955176030
15.000000000000000	0.401148102779207	-1.625279330368481	0.069556657775260
15.000000000000000	0.499425291154590	-1.599731944277351	0.071101585265573
15.000000000000000	0.595882629712721	-1.568002302123752	0.072374516769240
15.000000000000000	0.690131718795242	-1.530218167977860	0.073370326640367
15.000000000000000	0.781793050585048	-1.486531685212204	0.074085005104070
15.000000000000000	0.870497537250315	-1.437118763874009	0.074515674402415
15.000000000000000	0.955887997130939	-1.382178372357523	0.074660600382141
15.000000000000000	1.037620592983011	-1.321931736228513	0.074519199477478
15.000000000000000	1.115366216490046	-1.256621447426997	0.074092041059962
15.000000000000000	1.188811813466014	-1.186510487435116	0.073380845145778
15.000000000000000	1.257661644414058	-1.111881168343534	0.072388475469860
15.000000000000000	1.321638475365071	-1.033033996080279	0.071118927954643
15.000000000000000	1.380484694201035	-0.950286460379436	0.069577314619890
15.000000000000000	1.433963347968104	-0.863971756362046	0.067769842998399
15.000000000000000	1.481859097002517	-0.774437442876949	0.065703791140454
15.000000000000000	1.523979082027417	-0.682044043003973	0.063387478307685
15.000000000000000	1.560153700729096	-0.587163592354732	0.060830231474343
15.000000000000000	1.590237290685649	-0.490178141016524	0.058042347770861
15.000000000000000	1.614108715898135	-0.391478215171480	0.055035053020947
15.000000000000000	1.631671854562496	-0.291461244585453	0.051820456539153
15.000000000000000	1.642855986118129	-0.190529962298626	0.048411502370938
15.000000000000000	1.647616076014631	-0.089090782961702	0.044821917171570
15.000000000000000	1.645932957050031	0.012447833652456	0.041066154933725
15.000000000000000	1.637813406550355	0.113677027372167	0.037159338786361
15.000000000000000	1.623290119079718	0.214189183962530	0.033117200099218
15.000000000000000	1.602421574790863	0.313579576444099	0.028956015138140
15.000000000000000	1.575291803946217	0.411447994785568	0.024692539526303
15.000000000000000	1.542010048557688	0.507400357408327	0.020343940775227
15.000000000000000	1.502710322507638	0.601050298013880	0.015927729157272
15.000000000000000	1.457550871922277	0.692020721344573	0.011461687197950
15.000000000000000	1.406713537970365	0.779945321613096	0.006963798071969
15.000000000000000	1.350403024653006	0.864470057486610	0.002452173191338
15.000000000000000	1.288846074532885	0.945254577686229	-0.002055020722900
15.000000000000000	1.222290555721994	1.021973591461502	-0.006539634791637
15.000000000000000	1.151004463804228	1.094318178421454	-0.010983611056836
15.000000000000000	1.075274842711757	1.161997032447970	-0.015369055194550
15.000000000000000	0.995406628900424	1.224737634682714	-0.019678308569052
15.000000000000000	0.911721423478260	1.282287350864391	-0.023894019337926
15.000000000000000	0.824556197231324	1.334414448597751	-0.027999212321816
15.000000000000000	0.734261933761294	1.380909030458157	-0.031977357357477
15.000000000000000	0.641202216198364	1.421583879174429	-0.035812435858912
15.000000000000000	0.545751763180312	1.456275211486722	-0.039489005318564
15.000000000000000	0.448294919992798	1.484843337643903	-0.042992261488840
15.000000000000000	0.349224110946555	1.507173223884880	-0.046308097993595
15.000000000000000	0.248938259223187	1.523174955638955	-0.049423163129529
15.000000000000000	0.147841180552316	1.532784099580064	-0.052324913628781
15.000000000000000	0.046339957188167	1.535961963077046	-0.055001665166247
15.000000000000000	-0.055156701266997	1.532695749995204	-0.057442639408227
15.000000000000000	-0.156240103592190	1.522998612221830	-0.059638007412975
15.000000000000000	-0.256503222603006	1.506909596708193	-0.061578929208379
15.000000000000000	-0.355542334106433	1.484493488241248	-0.063257589387403
15.000000000000000	-0.452958642555680	1.455840548578166	-0.064667228577981
15.000000000000000	-0.548359886859104	1.421066152994094	-0.065802170660614
15.000000000000000	-0.641361919877171	1.380310325706642	-0.066657845624107
15.000000000000000	-0.731590255247401	1.333737176047782	-0.067230807967387
15.000000000000000	-0.818681575308790	1.281534237653488	-0.067518750573321
15.000000000000000	-0.902285194053788	1.223911713331970	-0.067520513998662


