# n	x	y	z
1.000000000000000	0.138848702891134	0.221977556958141	-0.022974632178904
1.000000000000000	0.117825368527753	0.233777890083999	-0.026529375649428
1.000000000000000	0.096010413146969	0.244129806430355	-0.029924812452608
1.000000000000000	0.073491677874646	0.252991622483728	-0.033147270362834
1.000000000000000	0.050359837709879	0.260327654838593	-0.036183773679450
1.000000000000000	0.026708036408773	0.266108363881865	-0.039022095475313
1.000000000000000	0.002631511427412	0.270310472738490	-0.041650806830321
1.000000000000000	-0.021772789565765	0.272917060999212	-0.044059322851633
1.000000000000000	-0.046406599064003	0.273917632853083	-0.046237945295303
1.000000000000000	-0.071170725410803	0.273308159350394	-0.048177901617680
1.000000000000000	-0.095965452209710	0.271091094625831	-0.049871380299352
1.000000000000000	-0.120690939847049	0.267275366016539	-0.051311562299368
1.000000000000000	-0.145247627510812	0.261876338114891	-0.052492648513119
1.000000000000000	-0.169536634086906	0.254915750900693	-0.053409883123278
1.000000000000000	-0.193460156318504	0.246421632201962	-0.054059572749803
1.000000000000000	-0.216921862625236	0.236428184836751	-0.054439101321871
1.000000000000000	-0.239827280996468	0.224975648890473	-0.054546940611876
1.000000000000000	-0.262084179396745	0.212110139683285	-0.054382656389057
1.000000000000000	-0.283602937151641	0.197883462079962	-0.053946910167996
1.000000000000000	-0.304296905818589	0.182352901889995	-0.053241456544933
1.000000000000000	-0.324082758089576	0.165580995197855	-0.052269136132620
1.000000000000000	-0.342880823320798	0.147635276552251	-0.051033864122186
1.000000000000000	-0.360615408338229	0.128588007028339	-0.049540614518033
1.000000000000000	-0.377215102227317	0.108515883257878	-0.047795400109285
1.000000000000000	-0.392613063879527	0.087499728598959	-0.045805248258404
1.000000000000000	-0.406747291137901	0.065624167688874	-0.043578172604480
1.000000000000000	-0.419560870457858	0.042977285690564	-0.041123140795140
1.000000000000000	-0.431002206077948	0.019650273604761	-0.038450038376992
1.000000000000000	-0.441025227777777	-0.004262938923990	-0.035569628990019
1.000000000000000	-0.449589576386524	-0.028666061828854	-0.032493511026200
1.000000000000000	-0.456660766295074	-0.053460832346823	-0.029234070926878
1.000000000000000	-0.462210324317399	-0.078547410688182	-0.025804433306935
1.000000000000000	-0.466215904342023	-0.103824782056102	-0.022218408106596
1.000000000000000	-0.468661377311933	-0.129191163397574	-0.018490434983678
1.000000000000000	-0.469536896170593	-0.154544413247843	-0.014635525170183
1.000000000000000	-0.468838935512568	-0.179782443018032	-0.010669201027362
1.000000000000000	-0.466570305779088	-0.204803628069864	-0.006607433542649
1.000000000000000	-0.462740141941389	-0.229507216922206	-0.002466578020131
1.000000000000000	-0.457363866717415	-0.253793736941726	0.001736691776494
1.000000000000000	-0.450463128469969	-0.277565394884083	0.005985450763272
1.000000000000000	-0.442065714036401	-0.300726470672800	0.010262590687335
1.000000000000000	-0.432205436840821	-0.323183702830235	0.014550889015801
1.000000000000000	-0.420922000739370	-0.344846664008629	0.018833078284828
1.000000000000000	-0.408260840146812	-0.365628125109124	0.023091915629602
1.000000000000000	-0.394272937088175	-0.385444406522555	0.027310252215266
1.000000000000000	-0.379014615912132	-0.404215715077705	0.031471102289224
1.000000000000000	-0.362547316492731	-0.421866465340236	0.035557711576776
1.000000000000000	-0.344937346832702	-0.438325583968566	0.039553624744663
1.000000000000000	-0.326255616064537	-0.453526795901120	0.043442751660890
1.000000000000000	-0.306577348924440	-0.467408891222620	0.047209432184011
1.000000000000000	-0.285981782848862	-0.479915971634804	0.050838499220983
1.000000000000000	-0.264551848913311	-0.490997675539149	0.054315339799707
1.000000000000000	-0.242373837898186	-0.500609380825251	0.057625953910300
1.000000000000000	-0.219537052826254	-0.508712384548314	0.060757010878200
1.000000000000000	-0.196133449370897	-0.515274058772249	0.063695903042085
1.000000000000000	-0.172257265583075	-0.520267981950859	0.066430796520473
1.000000000000000	-0.148004642427950	-0.523674045318078	0.068950678862592
1.000000000000000	-0.123473236659158	-0.525478533858875	0.071245403391625
1.000000000000000	-0.098761827589520	-0.525674181534779	0.073305730061804
1.000000000000000	-0.073969919341624	-0.524260200541652	0.075123362664808
1.000000000000000	-0.049197340179834	-0.521242284481897	0.076690982235665
1.000000000000000	-0.024543840537106	-0.516632585438332	0.078002276523645
1.000000000000000	-0.000108691355204	-0.510449665042042	0.079051965409465
1.000000000000000	0.024009715644351	-0.502718419731238	0.079835822166462
1.000000000000000	0.047714264149014	-0.493469980502093	0.080350690480133
1.000000000000000	0.070909504308328	-0.482741587555204	0.080594497157498
1.000000000000000	0.093502037076788	-0.470576440342447	0.080566260475118
1.000000000000000	0.115400890298828	-0.457023523618036	0.080266094132146
1.000000000000000	0.136517885021588	-0.442137410194203	0.079695206792505
1.000000000000000	0.156767990560430	-0.425978041195745	0.078855897218019
1.000000000000000	0.176069666887499	-0.408610484698268	0.077751545012116
1.000000000000000	0.194345192964630	-0.390104673722019	0.076386597011355
1.000000000000000	0.211520979698546	-0.370535124636288	0.074766549379585
1.000000000000000	0.227527866258155	-0.349980637108292	0.072897925476833
1.000000000000000	0.242301398560812	-0.328523976804729	0.070788249592037
1.000000000000000	0.255782088806161	-0.306251542123646	0.068446016645388
1.000000000000000	0.267915655012510	-0.283253016298587	0.065880657982285
1.000000000000000	0.278653239591212	-0.259621006275864	0.063102503396638
1.000000000000000	0.287951606078933	-0.235450669819067	0.060122739536430
1.000000000000000	0.295773313235626	-0.210839332342337	0.056953364859038
1.000000000000000	0.302086865807194	-0.185886095015277	0.053607141317676
1.000000000000000	0.306866841345762	-0.160691435717511	0.050097542973516
1.000000000000000	0.310093992576897	-0.135356804449734	0.046438701740400
1.000000000000000	0.311755324901595	-0.109984214830361	0.042645350480609
1.000000000000000	0.311844148720941	-0.084675833322693	0.038732763680825
1.000000000000000	0.310360106372764	-0.059533567846624	0.034716695947168
1.000000000000000	0.307309173571818	-0.034658657431421	0.030613318566956
1.000000000000000	0.302703635347683	-0.010151264561882	0.026439154392637
1.000000000000000	0.296562036577293	0.013889928140640	0.022211011310096
1.000000000000000	0.288909107311256	0.037368115278320	0.017945914559229
1.000000000000000	0.279775663194673	0.060188758478036	0.013661038179314
1.000000000000000	0.269198481383410	0.082259967064025	0.009373635855211
1.000000000000000	0.257220152455471	0.103492868069208	0.005100971442868
1.000000000000000	0.243888908913770	0.123801964095256	0.000860249453863
1.000000000000000	0.229258430970872	0.143105477580442	-0.003331454221090
1.000000000000000	0.213387630397717	0.161325680089015	-0.007457261070729
1.000000000000000	0.196340413306711	0.178389205296181	-0.011500557927048
1.000000000000000	0.178185422824373	0.194227344408395	-0.015445063860662
1.000000000000000	0.158995762689684	0.208776322829425	-0.019274895738366
1.000000000000000	0.138848702891134	0.221977556958141	-0.022974632178904


2.000000000000000	-0.078545262890679	0.330613570157824	0.055006954403434
2.000000000000000	-0.101634160444099	0.324199709059089	0.055806468979038
2.000000000000000	-0.124281430879940	0.316344106546122	0.056358592625040
2.000000000000000	-0.146395881633368	0.307078394357656	0.056661102134385
2.000000000000000	-0.167888465616358	0.296439882246398	0.056712779408050
2.000000000000000	-0.188672639778883	0.284471407745825	0.056513416359891
2.000000000000000	-0.208664713587236	0.271221163678552	0.056063815754541
2.000000000000000	-0.227784186016268	0.256742504100846	0.055365787974952
2.000000000000000	-0.245954069698606	0.241093729464675	0.054422143732629
2.000000000000000	-0.263101200925609	0.224337851862360	0.053236682749882
2.000000000000000	-0.279156534251799	0.206542341299124	0.051814178459688
2.000000000000000	-0.294055420516501	0.187778854015189	0.050160358784759
2.000000000000000	-0.307737867163195	0.168122943951393	0.048281883073221
2.000000000000000	-0.320148779808371	0.147653758520132	0.046186315283768
2.000000000000000	-0.331238184087161	0.126453719906666	0.043882093528270
2.000000000000000	-0.340961426882469	0.104608193184069	0.041378496094477
2.000000000000000	-0.349279356127317	0.082205142578212	0.038685604085624
2.000000000000000	-0.356158478456397	0.059334777266866	0.035814260827392
2.000000000000000	-0.361571094072034	0.036089188139187	0.032776028205660
2.000000000000000	-0.365495408281492	0.012561976978208	0.029583140110870
2.000000000000000	-0.367915619256512	-0.011152120440510	0.026248453176468
2.000000000000000	-0.368821981661696	-0.034957615816404	0.022785395009785
2.000000000000000	-0.368210845895533	-0.058758652821597	0.019207910123791
2.000000000000000	-0.366084672786057	-0.082459393080496	0.015530403787471
2.000000000000000	-0.362452023681961	-0.105964402077108	0.011767684020890
2.000000000000000	-0.357327525979065	-0.129179033436149	0.007934901968519
2.000000000000000	-0.350731814220960	-0.152009810030597	0.004047490890925
2.000000000000000	-0.342691447010981	-0.174364800381085	0.000121104020481
2.000000000000000	-0.333238800070083	-0.196153988831527	-0.003828448468679
2.000000000000000	-0.322411935871246	-0.217289638010391	-0.007785263122652
2.000000000000000	-0.310254450375324	-0.237686642118130	-0.011733407245359
2.000000000000000	-0.296815297485500	-0.257262869618197	-0.015656983053891
2.000000000000000	-0.282148591927197	-0.275939493951757	-0.019540191693269
2.000000000000000	-0.266313391347175	-0.293641310944417	-0.023367396852856
2.000000000000000	-0.249373458509234	-0.310297041626893	-0.027123187728262
2.000000000000000	-0.231397004544070	-0.325839619250264	-0.030792441075216
2.000000000000000	-0.212456414287122	-0.340206459340095	-0.034360382105529
2.000000000000000	-0.192627954810393	-0.353339711702033	-0.037812643979955
2.000000000000000	-0.171991468321863	-0.365186493364115	-0.041135325658380
2.000000000000000	-0.150630050669102	-0.375699101517836	-0.044315047874404
2.000000000000000	-0.128629716741620	-0.384835205600520	-0.047339007008927
2.000000000000000	-0.106079054119260	-0.392558017745557	-0.050195026645802
2.000000000000000	-0.083068866361289	-0.398836440914157	-0.052871606601965
2.000000000000000	-0.059691807372503	-0.403645194112152	-0.055357969234615
2.000000000000000	-0.036042008318665	-0.406964914187631	-0.057644102838976
2.000000000000000	-0.012214698593515	-0.408782233799526	-0.059720801961901
2.000000000000000	0.011694177636385	-0.409089835243172	-0.061579704468979
2.000000000000000	0.035588347764946	-0.407886479916120	-0.063213325215902
2.000000000000000	0.059371598402358	-0.405177013305556	-0.064615086188500
2.000000000000000	0.082948162792455	-0.400972345477231	-0.065779342990077
2.000000000000000	0.106223106431639	-0.395289407144479	-0.066701407569412
2.000000000000000	0.129102709336622	-0.388151081494208	-0.067377567097879
2.000000000000000	0.151494843421718	-0.379586112044384	-0.067805098919705
2.000000000000000	0.173309343466132	-0.369628986904029	-0.067982281515138
2.000000000000000	0.194458370177475	-0.358319799901777	-0.067908401432400
2.000000000000000	0.214856763889599	-0.345704089142181	-0.067583756160511
2.000000000000000	0.234422387470511	-0.331832653639831	-0.067009652931398
2.000000000000000	0.253076457059616	-0.316761348769661	-0.066188403456138
2.000000000000000	0.270743859302515	-0.300550861357057	-0.065123314616514
2.000000000000000	0.287353453805976	-0.283266465313441	-0.063818675149367
2.000000000000000	0.302838359595187	-0.264977758801261	-0.062279738377366
2.000000000000000	0.317136224419836	-0.245758383986755	-0.060512701055733
2.000000000000000	0.330189475824615	-0.225685730508943	-0.058524678420100
2.000000000000000	0.341945552973182	-0.204840623858863	-0.056323675535957
2.000000000000000	0.352357118292093	-0.183306999923844	-0.053918555065091
2.000000000000000	0.361382248082507	-0.161171567007314	-0.051319001578765
2.000000000000000	0.368984601332120	-0.138523456685063	-0.048535482561372
2.000000000000000	0.375133566047601	-0.115453864903852	-0.045579206261570
2.000000000000000	0.379804382518277	-0.092055684767514	-0.042462076560618
2.000000000000000	0.382978243014757	-0.068423132489216	-0.039196645039651
2.000000000000000	0.384642367521017	-0.044651368016021	-0.035796060438889
2.000000000000000	0.384790055195012	-0.020836111853366	-0.032274015712306
2.000000000000000	0.383420711350605	0.002926740367628	-0.028644692890931
2.000000000000000	0.380539849852154	0.026541504028017	-0.024922705976819
2.000000000000000	0.376159070912133	0.049913090809226	-0.021123042097621
2.000000000000000	0.370296014381165	0.072947391580141	-0.017261001158712
2.000000000000000	0.362974288718569	0.095551655341372	-0.013352134235868
2.000000000000000	0.354223375929433	0.117634862700786	-0.009412180956577
2.000000000000000	0.344078512850977	0.139108092376477	-0.005457006122114
2.000000000000000	0.332580549266253	0.159884879251384	-0.001502535825583
2.000000000000000	0.319775783416482	0.179881562537798	0.002435306676838
2.000000000000000	0.305715775574377	0.199017622649831	0.006340665083229
2.000000000000000	0.290457140429129	0.217216005427364	0.010197813893659
2.000000000000000	0.274061319119025	0.234403432405958	0.013991221731225
2.000000000000000	0.256594331829679	0.250510695883365	0.017705613881425
2.000000000000000	0.238126511954040	0.265472937594520	0.021326033798042
2.000000000000000	0.218732222884647	0.279229909872883	0.024837903327875
2.000000000000000	0.198489558578488	0.291726218246526	0.028227081411822
2.000000000000000	0.177480029100201	0.302911544492122	0.031479921025926
2.000000000000000	0.155788232409813	0.312740849248672	0.034583324133132
2.000000000000000	0.133501513716612	0.321174553375113	0.037524794424454
2.000000000000000	0.110709613770818	0.328178697321551	0.040292487637202
2.000000000000000	0.087504307509251	0.333725077872382	0.042875259247648
2.000000000000000	0.063979034510060	0.337791361710690	0.045262709346090
2.000000000000000	0.040228522744515	0.340361175346626	0.047445224513618
2.000000000000000	0.016348407140898	0.341424171047679	0.049414016531958
2.000000000000000	-0.007565155503591	0.340976068505337	0.051161157770523
2.000000000000000	-0.031415873712326	0.339018672070385	0.052679613108189
2.000000000000000	-0.055107709061043	0.335559863487414	0.053963268261240
2.000000000000000	-0.078545262890679	0.330613570157824	0.055006954403434


3.000000000000000	-0.647917392572999	-0.049440578685755	-0.004370986055136
3.000000000000000	-0.643191689070241	-0.092921246597033	-0.006205353804429
3.000000000000000	-0.635710390993628	-0.136015110253990	-0.008013617013836
3.000000000000000	-0.625503622890035	-0.178548645877392	-0.009788494445630
3.000000000000000	-0.612612483812201	-0.220350585931228	-0.011522839294824
3.000000000000000	-0.597088881827346	-0.261252608756637	-0.013209667966836
3.000000000000000	-0.578995325001702	-0.301090016343815	-0.014842188197960
3.000000000000000	-0.558404669702601	-0.339702397512773	-0.016413826405413
3.000000000000000	-0.535399827231586	-0.376934273832542	-0.017918254156834
3.000000000000000	-0.510073429969874	-0.412635725677942	-0.019349413652647
3.000000000000000	-0.482527458380443	-0.446662995902997	-0.020701542118679
3.000000000000000	-0.452872830368704	-0.478879068700223	-0.021969195010824
3.000000000000000	-0.421228954655245	-0.509154221314928	-0.023147267938296
3.000000000000000	-0.387723249959056	-0.537366546392958	-0.024231017217209
3.000000000000000	-0.352490631927317	-0.563402442858590	-0.025216078971719
3.000000000000000	-0.315672969877711	-0.587157073345963	-0.026098486705812
3.000000000000000	-0.277418515540745	-0.608534786342153	-0.026874687274984
3.000000000000000	-0.237881306102364	-0.627449501342056	-0.027541555193497
3.000000000000000	-0.197220543950565	-0.643825055464197	-0.028096405219611
3.000000000000000	-0.155599955623570	-0.657595510131777	-0.028537003168102
3.000000000000000	-0.113187132540845	-0.668705416584045	-0.028861574906536
3.000000000000000	-0.070152856171602	-0.677110039148891	-0.029068813499079
3.000000000000000	-0.026670410358100	-0.682775535377604	-0.029157884469062
3.000000000000000	0.017085116437228	-0.685679092316474	-0.029128429159127
3.000000000000000	0.060937536151217	-0.685809018366499	-0.028980566175410
3.000000000000000	0.104710270567118	-0.683164790361334	-0.028714890909959
3.000000000000000	0.148227062332752	-0.677757055673890	-0.028332473143301
3.000000000000000	0.191312684686658	-0.669607589343129	-0.027834852736808
3.000000000000000	0.233793647034421	-0.658749206393661	-0.027224033432227
3.000000000000000	0.275498893534055	-0.645225629701224	-0.026502474783311
3.000000000000000	0.316260491877515	-0.629091313936097	-0.025673082252071
3.000000000000000	0.355914309494823	-0.610411226293360	-0.024739195509501
3.000000000000000	0.394300674458002	-0.589260584892930	-0.023704574987904
3.000000000000000	0.431265018423573	-0.565724555902739	-0.022573386738957
3.000000000000000	0.466658499024723	-0.539897910604635	-0.021350185658492
3.000000000000000	0.500338599206979	-0.511884643783882	-0.020039897145541
3.000000000000000	0.532169701094088	-0.481797554978857	-0.018647797269485
3.000000000000000	0.562023632073340	-0.449757794277129	-0.017179491525194
3.000000000000000	0.589780180901440	-0.415894374486809	-0.015640892261670
3.000000000000000	0.615327581752759	-0.380343651647510	-0.014038194875108
3.000000000000000	0.638562964260865	-0.343248775972700	-0.012377852862222
3.000000000000000	0.659392767741180	-0.304759115434315	-0.010666551834290
3.000000000000000	0.677733117926839	-0.265029654310659	-0.008911182596559
3.000000000000000	0.693510164700756	-0.224220369119409	-0.007118813401403
3.000000000000000	0.706660379463984	-0.182495584448650	-0.005296661486965
3.000000000000000	0.717130810942956	-0.140023311279746	-0.003452064015886
3.000000000000000	0.724879298405582	-0.096974570466426	-0.001592448531145
3.000000000000000	0.729874641427629	-0.053522704094158	0.000274696952042
3.000000000000000	0.732096725525822	-0.009842677492760	0.002141854097811
3.000000000000000	0.731536603151769	0.033889625287238	0.004001504523338
3.000000000000000	0.728196529720579	0.077498109697586	0.005846160072711
3.000000000000000	0.722089954529100	0.120807179762905	0.007668392969092
3.000000000000000	0.713241466600352	0.163642445143708	0.009460865723754
3.000000000000000	0.701686695672205	0.205831423344748	0.011216360681555
3.000000000000000	0.687472168729001	0.247204234241146	0.012927809083892
3.000000000000000	0.670655122653813	0.287594284125697	0.014588319532093
3.000000000000000	0.651303273755713	0.326838936522934	0.016191205736651
3.000000000000000	0.629494545100100	0.364780167068807	0.017730013440547
3.000000000000000	0.605316752740015	0.401265199819030	0.019198546408272
3.000000000000000	0.578867252111891	0.436147122423882	0.020590891375874
3.000000000000000	0.550252546019571	0.469285477692391	0.021901441861587
3.000000000000000	0.519587855785107	0.500546829163866	0.023124920741156
3.000000000000000	0.486996657293161	0.529805298409432	0.024256401496953
3.000000000000000	0.452610183797200	0.556943071900030	0.025291328055323
3.000000000000000	0.416566897489501	0.581850875399923	0.026225533132287
3.000000000000000	0.379011931962771	0.604428413975469	0.027055255013720
3.000000000000000	0.340096507808395	0.624584775847427	0.027777152702453
3.000000000000000	0.299977323704488	0.642238798460601	0.028388319371281
3.000000000000000	0.258815925445619	0.657319395296805	0.028886294067737
3.000000000000000	0.216778055454917	0.669765842115182	0.029269071623475
3.000000000000000	0.174032985397831	0.679528021467291	0.029535110728378
3.000000000000000	0.130752834584875	0.686566624502380	0.029683340136866
3.000000000000000	0.087111876907913	0.690853309250258	0.029713162981428
3.000000000000000	0.043285839100706	0.692370814744406	0.029624459175995
3.000000000000000	-0.000548806850624	0.691113030525790	0.029417585899485
3.000000000000000	-0.044215554297995	0.687085021247534	0.029093376157566
3.000000000000000	-0.087538572661344	0.680303006281340	0.028653135428442
3.000000000000000	-0.130343415436310	0.670794294407806	0.028098636406149
3.000000000000000	-0.172457722628741	0.658597173853607	0.027432111862542
3.000000000000000	-0.213711914787556	0.643760758118317	0.026656245656714
3.000000000000000	-0.253939875841341	0.626344788211682	0.025774161928037
3.000000000000000	-0.292979621989142	0.606419392097656	0.024789412516361
3.000000000000000	-0.330673953952054	0.584064802313848	0.023705962660006
3.000000000000000	-0.366871089959245	0.559371032903404	0.022528175029146
3.000000000000000	-0.401425276919565	0.532437516960226	0.021260792158879
3.000000000000000	-0.434197377317812	0.503372706247002	0.019908917352707
3.000000000000000	-0.465055429472390	0.472293634498230	0.018477994133340
3.000000000000000	-0.493875178898429	0.439325446166678	0.016973784323547
3.000000000000000	-0.520540578636743	0.404600892510840	0.015402344845329
3.000000000000000	-0.544944256533971	0.368259797052473	0.013770003330836
3.000000000000000	-0.566987947592347	0.330448492556626	0.012083332643222
3.000000000000000	-0.586582889648163	0.291319231801238	0.010349124410047
3.000000000000000	-0.603650180785673	0.251029574508942	0.008574361675787
3.000000000000000	-0.618121097047260	0.209741752909672	0.006766190783581
3.000000000000000	-0.629937369160558	0.167622018488728	0.004931892599430
3.000000000000000	-0.639051417168246	0.124839972550725	0.003078853194718
3.000000000000000	-0.645426542015745	0.081567883295000	0.001214534105108
3.000000000000000	-0.649037073325354	0.037979992152371	-0.000653557714425
3.000000000000000	-0.649868472761803	-0.005748187823606	-0.002517900117456
3.000000000000000	-0.647917392572999	-0.049440578685755	-0.004370986055136


4.000000000000000	nan	nan	nan
4.000000000000000	nan	nan	nan
4.000000000000000	nan	nan	nan
4.000000000000000	nan	nan	nan
4.000000000000000	nan	nan	nan
4.000000000000000	nan	nan	nan
4.000000000000000	nan	nan	nan
4.000000000000000	nan	nan	nan
4.000000000000000	nan	nan	nan
4.000000000000000	nan	nan	nan
4.000000000000000	nan	nan	nan
4.000000000000000	nan	nan	nan
4.000000000000000	nan	nan	nan
4.000000000000000	nan	nan	nan
4.000000000000000	nan	nan	nan
4.000000000000000	nan	nan	nan
4.000000000000000	nan	nan	nan
4.000000000000000	nan	nan	nan
4.000000000000000	nan	nan	nan
4.000000000000000	nan	nan	nan
4.000000000000000	nan	nan	nan
4.000000000000000	nan	nan	nan
4.000000000000000	nan	nan	nan
4.000000000000000	nan	nan	nan
4.000000000000000	nan	nan	nan
4.000000000000000	nan	nan	nan
4.000000000000000	nan	nan	nan
4.000000000000000	nan	nan	nan
4.000000000000000	nan	nan	nan
4.000000000000000	nan	nan	nan
4.000000000000000	nan	nan	nan
4.000000000000000	nan	nan	nan
4.000000000000000	nan	nan	nan
4.000000000000000	nan	nan	nan
4.000000000000000	nan	nan	nan
4.000000000000000	nan	nan	nan
4.000000000000000	nan	nan	nan
4.000000000000000	nan	nan	nan
4.000000000000000	nan	nan	nan
4.000000000000000	nan	nan	nan
4.000000000000000	nan	nan	nan
4.000000000000000	nan	nan	nan
4.000000000000000	nan	nan	nan
4.000000000000000	nan	nan	nan
4.000000000000000	nan	nan	nan
4.000000000000000	nan	nan	nan
4.000000000000000	nan	nan	nan
4.000000000000000	nan	nan	nan
4.000000000000000	nan	nan	nan
4.000000000000000	nan	nan	nan
4.000000000000000	nan	nan	nan
4.000000000000000	nan	nan	nan
4.000000000000000	nan	nan	nan
4.000000000000000	nan	nan	nan
4.000000000000000	nan	nan	nan
4.000000000000000	nan	nan	nan
4.000000000000000	nan	nan	nan
4.000000000000000	nan	nan	nan
4.000000000000000	nan	nan	nan
4.000000000000000	nan	nan	nan
4.000000000000000	nan	nan	nan
4.000000000000000	nan	nan	nan
4.000000000000000	nan	nan	nan
4.000000000000000	nan	nan	nan
4.000000000000000	nan	nan	nan
4.000000000000000	nan	nan	nan
4.000000000000000	nan	nan	nan
4.000000000000000	nan	nan	nan
4.000000000000000	nan	nan	nan
4.000000000000000	nan	nan	nan
4.000000000000000	nan	nan	nan
4.000000000000000	nan	nan	nan
4.000000000000000	nan	nan	nan
4.000000000000000	nan	nan	nan
4.000000000000000	nan	nan	nan
4.000000000000000	nan	nan	nan
4.000000000000000	nan	nan	nan
4.000000000000000	nan	nan	nan
4.000000000000000	nan	nan	nan
4.000000000000000	nan	nan	nan
4.000000000000000	nan	nan	nan
4.000000000000000	nan	nan	nan
4.000000000000000	nan	nan	nan
4.000000000000000	nan	nan	nan
4.000000000000000	nan	nan	nan
4.000000000000000	nan	nan	nan
4.000000000000000	nan	nan	nan
4.000000000000000	nan	nan	nan
4.000000000000000	nan	nan	nan
4.000000000000000	nan	nan	nan
4.000000000000000	nan	nan	nan
4.000000000000000	nan	nan	nan
4.000000000000000	nan	nan	nan
4.000000000000000	nan	nan	nan
4.000000000000000	nan	nan	nan
4.000000000000000	nan	nan	nan
4.000000000000000	nan	nan	nan
4.000000000000000	nan	nan	nan
4.000000000000000	nan	nan	nan
4.000000000000000	nan	nan	nan


5.000000000000000	nan	nan	nan
5.000000000000000	nan	nan	nan
5.000000000000000	nan	nan	nan
5.000000000000000	nan	nan	nan
5.000000000000000	nan	nan	nan
5.000000000000000	nan	nan	nan
5.000000000000000	nan	nan	nan
5.000000000000000	nan	nan	nan
5.000000000000000	nan	nan	nan
5.000000000000000	nan	nan	nan
5.000000000000000	nan	nan	nan
5.000000000000000	nan	nan	nan
5.000000000000000	nan	nan	nan
5.000000000000000	nan	nan	nan
5.000000000000000	nan	nan	nan
5.000000000000000	nan	nan	nan
5.000000000000000	nan	nan	nan
5.000000000000000	nan	nan	nan
5.000000000000000	nan	nan	nan
5.000000000000000	nan	nan	nan
5.000000000000000	nan	nan	nan
5.000000000000000	nan	nan	nan
5.000000000000000	nan	nan	nan
5.000000000000000	nan	nan	nan
5.000000000000000	nan	nan	nan
5.000000000000000	nan	nan	nan
5.000000000000000	nan	nan	nan
5.000000000000000	nan	nan	nan
5.000000000000000	nan	nan	nan
5.000000000000000	nan	nan	nan
5.000000000000000	nan	nan	nan
5.000000000000000	nan	nan	nan
5.000000000000000	nan	nan	nan
5.000000000000000	nan	nan	nan
5.000000000000000	nan	nan	nan
5.000000000000000	nan	nan	nan
5.000000000000000	nan	nan	nan
5.000000000000000	nan	nan	nan
5.000000000000000	nan	nan	nan
5.000000000000000	nan	nan	nan
5.000000000000000	nan	nan	nan
5.000000000000000	nan	nan	nan
5.000000000000000	nan	nan	nan
5.000000000000000	nan	nan	nan
5.000000000000000	nan	nan	nan
5.000000000000000	nan	nan	nan
5.000000000000000	nan	nan	nan
5.000000000000000	nan	nan	nan
5.000000000000000	nan	nan	nan
5.000000000000000	nan	nan	nan
5.000000000000000	nan	nan	nan
5.000000000000000	nan	nan	nan
5.000000000000000	nan	nan	nan
5.000000000000000	nan	nan	nan
5.000000000000000	nan	nan	nan
5.000000000000000	nan	nan	nan
5.000000000000000	nan	nan	nan
5.000000000000000	nan	nan	nan
5.000000000000000	nan	nan	nan
5.000000000000000	nan	nan	nan
5.000000000000000	nan	nan	nan
5.000000000000000	nan	nan	nan
5.000000000000000	nan	nan	nan
5.000000000000000	nan	nan	nan
5.000000000000000	nan	nan	nan
5.000000000000000	nan	nan	nan
5.000000000000000	nan	nan	nan
5.000000000000000	nan	nan	nan
5.000000000000000	nan	nan	nan
5.000000000000000	nan	nan	nan
5.000000000000000	nan	nan	nan
5.000000000000000	nan	nan	nan
5.000000000000000	nan	nan	nan
5.000000000000000	nan	nan	nan
5.000000000000000	nan	nan	nan
5.000000000000000	nan	nan	nan
5.000000000000000	nan	nan	nan
5.000000000000000	nan	nan	nan
5.000000000000000	nan	nan	nan
5.000000000000000	nan	nan	nan
5.000000000000000	nan	nan	nan
5.000000000000000	nan	nan	nan
5.000000000000000	nan	nan	nan
5.000000000000000	nan	nan	nan
5.000000000000000	nan	nan	nan
5.000000000000000	nan	nan	nan
5.000000000000000	nan	nan	nan
5.000000000000000	nan	nan	nan
5.000000000000000	nan	nan	nan
5.000000000000000	nan	nan	nan
5.000000000000000	nan	nan	nan
5.000000000000000	nan	nan	nan
5.000000000000000	nan	nan	nan
5.000000000000000	nan	nan	nan
5.000000000000000	nan	nan	nan
5.000000000000000	nan	nan	nan
5.000000000000000	nan	nan	nan
5.000000000000000	nan	nan	nan
5.000000000000000	nan	nan	nan
5.000000000000000	nan	nan	nan


6.000000000000000	nan	nan	nan
6.000000000000000	nan	nan	nan
6.000000000000000	nan	nan	nan
6.000000000000000	nan	nan	nan
6.000000000000000	nan	nan	nan
6.000000000000000	nan	nan	nan
6.000000000000000	nan	nan	nan
6.000000000000000	nan	nan	nan
6.000000000000000	nan	nan	nan
6.000000000000000	nan	nan	nan
6.000000000000000	nan	nan	nan
6.000000000000000	nan	nan	nan
6.000000000000000	nan	nan	nan
6.000000000000000	nan	nan	nan
6.000000000000000	nan	nan	nan
6.000000000000000	nan	nan	nan
6.000000000000000	nan	nan	nan
6.000000000000000	nan	nan	nan
6.000000000000000	nan	nan	nan
6.000000000000000	nan	nan	nan
6.000000000000000	nan	nan	nan
6.000000000000000	nan	nan	nan
6.000000000000000	nan	nan	nan
6.000000000000000	nan	nan	nan
6.000000000000000	nan	nan	nan
6.000000000000000	nan	nan	nan
6.000000000000000	nan	nan	nan
6.000000000000000	nan	nan	nan
6.000000000000000	nan	nan	nan
6.000000000000000	nan	nan	nan
6.000000000000000	nan	nan	nan
6.000000000000000	nan	nan	nan
6.000000000000000	nan	nan	nan
6.000000000000000	nan	nan	nan
6.000000000000000	nan	nan	nan
6.000000000000000	nan	nan	nan
6.000000000000000	nan	nan	nan
6.000000000000000	nan	nan	nan
6.000000000000000	nan	nan	nan
6.000000000000000	nan	nan	nan
6.000000000000000	nan	nan	nan
6.000000000000000	nan	nan	nan
6.000000000000000	nan	nan	nan
6.000000000000000	nan	nan	nan
6.000000000000000	nan	nan	nan
6.000000000000000	nan	nan	nan
6.000000000000000	nan	nan	nan
6.000000000000000	nan	nan	nan
6.000000000000000	nan	nan	nan
6.000000000000000	nan	nan	nan
6.000000000000000	nan	nan	nan
6.000000000000000	nan	nan	nan
6.000000000000000	nan	nan	nan
6.000000000000000	nan	nan	nan
6.000000000000000	nan	nan	nan
6.000000000000000	nan	nan	nan
6.000000000000000	nan	nan	nan
6.000000000000000	nan	nan	nan
6.000000000000000	nan	nan	nan
6.000000000000000	nan	nan	nan
6.000000000000000	nan	nan	nan
6.000000000000000	nan	nan	nan
6.000000000000000	nan	nan	nan
6.000000000000000	nan	nan	nan
6.000000000000000	nan	nan	nan
6.000000000000000	nan	nan	nan
6.000000000000000	nan	nan	nan
6.000000000000000	nan	nan	nan
6.000000000000000	nan	nan	nan
6.000000000000000	nan	nan	nan
6.000000000000000	nan	nan	nan
6.000000000000000	nan	nan	nan
6.000000000000000	nan	nan	nan
6.000000000000000	nan	nan	nan
6.000000000000000	nan	nan	nan
6.000000000000000	nan	nan	nan
6.000000000000000	nan	nan	nan
6.000000000000000	nan	nan	nan
6.000000000000000	nan	nan	nan
6.000000000000000	nan	nan	nan
6.000000000000000	nan	nan	nan
6.000000000000000	nan	nan	nan
6.000000000000000	nan	nan	nan
6.000000000000000	nan	nan	nan
6.000000000000000	nan	nan	nan
6.000000000000000	nan	nan	nan
6.000000000000000	nan	nan	nan
6.000000000000000	nan	nan	nan
6.000000000000000	nan	nan	nan
6.000000000000000	nan	nan	nan
6.000000000000000	nan	nan	nan
6.000000000000000	nan	nan	nan
6.000000000000000	nan	nan	nan
6.000000000000000	nan	nan	nan
6.000000000000000	nan	nan	nan
6.000000000000000	nan	nan	nan
6.000000000000000	nan	nan	nan
6.000000000000000	nan	nan	nan
6.000000000000000	nan	nan	nan
6.000000000000000	nan	nan	nan


7.000000000000000	nan	nan	nan
7.000000000000000	nan	nan	nan
7.000000000000000	nan	nan	nan
7.000000000000000	nan	nan	nan
7.000000000000000	nan	nan	nan
7.000000000000000	nan	nan	nan
7.000000000000000	nan	nan	nan
7.000000000000000	nan	nan	nan
7.000000000000000	nan	nan	nan
7.000000000000000	nan	nan	nan
7.000000000000000	nan	nan	nan
7.000000000000000	nan	nan	nan
7.000000000000000	nan	nan	nan
7.000000000000000	nan	nan	nan
7.000000000000000	nan	nan	nan
7.000000000000000	nan	nan	nan
7.000000000000000	nan	nan	nan
7.000000000000000	nan	nan	nan
7.000000000000000	nan	nan	nan
7.000000000000000	nan	nan	nan
7.000000000000000	nan	nan	nan
7.000000000000000	nan	nan	nan
7.000000000000000	nan	nan	nan
7.000000000000000	nan	nan	nan
7.000000000000000	nan	nan	nan
7.000000000000000	nan	nan	nan
7.000000000000000	nan	nan	nan
7.000000000000000	nan	nan	nan
7.000000000000000	nan	nan	nan
7.000000000000000	nan	nan	nan
7.000000000000000	nan	nan	nan
7.000000000000000	nan	nan	nan
7.000000000000000	nan	nan	nan
7.000000000000000	nan	nan	nan
7.000000000000000	nan	nan	nan
7.000000000000000	nan	nan	nan
7.000000000000000	nan	nan	nan
7.000000000000000	nan	nan	nan
7.000000000000000	nan	nan	nan
7.000000000000000	nan	nan	nan
7.000000000000000	nan	nan	nan
7.000000000000000	nan	nan	nan
7.000000000000000	nan	nan	nan
7.000000000000000	nan	nan	nan
7.000000000000000	nan	nan	nan
7.000000000000000	nan	nan	nan
7.000000000000000	nan	nan	nan
7.000000000000000	nan	nan	nan
7.000000000000000	nan	nan	nan
7.000000000000000	nan	nan	nan
7.000000000000000	nan	nan	nan
7.000000000000000	nan	nan	nan
7.000000000000000	nan	nan	nan
7.000000000000000	nan	nan	nan
7.000000000000000	nan	nan	nan
7.000000000000000	nan	nan	nan
7.000000000000000	nan	nan	nan
7.000000000000000	nan	nan	nan
7.000000000000000	nan	nan	nan
7.000000000000000	nan	nan	nan
7.000000000000000	nan	nan	nan
7.000000000000000	nan	nan	nan
7.000000000000000	nan	nan	nan
7.000000000000000	nan	nan	nan
7.000000000000000	nan	nan	nan
7.000000000000000	nan	nan	nan
7.000000000000000	nan	nan	nan
7.000000000000000	nan	nan	nan
7.000000000000000	nan	nan	nan
7.000000000000000	nan	nan	nan
7.000000000000000	nan	nan	nan
7.000000000000000	nan	nan	nan
7.000000000000000	nan	nan	nan
7.000000000000000	nan	nan	nan
7.000000000000000	nan	nan	nan
7.000000000000000	nan	nan	nan
7.000000000000000	nan	nan	nan
7.000000000000000	nan	nan	nan
7.000000000000000	nan	nan	nan
7.000000000000000	nan	nan	nan
7.000000000000000	nan	nan	nan
7.000000000000000	nan	nan	nan
7.000000000000000	nan	nan	nan
7.000000000000000	nan	nan	nan
7.000000000000000	nan	nan	nan
7.000000000000000	nan	nan	nan
7.000000000000000	nan	nan	nan
7.000000000000000	nan	nan	nan
7.000000000000000	nan	nan	nan
7.000000000000000	nan	nan	nan
7.000000000000000	nan	nan	nan
7.000000000000000	nan	nan	nan
7.000000000000000	nan	nan	nan
7.000000000000000	nan	nan	nan
7.000000000000000	nan	nan	nan
7.000000000000000	nan	nan	nan
7.000000000000000	nan	nan	nan
7.000000000000000	nan	nan	nan
7.000000000000000	nan	nan	nan
7.000000000000000	nan	nan	nan


8.000000000000000	nan	nan	nan
8.000000000000000	nan	nan	nan
8.000000000000000	nan	nan	nan
8.000000000000000	nan	nan	nan
8.000000000000000	nan	nan	nan
8.000000000000000	nan	nan	nan
8.000000000000000	nan	nan	nan
8.000000000000000	nan	nan	nan
8.000000000000000	nan	nan	nan
8.000000000000000	nan	nan	nan
8.000000000000000	nan	nan	nan
8.000000000000000	nan	nan	nan
8.000000000000000	nan	nan	nan
8.000000000000000	nan	nan	nan
8.000000000000000	nan	nan	nan
8.000000000000000	nan	nan	nan
8.000000000000000	nan	nan	nan
8.000000000000000	nan	nan	nan
8.000000000000000	nan	nan	nan
8.000000000000000	nan	nan	nan
8.000000000000000	nan	nan	nan
8.000000000000000	nan	nan	nan
8.000000000000000	nan	nan	nan
8.000000000000000	nan	nan	nan
8.000000000000000	nan	nan	nan
8.000000000000000	nan	nan	nan
8.000000000000000	nan	nan	nan
8.000000000000000	nan	nan	nan
8.000000000000000	nan	nan	nan
8.000000000000000	nan	nan	nan
8.000000000000000	nan	nan	nan
8.000000000000000	nan	nan	nan
8.000000000000000	nan	nan	nan
8.000000000000000	nan	nan	nan
8.000000000000000	nan	nan	nan
8.000000000000000	nan	nan	nan
8.000000000000000	nan	nan	nan
8.000000000000000	nan	nan	nan
8.000000000000000	nan	nan	nan
8.000000000000000	nan	nan	nan
8.000000000000000	nan	nan	nan
8.000000000000000	nan	nan	nan
8.000000000000000	nan	nan	nan
8.000000000000000	nan	nan	nan
8.000000000000000	nan	nan	nan
8.000000000000000	nan	nan	nan
8.000000000000000	nan	nan	nan
8.000000000000000	nan	nan	nan
8.000000000000000	nan	nan	nan
8.000000000000000	nan	nan	nan
8.000000000000000	nan	nan	nan
8.000000000000000	nan	nan	nan
8.000000000000000	nan	nan	nan
8.000000000000000	nan	nan	nan
8.000000000000000	nan	nan	nan
8.000000000000000	nan	nan	nan
8.000000000000000	nan	nan	nan
8.000000000000000	nan	nan	nan
8.000000000000000	nan	nan	nan
8.000000000000000	nan	nan	nan
8.000000000000000	nan	nan	nan
8.000000000000000	nan	nan	nan
8.000000000000000	nan	nan	nan
8.000000000000000	nan	nan	nan
8.000000000000000	nan	nan	nan
8.000000000000000	nan	nan	nan
8.000000000000000	nan	nan	nan
8.000000000000000	nan	nan	nan
8.000000000000000	nan	nan	nan
8.000000000000000	nan	nan	nan
8.000000000000000	nan	nan	nan
8.000000000000000	nan	nan	nan
8.000000000000000	nan	nan	nan
8.000000000000000	nan	nan	nan
8.000000000000000	nan	nan	nan
8.000000000000000	nan	nan	nan
8.000000000000000	nan	nan	nan
8.000000000000000	nan	nan	nan
8.000000000000000	nan	nan	nan
8.000000000000000	nan	nan	nan
8.000000000000000	nan	nan	nan
8.000000000000000	nan	nan	nan
8.000000000000000	nan	nan	nan
8.000000000000000	nan	nan	nan
8.000000000000000	nan	nan	nan
8.000000000000000	nan	nan	nan
8.000000000000000	nan	nan	nan
8.000000000000000	nan	nan	nan
8.000000000000000	nan	nan	nan
8.000000000000000	nan	nan	nan
8.000000000000000	nan	nan	nan
8.000000000000000	nan	nan	nan
8.000000000000000	nan	nan	nan
8.000000000000000	nan	nan	nan
8.000000000000000	nan	nan	nan
8.000000000000000	nan	nan	nan
8.000000000000000	nan	nan	nan
8.000000000000000	nan	nan	nan
8.000000000000000	nan	nan	nan
8.000000000000000	nan	nan	nan


9.000000000000000	nan	nan	nan
9.000000000000000	nan	nan	nan
9.000000000000000	nan	nan	nan
9.000000000000000	nan	nan	nan
9.000000000000000	nan	nan	nan
9.000000000000000	nan	nan	nan
9.000000000000000	nan	nan	nan
9.000000000000000	nan	nan	nan
9.000000000000000	nan	nan	nan
9.000000000000000	nan	nan	nan
9.000000000000000	nan	nan	nan
9.000000000000000	nan	nan	nan
9.000000000000000	nan	nan	nan
9.000000000000000	nan	nan	nan
9.000000000000000	nan	nan	nan
9.000000000000000	nan	nan	nan
9.000000000000000	nan	nan	nan
9.000000000000000	nan	nan	nan
9.000000000000000	nan	nan	nan
9.000000000000000	nan	nan	nan
9.000000000000000	nan	nan	nan
9.000000000000000	nan	nan	nan
9.000000000000000	nan	nan	nan
9.000000000000000	nan	nan	nan
9.000000000000000	nan	nan	nan
9.000000000000000	nan	nan	nan
9.000000000000000	nan	nan	nan
9.000000000000000	nan	nan	nan
9.000000000000000	nan	nan	nan
9.000000000000000	nan	nan	nan
9.000000000000000	nan	nan	nan
9.000000000000000	nan	nan	nan
9.000000000000000	nan	nan	nan
9.000000000000000	nan	nan	nan
9.000000000000000	nan	nan	nan
9.000000000000000	nan	nan	nan
9.000000000000000	nan	nan	nan
9.000000000000000	nan	nan	nan
9.000000000000000	nan	nan	nan
9.000000000000000	nan	nan	nan
9.000000000000000	nan	nan	nan
9.000000000000000	nan	nan	nan
9.000000000000000	nan	nan	nan
9.000000000000000	nan	nan	nan
9.000000000000000	nan	nan	nan
9.000000000000000	nan	nan	nan
9.000000000000000	nan	nan	nan
9.000000000000000	nan	nan	nan
9.000000000000000	nan	nan	nan
9.000000000000000	nan	nan	nan
9.000000000000000	nan	nan	nan
9.000000000000000	nan	nan	nan
9.000000000000000	nan	nan	nan
9.000000000000000	nan	nan	nan
9.000000000000000	nan	nan	nan
9.000000000000000	nan	nan	nan
9.000000000000000	nan	nan	nan
9.000000000000000	nan	nan	nan
9.000000000000000	nan	nan	nan
9.000000000000000	nan	nan	nan
9.000000000000000	nan	nan	nan
9.000000000000000	nan	nan	nan
9.000000000000000	nan	nan	nan
9.000000000000000	nan	nan	nan
9.000000000000000	nan	nan	nan
9.000000000000000	nan	nan	nan
9.000000000000000	nan	nan	nan
9.000000000000000	nan	nan	nan
9.000000000000000	nan	nan	nan
9.000000000000000	nan	nan	nan
9.000000000000000	nan	nan	nan
9.000000000000000	nan	nan	nan
9.000000000000000	nan	nan	nan
9.000000000000000	nan	nan	nan
9.000000000000000	nan	nan	nan
9.000000000000000	nan	nan	nan
9.000000000000000	nan	nan	nan
9.000000000000000	nan	nan	nan
9.000000000000000	nan	nan	nan
9.000000000000000	nan	nan	nan
9.000000000000000	nan	nan	nan
9.000000000000000	nan	nan	nan
9.000000000000000	nan	nan	nan
9.000000000000000	nan	nan	nan
9.000000000000000	nan	nan	nan
9.000000000000000	nan	nan	nan
9.000000000000000	nan	nan	nan
9.000000000000000	nan	nan	nan
9.000000000000000	nan	nan	nan
9.000000000000000	nan	nan	nan
9.000000000000000	nan	nan	nan
9.000000000000000	nan	nan	nan
9.000000000000000	nan	nan	nan
9.000000000000000	nan	nan	nan
9.000000000000000	nan	nan	nan
9.000000000000000	nan	nan	nan
9.000000000000000	nan	nan	nan
9.000000000000000	nan	nan	nan
9.000000000000000	nan	nan	nan
9.000000000000000	nan	nan	nan


10.000000000000000	nan	nan	nan
10.000000000000000	nan	nan	nan
10.000000000000000	nan	nan	nan
10.000000000000000	nan	nan	nan
10.000000000000000	nan	nan	nan
10.000000000000000	nan	nan	nan
10.000000000000000	nan	nan	nan
10.000000000000000	nan	nan	nan
10.000000000000000	nan	nan	nan
10.000000000000000	nan	nan	nan
10.000000000000000	nan	nan	nan
10.000000000000000	nan	nan	nan
10.000000000000000	nan	nan	nan
10.000000000000000	nan	nan	nan
10.000000000000000	nan	nan	nan
10.000000000000000	nan	nan	nan
10.000000000000000	nan	nan	nan
10.000000000000000	nan	nan	nan
10.000000000000000	nan	nan	nan
10.000000000000000	nan	nan	nan
10.000000000000000	nan	nan	nan
10.000000000000000	nan	nan	nan
10.000000000000000	nan	nan	nan
10.000000000000000	nan	nan	nan
10.000000000000000	nan	nan	nan
10.000000000000000	nan	nan	nan
10.000000000000000	nan	nan	nan
10.000000000000000	nan	nan	nan
10.000000000000000	nan	nan	nan
10.000000000000000	nan	nan	nan
10.000000000000000	nan	nan	nan
10.000000000000000	nan	nan	nan
10.000000000000000	nan	nan	nan
10.000000000000000	nan	nan	nan
10.000000000000000	nan	nan	nan
10.000000000000000	nan	nan	nan
10.000000000000000	nan	nan	nan
10.000000000000000	nan	nan	nan
10.000000000000000	nan	nan	nan
10.000000000000000	nan	nan	nan
10.000000000000000	nan	nan	nan
10.000000000000000	nan	nan	nan
10.000000000000000	nan	nan	nan
10.000000000000000	nan	nan	nan
10.000000000000000	nan	nan	nan
10.000000000000000	nan	nan	nan
10.000000000000000	nan	nan	nan
10.000000000000000	nan	nan	nan
10.000000000000000	nan	nan	nan
10.000000000000000	nan	nan	nan
10.000000000000000	nan	nan	nan
10.000000000000000	nan	nan	nan
10.000000000000000	nan	nan	nan
10.000000000000000	nan	nan	nan
10.000000000000000	nan	nan	nan
10.000000000000000	nan	nan	nan
10.000000000000000	nan	nan	nan
10.000000000000000	nan	nan	nan
10.000000000000000	nan	nan	nan
10.000000000000000	nan	nan	nan
10.000000000000000	nan	nan	nan
10.000000000000000	nan	nan	nan
10.000000000000000	nan	nan	nan
10.000000000000000	nan	nan	nan
10.000000000000000	nan	nan	nan
10.000000000000000	nan	nan	nan
10.000000000000000	nan	nan	nan
10.000000000000000	nan	nan	nan
10.000000000000000	nan	nan	nan
10.000000000000000	nan	nan	nan
10.000000000000000	nan	nan	nan
10.000000000000000	nan	nan	nan
10.000000000000000	nan	nan	nan
10.000000000000000	nan	nan	nan
10.000000000000000	nan	nan	nan
10.000000000000000	nan	nan	nan
10.000000000000000	nan	nan	nan
10.000000000000000	nan	nan	nan
10.000000000000000	nan	nan	nan
10.000000000000000	nan	nan	nan
10.000000000000000	nan	nan	nan
10.000000000000000	nan	nan	nan
10.000000000000000	nan	nan	nan
10.000000000000000	nan	nan	nan
10.000000000000000	nan	nan	nan
10.000000000000000	nan	nan	nan
10.000000000000000	nan	nan	nan
10.000000000000000	nan	nan	nan
10.000000000000000	nan	nan	nan
10.000000000000000	nan	nan	nan
10.000000000000000	nan	nan	nan
10.000000000000000	nan	nan	nan
10.000000000000000	nan	nan	nan
10.000000000000000	nan	nan	nan
10.000000000000000	nan	nan	nan
10.000000000000000	nan	nan	nan
10.000000000000000	nan	nan	nan
10.000000000000000	nan	nan	nan
10.000000000000000	nan	nan	nan
10.000000000000000	nan	nan	nan


11.000000000000000	nan	nan	nan
11.000000000000000	nan	nan	nan
11.000000000000000	nan	nan	nan
11.000000000000000	nan	nan	nan
11.000000000000000	nan	nan	nan
11.000000000000000	nan	nan	nan
11.000000000000000	nan	nan	nan
11.000000000000000	nan	nan	nan
11.000000000000000	nan	nan	nan
11.000000000000000	nan	nan	nan
11.000000000000000	nan	nan	nan
11.000000000000000	nan	nan	nan
11.000000000000000	nan	nan	nan
11.000000000000000	nan	nan	nan
11.000000000000000	nan	nan	nan
11.000000000000000	nan	nan	nan
11.000000000000000	nan	nan	nan
11.000000000000000	nan	nan	nan
11.000000000000000	nan	nan	nan
11.000000000000000	nan	nan	nan
11.000000000000000	nan	nan	nan
11.000000000000000	nan	nan	nan
11.000000000000000	nan	nan	nan
11.000000000000000	nan	nan	nan
11.000000000000000	nan	nan	nan
11.000000000000000	nan	nan	nan
11.000000000000000	nan	nan	nan
11.000000000000000	nan	nan	nan
11.000000000000000	nan	nan	nan
11.000000000000000	nan	nan	nan
11.000000000000000	nan	nan	nan
11.000000000000000	nan	nan	nan
11.000000000000000	nan	nan	nan
11.000000000000000	nan	nan	nan
11.000000000000000	nan	nan	nan
11.000000000000000	nan	nan	nan
11.000000000000000	nan	nan	nan
11.000000000000000	nan	nan	nan
11.000000000000000	nan	nan	nan
11.000000000000000	nan	nan	nan
11.000000000000000	nan	nan	nan
11.000000000000000	nan	nan	nan
11.000000000000000	nan	nan	nan
11.000000000000000	nan	nan	nan
11.000000000000000	nan	nan	nan
11.000000000000000	nan	nan	nan
11.000000000000000	nan	nan	nan
11.000000000000000	nan	nan	nan
11.000000000000000	nan	nan	nan
11.000000000000000	nan	nan	nan
11.000000000000000	nan	nan	nan
11.000000000000000	nan	nan	nan
11.000000000000000	nan	nan	nan
11.000000000000000	nan	nan	nan
11.000000000000000	nan	nan	nan
11.000000000000000	nan	nan	nan
11.000000000000000	nan	nan	nan
11.000000000000000	nan	nan	nan
11.000000000000000	nan	nan	nan
11.000000000000000	nan	nan	nan
11.000000000000000	nan	nan	nan
11.000000000000000	nan	nan	nan
11.000000000000000	nan	nan	nan
11.000000000000000	nan	nan	nan
11.000000000000000	nan	nan	nan
11.000000000000000	nan	nan	nan
11.000000000000000	nan	nan	nan
11.000000000000000	nan	nan	nan
11.000000000000000	nan	nan	nan
11.000000000000000	nan	nan	nan
11.000000000000000	nan	nan	nan
11.000000000000000	nan	nan	nan
11.000000000000000	nan	nan	nan
11.000000000000000	nan	nan	nan
11.000000000000000	nan	nan	nan
11.000000000000000	nan	nan	nan
11.000000000000000	nan	nan	nan
11.000000000000000	nan	nan	nan
11.000000000000000	nan	nan	nan
11.000000000000000	nan	nan	nan
11.000000000000000	nan	nan	nan
11.000000000000000	nan	nan	nan
11.000000000000000	nan	nan	nan
11.000000000000000	nan	nan	nan
11.000000000000000	nan	nan	nan
11.000000000000000	nan	nan	nan
11.000000000000000	nan	nan	nan
11.000000000000000	nan	nan	nan
11.000000000000000	nan	nan	nan
11.000000000000000	nan	nan	nan
11.000000000000000	nan	nan	nan
11.000000000000000	nan	nan	nan
11.000000000000000	nan	nan	nan
11.000000000000000	nan	nan	nan
11.000000000000000	nan	nan	nan
11.000000000000000	nan	nan	nan
11.000000000000000	nan	nan	nan
11.000000000000000	nan	nan	nan
11.000000000000000	nan	nan	nan
11.000000000000000	nan	nan	nan


12.000000000000000	nan	nan	nan
12.000000000000000	nan	nan	nan
12.000000000000000	nan	nan	nan
12.000000000000000	nan	nan	nan
12.000000000000000	nan	nan	nan
12.000000000000000	nan	nan	nan
12.000000000000000	nan	nan	nan
12.000000000000000	nan	nan	nan
12.000000000000000	nan	nan	nan
12.000000000000000	nan	nan	nan
12.000000000000000	nan	nan	nan
12.000000000000000	nan	nan	nan
12.000000000000000	nan	nan	nan
12.000000000000000	nan	nan	nan
12.000000000000000	nan	nan	nan
12.000000000000000	nan	nan	nan
12.000000000000000	nan	nan	nan
12.000000000000000	nan	nan	nan
12.000000000000000	nan	nan	nan
12.000000000000000	nan	nan	nan
12.000000000000000	nan	nan	nan
12.000000000000000	nan	nan	nan
12.000000000000000	nan	nan	nan
12.000000000000000	nan	nan	nan
12.000000000000000	nan	nan	nan
12.000000000000000	nan	nan	nan
12.000000000000000	nan	nan	nan
12.000000000000000	nan	nan	nan
12.000000000000000	nan	nan	nan
12.000000000000000	nan	nan	nan
12.000000000000000	nan	nan	nan
12.000000000000000	nan	nan	nan
12.000000000000000	nan	nan	nan
12.000000000000000	nan	nan	nan
12.000000000000000	nan	nan	nan
12.000000000000000	nan	nan	nan
12.000000000000000	nan	nan	nan
12.000000000000000	nan	nan	nan
12.000000000000000	nan	nan	nan
12.000000000000000	nan	nan	nan
12.000000000000000	nan	nan	nan
12.000000000000000	nan	nan	nan
12.000000000000000	nan	nan	nan
12.000000000000000	nan	nan	nan
12.000000000000000	nan	nan	nan
12.000000000000000	nan	nan	nan
12.000000000000000	nan	nan	nan
12.000000000000000	nan	nan	nan
12.000000000000000	nan	nan	nan
12.000000000000000	nan	nan	nan
12.000000000000000	nan	nan	nan
12.000000000000000	nan	nan	nan
12.000000000000000	nan	nan	nan
12.000000000000000	nan	nan	nan
12.000000000000000	nan	nan	nan
12.000000000000000	nan	nan	nan
12.000000000000000	nan	nan	nan
12.000000000000000	nan	nan	nan
12.000000000000000	nan	nan	nan
12.000000000000000	nan	nan	nan
12.000000000000000	nan	nan	nan
12.000000000000000	nan	nan	nan
12.000000000000000	nan	nan	nan
12.000000000000000	nan	nan	nan
12.000000000000000	nan	nan	nan
12.000000000000000	nan	nan	nan
12.000000000000000	nan	nan	nan
12.000000000000000	nan	nan	nan
12.000000000000000	nan	nan	nan
12.000000000000000	nan	nan	nan
12.000000000000000	nan	nan	nan
12.000000000000000	nan	nan	nan
12.000000000000000	nan	nan	nan
12.000000000000000	nan	nan	nan
12.000000000000000	nan	nan	nan
12.000000000000000	nan	nan	nan
12.000000000000000	nan	nan	nan
12.000000000000000	nan	nan	nan
12.000000000000000	nan	nan	nan
12.000000000000000	nan	nan	nan
12.000000000000000	nan	nan	nan
12.000000000000000	nan	nan	nan
12.000000000000000	nan	nan	nan
12.000000000000000	nan	nan	nan
12.000000000000000	nan	nan	nan
12.000000000000000	nan	nan	nan
12.000000000000000	nan	nan	nan
12.000000000000000	nan	nan	nan
12.000000000000000	nan	nan	nan
12.000000000000000	nan	nan	nan
12.000000000000000	nan	nan	nan
12.000000000000000	nan	nan	nan
12.000000000000000	nan	nan	nan
12.000000000000000	nan	nan	nan
12.000000000000000	nan	nan	nan
12.000000000000000	nan	nan	nan
12.000000000000000	nan	nan	nan
12.000000000000000	nan	nan	nan
12.000000000000000	nan	nan	nan
12.000000000000000	nan	nan	nan


13.000000000000000	1.238679054319238	0.358235011156641	-0.006150441055255
13.000000000000000	1.212007862566729	0.440541029516851	-0.007236457995610
13.000000000000000	1.180161441960102	0.520987857129631	-0.008291871995278
13.000000000000000	1.143268026795144	0.599251563013391	-0.009312433274584
13.000000000000000	1.101476173833423	0.675017006847225	-0.010294032393458
13.000000000000000	1.054954164116643	0.747979107929754	-0.011232716798697
13.000000000000000	1.003889325358280	0.817844073631439	-0.012124706739504
13.000000000000000	0.948487277640996	0.884330582393803	-0.012966410487209
13.000000000000000	0.888971105457142	0.947170916512058	-0.013754438797896
13.000000000000000	0.825580459426240	1.006112040139816	-0.014485618559685
13.000000000000000	0.758570591306523	1.060916618175129	-0.015157005569743
13.000000000000000	0.688211326186194	1.111363971925184	-0.015765896389541
13.000000000000000	0.614785975993027	1.157250967701507	-0.016309839230652
13.000000000000000	0.538590198697231	1.198392834767639	-0.016786643827236
13.000000000000000	0.459930807801152	1.234623909345667	-0.017194390255469
13.000000000000000	0.379124536909586	1.265798301685799	-0.017531436664394
13.000000000000000	0.296496764355343	1.291790483512889	-0.017796425887082
13.000000000000000	0.212380203015543	1.312495793484498	-0.017988290905460
13.000000000000000	0.127113560594284	1.327830858625179	-0.018106259146815
13.000000000000000	0.041040175766266	1.337733930040027	-0.018149855594677
13.000000000000000	-0.045493364326873	1.342165131555683	-0.018118904701536
13.000000000000000	-0.132138619660651	1.341106620287607	-0.018013531095715
13.000000000000000	-0.218546700372742	1.334562658487080	-0.017834159079535
13.000000000000000	-0.304369671619313	1.322559596378624	-0.017581510920795
13.000000000000000	-0.389261954585837	1.305145766056942	-0.017256603944462
13.000000000000000	-0.472881718011009	1.282391286870638	-0.016860746436253
13.000000000000000	-0.554892254620591	1.254387783076343	-0.016395532374641
13.000000000000000	-0.634963336928763	1.221248014900174	-0.015862835012455
13.000000000000000	-0.712772546947661	1.183105424492103	-0.015264799333962
13.000000000000000	-0.788006574450815	1.140113598601512	-0.014603833417766
13.000000000000000	-0.860362478562849	1.092445650137566	-0.013882598740328
13.000000000000000	-0.929548907595471	1.040293521104625	-0.013103999459138
13.000000000000000	-0.995287272217886	0.983867209719535	-0.012271170718700
13.000000000000000	-1.057312867237704	0.923393924822928	-0.011387466026410
13.000000000000000	-1.115375937475328	0.859117170989414	-0.010456443749166
13.000000000000000	-1.169242683439911	0.791295768020601	-0.009481852785079
13.000000000000000	-1.218696202757385	0.720202808769103	-0.008467617467987
13.000000000000000	-1.263537363559770	0.646124559490009	-0.007417821765543
13.000000000000000	-1.303585606318924	0.569359307147709	-0.006336692834522
13.000000000000000	-1.338679670896032	0.490216158319567	-0.005228583999552
13.000000000000000	-1.368678245879275	0.409013794532835	-0.004097957223811
13.000000000000000	-1.393460537595005	0.326079189046612	-0.002949365142276
13.000000000000000	-1.412926756501238	0.241746290245939	-0.001787432729873
13.000000000000000	-1.426998519004919	0.156354676949516	-0.000616838678329
13.000000000000000	-1.435619163084987	0.070248191045650	0.000557703443264
13.000000000000000	-1.438753976450334	-0.016226447037674	0.001731464168331
13.000000000000000	-1.436390336313952	-0.102721034453576	0.002899717176702
13.000000000000000	-1.428537760220435	-0.188887288026260	0.004057758325840
13.000000000000000	-1.415227867722197	-0.274378246664430	0.005200924592762
13.000000000000000	-1.396514253058683	-0.358849668451152	0.006324612850384
13.000000000000000	-1.372472269351290	-0.441961416784552	0.007424298402692
13.000000000000000	-1.343198725182939	-0.523378829987866	0.008495553204092
13.000000000000000	-1.308811494784081	-0.602774068873892	0.009534063689593
13.000000000000000	-1.269449043394773	-0.679827436837691	0.010535648144006
13.000000000000000	-1.225269869714029	-0.754228667161980	0.011496273540235
13.000000000000000	-1.176451867681496	-0.825678172351692	0.012412071778856
13.000000000000000	-1.123191610161351	-0.893888250467088	0.013279355263589
13.000000000000000	-1.065703557412750	-0.958584243597916	0.014094631749942
13.000000000000000	-1.004219193534062	-1.019505643813889	0.014854618407251
13.000000000000000	-0.938986094358104	-1.076407142138164	0.015556255037480
13.000000000000000	-0.870266930551641	-1.129059616320018	0.016196716397558
13.000000000000000	-0.798338409933321	-1.177251053429285	0.016773423575634
13.000000000000000	-0.723490163268952	-1.220787403557593	0.017284054375447
13.000000000000000	-0.646023578030628	-1.259493361188859	0.017726552666991
13.000000000000000	-0.566250584815755	-1.293213071092727	0.018099136665822
13.000000000000000	-0.484492401312629	-1.321810755898577	0.018400306107678
13.000000000000000	-0.401078238870175	-1.345171262823070	0.018628848289513
13.000000000000000	-0.316343976880041	-1.363200527349766	0.018783842952624
13.000000000000000	-0.230630810308831	-1.375825951993734	0.018864665988205
13.000000000000000	-0.144283875826400	-1.382996698625996	0.018870991950419
13.000000000000000	-0.057650862062293	-1.384683893180735	0.018802795366849
13.000000000000000	0.028919390413640	-1.380880741920964	0.018660350841067
13.000000000000000	0.115078293749111	-1.371602558794507	0.018444231946904
13.000000000000000	0.200478916449638	-1.356886703770139	0.018155308918868
13.000000000000000	0.284777380349222	-1.336792432402171	0.017794745148020
13.000000000000000	0.367634245286357	-1.311400657229256	0.017363992497407
13.000000000000000	0.448715875909755	-1.280813621968146	0.016864785455920
13.000000000000000	0.527695785110152	-1.245154489814335	0.016299134154125
13.000000000000000	0.604255948668667	-1.204566847507335	0.015669316270169
13.000000000000000	0.678088085828079	-1.159214127157564	0.014977867858383
13.000000000000000	0.748894900630642	-1.109278948162909	0.014227573137476
13.000000000000000	0.816391279023971	-1.054962381864870	0.013421453279480
13.000000000000000	0.880305436914699	-0.996483141905239	0.012562754244546
13.000000000000000	0.940380014547106	-0.934076703543447	0.011654933710616
13.000000000000000	0.996373112800014	-0.867994355480815	0.010701647150571
13.000000000000000	1.048059267229174	-0.798502188009636	0.009706733112932
13.000000000000000	1.095230355933005	-0.725880021561492	0.008674197765378
13.000000000000000	1.137696437586039	-0.650420279969128	0.007608198763329
13.000000000000000	1.175286516265597	-0.572426812978889	0.006513028508527
13.000000000000000	1.207849229992023	-0.492213672755037	0.005393096865055
13.000000000000000	1.235253460209945	-0.410103849302527	0.004252913402368
13.000000000000000	1.257388859756429	-0.326427969900251	0.003097069236850
13.000000000000000	1.274166297190053	-0.241522967781681	0.001930218545008
13.000000000000000	1.285518215691763	-0.155730725423657	0.000757059822745
13.000000000000000	1.291398905092342	-0.069396697906318	-0.000417683033824
13.000000000000000	1.291784685931125	0.017131478112580	-0.001589279749833
13.000000000000000	1.286674004804836	0.103505384207792	-0.002753012718815
13.000000000000000	1.276087440622585	0.189377223144601	-0.003904195998836
13.000000000000000	1.260067621741874	0.274401219335541	-0.005038194181130
13.000000000000000	1.238679054319238	0.358235011156640	-0.006150441055255


14.000000000000000	0.343380986955430	-0.869129435544027	0.122715764047890
14.000000000000000	0.404980048269891	-0.843044897493354	0.118655993085189
14.000000000000000	0.464771717164063	-0.813118519787344	0.114055295059993
14.000000000000000	0.522515233690405	-0.779470805386690	0.108932195359460
14.000000000000000	0.577978085088079	-0.742237241761532	0.103307322897920
14.000000000000000	0.630936942029776	-0.701567755331235	0.097203327051510
14.000000000000000	0.681178557890089	-0.657626107763612	0.090644786457138
14.000000000000000	0.728500627414415	-0.610589236564487	0.083658110042980
14.000000000000000	0.772712601330807	-0.560646542612807	0.076271430689053
14.000000000000000	0.813636453624647	-0.507999127510155	0.068514491946032
14.000000000000000	0.851107398386565	-0.452858983815571	0.060418528268472
14.000000000000000	0.884974553347141	-0.395448141426343	0.052016139244683
14.000000000000000	0.915101547426551	-0.335997773541973	0.043341158329692
14.000000000000000	0.941367069852772	-0.274747265811296	0.034428516609865
14.000000000000000	0.963665358637244	-0.211943252410956	0.025314102147745
14.000000000000000	0.981906626441077	-0.147838622936633	0.016034615473496
14.000000000000000	0.996017422116965	-0.082691504105890	0.006627421804818
14.000000000000000	1.005940926471039	-0.016764220372989	-0.002869599409597
14.000000000000000	1.011637181053703	0.049677762359103	-0.012418207017231
14.000000000000000	1.013083249058213	0.116366905676206	-0.021979952145370
14.000000000000000	1.010273307679093	0.183034675935700	-0.031516333021143
14.000000000000000	1.003218671558527	0.249412625556725	-0.040988950004568
14.000000000000000	0.991947747226281	0.315233473963839	-0.050359660210354
14.000000000000000	0.976505918716640	0.380232183831567	-0.059590731095836
14.000000000000000	0.956955364822914	0.444147028296160	-0.068644992396608
14.000000000000000	0.933374808725388	0.506720644837306	-0.077485985798055
14.000000000000000	0.905859201000855	0.567701071586161	-0.086078111740125
14.000000000000000	0.874519337290161	0.626842761886869	-0.094386772764186
14.000000000000000	0.839481412163258	0.683907573026280	-0.102378512824784
14.000000000000000	0.800886510978216	0.738665725150606	-0.110021152005330
14.000000000000000	0.758890041780276	0.790896726507791	-0.117283916095265
14.000000000000000	0.713661109528506	0.840390261289975	-0.124137560506947
14.000000000000000	0.665381835169815	0.886947036501026	-0.130554488033281
14.000000000000000	0.614246622302177	0.930379584439091	-0.136508859971934
14.000000000000000	0.560461374379953	0.970513017562873	-0.141976700168666
14.000000000000000	0.504242665613359	1.007185732702026	-0.146935991560845
14.000000000000000	0.445816868900556	1.040250061776091	-0.151366764832387
14.000000000000000	0.385419244303884	1.069572866401736	-0.155251178823140
14.000000000000000	0.323292991740629	1.095036073994035	-0.158573592368943
14.000000000000000	0.259688271702790	1.116537153203094	-0.161320627283073
14.000000000000000	0.194861197949069	1.133989526771610	-0.163481222225480
14.000000000000000	0.129072806225161	1.147322920150929	-0.165046677242898
14.000000000000000	0.062588003164936	1.156483644471851	-0.166010688800491
14.000000000000000	-0.004325500395081	1.161434812730756	-0.166369375163957
14.000000000000000	-0.071398267392757	1.162156488320548	-0.166121292029908
14.000000000000000	-0.138360219468307	1.158645765308340	-0.165267438341563
14.000000000000000	-0.204941724474528	1.150916780136614	-0.163811252266365
14.000000000000000	-0.270874682190286	1.139000654700759	-0.161758597351687
14.000000000000000	-0.335893603865487	1.122945371032182	-0.159117738914397
14.000000000000000	-0.399736681250568	1.102815578091605	-0.155899310759348
14.000000000000000	-0.462146840805915	1.078692331450514	-0.152116272360797
14.000000000000000	-0.522872778846276	1.050672766908985	-0.147783856679174
14.000000000000000	-0.581669973452005	1.018869709364093	-0.142919508823331
14.000000000000000	-0.638301669072526	0.983411218503883	-0.137542815805241
14.000000000000000	-0.692539829857381	0.944440073156195	-0.131675427670019
14.000000000000000	-0.744166057876109	0.902113196368720	-0.125340970318826
14.000000000000000	-0.792972472529635	0.856601023535275	-0.118564950375709
14.000000000000000	-0.838762547612069	0.808086816112622	-0.111374652481424
14.000000000000000	-0.881351902652376	0.756765923691265	-0.103799029427821
14.000000000000000	-0.920569045349455	0.702844997391595	-0.095868585575169
14.000000000000000	-0.956256062111113	0.646541157752767	-0.087615254021860
14.000000000000000	-0.988269253916358	0.588081120464917	-0.079072268021098
14.000000000000000	-1.016479714940650	0.527700283465096	-0.070274027162314
14.000000000000000	-1.040773851614149	0.465641779072863	-0.061255958856163
14.000000000000000	-1.061053840022935	0.402155494982243	-0.052054375680842
14.000000000000000	-1.077238019811382	0.337497068052181	-0.042706329164157
14.000000000000000	-1.089261222999586	0.271926854947134	-0.033249460590096
14.000000000000000	-1.097075036391824	0.205708883772680	-0.023721849430663
14.000000000000000	-1.100647996519402	0.139109790927517	-0.014161860013287
14.000000000000000	-1.099965716332940	0.072397747452798	-0.004607987041213
14.000000000000000	-1.095030943133942	0.005841379201995	0.004901299411080
14.000000000000000	-1.085863547512385	-0.060291314820601	0.014327708803293
14.000000000000000	-1.072500443334859	-0.125734041597283	0.023633284311796
14.000000000000000	-1.054995439105463	-0.190223286364924	0.032780555668360
14.000000000000000	-1.033419021297949	-0.253499373695923	0.041732690039706
14.000000000000000	-1.007858070531563	-0.315307513119497	0.050453640340320
14.000000000000000	-0.978415511733464	-0.375398825072985	0.058908290381346
14.000000000000000	-0.945209899696365	-0.433531343052006	0.067062596271085
14.000000000000000	-0.908374941700224	-0.489470987924168	0.074883723497731
14.000000000000000	-0.868058959120223	-0.542992510483119	0.082340179142361
14.000000000000000	-0.824424290188938	-0.593880398447603	0.089401938689802
14.000000000000000	-0.777646636317569	-0.641929744253350	0.096040566926761
14.000000000000000	-0.727914354608376	-0.686947070143516	0.102229332440391
14.000000000000000	-0.675427699407103	-0.728751107235326	0.107943315256254
14.000000000000000	-0.620398015949407	-0.767173525425888	0.113159507182265
14.000000000000000	-0.563046889348188	-0.802059611198100	0.117856904454562
14.000000000000000	-0.503605252348547	-0.833268890597384	0.122016592312245
14.000000000000000	-0.442312455443126	-0.860675694870720	0.125621821160447
14.000000000000000	-0.379415303092152	-0.884169666490360	0.128658074015040
14.000000000000000	-0.315167059928984	-0.903656203524643	0.131113124957405
14.000000000000000	-0.249826430952824	-0.919056840566583	0.132977088363892
14.000000000000000	-0.183656519814991	-0.930309564686371	0.134242458711737
14.000000000000000	-0.116923769393380	-0.937369065135557	0.134904140801154
14.000000000000000	-0.049896888921028	-0.940206915797437	0.134959470271906
14.000000000000000	0.017154228011121	-0.938811689648998	0.134408224331742
14.000000000000000	0.083959590220455	-0.933189004773503	0.133252622653504
14.000000000000000	0.150250196091894	-0.923361501738455	0.131497318437288
14.000000000000000	0.215759116752449	-0.909368752430019	0.129149379673649
14.000000000000000	0.280222570899586	-0.891267100711007	0.126218260683299
14.000000000000000	0.343380986955429	-0.869129435544027	0.122715764047890


15.000000000000000	-0.713970195667044	-1.350573524787489	-0.103683134258587
15.000000000000000	-0.619220125740930	-1.396745232303757	-0.105152966235194
15.000000000000000	-0.521722275935762	-1.436811508826976	-0.106162440373335
15.000000000000000	-0.421869235681445	-1.470611021602728	-0.106707491876943
15.000000000000000	-0.320063077928576	-1.498007671922393	-0.106785926015986
15.000000000000000	-0.216713740142576	-1.518891143144611	-0.106397426963868
15.000000000000000	-0.112237373630205	-1.533177344901462	-0.105543559069154
15.000000000000000	-0.007054667845126	-1.540808751700696	-0.104227760556489
15.000000000000000	0.098410843580046	-1.541754634560590	-0.102455329682080
15.000000000000000	0.203734488254196	-1.536011184744710	-0.100233403399490
15.000000000000000	0.308492165033546	-1.523601529098352	-0.097570928621645
15.000000000000000	0.412262051727274	-1.504575636924891	-0.094478626194770
15.000000000000000	0.514626303626600	-1.479010118777041	-0.090968947729330
15.000000000000000	0.615172736017950	-1.447007917973192	-0.087056025461786
15.000000000000000	0.713496483905321	-1.408697896081004	-0.082755615349067
15.000000000000000	0.809201632258724	-1.364234314037354	-0.078085033624896
15.000000000000000	0.901902810224277	-1.313796210993986	-0.073063087073422
15.000000000000000	0.991226742876614	-1.257586683390043	-0.067709997300943
15.000000000000000	1.076813754265271	-1.195832067154383	-0.062047319310633
15.000000000000000	1.158319215702788	-1.128781026330680	-0.056097854708154
15.000000000000000	1.235414933462800	-1.056703551795084	-0.049885559887631
15.000000000000000	1.307790470300341	-0.979889874098255	-0.043435449567717
15.000000000000000	1.375154395473061	-0.898649294809368	-0.036773496066144
15.000000000000000	1.437235458229967	-0.813308941067864	-0.029926524718368
15.000000000000000	1.493783680042462	-0.724212448357913	-0.022922105861410
15.000000000000000	1.544571361179649	-0.631718576809607	-0.015788443817841
15.000000000000000	1.589393997574784	-0.536199766598535	-0.008554263326929
15.000000000000000	1.628071104290974	-0.438040638260649	-0.001248693880252
15.000000000000000	1.660446942270317	-0.337636443961111	0.006098847572483
15.000000000000000	1.686391145440120	-0.235391475953333	0.013458775075115
15.000000000000000	1.705799245651064	-0.131717438636756	0.020801452797232
15.000000000000000	1.718593093333567	-0.027031790768549	0.028097314367198
15.000000000000000	1.724721172178519	0.078243935495469	0.035316981925502
15.000000000000000	1.724158806575281	0.183685831962046	0.042431384419021
15.000000000000000	1.716908260971653	0.288869321329170	0.049411874659899
15.000000000000000	1.702998730755745	0.393370866809017	0.056230344677656
15.000000000000000	1.682486224696455	0.496769677561109	0.062859338900067
15.000000000000000	1.655453339415923	0.598649403068515	0.069272164707061
15.000000000000000	1.622008926802085	0.698599809634428	0.075442999912480
15.000000000000000	1.582287655700539	0.796218432248483	0.081346996740909
15.000000000000000	1.536449469650638	0.891112195171295	0.086960381880899
15.000000000000000	1.484678942849300	0.982898994711739	0.092260552211701
15.000000000000000	1.427184536935872	1.071209237823643	0.097226165818055
15.000000000000000	1.364197761590673	1.155687330326545	0.101837227926551
15.000000000000000	1.295972242327229	1.235993108757953	0.106075171417522
15.000000000000000	1.222782699231841	1.311803210091548	0.109922931588287
15.000000000000000	1.144923840762763	1.382812373805962	0.113365014866681
15.000000000000000	1.062709177063249	1.448734671061159	0.116387561198204
15.000000000000000	0.976469757566865	1.509304656032956	0.118978399855568
15.000000000000000	0.886552837978257	1.564278434769671	0.121127098445919
15.000000000000000	0.793320481996992	1.613434647266984	0.122825004918404
15.000000000000000	0.697148103414826	1.656575358806546	0.124065282402925
15.000000000000000	0.598422954456869	1.693526856969234	0.124842936739798
15.000000000000000	0.497542566453549	1.724140351113747	0.125154836589478
15.000000000000000	0.394913149122250	1.748292571504008	0.124999726041354
15.000000000000000	0.290947954904152	1.765886265672879	0.124378229670856
15.000000000000000	0.186065614942504	1.776850590023529	0.123292850024517
15.000000000000000	0.080688453402763	1.781141395091586	0.121747957543093
15.000000000000000	-0.024759213077763	1.778741403319456	0.119749772963347
15.000000000000000	-0.129852783963253	1.769660278626942	0.117306342269336
15.000000000000000	-0.234169084535874	1.753934587498053	0.114427504294069
15.000000000000000	-0.337288069871006	1.731627651740683	0.111124851102006
15.000000000000000	-0.438794516209909	1.702829293512031	0.107411681311901
15.000000000000000	-0.538279692919244	1.667655473636484	0.103302946547957
15.000000000000000	-0.635343008305075	1.626247824672300	0.098815191234918
15.000000000000000	-0.729593622654237	1.578773080607285	0.093966485979502
15.000000000000000	-0.820652022007912	1.525422405479874	0.088776354806455
15.000000000000000	-0.908151546330397	1.466410623629018	0.083265696542184
15.000000000000000	-0.991739865919657	1.401975354672389	0.077456700662567
15.000000000000000	-1.071080400114683	1.332376056696049	0.071372757943764
15.000000000000000	-1.145853672587021	1.257892981508308	0.065038366275813
15.000000000000000	-1.215758597759182	1.178826046164613	0.058479032018276
15.000000000000000	-1.280513693170008	1.095493625307410	0.051721167295133
15.000000000000000	-1.339858212905185	1.008231269183831	0.044791983642478
15.000000000000000	-1.393553197529020	0.917390352503280	0.037719382437267
15.000000000000000	-1.441382436289741	0.823336659575498	0.030531842548323
15.000000000000000	-1.483153337723892	0.726448911426237	0.023258305661982
15.000000000000000	-1.518697705154176	0.627117240821369	0.015928059744136
15.000000000000000	-1.547872413958115	0.525741621339923	0.008570621107931
15.000000000000000	-1.570559987880387	0.422730256821660	0.001215615561992
15.000000000000000	-1.586669072068244	0.318497937674276	-0.006107340882249
15.000000000000000	-1.596134800925264	0.213464370658827	-0.013368761263784
15.000000000000000	-1.598919059302208	0.108052488878745	-0.020539406405609
15.000000000000000	-1.595010635973280	0.002686748777490	-0.027590402650573
15.000000000000000	-1.584425268779772	-0.102208578997732	-0.034493358125403
15.000000000000000	-1.567205581259331	-0.206211117984124	-0.041220477064756
15.000000000000000	-1.543420911016023	-0.308902086664233	-0.047744671734959
15.000000000000000	-1.513167030522265	-0.409867984751322	-0.054039671506748
15.000000000000000	-1.476565761476887	-0.508702258209081	-0.060080128637824
15.000000000000000	-1.433764484272145	-0.605006936301236	-0.065841720339261
15.000000000000000	-1.384935544544899	-0.698394234079244	-0.071301246714795
15.000000000000000	-1.330275559201560	-0.788488113855419	-0.076436724178618
15.000000000000000	-1.270004624711205	-0.874925799373976	-0.081227473975519
15.000000000000000	-1.204365430854774	-0.957359236582975	-0.085654205446929
15.000000000000000	-1.133622283498985	-1.035456495125141	-0.089699093707601
15.000000000000000	-1.058060040329885	-1.108903104904268	-0.093345851420128
15.000000000000000	-0.977982963831493	-1.177403322345298	-0.096579794378301
15.000000000000000	-0.893713496128165	-1.240681321249320	-0.099387900635228
15.000000000000000	-0.805590960623956	-1.298482303448323	-0.101758862938116
15.000000000000000	-0.713970195667044	-1.350573524787489	-0.103683134258587


