# n	x	y	z
1.000000000000000	0.404254575320389	-0.254800752596240	-0.026766934807017
1.000000000000000	0.421590155559888	-0.225365195024610	-0.025629870884202
1.000000000000000	0.437011155025945	-0.194885405555266	-0.024375237207970
1.000000000000000	0.450455478796456	-0.163484115542748	-0.023008085745320
1.000000000000000	0.461868991324687	-0.131287766899046	-0.021533921532664
1.000000000000000	0.471205734424015	-0.098426002956650	-0.019958680508989
1.000000000000000	0.478428112325325	-0.065031146440599	-0.018288705613927
1.000000000000000	0.483507043061902	-0.031237666651578	-0.016530721246973
1.000000000000000	0.486422075572245	0.002818361994501	-0.014691806190702
1.000000000000000	0.487161472049278	0.036999807890144	-0.012779365107013
1.000000000000000	0.485722255204355	0.071169034416857	-0.010801098721165
1.000000000000000	0.482110220255746	0.105188454159233	-0.008764972813677
1.000000000000000	0.476339911593344	0.138921082920911	-0.006679186144942
1.000000000000000	0.468434564213539	0.172231091311590	-0.004552137441708
1.000000000000000	0.458426010160086	0.204984351684039	-0.002392391578375
1.000000000000000	0.446354550347702	0.237048978218798	-0.000208645089266
1.000000000000000	0.432268792284503	0.268295857981823	0.001990308849247
1.000000000000000	0.416225454346731	0.298599170816697	0.004195615825762
1.000000000000000	0.398289137393864	0.327836895978002	0.006398395847432
1.000000000000000	0.378532064643761	0.355891303465785	0.008589779096569
1.000000000000000	0.357033790855250	0.382649428082722	0.010760941646263
1.000000000000000	0.333880881989196	0.408003524305092	0.012903140991224
1.000000000000000	0.309166566637928	0.431851500135980	0.015007751250767
1.000000000000000	0.282990360626601	0.454097328193709	0.017066297902185
1.000000000000000	0.255457666298094	0.474651432380216	0.019070491904665
1.000000000000000	0.226679348094976	0.493431048572385	0.021012263076325
1.000000000000000	0.196771286147522	0.510360557883959	0.022883792589994
1.000000000000000	0.165853909665331	0.525371791156106	0.024677544456866
1.000000000000000	0.134051712011400	0.538404303450559	0.026386295871265
1.000000000000000	0.101492749411296	0.549405617440053	0.028003166294339
1.000000000000000	0.068308125315924	0.558331434715997	0.029521645159558
1.000000000000000	0.034631462494213	0.565145814162532	0.030935618088471
1.000000000000000	0.000598364981375	0.569821316678721	0.032239391511144
1.000000000000000	-0.033654127950675	0.572339115666120	0.033427715592165
1.000000000000000	-0.067988093602103	0.572689072836848	0.034495805369870
1.000000000000000	-0.102265281211189	0.570869779036894	0.035439360023699
1.000000000000000	-0.136347668641353	0.566888559920282	0.036254580192085
1.000000000000000	-0.170098018147579	0.560761446451247	0.036938183271135
1.000000000000000	-0.203380428984380	0.552513110353204	0.037487416632523
1.000000000000000	-0.236060884630138	0.542176764764420	0.037900068707353
1.000000000000000	-0.268007792424329	0.529794030500433	0.038174477891360
1.000000000000000	-0.299092513444728	0.515414768461715	0.038309539235614
1.000000000000000	-0.329189880490945	0.499096878861424	0.038304708895748
1.000000000000000	-0.358178702088563	0.480906068081684	0.038160006321838
1.000000000000000	-0.385942250484431	0.460915584097171	0.037876014180075
1.000000000000000	-0.412368731668133	0.439205921531374	0.037453876006583
1.000000000000000	-0.437351735527001	0.415864497533156	0.036895291602794
1.000000000000000	-0.460790664322093	0.390985299778747	0.036202510190954
1.000000000000000	-0.482591137759775	0.364668508016546	0.035378321357295
1.000000000000000	-0.502665373027853	0.337020090678633	0.034426043819359
1.000000000000000	-0.520932538265980	0.308151378183289	0.033349512062689
1.000000000000000	-0.537319078047024	0.278178614646703	0.032153060900715
1.000000000000000	-0.551759009558814	0.247222489808934	0.030841508019986
1.000000000000000	-0.564194188293635	0.215407653058935	0.029420134581049
1.000000000000000	-0.574574542175642	0.182862211515449	0.027894663953077
1.000000000000000	-0.582858273183433	0.149717214184860	0.026271238667883
1.000000000000000	-0.589012025655930	0.116106124273099	0.024556395686114
1.000000000000000	-0.593011020603856	0.082164281776415	0.022757040075214
1.000000000000000	-0.594839155485975	0.048028358514980	0.020880417205156
1.000000000000000	-0.594489069048347	0.013835807803709	0.018934083573896
1.000000000000000	-0.591962170965494	-0.020275689023735	0.016925876380020
1.000000000000000	-0.587268636164143	-0.054168777009065	0.014863881965115
1.000000000000000	-0.580427363852386	-0.087706980649321	0.012756403252920
1.000000000000000	-0.571465901419237	-0.120755253435541	0.010611926316389
1.000000000000000	-0.560420333511023	-0.153180521637399	0.008439086207265
1.000000000000000	-0.547335136731245	-0.184852220144141	0.006246632185777
1.000000000000000	-0.532263000548997	-0.215642818204211	0.004043392490457
1.000000000000000	-0.515264615137068	-0.245428332946568	0.001838238789938
1.000000000000000	-0.496408426994038	-0.274088828615959	-0.000359949540124
1.000000000000000	-0.475770363334386	-0.301508899511864	-0.002542321171159
1.000000000000000	-0.453433526356391	-0.327578134686531	-0.004700088462865
1.000000000000000	-0.429487858618918	-0.352191562530885	-0.006824562847928
1.000000000000000	-0.404029780874470	-0.375250073458152	-0.008907189817820
1.000000000000000	-0.377161803816855	-0.396660818983185	-0.010939583368782
1.000000000000000	-0.348992115306799	-0.416337585590547	-0.012913559769306
1.000000000000000	-0.319634144737616	-0.434201141885899	-0.014821170513130
1.000000000000000	-0.289206106295075	-0.450179557632871	-0.016654734325068
1.000000000000000	-0.257830522950597	-0.464208493390734	-0.018406868090793
1.000000000000000	-0.225633733104494	-0.476231459586616	-0.020070516586036
1.000000000000000	-0.192745381865821	-0.486200043979076	-0.021638980885481
1.000000000000000	-0.159297899017276	-0.494074106597116	-0.023105945336973
1.000000000000000	-0.125425965767210	-0.499821941369675	-0.024465502992424
1.000000000000000	-0.091265972435933	-0.503420403794785	-0.025712179393000
1.000000000000000	-0.056955469260034	-0.504855004134317	-0.026840954612845
1.000000000000000	-0.022632612526124	-0.504119965759035	-0.027847283472542
1.000000000000000	0.011564391735770	-0.501218248409050	-0.028727113840950
1.000000000000000	0.045497844259102	-0.496161536275987	-0.029476902951706
1.000000000000000	0.079031107007163	-0.488970190954872	-0.030093631668696
1.000000000000000	0.112029153366222	-0.479673169455171	-0.030574816643045
1.000000000000000	0.144359111850047	-0.468307907601138	-0.030918520312694
1.000000000000000	0.175890801126479	-0.454920169290961	-0.031123358704273
1.000000000000000	0.206497254211716	-0.439563862221696	-0.031188507005876
1.000000000000000	0.236055229721541	-0.422300820821998	-0.031113702888285
1.000000000000000	0.264445708120880	-0.403200557266701	-0.030899247561281
1.000000000000000	0.291554370973460	-0.382339981575824	-0.030546004560774
1.000000000000000	0.317272061261807	-0.359803091925062	-0.030055396271654
1.000000000000000	0.341495222924030	-0.335680636414786	-0.029429398200342
1.000000000000000	0.364126317837527	-0.310069747659464	-0.028670531020130
1.000000000000000	0.385074218570587	-0.283073551668910	-0.027781850421316
1.000000000000000	0.404254575320389	-0.254800752596240	-0.026766934807017


2.000000000000000	0.243322118496132	-0.239984917620036	0.028640584086962
2.000000000000000	0.259412653378112	-0.222751603564530	0.027340164769124
2.000000000000000	0.274371768335063	-0.204535681945901	0.025919432659728
2.000000000000000	0.288139228290780	-0.185410501851311	0.024384108545538
2.000000000000000	0.300659596543161	-0.165453073630890	0.022740374634881
2.000000000000000	0.311882457988240	-0.144743758804229	0.020994849664067
2.000000000000000	0.321762622124015	-0.123365946472913	0.019154562246083
2.000000000000000	0.330260305016655	-0.101405717542034	0.017226922568843
2.000000000000000	0.337341289496356	-0.078951498102771	0.015219692556978
2.000000000000000	0.342977062937806	-0.056093703371729	0.013140954617308
2.000000000000000	0.347144932070468	-0.032924373620773	0.010999079093837
2.000000000000000	0.349828114356369	-0.009536803563340	0.008802690563337
2.000000000000000	0.351015805567455	0.013974833310445	0.006560633107219
2.000000000000000	0.350703223290408	0.037515863937178	0.004281934699538
2.000000000000000	0.348891626183733	0.060991496895185	0.001975770854530
2.000000000000000	0.345588308909587	0.084307204096123	-0.000348572319948
2.000000000000000	0.340806572760748	0.107369101416226	-0.002681735514295
2.000000000000000	0.334565672101004	0.130084326734540	-0.005014323903802
2.000000000000000	0.326890736834623	0.152361413855905	-0.007336944978298
2.000000000000000	0.317812671217104	0.174110660813043	-0.009640246362469
2.000000000000000	0.307368029414640	0.195244491064718	-0.011914953474578
2.000000000000000	0.295598868313401	0.215677806135560	-0.014151906871928
2.000000000000000	0.282552578171287	0.235328328277591	-0.016342099132707
2.000000000000000	0.268281691794095	0.254116931773673	-0.018476711125696
2.000000000000000	0.252843673004445	0.271967961548849	-0.020547147521795
2.000000000000000	0.236300685255250	0.288809537806624	-0.022545071404387
2.000000000000000	0.218719341319432	0.304573845463537	-0.024462437839150
2.000000000000000	0.200170435063796	0.319197407216567	-0.026291526268174
2.000000000000000	0.180728656387110	0.332621339143831	-0.028024971597922
2.000000000000000	0.160472290470253	0.344791587809350	-0.029655793855858
2.000000000000000	0.139482902549412	0.355659147917163	-0.031177426296339
2.000000000000000	0.117845009481671	0.365180259638351	-0.032583741842578
2.000000000000000	0.095645739425455	0.373316584816431	-0.033869077758220
2.000000000000000	0.072974481006187	0.380035361341577	-0.035028258449184
2.000000000000000	0.049922523379840	0.385309535072071	-0.036056616303953
2.000000000000000	0.026582688643731	0.389117868771788	-0.036950010488399
2.000000000000000	0.003048958074694	0.391445027625047	-0.037704843619459
2.000000000000000	-0.020583906300353	0.392281640984501	-0.038318076250527
2.000000000000000	-0.044220743277645	0.391624340103430	-0.038787239110235
2.000000000000000	-0.067766375657148	0.389475771700492	-0.039110443045335
2.000000000000000	-0.091125993487555	0.385844587302322	-0.039286386627654
2.000000000000000	-0.114205535832493	0.380745408406886	-0.039314361394482
2.000000000000000	-0.136912069520720	0.374198767607873	-0.039194254701309
2.000000000000000	-0.159154163355203	0.366231025917186	-0.038926550175396
2.000000000000000	-0.180842256274280	0.356874266618447	-0.038512325768385
2.000000000000000	-0.201889017982443	0.346166166078943	-0.037953249415764
2.000000000000000	-0.222209700598615	0.334149842040189	-0.037251572320683
2.000000000000000	-0.241722479905960	0.320873679998002	-0.036410119889152
2.000000000000000	-0.260348784829122	0.306391138371188	-0.035432280353127
2.000000000000000	-0.278013613812212	0.290760533243354	-0.034321991127297
2.000000000000000	-0.294645836823608	0.274044803544627	-0.033083722954505
2.000000000000000	-0.310178481771482	0.256311257618790	-0.031722461903644
2.000000000000000	-0.324549004176779	0.237631302196341	-0.030243689292516
2.000000000000000	-0.337699539017759	0.218080154864794	-0.028653359616504
2.000000000000000	-0.349577133732017	0.197736541193997	-0.026957876571915
2.000000000000000	-0.360133961437762	0.176682377736050	-0.025164067270560
2.000000000000000	-0.369327513515789	0.155002442176263	-0.023279154749382
2.000000000000000	-0.377120770776687	0.132784031963337	-0.021310728885836
2.000000000000000	-0.383482352524048	0.110116612793349	-0.019266715836130
2.000000000000000	-0.388386642913456	0.087091458362974	-0.017155346119393
2.000000000000000	-0.391813894098451	0.063801282842517	-0.014985121476281
2.000000000000000	-0.393750305748139	0.040339867548677	-0.012764780635464
2.000000000000000	-0.394188080616250	0.016801683320282	-0.010503264125852
2.000000000000000	-0.393125455937901	-0.006718489882436	-0.008209678276242
2.000000000000000	-0.390566710527625	-0.030125944623287	-0.005893258547342
2.000000000000000	-0.386522147550095	-0.053326427343547	-0.003563332343836
2.000000000000000	-0.381008053032918	-0.076226517887766	-0.001229281456212
2.000000000000000	-0.374046630288551	-0.098734005673767	0.001099495716395
2.000000000000000	-0.365665910509394	-0.120758260992113	0.003413622010237
2.000000000000000	-0.355899639896075	-0.142210599939961	0.005703779255487
2.000000000000000	-0.344787143773408	-0.163004641519837	0.007960745797213
2.000000000000000	-0.332373168241195	-0.183056655465427	0.010175433627734
2.000000000000000	-0.318707699997467	-0.202285899393805	0.012338924980819
2.000000000000000	-0.303845765059701	-0.220614943926513	0.014442508240377
2.000000000000000	-0.287847207194463	-0.237969984470341	0.016477713019070
2.000000000000000	-0.270776446947686	-0.254281138402371	0.018436344265567
2.000000000000000	-0.252702222245865	-0.269482726462639	0.020310515263125
2.000000000000000	-0.233697311612689	-0.283513537221333	0.022092679386614
2.000000000000000	-0.213838241115613	-0.296317073555614	0.023775660490111
2.000000000000000	-0.193204976222393	-0.307841780143593	0.025352681802711
2.000000000000000	-0.171880599808373	-0.318041251059413	0.026817393216189
2.000000000000000	-0.149950977611066	-0.326874416633536	0.028163896854642
2.000000000000000	-0.127504412479136	-0.334305708825806	0.029386770823159
2.000000000000000	-0.104631288807996	-0.340305204445393	0.030481091039874
2.000000000000000	-0.081423708593741	-0.344848745640921	0.031442451063507
2.000000000000000	-0.057975120570925	-0.347918037175610	0.032266979836551
2.000000000000000	-0.034379943927481	-0.349500720095738	0.032951357272648
2.000000000000000	-0.010733188111984	-0.349590421495783	0.033492827625410
2.000000000000000	0.012869929735875	-0.348186780179866	0.033889210584834
2.000000000000000	0.036334368191094	-0.345295448116162	0.034138910056644
2.000000000000000	0.059565644241642	-0.340928067678412	0.034240920589197
2.000000000000000	0.082470213738198	-0.335102224766199	0.034194831422083
2.000000000000000	0.104955848063423	-0.327841377992736	0.034000828140110
2.000000000000000	0.126932005504055	-0.319174764225310	0.033659691926022
2.000000000000000	0.148310195830428	-0.309137280858734	0.033172796414953
2.000000000000000	0.169004336615397	-0.297769345295858	0.032542102163277
2.000000000000000	0.188931099857889	-0.285116732200953	0.031770148754148
2.000000000000000	0.208010247515353	-0.271230389181289	0.030860044571487
2.000000000000000	0.226164954594039	-0.256166231639110	0.029815454283622
2.000000000000000	0.243322118496132	-0.239984917620036	0.028640584086962


3.000000000000000	0.159781864391933	0.524826095788495	-0.037636103762868
3.000000000000000	0.122769178619580	0.534931690265611	-0.035966528950006
3.000000000000000	0.085194187049936	0.542660087143796	-0.034136122414583
3.000000000000000	0.047208190912193	0.547980166896512	-0.032152254557685
3.000000000000000	0.008964146405876	0.550870507440284	-0.030022913714978
3.000000000000000	-0.029383951199784	0.551319470393869	-0.027756673990498
3.000000000000000	-0.067681687650452	0.549325247941912	-0.025362660731761
3.000000000000000	-0.105774851478388	0.544895870114379	-0.022850513785207
3.000000000000000	-0.143510054957602	0.538049172452459	-0.020230348679944
3.000000000000000	-0.180735351742088	0.528812724191139	-0.017512715896080
3.000000000000000	-0.217300848700131	0.517223717247620	-0.014708558381663
3.000000000000000	-0.253059309481047	0.503328816462594	-0.011829167489294
3.000000000000000	-0.287866747383995	0.487183971697406	-0.008886137509834
3.000000000000000	-0.321583005141610	0.468854192543701	-0.005891318986286
3.000000000000000	-0.354072319283843	0.448413286552752	-0.002856770995842
3.000000000000000	-0.385203866809546	0.425943562038492	0.000205287407766
3.000000000000000	-0.414852291964519	0.401535496650992	0.003282526396080
3.000000000000000	-0.442898211004888	0.375287373054892	0.006362555013788
3.000000000000000	-0.469228692913311	0.347304883179802	0.009432971072722
3.000000000000000	-0.493737714132323	0.317700702636205	0.012481411091097
3.000000000000000	-0.516326585483780	0.286594037010536	0.015495600076888
3.000000000000000	-0.536904349555351	0.254110141866369	0.018463400954887
3.000000000000000	-0.555388146953914	0.220379818384459	0.021372863438426
3.000000000000000	-0.571703549951086	0.185538886672561	0.024212272148960
3.000000000000000	-0.585784862177418	0.149727638865789	0.026970193789764
3.000000000000000	-0.597575383158485	0.113090274219704	0.029635523183781
3.000000000000000	-0.607027636627687	0.075774318470807	0.032197527990254
3.000000000000000	-0.614103561696417	0.037930029802463	0.034645891920069
3.000000000000000	-0.618774666111829	-0.000290206191764	0.036970756275816
3.000000000000000	-0.621022140985078	-0.038732490111122	0.039162759649282
3.000000000000000	-0.620836936528081	-0.077242028446231	0.041213075616535
3.000000000000000	-0.618219798493821	-0.115663756877917	0.043113448278821
3.000000000000000	-0.613181265173459	-0.153842964666495	0.044856225506154
3.000000000000000	-0.605741624962356	-0.191625917617315	0.046434389749742
3.000000000000000	-0.595930834665869	-0.228860477114101	0.047841586299179
3.000000000000000	-0.583788398873863	-0.265396712727466	0.049072148870622
3.000000000000000	-0.569363210889677	-0.301087505931830	0.050121122422915
3.000000000000000	-0.552713355854043	-0.335789142499803	0.050984283109791
3.000000000000000	-0.533905876856726	-0.369361891188653	0.051658155287812
3.000000000000000	-0.513016504977665	-0.401670566388702	0.052140025511556
3.000000000000000	-0.490129354344646	-0.432585072468064	0.052427953459705
3.000000000000000	-0.465336583435388	-0.461980927621841	0.052520779748034
3.000000000000000	-0.438738023987891	-0.489739765116412	0.052418130597842
3.000000000000000	-0.410440779013252	-0.515749809910495	0.052120419341029
3.000000000000000	-0.380558791529650	-0.539906328733788	0.051628844755749
3.000000000000000	-0.349212385754018	-0.562112051810882	0.050945386239359
3.000000000000000	-0.316527782598898	-0.582277564532317	0.050072795838083
3.000000000000000	-0.282636591425366	-0.600321667495656	0.049014587165492
3.000000000000000	-0.247675280098595	-0.616171703466819	0.047775021254420
3.000000000000000	-0.211784625479921	-0.629763849945122	0.046359089399296
3.000000000000000	-0.175109146568109	-0.641043376153961	0.044772493057956
3.000000000000000	-0.137796522572357	-0.649964863422330	0.043021620893886
3.000000000000000	-0.099996998260237	-0.656492388069784	0.041113523051333
3.000000000000000	-0.061862778975046	-0.660599666058415	0.039055882766857
3.000000000000000	-0.023547417758613	-0.662270158829403	0.036856985431651
3.000000000000000	0.014794802952614	-0.661497139897948	0.034525685229199
3.000000000000000	0.053009492568477	-0.658283721938455	0.032071369482597
3.000000000000000	0.090942774021530	-0.652642844250892	0.029503920855121
3.000000000000000	0.128441903375678	-0.644597220658792	0.026833677556230
3.000000000000000	0.165355884872094	-0.634179248048710	0.024071391713242
3.000000000000000	0.201536078935853	-0.621430875919387	0.021228186076315
3.000000000000000	0.236836800695033	-0.606403437465930	0.018315509231058
3.000000000000000	0.271115906602281	-0.589157442879149	0.015345089499115
3.000000000000000	0.304235366796705	-0.569762335692380	0.012328887712355
3.000000000000000	0.336061820901409	-0.548296213156881	0.009279049050825
3.000000000000000	0.366467115018661	-0.524845511771769	0.006207854138392
3.000000000000000	0.395328817760412	-0.499504659234743	0.003127669593011
3.000000000000000	0.422530713236277	-0.472375694215073	0.000050898230712
3.000000000000000	0.447963269013916	-0.443567855479894	-0.003010070876154
3.000000000000000	0.471524077167473	-0.413197142028246	-0.006042912285345
3.000000000000000	0.493118266638155	-0.381385846004043	-0.009035413814928
3.000000000000000	0.512658885246498	-0.348262060268779	-0.011975525717429
3.000000000000000	0.530067249818105	-0.313959162616773	-0.014851409199910
3.000000000000000	0.545273263013022	-0.278615278709878	-0.017651484094613
3.000000000000000	0.558215695582978	-0.242372725894181	-0.020364475488205
3.000000000000000	0.568842432919967	-0.205377440138290	-0.022979459121878
3.000000000000000	0.577110684903372	-0.167778388400687	-0.025485905379481
3.000000000000000	0.582987158200685	-0.129726968792369	-0.027873721686569
3.000000000000000	0.586448190328002	-0.091376400950087	-0.030133293149640
3.000000000000000	0.587479844930495	-0.052881109074947	-0.032255521271912
3.000000000000000	0.586077967899198	-0.014396100120659	-0.034231860589764
3.000000000000000	0.582248204098130	0.023923660364764	-0.036054353082301
3.000000000000000	0.576005974634428	0.061923872230568	-0.037715660215491
3.000000000000000	0.567376414762986	0.099451522035506	-0.039209092491859
3.000000000000000	0.556394272675657	0.136355499178965	-0.040528636386723
3.000000000000000	0.543103769582548	0.172487204370016	-0.041668978562545
3.000000000000000	0.527558421648814	0.207701147984316	-0.042625527263859
3.000000000000000	0.509820824503952	0.241855535899471	-0.043394430806653
3.000000000000000	0.489962401191289	0.274812840449926	-0.043972593087740
3.000000000000000	0.468063114572598	0.306440354202331	-0.044357686051672
3.000000000000000	0.444211145345876	0.336610724321539	-0.044548159065001
3.000000000000000	0.418502536972795	0.365202465375525	-0.044543245160127
3.000000000000000	0.391040808945581	0.392100448514340	-0.044342964123611
3.000000000000000	0.361936539950553	0.417196365053361	-0.043948122416499
3.000000000000000	0.331306922606784	0.440389162594131	-0.043360309926989
3.000000000000000	0.299275291572785	0.461585451926708	-0.042581893568512
3.000000000000000	0.265970626921364	0.480699883075048	-0.041616007749005
3.000000000000000	0.231527034782401	0.497655488971235	-0.040466541749761
3.000000000000000	0.196083207344786	0.512383995374702	-0.039138124064661
3.000000000000000	0.159781864391933	0.524826095788495	-0.037636103762868


4.000000000000000	nan	nan	nan
4.000000000000000	nan	nan	nan
4.000000000000000	nan	nan	nan
4.000000000000000	nan	nan	nan
4.000000000000000	nan	nan	nan
4.000000000000000	nan	nan	nan
4.000000000000000	nan	nan	nan
4.000000000000000	nan	nan	nan
4.000000000000000	nan	nan	nan
4.000000000000000	nan	nan	nan
4.000000000000000	nan	nan	nan
4.000000000000000	nan	nan	nan
4.000000000000000	nan	nan	nan
4.000000000000000	nan	nan	nan
4.000000000000000	nan	nan	nan
4.000000000000000	nan	nan	nan
4.000000000000000	nan	nan	nan
4.000000000000000	nan	nan	nan
4.000000000000000	nan	nan	nan
4.000000000000000	nan	nan	nan
4.000000000000000	nan	nan	nan
4.000000000000000	nan	nan	nan
4.000000000000000	nan	nan	nan
4.000000000000000	nan	nan	nan
4.000000000000000	nan	nan	nan
4.000000000000000	nan	nan	nan
4.000000000000000	nan	nan	nan
4.000000000000000	nan	nan	nan
4.000000000000000	nan	nan	nan
4.000000000000000	nan	nan	nan
4.000000000000000	nan	nan	nan
4.000000000000000	nan	nan	nan
4.000000000000000	nan	nan	nan
4.000000000000000	nan	nan	nan
4.000000000000000	nan	nan	nan
4.000000000000000	nan	nan	nan
4.000000000000000	nan	nan	nan
4.000000000000000	nan	nan	nan
4.000000000000000	nan	nan	nan
4.000000000000000	nan	nan	nan
4.000000000000000	nan	nan	nan
4.000000000000000	nan	nan	nan
4.000000000000000	nan	nan	nan
4.000000000000000	nan	nan	nan
4.000000000000000	nan	nan	nan
4.000000000000000	nan	nan	nan
4.000000000000000	nan	nan	nan
4.000000000000000	nan	nan	nan
4.000000000000000	nan	nan	nan
4.000000000000000	nan	nan	nan
4.000000000000000	nan	nan	nan
4.000000000000000	nan	nan	nan
4.000000000000000	nan	nan	nan
4.000000000000000	nan	nan	nan
4.000000000000000	nan	nan	nan
4.000000000000000	nan	nan	nan
4.000000000000000	nan	nan	nan
4.000000000000000	nan	nan	nan
4.000000000000000	nan	nan	nan
4.000000000000000	nan	nan	nan
4.000000000000000	nan	nan	nan
4.000000000000000	nan	nan	nan
4.000000000000000	nan	nan	nan
4.000000000000000	nan	nan	nan
4.000000000000000	nan	nan	nan
4.000000000000000	nan	nan	nan
4.000000000000000	nan	nan	nan
4.000000000000000	nan	nan	nan
4.000000000000000	nan	nan	nan
4.000000000000000	nan	nan	nan
4.000000000000000	nan	nan	nan
4.000000000000000	nan	nan	nan
4.000000000000000	nan	nan	nan
4.000000000000000	nan	nan	nan
4.000000000000000	nan	nan	nan
4.000000000000000	nan	nan	nan
4.000000000000000	nan	nan	nan
4.000000000000000	nan	nan	nan
4.000000000000000	nan	nan	nan
4.000000000000000	nan	nan	nan
4.000000000000000	nan	nan	nan
4.000000000000000	nan	nan	nan
4.000000000000000	nan	nan	nan
4.000000000000000	nan	nan	nan
4.000000000000000	nan	nan	nan
4.000000000000000	nan	nan	nan
4.000000000000000	nan	nan	nan
4.000000000000000	nan	nan	nan
4.000000000000000	nan	nan	nan
4.000000000000000	nan	nan	nan
4.000000000000000	nan	nan	nan
4.000000000000000	nan	nan	nan
4.000000000000000	nan	nan	nan
4.000000000000000	nan	nan	nan
4.000000000000000	nan	nan	nan
4.000000000000000	nan	nan	nan
4.000000000000000	nan	nan	nan
4.000000000000000	nan	nan	nan
4.000000000000000	nan	nan	nan
4.000000000000000	nan	nan	nan


5.000000000000000	nan	nan	nan
5.000000000000000	nan	nan	nan
5.000000000000000	nan	nan	nan
5.000000000000000	nan	nan	nan
5.000000000000000	nan	nan	nan
5.000000000000000	nan	nan	nan
5.000000000000000	nan	nan	nan
5.000000000000000	nan	nan	nan
5.000000000000000	nan	nan	nan
5.000000000000000	nan	nan	nan
5.000000000000000	nan	nan	nan
5.000000000000000	nan	nan	nan
5.000000000000000	nan	nan	nan
5.000000000000000	nan	nan	nan
5.000000000000000	nan	nan	nan
5.000000000000000	nan	nan	nan
5.000000000000000	nan	nan	nan
5.000000000000000	nan	nan	nan
5.000000000000000	nan	nan	nan
5.000000000000000	nan	nan	nan
5.000000000000000	nan	nan	nan
5.000000000000000	nan	nan	nan
5.000000000000000	nan	nan	nan
5.000000000000000	nan	nan	nan
5.000000000000000	nan	nan	nan
5.000000000000000	nan	nan	nan
5.000000000000000	nan	nan	nan
5.000000000000000	nan	nan	nan
5.000000000000000	nan	nan	nan
5.000000000000000	nan	nan	nan
5.000000000000000	nan	nan	nan
5.000000000000000	nan	nan	nan
5.000000000000000	nan	nan	nan
5.000000000000000	nan	nan	nan
5.000000000000000	nan	nan	nan
5.000000000000000	nan	nan	nan
5.000000000000000	nan	nan	nan
5.000000000000000	nan	nan	nan
5.000000000000000	nan	nan	nan
5.000000000000000	nan	nan	nan
5.000000000000000	nan	nan	nan
5.000000000000000	nan	nan	nan
5.000000000000000	nan	nan	nan
5.000000000000000	nan	nan	nan
5.000000000000000	nan	nan	nan
5.000000000000000	nan	nan	nan
5.000000000000000	nan	nan	nan
5.000000000000000	nan	nan	nan
5.000000000000000	nan	nan	nan
5.000000000000000	nan	nan	nan
5.000000000000000	nan	nan	nan
5.000000000000000	nan	nan	nan
5.000000000000000	nan	nan	nan
5.000000000000000	nan	nan	nan
5.000000000000000	nan	nan	nan
5.000000000000000	nan	nan	nan
5.000000000000000	nan	nan	nan
5.000000000000000	nan	nan	nan
5.000000000000000	nan	nan	nan
5.000000000000000	nan	nan	nan
5.000000000000000	nan	nan	nan
5.000000000000000	nan	nan	nan
5.000000000000000	nan	nan	nan
5.000000000000000	nan	nan	nan
5.000000000000000	nan	nan	nan
5.000000000000000	nan	nan	nan
5.000000000000000	nan	nan	nan
5.000000000000000	nan	nan	nan
5.000000000000000	nan	nan	nan
5.000000000000000	nan	nan	nan
5.000000000000000	nan	nan	nan
5.000000000000000	nan	nan	nan
5.000000000000000	nan	nan	nan
5.000000000000000	nan	nan	nan
5.000000000000000	nan	nan	nan
5.000000000000000	nan	nan	nan
5.000000000000000	nan	nan	nan
5.000000000000000	nan	nan	nan
5.000000000000000	nan	nan	nan
5.000000000000000	nan	nan	nan
5.000000000000000	nan	nan	nan
5.000000000000000	nan	nan	nan
5.000000000000000	nan	nan	nan
5.000000000000000	nan	nan	nan
5.000000000000000	nan	nan	nan
5.000000000000000	nan	nan	nan
5.000000000000000	nan	nan	nan
5.000000000000000	nan	nan	nan
5.000000000000000	nan	nan	nan
5.000000000000000	nan	nan	nan
5.000000000000000	nan	nan	nan
5.000000000000000	nan	nan	nan
5.000000000000000	nan	nan	nan
5.000000000000000	nan	nan	nan
5.000000000000000	nan	nan	nan
5.000000000000000	nan	nan	nan
5.000000000000000	nan	nan	nan
5.000000000000000	nan	nan	nan
5.000000000000000	nan	nan	nan
5.000000000000000	nan	nan	nan


6.000000000000000	nan	nan	nan
6.000000000000000	nan	nan	nan
6.000000000000000	nan	nan	nan
6.000000000000000	nan	nan	nan
6.000000000000000	nan	nan	nan
6.000000000000000	nan	nan	nan
6.000000000000000	nan	nan	nan
6.000000000000000	nan	nan	nan
6.000000000000000	nan	nan	nan
6.000000000000000	nan	nan	nan
6.000000000000000	nan	nan	nan
6.000000000000000	nan	nan	nan
6.000000000000000	nan	nan	nan
6.000000000000000	nan	nan	nan
6.000000000000000	nan	nan	nan
6.000000000000000	nan	nan	nan
6.000000000000000	nan	nan	nan
6.000000000000000	nan	nan	nan
6.000000000000000	nan	nan	nan
6.000000000000000	nan	nan	nan
6.000000000000000	nan	nan	nan
6.000000000000000	nan	nan	nan
6.000000000000000	nan	nan	nan
6.000000000000000	nan	nan	nan
6.000000000000000	nan	nan	nan
6.000000000000000	nan	nan	nan
6.000000000000000	nan	nan	nan
6.000000000000000	nan	nan	nan
6.000000000000000	nan	nan	nan
6.000000000000000	nan	nan	nan
6.000000000000000	nan	nan	nan
6.000000000000000	nan	nan	nan
6.000000000000000	nan	nan	nan
6.000000000000000	nan	nan	nan
6.000000000000000	nan	nan	nan
6.000000000000000	nan	nan	nan
6.000000000000000	nan	nan	nan
6.000000000000000	nan	nan	nan
6.000000000000000	nan	nan	nan
6.000000000000000	nan	nan	nan
6.000000000000000	nan	nan	nan
6.000000000000000	nan	nan	nan
6.000000000000000	nan	nan	nan
6.000000000000000	nan	nan	nan
6.000000000000000	nan	nan	nan
6.000000000000000	nan	nan	nan
6.000000000000000	nan	nan	nan
6.000000000000000	nan	nan	nan
6.000000000000000	nan	nan	nan
6.000000000000000	nan	nan	nan
6.000000000000000	nan	nan	nan
6.000000000000000	nan	nan	nan
6.000000000000000	nan	nan	nan
6.000000000000000	nan	nan	nan
6.000000000000000	nan	nan	nan
6.000000000000000	nan	nan	nan
6.000000000000000	nan	nan	nan
6.000000000000000	nan	nan	nan
6.000000000000000	nan	nan	nan
6.000000000000000	nan	nan	nan
6.000000000000000	nan	nan	nan
6.000000000000000	nan	nan	nan
6.000000000000000	nan	nan	nan
6.000000000000000	nan	nan	nan
6.000000000000000	nan	nan	nan
6.000000000000000	nan	nan	nan
6.000000000000000	nan	nan	nan
6.000000000000000	nan	nan	nan
6.000000000000000	nan	nan	nan
6.000000000000000	nan	nan	nan
6.000000000000000	nan	nan	nan
6.000000000000000	nan	nan	nan
6.000000000000000	nan	nan	nan
6.000000000000000	nan	nan	nan
6.000000000000000	nan	nan	nan
6.000000000000000	nan	nan	nan
6.000000000000000	nan	nan	nan
6.000000000000000	nan	nan	nan
6.000000000000000	nan	nan	nan
6.000000000000000	nan	nan	nan
6.000000000000000	nan	nan	nan
6.000000000000000	nan	nan	nan
6.000000000000000	nan	nan	nan
6.000000000000000	nan	nan	nan
6.000000000000000	nan	nan	nan
6.000000000000000	nan	nan	nan
6.000000000000000	nan	nan	nan
6.000000000000000	nan	nan	nan
6.000000000000000	nan	nan	nan
6.000000000000000	nan	nan	nan
6.000000000000000	nan	nan	nan
6.000000000000000	nan	nan	nan
6.000000000000000	nan	nan	nan
6.000000000000000	nan	nan	nan
6.000000000000000	nan	nan	nan
6.000000000000000	nan	nan	nan
6.000000000000000	nan	nan	nan
6.000000000000000	nan	nan	nan
6.000000000000000	nan	nan	nan
6.000000000000000	nan	nan	nan


7.000000000000000	nan	nan	nan
7.000000000000000	nan	nan	nan
7.000000000000000	nan	nan	nan
7.000000000000000	nan	nan	nan
7.000000000000000	nan	nan	nan
7.000000000000000	nan	nan	nan
7.000000000000000	nan	nan	nan
7.000000000000000	nan	nan	nan
7.000000000000000	nan	nan	nan
7.000000000000000	nan	nan	nan
7.000000000000000	nan	nan	nan
7.000000000000000	nan	nan	nan
7.000000000000000	nan	nan	nan
7.000000000000000	nan	nan	nan
7.000000000000000	nan	nan	nan
7.000000000000000	nan	nan	nan
7.000000000000000	nan	nan	nan
7.000000000000000	nan	nan	nan
7.000000000000000	nan	nan	nan
7.000000000000000	nan	nan	nan
7.000000000000000	nan	nan	nan
7.000000000000000	nan	nan	nan
7.000000000000000	nan	nan	nan
7.000000000000000	nan	nan	nan
7.000000000000000	nan	nan	nan
7.000000000000000	nan	nan	nan
7.000000000000000	nan	nan	nan
7.000000000000000	nan	nan	nan
7.000000000000000	nan	nan	nan
7.000000000000000	nan	nan	nan
7.000000000000000	nan	nan	nan
7.000000000000000	nan	nan	nan
7.000000000000000	nan	nan	nan
7.000000000000000	nan	nan	nan
7.000000000000000	nan	nan	nan
7.000000000000000	nan	nan	nan
7.000000000000000	nan	nan	nan
7.000000000000000	nan	nan	nan
7.000000000000000	nan	nan	nan
7.000000000000000	nan	nan	nan
7.000000000000000	nan	nan	nan
7.000000000000000	nan	nan	nan
7.000000000000000	nan	nan	nan
7.000000000000000	nan	nan	nan
7.000000000000000	nan	nan	nan
7.000000000000000	nan	nan	nan
7.000000000000000	nan	nan	nan
7.000000000000000	nan	nan	nan
7.000000000000000	nan	nan	nan
7.000000000000000	nan	nan	nan
7.000000000000000	nan	nan	nan
7.000000000000000	nan	nan	nan
7.000000000000000	nan	nan	nan
7.000000000000000	nan	nan	nan
7.000000000000000	nan	nan	nan
7.000000000000000	nan	nan	nan
7.000000000000000	nan	nan	nan
7.000000000000000	nan	nan	nan
7.000000000000000	nan	nan	nan
7.000000000000000	nan	nan	nan
7.000000000000000	nan	nan	nan
7.000000000000000	nan	nan	nan
7.000000000000000	nan	nan	nan
7.000000000000000	nan	nan	nan
7.000000000000000	nan	nan	nan
7.000000000000000	nan	nan	nan
7.000000000000000	nan	nan	nan
7.000000000000000	nan	nan	nan
7.000000000000000	nan	nan	nan
7.000000000000000	nan	nan	nan
7.000000000000000	nan	nan	nan
7.000000000000000	nan	nan	nan
7.000000000000000	nan	nan	nan
7.000000000000000	nan	nan	nan
7.000000000000000	nan	nan	nan
7.000000000000000	nan	nan	nan
7.000000000000000	nan	nan	nan
7.000000000000000	nan	nan	nan
7.000000000000000	nan	nan	nan
7.000000000000000	nan	nan	nan
7.000000000000000	nan	nan	nan
7.000000000000000	nan	nan	nan
7.000000000000000	nan	nan	nan
7.000000000000000	nan	nan	nan
7.000000000000000	nan	nan	nan
7.000000000000000	nan	nan	nan
7.000000000000000	nan	nan	nan
7.000000000000000	nan	nan	nan
7.000000000000000	nan	nan	nan
7.000000000000000	nan	nan	nan
7.000000000000000	nan	nan	nan
7.000000000000000	nan	nan	nan
7.000000000000000	nan	nan	nan
7.000000000000000	nan	nan	nan
7.000000000000000	nan	nan	nan
7.000000000000000	nan	nan	nan
7.000000000000000	nan	nan	nan
7.000000000000000	nan	nan	nan
7.000000000000000	nan	nan	nan
7.000000000000000	nan	nan	nan


8.000000000000000	nan	nan	nan
8.000000000000000	nan	nan	nan
8.000000000000000	nan	nan	nan
8.000000000000000	nan	nan	nan
8.000000000000000	nan	nan	nan
8.000000000000000	nan	nan	nan
8.000000000000000	nan	nan	nan
8.000000000000000	nan	nan	nan
8.000000000000000	nan	nan	nan
8.000000000000000	nan	nan	nan
8.000000000000000	nan	nan	nan
8.000000000000000	nan	nan	nan
8.000000000000000	nan	nan	nan
8.000000000000000	nan	nan	nan
8.000000000000000	nan	nan	nan
8.000000000000000	nan	nan	nan
8.000000000000000	nan	nan	nan
8.000000000000000	nan	nan	nan
8.000000000000000	nan	nan	nan
8.000000000000000	nan	nan	nan
8.000000000000000	nan	nan	nan
8.000000000000000	nan	nan	nan
8.000000000000000	nan	nan	nan
8.000000000000000	nan	nan	nan
8.000000000000000	nan	nan	nan
8.000000000000000	nan	nan	nan
8.000000000000000	nan	nan	nan
8.000000000000000	nan	nan	nan
8.000000000000000	nan	nan	nan
8.000000000000000	nan	nan	nan
8.000000000000000	nan	nan	nan
8.000000000000000	nan	nan	nan
8.000000000000000	nan	nan	nan
8.000000000000000	nan	nan	nan
8.000000000000000	nan	nan	nan
8.000000000000000	nan	nan	nan
8.000000000000000	nan	nan	nan
8.000000000000000	nan	nan	nan
8.000000000000000	nan	nan	nan
8.000000000000000	nan	nan	nan
8.000000000000000	nan	nan	nan
8.000000000000000	nan	nan	nan
8.000000000000000	nan	nan	nan
8.000000000000000	nan	nan	nan
8.000000000000000	nan	nan	nan
8.000000000000000	nan	nan	nan
8.000000000000000	nan	nan	nan
8.000000000000000	nan	nan	nan
8.000000000000000	nan	nan	nan
8.000000000000000	nan	nan	nan
8.000000000000000	nan	nan	nan
8.000000000000000	nan	nan	nan
8.000000000000000	nan	nan	nan
8.000000000000000	nan	nan	nan
8.000000000000000	nan	nan	nan
8.000000000000000	nan	nan	nan
8.000000000000000	nan	nan	nan
8.000000000000000	nan	nan	nan
8.000000000000000	nan	nan	nan
8.000000000000000	nan	nan	nan
8.000000000000000	nan	nan	nan
8.000000000000000	nan	nan	nan
8.000000000000000	nan	nan	nan
8.000000000000000	nan	nan	nan
8.000000000000000	nan	nan	nan
8.000000000000000	nan	nan	nan
8.000000000000000	nan	nan	nan
8.000000000000000	nan	nan	nan
8.000000000000000	nan	nan	nan
8.000000000000000	nan	nan	nan
8.000000000000000	nan	nan	nan
8.000000000000000	nan	nan	nan
8.000000000000000	nan	nan	nan
8.000000000000000	nan	nan	nan
8.000000000000000	nan	nan	nan
8.000000000000000	nan	nan	nan
8.000000000000000	nan	nan	nan
8.000000000000000	nan	nan	nan
8.000000000000000	nan	nan	nan
8.000000000000000	nan	nan	nan
8.000000000000000	nan	nan	nan
8.000000000000000	nan	nan	nan
8.000000000000000	nan	nan	nan
8.000000000000000	nan	nan	nan
8.000000000000000	nan	nan	nan
8.000000000000000	nan	nan	nan
8.000000000000000	nan	nan	nan
8.000000000000000	nan	nan	nan
8.000000000000000	nan	nan	nan
8.000000000000000	nan	nan	nan
8.000000000000000	nan	nan	nan
8.000000000000000	nan	nan	nan
8.000000000000000	nan	nan	nan
8.000000000000000	nan	nan	nan
8.000000000000000	nan	nan	nan
8.000000000000000	nan	nan	nan
8.000000000000000	nan	nan	nan
8.000000000000000	nan	nan	nan
8.000000000000000	nan	nan	nan
8.000000000000000	nan	nan	nan


9.000000000000000	-0.721989751106459	-0.228424044694897	-0.036036824076164
9.000000000000000	-0.702247374196268	-0.284164358184820	-0.037917124717728
9.000000000000000	-0.678932480888812	-0.338524796864703	-0.039607570421371
9.000000000000000	-0.652138952030592	-0.391286470434162	-0.041101354358876
9.000000000000000	-0.621974675705711	-0.442236926255635	-0.042392461589550
9.000000000000000	-0.588561112808636	-0.491171004826176	-0.043475693280262
9.000000000000000	-0.552032807964046	-0.537891665882359	-0.044346687639315
9.000000000000000	-0.512536847763111	-0.582210781811876	-0.045001937479835
9.000000000000000	-0.470232268497708	-0.623949895177036	-0.045438804341982
9.000000000000000	-0.425289415777401	-0.662940937299877	-0.045655529117090
9.000000000000000	-0.377889258607795	-0.699026905015416	-0.045651239130984
9.000000000000000	-0.328222660692221	-0.732062492867979	-0.045425951657922
9.000000000000000	-0.276489611890969	-0.761914678204990	-0.044980573851044
9.000000000000000	-0.222898422932706	-0.788463256812238	-0.044316899089586
9.000000000000000	-0.167664886620689	-0.811601326933829	-0.043437599757572
9.000000000000000	-0.111011408911315	-0.831235719727819	-0.042346216483069
9.000000000000000	-0.053166113363826	-0.847287374424265	-0.041047143881327
9.000000000000000	0.005638077432742	-0.859691656675034	-0.039545612859212
9.000000000000000	0.065164379756627	-0.868398618813518	-0.037847669552195
9.000000000000000	0.125173102197806	-0.873373200976253	-0.035960150978696
9.000000000000000	0.185422610810713	-0.874595372276617	-0.033890657509821
9.000000000000000	0.245670302088854	-0.872060211462141	-0.031647522265354
9.000000000000000	0.305673579843499	-0.865777926730656	-0.029239777559226
9.000000000000000	0.365190832052911	-0.855773814625482	-0.026677118529568
9.000000000000000	0.423982403748689	-0.842088158175179	-0.023969864099818
9.000000000000000	0.481811562021730	-0.824776064688004	-0.021128915428058
9.000000000000000	0.538445449262112	-0.803907243854234	-0.018165712011892
9.000000000000000	0.593656020794494	-0.779565727049847	-0.015092185625634
9.000000000000000	0.647220963133542	-0.751849528971827	-0.011920712275258
9.000000000000000	0.698924589161871	-0.720870252967575	-0.008664062364596
9.000000000000000	0.748558706625937	-0.686752641647619	-0.005335349273422
9.000000000000000	0.795923456452764	-0.649634074591144	-0.001947976554508
9.000000000000000	0.840828117511892	-0.609664015166921	0.001484416037761
9.000000000000000	0.883091874582059	-0.567003408697067	0.004948007469857
9.000000000000000	0.922544546430270	-0.521824034387042	0.008428851081536
9.000000000000000	0.959027271071569	-0.474307813631412	0.011912930744115
9.000000000000000	0.992393145450174	-0.424646077480608	0.015386217298478
9.000000000000000	1.022507816966242	-0.373038796218307	0.018834725045545
9.000000000000000	1.049250024466362	-0.319693774151686	0.022244568061748
9.000000000000000	1.072512086519427	-0.264825812856812	0.025602016112744
9.000000000000000	1.092200335011749	-0.208655846248517	0.028893549940221
9.000000000000000	1.108235492315494	-0.151410050957490	0.032105915699182
9.000000000000000	1.120552990511709	-0.093318935596823	0.035226178326502
9.000000000000000	1.129103231382542	-0.034616412585176	0.038241773625856
9.000000000000000	1.133851786125759	0.024461143735973	0.041140558859311
9.000000000000000	1.134779533987384	0.083675848898374	0.043910861641838
9.000000000000000	1.131882739254220	0.142789266183800	0.046541526941894
9.000000000000000	1.125173066296252	0.201563366724554	0.049021961998793
9.000000000000000	1.114677532598345	0.259761487961711	0.051342178976014
9.000000000000000	1.100438399970366	0.317149286601713	0.053492835178696
9.000000000000000	1.082513004373796	0.373495682234103	0.055465270673372
9.000000000000000	1.060973525050044	0.428573787810778	0.057251543158464
9.000000000000000	1.035906693880124	0.482161823240057	0.058844459945127
9.000000000000000	1.007413446145974	0.534044008416827	0.060237606919673
9.000000000000000	0.975608514099706	0.584011432092876	0.061425374370936
9.000000000000000	0.940619964977316	0.631862893088752	0.062402979578606
9.000000000000000	0.902588685317131	0.677405710459899	0.063166486071552
9.000000000000000	0.861667813659440	0.720456499354816	0.063712819478600
9.000000000000000	0.818022123911640	0.760841909441133	0.064039779907947
9.000000000000000	0.771827361861872	0.798399322926210	0.064146050805341
9.000000000000000	0.723269537512758	0.832977509361597	0.064031204255386
9.000000000000000	0.672544176084769	0.864437234594676	0.063695702704605
9.000000000000000	0.619855530705175	0.892651821415446	0.063140897099329
9.000000000000000	0.565415759952792	0.917507659640942	0.062369021445916
9.000000000000000	0.509444073570261	0.938904663583344	0.061383183815194
9.000000000000000	0.452165849783787	0.956756675059716	0.060187353827355
9.000000000000000	0.393811727784565	0.970991810320597	0.058786346667701
9.000000000000000	0.334616679026163	0.981552749500494	0.057185803697586
9.000000000000000	0.274819061077408	0.988396967424749	0.055392169738649
9.000000000000000	0.214659657840583	0.991496904843403	0.053412667121792
9.000000000000000	0.154380709999634	0.990840079402576	0.051255266605399
9.000000000000000	0.094224939602439	0.986429135906495	0.048928655279908
9.000000000000000	0.034434572704784	0.978281835667804	0.046442201587965
9.000000000000000	-0.024749635988472	0.966430984989026	0.043805917601008
9.000000000000000	-0.083089372557621	0.950924303063159	0.041030418704193
9.000000000000000	-0.140349723474143	0.931824229825333	0.038126880851982
9.000000000000000	-0.196300121514582	0.909207674529225	0.035106995566521
9.000000000000000	-0.250715274173373	0.883165706060639	0.031982922860005
9.000000000000000	-0.303376070836250	0.853803186235248	0.028767242270600
9.000000000000000	-0.354070465061349	0.821238347557071	0.025472902209086
9.000000000000000	-0.402594328415398	0.785602317137908	0.022113167820173
9.000000000000000	-0.448752272426866	0.747038588694741	0.018701567568449
9.000000000000000	-0.492358435346375	0.705702444751185	0.015251838764024
9.000000000000000	-0.533237230546373	0.661760331369565	0.011777872247233
9.000000000000000	-0.571224053546506	0.615389187931373	0.008293656455125
9.000000000000000	-0.606165944817765	0.566775734664829	0.004813221094962
9.000000000000000	-0.637922205696522	0.516115720788423	0.001350580651542
9.000000000000000	-0.666364964928395	0.463613136297898	-0.002080322044188
9.000000000000000	-0.691379693560650	0.409479390570537	-0.005465671957987
9.000000000000000	-0.712865666109878	0.353932461094217	-0.008791837480590
9.000000000000000	-0.730736366147963	0.297196015748995	-0.012045425317388
9.000000000000000	-0.744919834673205	0.239498512175504	-0.015213334418495
9.000000000000000	-0.755358959863819	0.181072277856657	-0.018282808732055
9.000000000000000	-0.762011707047086	0.122152574616882	-0.021241488568359
9.000000000000000	-0.764851287958146	0.062976651305784	-0.024077460367953
9.000000000000000	-0.763866268606881	0.003782788480763	-0.026779304673340
9.000000000000000	-0.759060615318564	-0.055190661064691	-0.029336142111100
9.000000000000000	-0.750453678762859	-0.113706232063568	-0.031737677199292
9.000000000000000	-0.738080116035514	-0.171528302964162	-0.033974239803723
9.000000000000000	-0.721989751106459	-0.228424044694896	-0.036036824076164


10.000000000000000	nan	nan	nan
10.000000000000000	nan	nan	nan
10.000000000000000	nan	nan	nan
10.000000000000000	nan	nan	nan
10.000000000000000	nan	nan	nan
10.000000000000000	nan	nan	nan
10.000000000000000	nan	nan	nan
10.000000000000000	nan	nan	nan
10.000000000000000	nan	nan	nan
10.000000000000000	nan	nan	nan
10.000000000000000	nan	nan	nan
10.000000000000000	nan	nan	nan
10.000000000000000	nan	nan	nan
10.000000000000000	nan	nan	nan
10.000000000000000	nan	nan	nan
10.000000000000000	nan	nan	nan
10.000000000000000	nan	nan	nan
10.000000000000000	nan	nan	nan
10.000000000000000	nan	nan	nan
10.000000000000000	nan	nan	nan
10.000000000000000	nan	nan	nan
10.000000000000000	nan	nan	nan
10.000000000000000	nan	nan	nan
10.000000000000000	nan	nan	nan
10.000000000000000	nan	nan	nan
10.000000000000000	nan	nan	nan
10.000000000000000	nan	nan	nan
10.000000000000000	nan	nan	nan
10.000000000000000	nan	nan	nan
10.000000000000000	nan	nan	nan
10.000000000000000	nan	nan	nan
10.000000000000000	nan	nan	nan
10.000000000000000	nan	nan	nan
10.000000000000000	nan	nan	nan
10.000000000000000	nan	nan	nan
10.000000000000000	nan	nan	nan
10.000000000000000	nan	nan	nan
10.000000000000000	nan	nan	nan
10.000000000000000	nan	nan	nan
10.000000000000000	nan	nan	nan
10.000000000000000	nan	nan	nan
10.000000000000000	nan	nan	nan
10.000000000000000	nan	nan	nan
10.000000000000000	nan	nan	nan
10.000000000000000	nan	nan	nan
10.000000000000000	nan	nan	nan
10.000000000000000	nan	nan	nan
10.000000000000000	nan	nan	nan
10.000000000000000	nan	nan	nan
10.000000000000000	nan	nan	nan
10.000000000000000	nan	nan	nan
10.000000000000000	nan	nan	nan
10.000000000000000	nan	nan	nan
10.000000000000000	nan	nan	nan
10.000000000000000	nan	nan	nan
10.000000000000000	nan	nan	nan
10.000000000000000	nan	nan	nan
10.000000000000000	nan	nan	nan
10.000000000000000	nan	nan	nan
10.000000000000000	nan	nan	nan
10.000000000000000	nan	nan	nan
10.000000000000000	nan	nan	nan
10.000000000000000	nan	nan	nan
10.000000000000000	nan	nan	nan
10.000000000000000	nan	nan	nan
10.000000000000000	nan	nan	nan
10.000000000000000	nan	nan	nan
10.000000000000000	nan	nan	nan
10.000000000000000	nan	nan	nan
10.000000000000000	nan	nan	nan
10.000000000000000	nan	nan	nan
10.000000000000000	nan	nan	nan
10.000000000000000	nan	nan	nan
10.000000000000000	nan	nan	nan
10.000000000000000	nan	nan	nan
10.000000000000000	nan	nan	nan
10.000000000000000	nan	nan	nan
10.000000000000000	nan	nan	nan
10.000000000000000	nan	nan	nan
10.000000000000000	nan	nan	nan
10.000000000000000	nan	nan	nan
10.000000000000000	nan	nan	nan
10.000000000000000	nan	nan	nan
10.000000000000000	nan	nan	nan
10.000000000000000	nan	nan	nan
10.000000000000000	nan	nan	nan
10.000000000000000	nan	nan	nan
10.000000000000000	nan	nan	nan
10.000000000000000	nan	nan	nan
10.000000000000000	nan	nan	nan
10.000000000000000	nan	nan	nan
10.000000000000000	nan	nan	nan
10.000000000000000	nan	nan	nan
10.000000000000000	nan	nan	nan
10.000000000000000	nan	nan	nan
10.000000000000000	nan	nan	nan
10.000000000000000	nan	nan	nan
10.000000000000000	nan	nan	nan
10.000000000000000	nan	nan	nan
10.000000000000000	nan	nan	nan


11.000000000000000	nan	nan	nan
11.000000000000000	nan	nan	nan
11.000000000000000	nan	nan	nan
11.000000000000000	nan	nan	nan
11.000000000000000	nan	nan	nan
11.000000000000000	nan	nan	nan
11.000000000000000	nan	nan	nan
11.000000000000000	nan	nan	nan
11.000000000000000	nan	nan	nan
11.000000000000000	nan	nan	nan
11.000000000000000	nan	nan	nan
11.000000000000000	nan	nan	nan
11.000000000000000	nan	nan	nan
11.000000000000000	nan	nan	nan
11.000000000000000	nan	nan	nan
11.000000000000000	nan	nan	nan
11.000000000000000	nan	nan	nan
11.000000000000000	nan	nan	nan
11.000000000000000	nan	nan	nan
11.000000000000000	nan	nan	nan
11.000000000000000	nan	nan	nan
11.000000000000000	nan	nan	nan
11.000000000000000	nan	nan	nan
11.000000000000000	nan	nan	nan
11.000000000000000	nan	nan	nan
11.000000000000000	nan	nan	nan
11.000000000000000	nan	nan	nan
11.000000000000000	nan	nan	nan
11.000000000000000	nan	nan	nan
11.000000000000000	nan	nan	nan
11.000000000000000	nan	nan	nan
11.000000000000000	nan	nan	nan
11.000000000000000	nan	nan	nan
11.000000000000000	nan	nan	nan
11.000000000000000	nan	nan	nan
11.000000000000000	nan	nan	nan
11.000000000000000	nan	nan	nan
11.000000000000000	nan	nan	nan
11.000000000000000	nan	nan	nan
11.000000000000000	nan	nan	nan
11.000000000000000	nan	nan	nan
11.000000000000000	nan	nan	nan
11.000000000000000	nan	nan	nan
11.000000000000000	nan	nan	nan
11.000000000000000	nan	nan	nan
11.000000000000000	nan	nan	nan
11.000000000000000	nan	nan	nan
11.000000000000000	nan	nan	nan
11.000000000000000	nan	nan	nan
11.000000000000000	nan	nan	nan
11.000000000000000	nan	nan	nan
11.000000000000000	nan	nan	nan
11.000000000000000	nan	nan	nan
11.000000000000000	nan	nan	nan
11.000000000000000	nan	nan	nan
11.000000000000000	nan	nan	nan
11.000000000000000	nan	nan	nan
11.000000000000000	nan	nan	nan
11.000000000000000	nan	nan	nan
11.000000000000000	nan	nan	nan
11.000000000000000	nan	nan	nan
11.000000000000000	nan	nan	nan
11.000000000000000	nan	nan	nan
11.000000000000000	nan	nan	nan
11.000000000000000	nan	nan	nan
11.000000000000000	nan	nan	nan
11.000000000000000	nan	nan	nan
11.000000000000000	nan	nan	nan
11.000000000000000	nan	nan	nan
11.000000000000000	nan	nan	nan
11.000000000000000	nan	nan	nan
11.000000000000000	nan	nan	nan
11.000000000000000	nan	nan	nan
11.000000000000000	nan	nan	nan
11.000000000000000	nan	nan	nan
11.000000000000000	nan	nan	nan
11.000000000000000	nan	nan	nan
11.000000000000000	nan	nan	nan
11.000000000000000	nan	nan	nan
11.000000000000000	nan	nan	nan
11.000000000000000	nan	nan	nan
11.000000000000000	nan	nan	nan
11.000000000000000	nan	nan	nan
11.000000000000000	nan	nan	nan
11.000000000000000	nan	nan	nan
11.000000000000000	nan	nan	nan
11.000000000000000	nan	nan	nan
11.000000000000000	nan	nan	nan
11.000000000000000	nan	nan	nan
11.000000000000000	nan	nan	nan
11.000000000000000	nan	nan	nan
11.000000000000000	nan	nan	nan
11.000000000000000	nan	nan	nan
11.000000000000000	nan	nan	nan
11.000000000000000	nan	nan	nan
11.000000000000000	nan	nan	nan
11.000000000000000	nan	nan	nan
11.000000000000000	nan	nan	nan
11.000000000000000	nan	nan	nan
11.000000000000000	nan	nan	nan


12.000000000000000	-0.444431512307718	0.570048441303020	-0.031591527139560
12.000000000000000	-0.481965130355459	0.538620985629329	-0.034921705343890
12.000000000000000	-0.517430822477920	0.504861511940344	-0.038102222812090
12.000000000000000	-0.550685780850320	0.468905957721416	-0.041120272722859
12.000000000000000	-0.581596099492424	0.430899103299095	-0.043963702454409
12.000000000000000	-0.610037313460664	0.390993988861858	-0.046621062518781
12.000000000000000	-0.635894900024539	0.349351298221281	-0.049081652664895
12.000000000000000	-0.659064739809230	0.306138711795048	-0.051335564964682
12.000000000000000	-0.679453536047576	0.261530231417081	-0.053373723708815
12.000000000000000	-0.696979190253222	0.215705479693580	-0.055187921951388
12.000000000000000	-0.711571132802254	0.168848976726173	-0.056770854556387
12.000000000000000	-0.723170607092161	0.121149397114600	-0.058116147612898
12.000000000000000	-0.731730906133941	0.072798810230686	-0.059218384100596
12.000000000000000	-0.737217560624655	0.023991906822776	-0.060073125702171
12.000000000000000	-0.739608477743151	-0.025074784935200	-0.060676930674871
12.000000000000000	-0.738894030110052	-0.074203690793316	-0.061027367709179
12.000000000000000	-0.735077094553816	-0.123196985987421	-0.061123025718843
12.000000000000000	-0.728173040526765	-0.171857391809648	-0.060963519522819
12.000000000000000	-0.718209668217722	-0.219988969980137	-0.060549491396263
12.000000000000000	-0.705227096610467	-0.267397911621337	-0.059882608484311
12.000000000000000	-0.689277601938743	-0.313893317657949	-0.058965556089078
12.000000000000000	-0.670425407188319	-0.359287967500127	-0.057802026856891
12.000000000000000	-0.648746423493691	-0.403399072914716	-0.056396705909307
12.000000000000000	-0.624327944470734	-0.446049014048950	-0.054755251977785
12.000000000000000	-0.597268294716124	-0.487066054642914	-0.052884274617964
12.000000000000000	-0.567676433888888	-0.526285033550845	-0.050791307595323
12.000000000000000	-0.535671517968313	-0.563548029786773	-0.048484778549363
12.000000000000000	-0.501382419454878	-0.598704998416600	-0.045973975058477
12.000000000000000	-0.464947208446172	-0.631614374736087	-0.043269007242149
12.000000000000000	-0.426512596677345	-0.662143644301953	-0.040380767051075
12.000000000000000	-0.386233346764735	-0.690169876520773	-0.037320884409118
12.000000000000000	-0.344271649031429	-0.715580219647086	-0.034101680383710
12.000000000000000	-0.300796468424080	-0.738272355197543	-0.030736117573265
12.000000000000000	-0.255982864150698	-0.758154909951332	-0.027237747911364
12.000000000000000	-0.210011284779012	-0.775147823877883	-0.023620658097909
12.000000000000000	-0.163066841633768	-0.789182672510356	-0.019899412876949
12.000000000000000	-0.115338563418763	-0.800202942466820	-0.016088996389599
12.000000000000000	-0.067018635064970	-0.808164259009698	-0.012204751838190
12.000000000000000	-0.018301623869653	-0.813034564727167	-0.008262319704612
12.000000000000000	0.030616303957470	-0.814794248617048	-0.004277574771609
12.000000000000000	0.079538173186317	-0.813436225053385	-0.000266562200635
12.000000000000000	0.128266992716172	-0.808965962317764	0.003754567076348
12.000000000000000	0.176606548789323	-0.801401460580468	0.007769621390974
12.000000000000000	0.224362195074607	-0.790773179420152	0.011762433536607
12.000000000000000	0.271341636439492	-0.777123915173861	0.015716925867974
12.000000000000000	0.317355703254702	-0.760508628611292	0.019617175040170
12.000000000000000	0.362219113113550	-0.740994223627172	0.023447476126348
12.000000000000000	0.405751216898796	-0.718659277842884	0.027192405855915
12.000000000000000	0.447776726192882	-0.693593726202120	0.030836884718598
12.000000000000000	0.488126419102522	-0.665898498834609	0.034366237684314
12.000000000000000	0.526637821655541	-0.635685114646100	0.037766253294334
12.000000000000000	0.563155862026217	-0.603075232271097	0.041023240885810
12.000000000000000	0.597533494954794	-0.568200160196468	0.044124085719244
12.000000000000000	0.629632293846839	-0.531200328028517	0.047056301786917
12.000000000000000	0.659323008168284	-0.492224721032526	0.049808082089631
12.000000000000000	0.686486083891711	-0.451430280221670	0.052368346179331
12.000000000000000	0.711012144898218	-0.408981270410949	0.054726784776157
12.000000000000000	0.732802433396454	-0.365048618780759	0.056873901280275
12.000000000000000	0.751769207585381	-0.319809226613459	0.058801050011336
12.000000000000000	0.767836094959548	-0.273445256974344	0.060500471021573
12.000000000000000	0.780938399834204	-0.226143401205277	0.061965321342380
12.000000000000000	0.791023363851997	-0.178094127184546	0.063189702538524
12.000000000000000	0.798050378422253	-0.129490912379939	0.064168684459065
12.000000000000000	0.801991148237438	-0.080529464783273	0.064898325089335
12.000000000000000	0.802829805208376	-0.031406934863382	0.065375686424039
12.000000000000000	0.800562972359445	0.017678878289238	0.065598846297563
12.000000000000000	0.795199777426462	0.066530323429553	0.065566906123859
12.000000000000000	0.786761816102516	0.114950693029795	0.065279994514734
12.000000000000000	0.775283065079733	0.162745015351253	0.064739266761975
12.000000000000000	0.760809745237128	0.209720839526645	0.063946900185394
12.000000000000000	0.743400135525439	0.255689010491844	0.062906085365535
12.000000000000000	0.723124338298362	0.300464430646550	0.061621013296328
12.000000000000000	0.700063997035114	0.343866805177007	0.060096858509439
12.000000000000000	0.674311967590959	0.385721368039578	0.058339758238252
12.000000000000000	0.645971944299449	0.425859585681923	0.056356787705402
12.000000000000000	0.615158042431944	0.464119835668129	0.054155931633349
12.000000000000000	0.581994338695692	0.500348057475219	0.051746052092715
12.000000000000000	0.546614371620715	0.534398372840502	0.049136852817860
12.000000000000000	0.509160603847284	0.566133673161847	0.046338840133361
12.000000000000000	0.469783848479150	0.595426171585637	0.043363280648758
12.000000000000000	0.428642661812400	0.622157917559324	0.040222155891892
12.000000000000000	0.385902704885215	0.646221271776677	0.036928114063517
12.000000000000000	0.341736076419339	0.667519339603270	0.033494419107464
12.000000000000000	0.296320619839269	0.685966361236989	0.029934897301421
12.000000000000000	0.249839207159550	0.701488057032475	0.026263881583388
12.000000000000000	0.202479002623718	0.714021926599046	0.022496153838002
12.000000000000000	0.154430709059949	0.723517500467707	0.018646885375096
12.000000000000000	0.105887799988080	0.729936543313894	0.014731575840195
12.000000000000000	0.057045740570026	0.733253207917626	0.010765990802912
12.000000000000000	0.008101200540561	0.733454139241140	0.006766098274563
12.000000000000000	-0.040748737712285	0.730538528204914	0.002748004410624
12.000000000000000	-0.089307372728449	0.724518114945544	-0.001272111343077
12.000000000000000	-0.137379176023189	0.715417141542358	-0.005278061399275
12.000000000000000	-0.184770579411281	0.703272254403118	-0.009253715210968
12.000000000000000	-0.231290754437781	0.688132356701873	-0.013183064223439
12.000000000000000	-0.276752380776863	0.670058411463132	-0.017050286335054
12.000000000000000	-0.320972400504658	0.649123196085286	-0.020839809607282
12.000000000000000	-0.363772755208902	0.625411009291708	-0.024536374967393
12.000000000000000	-0.404981102967320	0.599017331689546	-0.028125097651363
12.000000000000000	-0.444431512307718	0.570048441303021	-0.031591527139560


13.000000000000000	-0.630554831854816	-0.926005439101585	-0.003059042928935
13.000000000000000	-0.564041194983721	-0.968248783743056	-0.005115475156101
13.000000000000000	-0.494965249283073	-1.006165814875469	-0.007149896873983
13.000000000000000	-0.423605139206282	-1.039603853997036	-0.009154116184357
13.000000000000000	-0.350248206730523	-1.068428257925960	-0.011120062803438
13.000000000000000	-0.275189834332003	-1.092522960961014	-0.013039820558059
13.000000000000000	-0.198732255584985	-1.111790942237150	-0.014905659261309
13.000000000000000	-0.121183338173859	-1.126154616394285	-0.016710065839266
13.000000000000000	-0.042855344218631	-1.135556145986156	-0.018445774583495
13.000000000000000	0.035936327094418	-1.139957674371308	-0.020105796407491
13.000000000000000	0.114874409513940	-1.139341478148426	-0.021683446989262
13.000000000000000	0.193641047242736	-1.133710038522217	-0.023172373686737
13.000000000000000	0.271919074830866	-1.123086031312474	-0.024566581117614
13.000000000000000	0.349393294288975	-1.107512235646555	-0.025860455300644
13.000000000000000	0.425751744279347	-1.087051361702930	-0.027048786261159
13.000000000000000	0.500686956274111	-1.061785798199435	-0.028126789009793
13.000000000000000	0.573897192622481	-1.031817280642972	-0.029090122809953
13.000000000000000	0.645087661541776	-0.997266481676542	-0.029934908656427
13.000000000000000	0.713971704139893	-0.958272525173092	-0.030657744894774
13.000000000000000	0.780271948689482	-0.914992426032789	-0.031255720918583
13.000000000000000	0.843721427506001	-0.867600457939428	-0.031726428889458
13.000000000000000	0.904064651932352	-0.816287451621822	-0.032067973432533
13.000000000000000	0.961058641101537	-0.761260026445806	-0.032278979268479
13.000000000000000	1.014473900334845	-0.702739758430977	-0.032358596751269
13.000000000000000	1.064095345235925	-0.640962288042267	-0.032306505289399
13.000000000000000	1.109723167759741	-0.576176371348958	-0.032122914636801
13.000000000000000	1.151173640769045	-0.508642878371788	-0.031808564048237
13.000000000000000	1.188279857838715	-0.438633742651451	-0.031364719302578
13.000000000000000	1.220892405329019	-0.366430866268205	-0.030793167605962
13.000000000000000	1.248879964021609	-0.292324984721689	-0.030096210395346
13.000000000000000	1.272129837895666	-0.216614496241682	-0.029276654071432
13.000000000000000	1.290548407914995	-0.139604260243748	-0.028337798698277
13.000000000000000	1.304061508998849	-0.061604369767968	-0.027283424715106
13.000000000000000	1.312614728658527	0.017071097156288	-0.026117777713816
13.000000000000000	1.316173626097267	0.096105342191731	-0.024845551343471
13.000000000000000	1.314723870891172	0.175180122328248	-0.023471868410642
13.000000000000000	1.308271300692776	0.253977031335180	-0.022002260251666
13.000000000000000	1.296841897724873	0.332178781870835	-0.020442644459910
13.000000000000000	1.280481684159279	0.409470483086626	-0.018799301057710
13.000000000000000	1.259256536801785	0.485540908581380	-0.017078847208941
13.000000000000000	1.233251921829519	0.560083749600214	-0.015288210574026
13.000000000000000	1.202572550648805	0.632798848431776	-0.013434601414701
13.000000000000000	1.167341958259297	0.703393407037412	-0.011525483560831
13.000000000000000	1.127702005822128	0.771583166045527	-0.009568544356203
13.000000000000000	1.083812309435089	0.837093549363745	-0.007571663704302
13.000000000000000	1.035849597414935	0.899660769799926	-0.005542882338729
13.000000000000000	0.984006998674832	0.959032891240084	-0.003490369445996
13.000000000000000	0.928493265062383	1.014970843106200	-0.001422389771102
13.000000000000000	0.869531930789619	1.067249383009060	0.000652729661685
13.000000000000000	0.807360412339623	1.115658003719860	0.002726633078807
13.000000000000000	0.742229052474140	1.160001780808520	0.004790969603177
13.000000000000000	0.674400112191643	1.200102157535562	0.006837426880205
13.000000000000000	0.604146714694846	1.235797663837086	0.008857764548720
13.000000000000000	0.531751745619972	1.266944566507721	0.010843847421998
13.000000000000000	0.457506713956130	1.293417447963517	0.012787678245283
13.000000000000000	0.381710578241511	1.315109711254292	0.014681429897912
13.000000000000000	0.304668542762862	1.331934009291923	0.016517476910369
13.000000000000000	0.226690828605551	1.343822596566242	0.018288426169356
13.000000000000000	0.148091424502739	1.350727601932299	0.019987146687252
13.000000000000000	0.069186822513581	1.352621221370563	0.021606798316084
13.000000000000000	-0.009705256378603	1.349495829943899	0.023140859290389
13.000000000000000	-0.088267141616580	1.341364012500493	0.024583152488061
13.000000000000000	-0.166182492216426	1.328258512999116	0.025927870303442
13.000000000000000	-0.243137570561011	1.310232102660755	0.027169598032497
13.000000000000000	-0.318822505710659	1.287357367477534	0.028303335675924
13.000000000000000	-0.392932541144047	1.259726415934541	0.029324518072376
13.000000000000000	-0.465169261905161	1.227450508121466	0.030229033280764
13.000000000000000	-0.535241796214995	1.190659607727493	0.031013239137587
13.000000000000000	-0.602867986709548	1.149501858723390	0.031673977922639
13.000000000000000	-0.667775526587942	1.104142988838024	0.032208589074037
13.000000000000000	-0.729703056095799	1.054765642231293	0.032614919901362
13.000000000000000	-0.788401214928725	1.001568644050556	0.032891334253783
13.000000000000000	-0.843633646318249	0.944766199831939	0.033036719108264
13.000000000000000	-0.895177948757109	0.884587032970239	0.033050489051307
13.000000000000000	-0.942826571531624	0.821273463730548	0.032932588636211
13.000000000000000	-0.986387650455164	0.755080433510064	0.032683492606336
13.000000000000000	-1.025685780437517	0.686274478279068	0.032304203983478
13.000000000000000	-1.060562721779274	0.615132655334641	0.031796250029053
13.000000000000000	-1.090878037347250	0.541941427688717	0.031161676094357
13.000000000000000	-1.116509658065256	0.466995510582639	0.030403037384655
13.000000000000000	-1.137354374443179	0.390596684772899	0.029523388670275
13.000000000000000	-1.153328252165180	0.313052581366543	0.028526271986123
13.000000000000000	-1.164366970063552	0.234675443099280	0.027415702369159
13.000000000000000	-1.170426079117365	0.155780867044191	0.026196151691264
13.000000000000000	-1.171481181432985	0.076686533813699	0.024872530652584
13.000000000000000	-1.167528028485778	-0.002289071628129	0.023450169007877
13.000000000000000	-1.158582538227422	-0.080827942392125	0.021934794105474
13.000000000000000	-1.144680730989932	-0.158613830165527	0.020332507825264
13.000000000000000	-1.125878584444497	-0.235333518632318	0.018649762008581
13.000000000000000	-1.102251808199155	-0.310678084684777	0.016893332478914
13.000000000000000	-1.073895538942924	-0.384344142347806	0.015070291758057
13.000000000000000	-1.040923957363929	-0.456035064407172	0.013187980587564
13.000000000000000	-1.003469828384074	-0.525462176822606	0.011253978370167
13.000000000000000	-0.961683966561560	-0.592345921116279	0.009276072650203
13.000000000000000	-0.915734628813887	-0.656416980056119	0.007262227755915
13.000000000000000	-0.865806836906632	-0.717417362101258	0.005220552729919
13.000000000000000	-0.812101632436102	-0.775101440242905	0.003159268676948
13.000000000000000	-0.754835267305784	-0.829236941057617	0.001086675660367
13.000000000000000	-0.694238332956250	-0.879605879990404	-0.000988880719256
13.000000000000000	-0.630554831854816	-0.926005439101585	-0.003059042928935


14.000000000000000	0.788652022064814	-0.637040157009715	-0.037566588964477
14.000000000000000	0.832873158504160	-0.578817278477835	-0.033259432926303
14.000000000000000	0.873273321346063	-0.517886251858962	-0.028796094161441
14.000000000000000	0.909689833393744	-0.454492424892063	-0.024194544959787
14.000000000000000	0.941976058206169	-0.388891062143878	-0.019473314135890
14.000000000000000	0.970001990551239	-0.321346317148602	-0.014651412419947
14.000000000000000	0.993654779890980	-0.252130168754834	-0.009748255908310
14.000000000000000	1.012839184790824	-0.181521325962748	-0.004783587881711
14.000000000000000	1.027477956423257	-0.109804105661315	0.000222600693954
14.000000000000000	1.037512149621577	-0.037267287784545	0.005250151664196
14.000000000000000	1.042901360231281	0.035797047503392	0.010278820855698
14.000000000000000	1.043623887803332	0.109094695911893	0.015288359592465
14.000000000000000	1.039676822974209	0.182330513680764	0.020258596230089
14.000000000000000	1.031076059180887	0.255209606019977	0.025169517379845
14.000000000000000	1.017856228663575	0.327438514546902	0.030001348495541
14.000000000000000	1.000070563013910	0.398726398939644	0.034734633498639
14.000000000000000	0.977790678830124	0.468786208048370	0.039350313121015
14.000000000000000	0.951106289342277	0.537335835748971	0.043829801649905
14.000000000000000	0.920124843168750	0.604099256884861	0.048155061766012
14.000000000000000	0.884971091658573	0.668807638722858	0.052308677173420
14.000000000000000	0.845786586561782	0.731200423447722	0.056273922728877
14.000000000000000	0.802729110050473	0.791026377336511	0.060034831788040
14.000000000000000	0.755972039385690	0.848044602388110	0.063576260497517
14.000000000000000	0.705703648788384	0.902025506334466	0.066883948773820
14.000000000000000	0.652126351325574	0.952751727127610	0.069944577723689
14.000000000000000	0.595455883864370	1.000019008179911	0.072745823274572
14.000000000000000	0.535920438375749	1.043637020833264	0.075276405799318
14.000000000000000	0.473759743086031	1.083430130745419	0.077526135535253
14.000000000000000	0.409224097175916	1.119238105107491	0.079485953614759
14.000000000000000	0.342573362914030	1.150916757844926	0.081147968542135
14.000000000000000	0.274075919283286	1.178338530203931	0.082505487969866
14.000000000000000	0.204007581313437	1.201393004385562	0.083553045646346
14.000000000000000	0.132650489471305	1.219987348159222	0.084286423426538
14.000000000000000	0.060291973580698	1.234046688665292	0.084702668256965
14.000000000000000	-0.012776604153380	1.243514413901711	0.084800104066605
14.000000000000000	-0.086261022357495	1.248352400680527	0.084578338515841
14.000000000000000	-0.159865385215403	1.248541168136518	0.084038264576277
14.000000000000000	-0.233293313936080	1.244079956169764	0.083182056935050
14.000000000000000	-0.306249140166495	1.234986728506297	0.082013163238139
14.000000000000000	-0.378439096543724	1.221298100364520	0.080536290207908
14.000000000000000	-0.449572499592430	1.203069191018646	0.078757384690796
14.000000000000000	-0.519362920204628	1.180373401852827	0.076683609711467
14.000000000000000	-0.587529336988607	1.153302120799700	0.074323315629837
14.000000000000000	-0.653797267842890	1.121964354353424	0.071686006517121
14.000000000000000	-0.717899875198779	1.086486288639010	0.068782301886295
14.000000000000000	-0.779579040481068	1.047010781305326	0.065623893931062
14.000000000000000	-0.838586403460443	1.003696786287772	0.062223500445518
14.000000000000000	-0.894684362312467	0.956718713756879	0.058594813614081
14.000000000000000	-0.947647030356268	0.906265727830109	0.054752444877900
14.000000000000000	-0.997261145620476	0.852540984874725	0.050711866099734
14.000000000000000	-1.043326929573916	0.795760815468793	0.046489347264226
14.000000000000000	-1.085658891563239	0.736153853314304	0.042101890964416
14.000000000000000	-1.124086575718316	0.673960114609949	0.037567163938296
14.000000000000000	-1.158455247317865	0.609430031590598	0.032903425931098
14.000000000000000	-1.188626515851565	0.542823444125078	0.028129456169739
14.000000000000000	-1.214478892269791	0.474408553432733	0.023264477745506
14.000000000000000	-1.235908278177143	0.404460842131773	0.018328080209449
14.000000000000000	-1.252828384999938	0.333261964967997	0.013340140692174
14.000000000000000	-1.265171081439849	0.261098614690543	0.008320743865657
14.000000000000000	-1.272886667814590	0.188261367641374	0.003290101069352
14.000000000000000	-1.275944076180997	0.115043513706905	-0.001731531073734
14.000000000000000	-1.274330995434673	0.041739875343145	-0.006723932223315
14.000000000000000	-1.268053920882455	-0.031354379570278	-0.011666999741997
14.000000000000000	-1.257138128088112	-0.103944926266990	-0.016540829641509
14.000000000000000	-1.241627571096566	-0.175739468235824	-0.021325796729033
14.000000000000000	-1.221584705446466	-0.246448914195707	-0.026002633630931
14.000000000000000	-1.197090236683781	-0.315788542164219	-0.030552508375660
14.000000000000000	-1.168242795389048	-0.383479145932518	-0.034957100223473
14.000000000000000	-1.135158540026838	-0.449248159330207	-0.039198673437572
14.000000000000000	-1.097970689216611	-0.512830753753097	-0.043260148699661
14.000000000000000	-1.056828985308359	-0.573970904534528	-0.047125171882331
14.000000000000000	-1.011899091423014	-0.632422421866337	-0.050778179901363
14.000000000000000	-0.963361924385526	-0.687949942118328	-0.054204463382769
14.000000000000000	-0.911412926236664	-0.740329875564539	-0.057390225892256
14.000000000000000	-0.856261277256898	-0.789351306700154	-0.060322639488592
14.000000000000000	-0.798129053671239	-0.834816843523797	-0.062989896377203
14.000000000000000	-0.737250333426661	-0.876543412365458	-0.065381256455990
14.000000000000000	-0.673870253642823	-0.914362995059544	-0.067487090561931
14.000000000000000	-0.608244023531409	-0.948123305494732	-0.069298919244323
14.000000000000000	-0.540635896758712	-0.977688402816391	-0.070809446908534
14.000000000000000	-0.471318107389377	-1.002939238812422	-0.072012591192793
14.000000000000000	-0.400569773695911	-1.023774137278396	-0.072903507459710
14.000000000000000	-0.328675774247916	-1.040109203431737	-0.073478608303920
14.000000000000000	-0.255925600806630	-1.051878661726406	-0.073735577997303
14.000000000000000	-0.182612192643780	-1.059035120707807	-0.073673381813598
14.000000000000000	-0.109030756978526	-1.061549763841449	-0.073292270194887
14.000000000000000	-0.035477580282185	-1.059412465546962	-0.072593777743146
14.000000000000000	0.037751164762823	-1.052631831970230	-0.071580717040951
14.000000000000000	0.110360611845832	-1.041235166329486	-0.070257167326194
14.000000000000000	0.182058388350490	-1.025268358974881	-0.068628458066440
14.000000000000000	0.252555792636095	-1.004795702604248	-0.066701147499035
14.000000000000000	0.321568956537210	-0.979899633379095	-0.064482996223400
14.000000000000000	0.388819988400571	-0.950680398983280	-0.061982935951841
14.000000000000000	0.454038092056697	-0.917255654960966	-0.059211033544690
14.000000000000000	0.516960657220488	-0.879759990959278	-0.056178450474615
14.000000000000000	0.577334316930156	-0.838344388783289	-0.052897397883309
14.000000000000000	0.634915967766558	-0.793175614445582	-0.049381087411528
14.000000000000000	0.689473748744860	-0.744435546658380	-0.045643678000484
14.000000000000000	0.740787974936891	-0.692320444472156	-0.041700218878779
14.000000000000000	0.788652022064814	-0.637040157009716	-0.037566588964477


15.000000000000000	0.348894240107614	-1.431483629955285	0.051952615316543
15.000000000000000	0.445681500613897	-1.404456321453445	0.055882550904069
15.000000000000000	0.540564892633921	-1.371325452285625	0.059571196709242
15.000000000000000	0.633162354236525	-1.332224428768630	0.063003699857289
15.000000000000000	0.723101028125529	-1.287310696923700	0.066166238869514
15.000000000000000	0.810018763004479	-1.236765108496953	0.069046079317513
15.000000000000000	0.893565571832090	-1.180791192733233	0.071631625100224
15.000000000000000	0.973405041096539	-1.119614336835676	0.073912465137331
15.000000000000000	1.049215685433940	-1.053480878410991	0.075879415291014
15.000000000000000	1.120692242136441	-0.982657113554863	0.077524555347227
15.000000000000000	1.187546900337408	-0.907428224571560	0.078841260907604
15.000000000000000	1.249510459924199	-0.828097131645451	0.079824230063579
15.000000000000000	1.306333415512011	-0.744983273088334	0.080469504745291
15.000000000000000	1.357786961114000	-0.658421319074100	0.080774486659345
15.000000000000000	1.403663911462235	-0.568759824040063	0.080737947751212
15.000000000000000	1.443779536269647	-0.476359823181258	0.080360035150181
15.000000000000000	1.477972304073697	-0.381593378689139	0.079642270576913
15.000000000000000	1.506104532666562	-0.284842081588449	0.078587544216015
15.000000000000000	1.528062943492793	-0.186495515204847	0.077200103078282
15.000000000000000	1.543759117782079	-0.086949686450351	0.075485533899489
15.000000000000000	1.553129852580421	0.013394568756725	0.073450740644571
15.000000000000000	1.556137415246130	0.114133199516541	0.071103916707798
15.000000000000000	1.552769695385852	0.214860566918100	0.068454511920866
15.000000000000000	1.543040253618849	0.315171077403972	0.065513194501763
15.000000000000000	1.526988266973169	0.414660815952401	0.062291808097614
15.000000000000000	1.504678371133587	0.512929172500534	0.058803324094502
15.000000000000000	1.476200400176511	0.609580455059757	0.055061789386267
15.000000000000000	1.441669024839860	0.704225483027672	0.051082269812629
15.000000000000000	1.401223290784484	0.796483154281025	0.046880789494364
15.000000000000000	1.355026058706352	0.885981979739448	0.042474266309828
15.000000000000000	1.303263348554018	0.972361579220874	0.037880443772629
15.000000000000000	1.246143590491940	1.055274132565331	0.033117819584764
15.000000000000000	1.183896785625771	1.134385780183972	0.028205571152900
15.000000000000000	1.116773579869085	1.209377967393799	0.023163478367722
15.000000000000000	1.045044254680748	1.279948727124943	0.018011843957303
15.000000000000000	0.968997638736873	1.345813895835476	0.012771411735176
15.000000000000000	0.888939944919689	1.406708257737702	0.007463283072321
15.000000000000000	0.805193537306332	1.462386612728527	0.002108831929392
15.000000000000000	0.718095633122489	1.512624763723731	-0.003270381208677
15.000000000000000	0.627996944887645	1.557220419420499	-0.008652696149140
15.000000000000000	0.535260268219552	1.595994008853098	-0.014016440209386
15.000000000000000	0.440259020984320	1.628789404461780	-0.019340015485184
15.000000000000000	0.343375739674468	1.655474550763359	-0.024601985817821
15.000000000000000	0.245000539069478	1.675941996092036	-0.029781163109948
15.000000000000000	0.145529541381274	1.690109325269328	-0.034856692642568
15.000000000000000	0.045363281209877	1.697919491460911	-0.039808137049628
15.000000000000000	-0.055094907268059	1.699341045884079	-0.044615558612084
15.000000000000000	-0.155440514383627	1.694368264440898	-0.049259599540053
15.000000000000000	-0.255269483793329	1.683021170767130	-0.053721559919803
15.000000000000000	-0.354179839471363	1.665345455604111	-0.057983473011707
15.000000000000000	-0.451773304325209	1.641412292818270	-0.062028177595957
15.000000000000000	-0.547656903916904	1.611318052809085	-0.065839387074748
15.000000000000000	-0.641444548832414	1.575183914459497	-0.069401755052651
15.000000000000000	-0.732758589327427	1.533155377191324	-0.072700937131134
15.000000000000000	-0.821231335989593	1.485401675090432	-0.075723648668393
15.000000000000000	-0.906506540294005	1.432115095460810	-0.078457718271914
15.000000000000000	-0.988240829090285	1.373510204551461	-0.080892136808378
15.000000000000000	-1.066105087245055	1.309822983573845	-0.083017101733550
15.000000000000000	-1.139785782872432	1.241309878488832	-0.084824056563671
15.000000000000000	-1.208986229816267	1.168246767389325	-0.086305725329391
15.000000000000000	-1.273427782300583	1.090927849636552	-0.087456141873539
15.000000000000000	-1.332850956937771	1.009664461223075	-0.088270673874723
15.000000000000000	-1.387016477576606	0.924783821132625	-0.088746041500057
15.000000000000000	-1.435706238782858	0.836627713744757	-0.088880330611894
15.000000000000000	-1.478724184072898	0.745551112589770	-0.088673000475376
15.000000000000000	-1.515897095363957	0.651920750995599	-0.088124885935786
15.000000000000000	-1.547075290462216	0.556113645382128	-0.087238194056923
15.000000000000000	-1.572133225780161	0.458515577149144	-0.086016495234030
15.000000000000000	-1.590970001856312	0.359519539270791	-0.084464708817076
15.000000000000000	-1.603509769641730	0.259524153851569	-0.082589083302268
15.000000000000000	-1.609702035917377	0.158932067015813	-0.080397171171565
15.000000000000000	-1.609521866612484	0.058148327593863	-0.077897798481495
15.000000000000000	-1.602969987205252	-0.042421243866624	-0.075101029323742
15.000000000000000	-1.590072779801607	-0.142371689196779	-0.072018125300604
15.000000000000000	-1.570882176903776	-0.241300543230147	-0.068661500178489
15.000000000000000	-1.545475452296425	-0.338809454387854	-0.065044669902064
15.000000000000000	-1.513954909892402	-0.434505788699834	-0.061182198170315
15.000000000000000	-1.476447471790989	-0.528004210803235	-0.057089637793669
15.000000000000000	-1.433104167207404	-0.618928235551935	-0.052783468068321
15.000000000000000	-1.384099524331457	-0.706911743989336	-0.048281028419918
15.000000000000000	-1.329630867564124	-0.791600457580193	-0.043600448583817
15.000000000000000	-1.269917522961834	-0.872653364765231	-0.038760575603036
15.000000000000000	-1.205199935087850	-0.949744094094331	-0.033780897937865
15.000000000000000	-1.135738698826870	-1.022562228409179	-0.028681466992716
15.000000000000000	-1.061813510061406	-1.090814554783595	-0.023482816376192
15.000000000000000	-0.983722039435180	-1.154226245188505	-0.018205879219496
15.000000000000000	-0.901778733738509	-1.212541963127407	-0.012871903886095
15.000000000000000	-0.816313549742054	-1.265526891786331	-0.007502368412063
15.000000000000000	-0.727670625577364	-1.312967679558268	-0.002118894021610
15.000000000000000	-0.636206895014080	-1.354673299134792	0.003256841933957
15.000000000000000	-0.542290650213631	-1.390475816705604	0.008603193263278
15.000000000000000	-0.446300058746672	-1.420231068168724	0.013898632096511
15.000000000000000	-0.348621640845761	-1.443819239628440	0.019121835570466
15.000000000000000	-0.249648713024793	-1.461145349843583	0.024251771688252
15.000000000000000	-0.149779804332229	-1.472139632683457	0.029267784007700
15.000000000000000	-0.049417051615262	-1.476757818051432	0.034149674817571
15.000000000000000	0.051035419743324	-1.474981310144988	0.038877786466606
15.000000000000000	0.151173123095441	-1.466817262334460	0.043433080517953
15.000000000000000	0.250592839252670	-1.452298548358929	0.047797214410228
15.000000000000000	0.348894240107613	-1.431483629955285	0.051952615316543


