# n	x	y	z
1.000000000000000	-0.296475131507736	-0.082199706990176	-0.001296970691008
1.000000000000000	-0.289561385432670	-0.104358544850874	0.001260523085176
1.000000000000000	-0.281224544220856	-0.126025875668970	0.003814066045772
1.000000000000000	-0.271498177389417	-0.147114452750610	0.006353375974536
1.000000000000000	-0.260421449584723	-0.167539359838968	0.008868227966618
1.000000000000000	-0.248038962880183	-0.187218353042043	0.011348495600647
1.000000000000000	-0.234400577179433	-0.206072191999783	0.013784191714255
1.000000000000000	-0.219561209448107	-0.224024958957052	0.016165508618858
1.000000000000000	-0.203580612582596	-0.241004364457628	0.018482857591752
1.000000000000000	-0.186523134806227	-0.256942038428338	0.020726907486515
1.000000000000000	-0.168457460561674	-0.271773805481203	0.022888622306246
1.000000000000000	-0.149456333942953	-0.285439943325082	0.024959297588330
1.000000000000000	-0.129596265780627	-0.297885423246255	0.026930595454236
1.000000000000000	-0.108957225559701	-0.309060131689634	0.028794578183218
1.000000000000000	-0.087622319410721	-0.318919072048362	0.030543740174705
1.000000000000000	-0.065677455470729	-0.327422545849265	0.032171038170714
1.000000000000000	-0.043210997961508	-0.334536312604596	0.033669919616561
1.000000000000000	-0.020313411378050	-0.340231727686390	0.035034349045682
1.000000000000000	0.002923103780032	-0.344485857668274	0.036258832382335
1.000000000000000	0.026404982267381	-0.347281572670280	0.037338439064296
1.000000000000000	0.050037670847111	-0.348607615334825	0.038268821896497
1.000000000000000	0.073726009023320	-0.348458646156117	0.039046234555646
1.000000000000000	0.097374612218826	-0.346835264980462	0.039667546675348
1.000000000000000	0.120888255855187	-0.343744008590890	0.040130256450985
1.000000000000000	0.144172258788473	-0.339197324385845	0.040432500713600
1.000000000000000	0.167132864556815	-0.333213520257894	0.040573062432223
1.000000000000000	0.189677618904588	-0.325816690874316	0.040551375614425
1.000000000000000	0.211715742063063	-0.317036620656373	0.040367527585365
1.000000000000000	0.233158494288499	-0.306908663847961	0.040022258636170
1.000000000000000	0.253919533185771	-0.295473602156549	0.039516959043036
1.000000000000000	0.273915261378718	-0.282777480539634	0.038853663469083
1.000000000000000	0.293065163127275	-0.268871421797951	0.038035042771482
1.000000000000000	0.311292128535939	-0.253811420721996	0.037064393246854
1.000000000000000	0.328522764048104	-0.237658118620768	0.035945623358251
1.000000000000000	0.344687687976006	-0.220476559140621	0.034683237997150
1.000000000000000	0.359721809876299	-0.202335926357457	0.033282320343851
1.000000000000000	0.373564592646288	-0.183309266196872	0.031748511399297
1.000000000000000	0.386160296285483	-0.163473192303990	0.030087987270761
1.000000000000000	0.397458202340904	-0.142907577547359	0.028307434302836
1.000000000000000	0.407412818132392	-0.121695232399100	0.026414022153889
1.000000000000000	0.415984059935574	-0.099921571486358	0.024415374926375
1.000000000000000	0.423137414384874	-0.077674269656751	0.022319540467271
1.000000000000000	0.428844077446658	-0.055042908942702	0.020134957962230
1.000000000000000	0.433081070402906	-0.032118617846207	0.017870423953966
1.000000000000000	0.435831332378405	-0.008993704396526	0.015535056921677
1.000000000000000	0.437083789038866	0.014238715541672	0.013138260564149
1.000000000000000	0.436833397183364	0.037485093213035	0.010689685934380
1.000000000000000	0.435081165051529	0.060651823659344	0.008199192578193
1.000000000000000	0.431834148263714	0.083645622633645	0.005676808833331
1.000000000000000	0.427105421410510	0.106373902222987	0.003132691448875
1.000000000000000	0.420914025405981	0.128745143667267	0.000577084687600
1.000000000000000	0.413284890816622	0.150669265872981	-0.001979720924049
1.000000000000000	0.404248737474769	0.172057988137988	-0.004527430032286
1.000000000000000	0.393841950780675	0.192825185626742	-0.007055783911727
1.000000000000000	0.382106435191348	0.212887236164611	-0.009554601773668
1.000000000000000	0.369089445486087	0.232163356954853	-0.012013821760521
1.000000000000000	0.354843396488172	0.250575929862433	-0.014423541461364
1.000000000000000	0.339425652008861	0.268050813954854	-0.016774057785459
1.000000000000000	0.322898293863577	0.284517644041530	-0.019055906033168
1.000000000000000	0.305327871890343	0.299910114009564	-0.021259898006962
1.000000000000000	0.286785135977074	0.314166243815073	-0.023377159009048
1.000000000000000	0.267344751176749	0.327228629054941	-0.025399163576644
1.000000000000000	0.247084997057597	0.339044672114096	-0.027317769811010
1.000000000000000	0.226087452498901	0.349566793957537	-0.029125252162001
1.000000000000000	0.204436667201648	0.358752625714317	-0.030814332536129
1.000000000000000	0.182219821236718	0.366565179282034	-0.032378209602878
1.000000000000000	0.159526374001516	0.372972996264864	-0.033810586181260
1.000000000000000	0.136447703998547	0.377950274645415	-0.035105694596344
1.000000000000000	0.113076740886441	0.381476972680348	-0.036258319903641
1.000000000000000	0.089507591285013	0.383538889601402	-0.037263820887851
1.000000000000000	0.065835159841124	0.384127722796878	-0.038118148751397
1.000000000000000	0.042154767081162	0.383241101243322	-0.038817863417500
1.000000000000000	0.018561765588924	0.380882595052803	-0.039360147382162
1.000000000000000	-0.004848843945583	0.377061701097330	-0.039742817059251
1.000000000000000	-0.027982795260394	0.371793804768300	-0.039964331573040
1.000000000000000	-0.050746936098547	0.365100118024960	-0.040023798962763
1.000000000000000	-0.073049603299348	0.357007593981330	-0.039920979774230
1.000000000000000	-0.094800991893568	0.347548818375528	-0.039656288024025
1.000000000000000	-0.115913516716354	0.336761878358503	-0.039230789532404
1.000000000000000	-0.136302165081780	0.324690209130519	-0.038646197631615
1.000000000000000	-0.155884839098923	0.311382419042938	-0.037904866266916
1.000000000000000	-0.174582686251101	0.296892093869540	-0.037009780518064
1.000000000000000	-0.192320416907119	0.281277581035529	-0.035964544579453
1.000000000000000	-0.209026607486047	0.264601754673043	-0.034773367247300
1.000000000000000	-0.224633988054771	0.246931762449213	-0.033441044972303
1.000000000000000	-0.239079713200266	0.228338755186213	-0.031972942546028
1.000000000000000	-0.252305615085902	0.208897600362003	-0.030374971498788
1.000000000000000	-0.264258437672784	0.188686580645427	-0.028653566295996
1.000000000000000	-0.274890051163030	0.167787078679529	-0.026815658428845
1.000000000000000	-0.284157645801475	0.146283249382378	-0.024868648503638
1.000000000000000	-0.292023904255450	0.124261681084910	-0.022820376442158
1.000000000000000	-0.298457151878509	0.101811046870285	-0.020679089913073
1.000000000000000	-0.303431484253047	0.079021747518672	-0.018453411121480
1.000000000000000	-0.306926871498253	0.055985547495220	-0.016152302090335
1.000000000000000	-0.308929238923364	0.032795205446940	-0.013785028573544
1.000000000000000	-0.309430523701484	0.009544100696373	-0.011361122746044
1.000000000000000	-0.308428707335736	-0.013674142763982	-0.008890344821100
1.000000000000000	-0.305927823787039	-0.036766033262445	-0.006382643749371
1.000000000000000	-0.301937943230774	-0.059638587906118	-0.003848117157994
1.000000000000000	-0.296475131507736	-0.082199706990176	-0.001296970691008


2.000000000000000	nan	nan	nan
2.000000000000000	nan	nan	nan
2.000000000000000	nan	nan	nan
2.000000000000000	nan	nan	nan
2.000000000000000	nan	nan	nan
2.000000000000000	nan	nan	nan
2.000000000000000	nan	nan	nan
2.000000000000000	nan	nan	nan
2.000000000000000	nan	nan	nan
2.000000000000000	nan	nan	nan
2.000000000000000	nan	nan	nan
2.000000000000000	nan	nan	nan
2.000000000000000	nan	nan	nan
2.000000000000000	nan	nan	nan
2.000000000000000	nan	nan	nan
2.000000000000000	nan	nan	nan
2.000000000000000	nan	nan	nan
2.000000000000000	nan	nan	nan
2.000000000000000	nan	nan	nan
2.000000000000000	nan	nan	nan
2.000000000000000	nan	nan	nan
2.000000000000000	nan	nan	nan
2.000000000000000	nan	nan	nan
2.000000000000000	nan	nan	nan
2.000000000000000	nan	nan	nan
2.000000000000000	nan	nan	nan
2.000000000000000	nan	nan	nan
2.000000000000000	nan	nan	nan
2.000000000000000	nan	nan	nan
2.000000000000000	nan	nan	nan
2.000000000000000	nan	nan	nan
2.000000000000000	nan	nan	nan
2.000000000000000	nan	nan	nan
2.000000000000000	nan	nan	nan
2.000000000000000	nan	nan	nan
2.000000000000000	nan	nan	nan
2.000000000000000	nan	nan	nan
2.000000000000000	nan	nan	nan
2.000000000000000	nan	nan	nan
2.000000000000000	nan	nan	nan
2.000000000000000	nan	nan	nan
2.000000000000000	nan	nan	nan
2.000000000000000	nan	nan	nan
2.000000000000000	nan	nan	nan
2.000000000000000	nan	nan	nan
2.000000000000000	nan	nan	nan
2.000000000000000	nan	nan	nan
2.000000000000000	nan	nan	nan
2.000000000000000	nan	nan	nan
2.000000000000000	nan	nan	nan
2.000000000000000	nan	nan	nan
2.000000000000000	nan	nan	nan
2.000000000000000	nan	nan	nan
2.000000000000000	nan	nan	nan
2.000000000000000	nan	nan	nan
2.000000000000000	nan	nan	nan
2.000000000000000	nan	nan	nan
2.000000000000000	nan	nan	nan
2.000000000000000	nan	nan	nan
2.000000000000000	nan	nan	nan
2.000000000000000	nan	nan	nan
2.000000000000000	nan	nan	nan
2.000000000000000	nan	nan	nan
2.000000000000000	nan	nan	nan
2.000000000000000	nan	nan	nan
2.000000000000000	nan	nan	nan
2.000000000000000	nan	nan	nan
2.000000000000000	nan	nan	nan
2.000000000000000	nan	nan	nan
2.000000000000000	nan	nan	nan
2.000000000000000	nan	nan	nan
2.000000000000000	nan	nan	nan
2.000000000000000	nan	nan	nan
2.000000000000000	nan	nan	nan
2.000000000000000	nan	nan	nan
2.000000000000000	nan	nan	nan
2.000000000000000	nan	nan	nan
2.000000000000000	nan	nan	nan
2.000000000000000	nan	nan	nan
2.000000000000000	nan	nan	nan
2.000000000000000	nan	nan	nan
2.000000000000000	nan	nan	nan
2.000000000000000	nan	nan	nan
2.000000000000000	nan	nan	nan
2.000000000000000	nan	nan	nan
2.000000000000000	nan	nan	nan
2.000000000000000	nan	nan	nan
2.000000000000000	nan	nan	nan
2.000000000000000	nan	nan	nan
2.000000000000000	nan	nan	nan
2.000000000000000	nan	nan	nan
2.000000000000000	nan	nan	nan
2.000000000000000	nan	nan	nan
2.000000000000000	nan	nan	nan
2.000000000000000	nan	nan	nan
2.000000000000000	nan	nan	nan
2.000000000000000	nan	nan	nan
2.000000000000000	nan	nan	nan
2.000000000000000	nan	nan	nan
2.000000000000000	nan	nan	nan


3.000000000000000	0.013367230600180	-0.649630038079354	-0.010490580631703
3.000000000000000	0.057251977389879	-0.647340692182545	-0.009784066262724
3.000000000000000	0.100902532900231	-0.642266970772131	-0.009035284297787
3.000000000000000	0.144143131750390	-0.634429303933495	-0.008247249817585
3.000000000000000	0.186799659310285	-0.623859251184739	-0.007423135958839
3.000000000000000	0.228700352798789	-0.610599374397649	-0.006566261137193
3.000000000000000	0.269676492911810	-0.594703066416056	-0.005680075685124
3.000000000000000	0.309563083195389	-0.576234336061698	-0.004768147958674
3.000000000000000	0.348199514428176	-0.555267550393290	-0.003834149968939
3.000000000000000	0.385430211338084	-0.531887135256621	-0.002881842596174
3.000000000000000	0.421105259049001	-0.506187235331475	-0.001915060446059
3.000000000000000	0.455081006735079	-0.478271335044232	-0.000937696409092
3.000000000000000	0.487220646051915	-0.448251841872604	0.000046314014705
3.000000000000000	0.517394762015467	-0.416249633720401	0.001033008562655
3.000000000000000	0.545481854110514	-0.382393572184872	0.002018414164060
3.000000000000000	0.571368825530355	-0.346819983676534	0.002998562938358
3.000000000000000	0.594951438577726	-0.309672110480834	0.003969508172371
3.000000000000000	0.616134734393223	-0.271099533972022	0.004927340212332
3.000000000000000	0.634833415321108	-0.231257572301746	0.005868202206675
3.000000000000000	0.650972188372868	-0.190306654987682	0.006788305636222
3.000000000000000	0.664486068405503	-0.148411676920482	0.007683945569205
3.000000000000000	0.675320639793762	-0.105741334390252	0.008551515579727
3.000000000000000	0.683432275542657	-0.062467445806128	0.009387522269557
3.000000000000000	0.688788312957981	-0.018764259844190	0.010188599334819
3.000000000000000	0.691367185167440	0.025192246190460	0.010951521120906
3.000000000000000	0.691158507962845	0.069225074962197	0.011673215611055
3.000000000000000	0.688163121613647	0.113156921810668	0.012350776796270
3.000000000000000	0.682393087483472	0.156810888694086	0.012981476376801
3.000000000000000	0.673871639463264	0.200011196495208	0.013562774748038
3.000000000000000	0.662633090416608	0.242583892821798	0.014092331226606
3.000000000000000	0.648722694013939	0.284357552451516	0.014568013475468
3.000000000000000	0.632196462511984	0.325163967600787	0.014987906090098
3.000000000000000	0.613120941212170	0.364838825238175	0.015350318311136
3.000000000000000	0.591572940506186	0.403222368714967	0.015653790832478
3.000000000000000	0.567639226587641	0.440160041048814	0.015897101677390
3.000000000000000	0.541416172075230	0.475503107270151	0.016079271118973
3.000000000000000	0.513009367954212	0.509109253325418	0.016199565625184
3.000000000000000	0.482533198398776	0.540843159125530	0.016257500812501
3.000000000000000	0.450110380187350	0.570577043432116	0.016252843396374
3.000000000000000	0.415871468565437	0.598191178387461	0.016185612130574
3.000000000000000	0.379954331545730	0.623574371616337	0.016056077731679
3.000000000000000	0.342503594762277	0.646624413958452	0.015864761788995
3.000000000000000	0.303670059114101	0.667248491028663	0.015612434664300
3.000000000000000	0.263610093543202	0.685363556947746	0.015300112389867
3.000000000000000	0.222485005392020	0.700896668738847	0.014929052577264
3.000000000000000	0.180460390875695	0.713785280043096	0.014500749353392
3.000000000000000	0.137705468284559	0.723977492971728	0.014016927344168
3.000000000000000	0.094392396601803	0.731432267080555	0.013479534730059
3.000000000000000	0.050695582280015	0.736119584625359	0.012890735401454
3.000000000000000	0.006790976967950	0.738020571432746	0.012252900245437
3.000000000000000	-0.037144630984657	0.737127572899783	0.011568597599060
3.000000000000000	-0.080934328391380	0.733444184816385	0.010840582907560
3.000000000000000	-0.124401789596063	0.726985238886335	0.010071787629152
3.000000000000000	-0.167371986474004	0.717776743005249	0.009265307431080
3.000000000000000	-0.209671893208439	0.705855776535957	0.008424389724459
3.000000000000000	-0.251131183004437	0.691270341003002	0.007552420588098
3.000000000000000	-0.291582913934788	0.674079166807436	0.006652911133953
3.000000000000000	-0.330864201156221	0.654351476740226	0.005729483369118
3.000000000000000	-0.368816872789180	0.632166707246509	0.004785855611286
3.000000000000000	-0.405288106820160	0.607614188563058	0.003825827516389
3.000000000000000	-0.440131046462013	0.580792785016955	0.002853264778730
3.000000000000000	-0.473205391494397	0.551810496933831	0.001872083565193
3.000000000000000	-0.504377963203254	0.520784025758679	0.000886234746223
3.000000000000000	-0.533523240644475	0.487838304140323	-0.000100312012935
3.000000000000000	-0.560523866072450	0.453105992871732	-0.001083584236677
3.000000000000000	-0.585271117498281	0.416726946711831	-0.002059622634799
3.000000000000000	-0.607665346474866	0.378847651239750	-0.003024497045157
3.000000000000000	-0.627616379346019	0.339620633009093	-0.003974322259047
3.000000000000000	-0.645043880343962	0.299203845377343	-0.004905273665569
3.000000000000000	-0.659877675073102	0.257760032483440	-0.005813602651981
3.000000000000000	-0.672058033077562	0.215456073934571	-0.006695651698044
3.000000000000000	-0.681535908354638	0.172462312840896	-0.007547869103563
3.000000000000000	-0.688273136845748	0.128951869903958	-0.008366823289832
3.000000000000000	-0.692242590109619	0.085099946320724	-0.009149216617387
3.000000000000000	-0.693428284558953	0.041083118310200	-0.009891898664439
3.000000000000000	-0.691825445820686	-0.002921373896679	-0.010591878912508
3.000000000000000	-0.687440527960703	-0.046736339740908	-0.011246338788191
3.000000000000000	-0.680291187495599	-0.090185351819252	-0.011852643012555
3.000000000000000	-0.670406212296111	-0.133093456295130	-0.012408350212479
3.000000000000000	-0.657825405668526	-0.175287877375964	-0.012911222751204
3.000000000000000	-0.642599426080818	-0.216598713020321	-0.013359235738501
3.000000000000000	-0.624789583178870	-0.256859619073463	-0.013750585184195
3.000000000000000	-0.604467590914176	-0.295908479076549	-0.014083695262191
3.000000000000000	-0.581715278777066	-0.333588057052399	-0.014357224655774
3.000000000000000	-0.556624262298228	-0.369746630639276	-0.014570071958617
3.000000000000000	-0.529295574145305	-0.404238602023290	-0.014721380109756
3.000000000000000	-0.499839257299999	-0.436925084209404	-0.014810539844667
3.000000000000000	-0.468373921953823	-0.467674460270343	-0.014837192148568
3.000000000000000	-0.435026267906720	-0.496362913321511	-0.014801229702037
3.000000000000000	-0.399930574391693	-0.522874925087883	-0.014702797313153
3.000000000000000	-0.363228159379720	-0.547103741055324	-0.014542291334406
3.000000000000000	-0.325066810542165	-0.568951800333343	-0.014320358066723
3.000000000000000	-0.285600190161987	-0.588331128498363	-0.014037891157042
3.000000000000000	-0.244987216389959	-0.605163691835678	-0.013696027999913
3.000000000000000	-0.203391423337366	-0.619381711553676	-0.013296145157613
3.000000000000000	-0.160980302581854	-0.630927936705114	-0.012839852817210
3.000000000000000	-0.117924628737964	-0.639755874716476	-0.012328988306915
3.000000000000000	-0.074397771808035	-0.645829978597156	-0.011765608697803
3.000000000000000	-0.030574999082389	-0.649125790074643	-0.011151982520719
3.000000000000000	0.013367230600180	-0.649630038079354	-0.010490580631703


4.000000000000000	nan	nan	nan
4.000000000000000	nan	nan	nan
4.000000000000000	nan	nan	nan
4.000000000000000	nan	nan	nan
4.000000000000000	nan	nan	nan
4.000000000000000	nan	nan	nan
4.000000000000000	nan	nan	nan
4.000000000000000	nan	nan	nan
4.000000000000000	nan	nan	nan
4.000000000000000	nan	nan	nan
4.000000000000000	nan	nan	nan
4.000000000000000	nan	nan	nan
4.000000000000000	nan	nan	nan
4.000000000000000	nan	nan	nan
4.000000000000000	nan	nan	nan
4.000000000000000	nan	nan	nan
4.000000000000000	nan	nan	nan
4.000000000000000	nan	nan	nan
4.000000000000000	nan	nan	nan
4.000000000000000	nan	nan	nan
4.000000000000000	nan	nan	nan
4.000000000000000	nan	nan	nan
4.000000000000000	nan	nan	nan
4.000000000000000	nan	nan	nan
4.000000000000000	nan	nan	nan
4.000000000000000	nan	nan	nan
4.000000000000000	nan	nan	nan
4.000000000000000	nan	nan	nan
4.000000000000000	nan	nan	nan
4.000000000000000	nan	nan	nan
4.000000000000000	nan	nan	nan
4.000000000000000	nan	nan	nan
4.000000000000000	nan	nan	nan
4.000000000000000	nan	nan	nan
4.000000000000000	nan	nan	nan
4.000000000000000	nan	nan	nan
4.000000000000000	nan	nan	nan
4.000000000000000	nan	nan	nan
4.000000000000000	nan	nan	nan
4.000000000000000	nan	nan	nan
4.000000000000000	nan	nan	nan
4.000000000000000	nan	nan	nan
4.000000000000000	nan	nan	nan
4.000000000000000	nan	nan	nan
4.000000000000000	nan	nan	nan
4.000000000000000	nan	nan	nan
4.000000000000000	nan	nan	nan
4.000000000000000	nan	nan	nan
4.000000000000000	nan	nan	nan
4.000000000000000	nan	nan	nan
4.000000000000000	nan	nan	nan
4.000000000000000	nan	nan	nan
4.000000000000000	nan	nan	nan
4.000000000000000	nan	nan	nan
4.000000000000000	nan	nan	nan
4.000000000000000	nan	nan	nan
4.000000000000000	nan	nan	nan
4.000000000000000	nan	nan	nan
4.000000000000000	nan	nan	nan
4.000000000000000	nan	nan	nan
4.000000000000000	nan	nan	nan
4.000000000000000	nan	nan	nan
4.000000000000000	nan	nan	nan
4.000000000000000	nan	nan	nan
4.000000000000000	nan	nan	nan
4.000000000000000	nan	nan	nan
4.000000000000000	nan	nan	nan
4.000000000000000	nan	nan	nan
4.000000000000000	nan	nan	nan
4.000000000000000	nan	nan	nan
4.000000000000000	nan	nan	nan
4.000000000000000	nan	nan	nan
4.000000000000000	nan	nan	nan
4.000000000000000	nan	nan	nan
4.000000000000000	nan	nan	nan
4.000000000000000	nan	nan	nan
4.000000000000000	nan	nan	nan
4.000000000000000	nan	nan	nan
4.000000000000000	nan	nan	nan
4.000000000000000	nan	nan	nan
4.000000000000000	nan	nan	nan
4.000000000000000	nan	nan	nan
4.000000000000000	nan	nan	nan
4.000000000000000	nan	nan	nan
4.000000000000000	nan	nan	nan
4.000000000000000	nan	nan	nan
4.000000000000000	nan	nan	nan
4.000000000000000	nan	nan	nan
4.000000000000000	nan	nan	nan
4.000000000000000	nan	nan	nan
4.000000000000000	nan	nan	nan
4.000000000000000	nan	nan	nan
4.000000000000000	nan	nan	nan
4.000000000000000	nan	nan	nan
4.000000000000000	nan	nan	nan
4.000000000000000	nan	nan	nan
4.000000000000000	nan	nan	nan
4.000000000000000	nan	nan	nan
4.000000000000000	nan	nan	nan
4.000000000000000	nan	nan	nan


5.000000000000000	nan	nan	nan
5.000000000000000	nan	nan	nan
5.000000000000000	nan	nan	nan
5.000000000000000	nan	nan	nan
5.000000000000000	nan	nan	nan
5.000000000000000	nan	nan	nan
5.000000000000000	nan	nan	nan
5.000000000000000	nan	nan	nan
5.000000000000000	nan	nan	nan
5.000000000000000	nan	nan	nan
5.000000000000000	nan	nan	nan
5.000000000000000	nan	nan	nan
5.000000000000000	nan	nan	nan
5.000000000000000	nan	nan	nan
5.000000000000000	nan	nan	nan
5.000000000000000	nan	nan	nan
5.000000000000000	nan	nan	nan
5.000000000000000	nan	nan	nan
5.000000000000000	nan	nan	nan
5.000000000000000	nan	nan	nan
5.000000000000000	nan	nan	nan
5.000000000000000	nan	nan	nan
5.000000000000000	nan	nan	nan
5.000000000000000	nan	nan	nan
5.000000000000000	nan	nan	nan
5.000000000000000	nan	nan	nan
5.000000000000000	nan	nan	nan
5.000000000000000	nan	nan	nan
5.000000000000000	nan	nan	nan
5.000000000000000	nan	nan	nan
5.000000000000000	nan	nan	nan
5.000000000000000	nan	nan	nan
5.000000000000000	nan	nan	nan
5.000000000000000	nan	nan	nan
5.000000000000000	nan	nan	nan
5.000000000000000	nan	nan	nan
5.000000000000000	nan	nan	nan
5.000000000000000	nan	nan	nan
5.000000000000000	nan	nan	nan
5.000000000000000	nan	nan	nan
5.000000000000000	nan	nan	nan
5.000000000000000	nan	nan	nan
5.000000000000000	nan	nan	nan
5.000000000000000	nan	nan	nan
5.000000000000000	nan	nan	nan
5.000000000000000	nan	nan	nan
5.000000000000000	nan	nan	nan
5.000000000000000	nan	nan	nan
5.000000000000000	nan	nan	nan
5.000000000000000	nan	nan	nan
5.000000000000000	nan	nan	nan
5.000000000000000	nan	nan	nan
5.000000000000000	nan	nan	nan
5.000000000000000	nan	nan	nan
5.000000000000000	nan	nan	nan
5.000000000000000	nan	nan	nan
5.000000000000000	nan	nan	nan
5.000000000000000	nan	nan	nan
5.000000000000000	nan	nan	nan
5.000000000000000	nan	nan	nan
5.000000000000000	nan	nan	nan
5.000000000000000	nan	nan	nan
5.000000000000000	nan	nan	nan
5.000000000000000	nan	nan	nan
5.000000000000000	nan	nan	nan
5.000000000000000	nan	nan	nan
5.000000000000000	nan	nan	nan
5.000000000000000	nan	nan	nan
5.000000000000000	nan	nan	nan
5.000000000000000	nan	nan	nan
5.000000000000000	nan	nan	nan
5.000000000000000	nan	nan	nan
5.000000000000000	nan	nan	nan
5.000000000000000	nan	nan	nan
5.000000000000000	nan	nan	nan
5.000000000000000	nan	nan	nan
5.000000000000000	nan	nan	nan
5.000000000000000	nan	nan	nan
5.000000000000000	nan	nan	nan
5.000000000000000	nan	nan	nan
5.000000000000000	nan	nan	nan
5.000000000000000	nan	nan	nan
5.000000000000000	nan	nan	nan
5.000000000000000	nan	nan	nan
5.000000000000000	nan	nan	nan
5.000000000000000	nan	nan	nan
5.000000000000000	nan	nan	nan
5.000000000000000	nan	nan	nan
5.000000000000000	nan	nan	nan
5.000000000000000	nan	nan	nan
5.000000000000000	nan	nan	nan
5.000000000000000	nan	nan	nan
5.000000000000000	nan	nan	nan
5.000000000000000	nan	nan	nan
5.000000000000000	nan	nan	nan
5.000000000000000	nan	nan	nan
5.000000000000000	nan	nan	nan
5.000000000000000	nan	nan	nan
5.000000000000000	nan	nan	nan
5.000000000000000	nan	nan	nan


6.000000000000000	nan	nan	nan
6.000000000000000	nan	nan	nan
6.000000000000000	nan	nan	nan
6.000000000000000	nan	nan	nan
6.000000000000000	nan	nan	nan
6.000000000000000	nan	nan	nan
6.000000000000000	nan	nan	nan
6.000000000000000	nan	nan	nan
6.000000000000000	nan	nan	nan
6.000000000000000	nan	nan	nan
6.000000000000000	nan	nan	nan
6.000000000000000	nan	nan	nan
6.000000000000000	nan	nan	nan
6.000000000000000	nan	nan	nan
6.000000000000000	nan	nan	nan
6.000000000000000	nan	nan	nan
6.000000000000000	nan	nan	nan
6.000000000000000	nan	nan	nan
6.000000000000000	nan	nan	nan
6.000000000000000	nan	nan	nan
6.000000000000000	nan	nan	nan
6.000000000000000	nan	nan	nan
6.000000000000000	nan	nan	nan
6.000000000000000	nan	nan	nan
6.000000000000000	nan	nan	nan
6.000000000000000	nan	nan	nan
6.000000000000000	nan	nan	nan
6.000000000000000	nan	nan	nan
6.000000000000000	nan	nan	nan
6.000000000000000	nan	nan	nan
6.000000000000000	nan	nan	nan
6.000000000000000	nan	nan	nan
6.000000000000000	nan	nan	nan
6.000000000000000	nan	nan	nan
6.000000000000000	nan	nan	nan
6.000000000000000	nan	nan	nan
6.000000000000000	nan	nan	nan
6.000000000000000	nan	nan	nan
6.000000000000000	nan	nan	nan
6.000000000000000	nan	nan	nan
6.000000000000000	nan	nan	nan
6.000000000000000	nan	nan	nan
6.000000000000000	nan	nan	nan
6.000000000000000	nan	nan	nan
6.000000000000000	nan	nan	nan
6.000000000000000	nan	nan	nan
6.000000000000000	nan	nan	nan
6.000000000000000	nan	nan	nan
6.000000000000000	nan	nan	nan
6.000000000000000	nan	nan	nan
6.000000000000000	nan	nan	nan
6.000000000000000	nan	nan	nan
6.000000000000000	nan	nan	nan
6.000000000000000	nan	nan	nan
6.000000000000000	nan	nan	nan
6.000000000000000	nan	nan	nan
6.000000000000000	nan	nan	nan
6.000000000000000	nan	nan	nan
6.000000000000000	nan	nan	nan
6.000000000000000	nan	nan	nan
6.000000000000000	nan	nan	nan
6.000000000000000	nan	nan	nan
6.000000000000000	nan	nan	nan
6.000000000000000	nan	nan	nan
6.000000000000000	nan	nan	nan
6.000000000000000	nan	nan	nan
6.000000000000000	nan	nan	nan
6.000000000000000	nan	nan	nan
6.000000000000000	nan	nan	nan
6.000000000000000	nan	nan	nan
6.000000000000000	nan	nan	nan
6.000000000000000	nan	nan	nan
6.000000000000000	nan	nan	nan
6.000000000000000	nan	nan	nan
6.000000000000000	nan	nan	nan
6.000000000000000	nan	nan	nan
6.000000000000000	nan	nan	nan
6.000000000000000	nan	nan	nan
6.000000000000000	nan	nan	nan
6.000000000000000	nan	nan	nan
6.000000000000000	nan	nan	nan
6.000000000000000	nan	nan	nan
6.000000000000000	nan	nan	nan
6.000000000000000	nan	nan	nan
6.000000000000000	nan	nan	nan
6.000000000000000	nan	nan	nan
6.000000000000000	nan	nan	nan
6.000000000000000	nan	nan	nan
6.000000000000000	nan	nan	nan
6.000000000000000	nan	nan	nan
6.000000000000000	nan	nan	nan
6.000000000000000	nan	nan	nan
6.000000000000000	nan	nan	nan
6.000000000000000	nan	nan	nan
6.000000000000000	nan	nan	nan
6.000000000000000	nan	nan	nan
6.000000000000000	nan	nan	nan
6.000000000000000	nan	nan	nan
6.000000000000000	nan	nan	nan
6.000000000000000	nan	nan	nan


7.000000000000000	nan	nan	nan
7.000000000000000	nan	nan	nan
7.000000000000000	nan	nan	nan
7.000000000000000	nan	nan	nan
7.000000000000000	nan	nan	nan
7.000000000000000	nan	nan	nan
7.000000000000000	nan	nan	nan
7.000000000000000	nan	nan	nan
7.000000000000000	nan	nan	nan
7.000000000000000	nan	nan	nan
7.000000000000000	nan	nan	nan
7.000000000000000	nan	nan	nan
7.000000000000000	nan	nan	nan
7.000000000000000	nan	nan	nan
7.000000000000000	nan	nan	nan
7.000000000000000	nan	nan	nan
7.000000000000000	nan	nan	nan
7.000000000000000	nan	nan	nan
7.000000000000000	nan	nan	nan
7.000000000000000	nan	nan	nan
7.000000000000000	nan	nan	nan
7.000000000000000	nan	nan	nan
7.000000000000000	nan	nan	nan
7.000000000000000	nan	nan	nan
7.000000000000000	nan	nan	nan
7.000000000000000	nan	nan	nan
7.000000000000000	nan	nan	nan
7.000000000000000	nan	nan	nan
7.000000000000000	nan	nan	nan
7.000000000000000	nan	nan	nan
7.000000000000000	nan	nan	nan
7.000000000000000	nan	nan	nan
7.000000000000000	nan	nan	nan
7.000000000000000	nan	nan	nan
7.000000000000000	nan	nan	nan
7.000000000000000	nan	nan	nan
7.000000000000000	nan	nan	nan
7.000000000000000	nan	nan	nan
7.000000000000000	nan	nan	nan
7.000000000000000	nan	nan	nan
7.000000000000000	nan	nan	nan
7.000000000000000	nan	nan	nan
7.000000000000000	nan	nan	nan
7.000000000000000	nan	nan	nan
7.000000000000000	nan	nan	nan
7.000000000000000	nan	nan	nan
7.000000000000000	nan	nan	nan
7.000000000000000	nan	nan	nan
7.000000000000000	nan	nan	nan
7.000000000000000	nan	nan	nan
7.000000000000000	nan	nan	nan
7.000000000000000	nan	nan	nan
7.000000000000000	nan	nan	nan
7.000000000000000	nan	nan	nan
7.000000000000000	nan	nan	nan
7.000000000000000	nan	nan	nan
7.000000000000000	nan	nan	nan
7.000000000000000	nan	nan	nan
7.000000000000000	nan	nan	nan
7.000000000000000	nan	nan	nan
7.000000000000000	nan	nan	nan
7.000000000000000	nan	nan	nan
7.000000000000000	nan	nan	nan
7.000000000000000	nan	nan	nan
7.000000000000000	nan	nan	nan
7.000000000000000	nan	nan	nan
7.000000000000000	nan	nan	nan
7.000000000000000	nan	nan	nan
7.000000000000000	nan	nan	nan
7.000000000000000	nan	nan	nan
7.000000000000000	nan	nan	nan
7.000000000000000	nan	nan	nan
7.000000000000000	nan	nan	nan
7.000000000000000	nan	nan	nan
7.000000000000000	nan	nan	nan
7.000000000000000	nan	nan	nan
7.000000000000000	nan	nan	nan
7.000000000000000	nan	nan	nan
7.000000000000000	nan	nan	nan
7.000000000000000	nan	nan	nan
7.000000000000000	nan	nan	nan
7.000000000000000	nan	nan	nan
7.000000000000000	nan	nan	nan
7.000000000000000	nan	nan	nan
7.000000000000000	nan	nan	nan
7.000000000000000	nan	nan	nan
7.000000000000000	nan	nan	nan
7.000000000000000	nan	nan	nan
7.000000000000000	nan	nan	nan
7.000000000000000	nan	nan	nan
7.000000000000000	nan	nan	nan
7.000000000000000	nan	nan	nan
7.000000000000000	nan	nan	nan
7.000000000000000	nan	nan	nan
7.000000000000000	nan	nan	nan
7.000000000000000	nan	nan	nan
7.000000000000000	nan	nan	nan
7.000000000000000	nan	nan	nan
7.000000000000000	nan	nan	nan
7.000000000000000	nan	nan	nan


8.000000000000000	nan	nan	nan
8.000000000000000	nan	nan	nan
8.000000000000000	nan	nan	nan
8.000000000000000	nan	nan	nan
8.000000000000000	nan	nan	nan
8.000000000000000	nan	nan	nan
8.000000000000000	nan	nan	nan
8.000000000000000	nan	nan	nan
8.000000000000000	nan	nan	nan
8.000000000000000	nan	nan	nan
8.000000000000000	nan	nan	nan
8.000000000000000	nan	nan	nan
8.000000000000000	nan	nan	nan
8.000000000000000	nan	nan	nan
8.000000000000000	nan	nan	nan
8.000000000000000	nan	nan	nan
8.000000000000000	nan	nan	nan
8.000000000000000	nan	nan	nan
8.000000000000000	nan	nan	nan
8.000000000000000	nan	nan	nan
8.000000000000000	nan	nan	nan
8.000000000000000	nan	nan	nan
8.000000000000000	nan	nan	nan
8.000000000000000	nan	nan	nan
8.000000000000000	nan	nan	nan
8.000000000000000	nan	nan	nan
8.000000000000000	nan	nan	nan
8.000000000000000	nan	nan	nan
8.000000000000000	nan	nan	nan
8.000000000000000	nan	nan	nan
8.000000000000000	nan	nan	nan
8.000000000000000	nan	nan	nan
8.000000000000000	nan	nan	nan
8.000000000000000	nan	nan	nan
8.000000000000000	nan	nan	nan
8.000000000000000	nan	nan	nan
8.000000000000000	nan	nan	nan
8.000000000000000	nan	nan	nan
8.000000000000000	nan	nan	nan
8.000000000000000	nan	nan	nan
8.000000000000000	nan	nan	nan
8.000000000000000	nan	nan	nan
8.000000000000000	nan	nan	nan
8.000000000000000	nan	nan	nan
8.000000000000000	nan	nan	nan
8.000000000000000	nan	nan	nan
8.000000000000000	nan	nan	nan
8.000000000000000	nan	nan	nan
8.000000000000000	nan	nan	nan
8.000000000000000	nan	nan	nan
8.000000000000000	nan	nan	nan
8.000000000000000	nan	nan	nan
8.000000000000000	nan	nan	nan
8.000000000000000	nan	nan	nan
8.000000000000000	nan	nan	nan
8.000000000000000	nan	nan	nan
8.000000000000000	nan	nan	nan
8.000000000000000	nan	nan	nan
8.000000000000000	nan	nan	nan
8.000000000000000	nan	nan	nan
8.000000000000000	nan	nan	nan
8.000000000000000	nan	nan	nan
8.000000000000000	nan	nan	nan
8.000000000000000	nan	nan	nan
8.000000000000000	nan	nan	nan
8.000000000000000	nan	nan	nan
8.000000000000000	nan	nan	nan
8.000000000000000	nan	nan	nan
8.000000000000000	nan	nan	nan
8.000000000000000	nan	nan	nan
8.000000000000000	nan	nan	nan
8.000000000000000	nan	nan	nan
8.000000000000000	nan	nan	nan
8.000000000000000	nan	nan	nan
8.000000000000000	nan	nan	nan
8.000000000000000	nan	nan	nan
8.000000000000000	nan	nan	nan
8.000000000000000	nan	nan	nan
8.000000000000000	nan	nan	nan
8.000000000000000	nan	nan	nan
8.000000000000000	nan	nan	nan
8.000000000000000	nan	nan	nan
8.000000000000000	nan	nan	nan
8.000000000000000	nan	nan	nan
8.000000000000000	nan	nan	nan
8.000000000000000	nan	nan	nan
8.000000000000000	nan	nan	nan
8.000000000000000	nan	nan	nan
8.000000000000000	nan	nan	nan
8.000000000000000	nan	nan	nan
8.000000000000000	nan	nan	nan
8.000000000000000	nan	nan	nan
8.000000000000000	nan	nan	nan
8.000000000000000	nan	nan	nan
8.000000000000000	nan	nan	nan
8.000000000000000	nan	nan	nan
8.000000000000000	nan	nan	nan
8.000000000000000	nan	nan	nan
8.000000000000000	nan	nan	nan
8.000000000000000	nan	nan	nan


9.000000000000000	nan	nan	nan
9.000000000000000	nan	nan	nan
9.000000000000000	nan	nan	nan
9.000000000000000	nan	nan	nan
9.000000000000000	nan	nan	nan
9.000000000000000	nan	nan	nan
9.000000000000000	nan	nan	nan
9.000000000000000	nan	nan	nan
9.000000000000000	nan	nan	nan
9.000000000000000	nan	nan	nan
9.000000000000000	nan	nan	nan
9.000000000000000	nan	nan	nan
9.000000000000000	nan	nan	nan
9.000000000000000	nan	nan	nan
9.000000000000000	nan	nan	nan
9.000000000000000	nan	nan	nan
9.000000000000000	nan	nan	nan
9.000000000000000	nan	nan	nan
9.000000000000000	nan	nan	nan
9.000000000000000	nan	nan	nan
9.000000000000000	nan	nan	nan
9.000000000000000	nan	nan	nan
9.000000000000000	nan	nan	nan
9.000000000000000	nan	nan	nan
9.000000000000000	nan	nan	nan
9.000000000000000	nan	nan	nan
9.000000000000000	nan	nan	nan
9.000000000000000	nan	nan	nan
9.000000000000000	nan	nan	nan
9.000000000000000	nan	nan	nan
9.000000000000000	nan	nan	nan
9.000000000000000	nan	nan	nan
9.000000000000000	nan	nan	nan
9.000000000000000	nan	nan	nan
9.000000000000000	nan	nan	nan
9.000000000000000	nan	nan	nan
9.000000000000000	nan	nan	nan
9.000000000000000	nan	nan	nan
9.000000000000000	nan	nan	nan
9.000000000000000	nan	nan	nan
9.000000000000000	nan	nan	nan
9.000000000000000	nan	nan	nan
9.000000000000000	nan	nan	nan
9.000000000000000	nan	nan	nan
9.000000000000000	nan	nan	nan
9.000000000000000	nan	nan	nan
9.000000000000000	nan	nan	nan
9.000000000000000	nan	nan	nan
9.000000000000000	nan	nan	nan
9.000000000000000	nan	nan	nan
9.000000000000000	nan	nan	nan
9.000000000000000	nan	nan	nan
9.000000000000000	nan	nan	nan
9.000000000000000	nan	nan	nan
9.000000000000000	nan	nan	nan
9.000000000000000	nan	nan	nan
9.000000000000000	nan	nan	nan
9.000000000000000	nan	nan	nan
9.000000000000000	nan	nan	nan
9.000000000000000	nan	nan	nan
9.000000000000000	nan	nan	nan
9.000000000000000	nan	nan	nan
9.000000000000000	nan	nan	nan
9.000000000000000	nan	nan	nan
9.000000000000000	nan	nan	nan
9.000000000000000	nan	nan	nan
9.000000000000000	nan	nan	nan
9.000000000000000	nan	nan	nan
9.000000000000000	nan	nan	nan
9.000000000000000	nan	nan	nan
9.000000000000000	nan	nan	nan
9.000000000000000	nan	nan	nan
9.000000000000000	nan	nan	nan
9.000000000000000	nan	nan	nan
9.000000000000000	nan	nan	nan
9.000000000000000	nan	nan	nan
9.000000000000000	nan	nan	nan
9.000000000000000	nan	nan	nan
9.000000000000000	nan	nan	nan
9.000000000000000	nan	nan	nan
9.000000000000000	nan	nan	nan
9.000000000000000	nan	nan	nan
9.000000000000000	nan	nan	nan
9.000000000000000	nan	nan	nan
9.000000000000000	nan	nan	nan
9.000000000000000	nan	nan	nan
9.000000000000000	nan	nan	nan
9.000000000000000	nan	nan	nan
9.000000000000000	nan	nan	nan
9.000000000000000	nan	nan	nan
9.000000000000000	nan	nan	nan
9.000000000000000	nan	nan	nan
9.000000000000000	nan	nan	nan
9.000000000000000	nan	nan	nan
9.000000000000000	nan	nan	nan
9.000000000000000	nan	nan	nan
9.000000000000000	nan	nan	nan
9.000000000000000	nan	nan	nan
9.000000000000000	nan	nan	nan
9.000000000000000	nan	nan	nan


10.000000000000000	nan	nan	nan
10.000000000000000	nan	nan	nan
10.000000000000000	nan	nan	nan
10.000000000000000	nan	nan	nan
10.000000000000000	nan	nan	nan
10.000000000000000	nan	nan	nan
10.000000000000000	nan	nan	nan
10.000000000000000	nan	nan	nan
10.000000000000000	nan	nan	nan
10.000000000000000	nan	nan	nan
10.000000000000000	nan	nan	nan
10.000000000000000	nan	nan	nan
10.000000000000000	nan	nan	nan
10.000000000000000	nan	nan	nan
10.000000000000000	nan	nan	nan
10.000000000000000	nan	nan	nan
10.000000000000000	nan	nan	nan
10.000000000000000	nan	nan	nan
10.000000000000000	nan	nan	nan
10.000000000000000	nan	nan	nan
10.000000000000000	nan	nan	nan
10.000000000000000	nan	nan	nan
10.000000000000000	nan	nan	nan
10.000000000000000	nan	nan	nan
10.000000000000000	nan	nan	nan
10.000000000000000	nan	nan	nan
10.000000000000000	nan	nan	nan
10.000000000000000	nan	nan	nan
10.000000000000000	nan	nan	nan
10.000000000000000	nan	nan	nan
10.000000000000000	nan	nan	nan
10.000000000000000	nan	nan	nan
10.000000000000000	nan	nan	nan
10.000000000000000	nan	nan	nan
10.000000000000000	nan	nan	nan
10.000000000000000	nan	nan	nan
10.000000000000000	nan	nan	nan
10.000000000000000	nan	nan	nan
10.000000000000000	nan	nan	nan
10.000000000000000	nan	nan	nan
10.000000000000000	nan	nan	nan
10.000000000000000	nan	nan	nan
10.000000000000000	nan	nan	nan
10.000000000000000	nan	nan	nan
10.000000000000000	nan	nan	nan
10.000000000000000	nan	nan	nan
10.000000000000000	nan	nan	nan
10.000000000000000	nan	nan	nan
10.000000000000000	nan	nan	nan
10.000000000000000	nan	nan	nan
10.000000000000000	nan	nan	nan
10.000000000000000	nan	nan	nan
10.000000000000000	nan	nan	nan
10.000000000000000	nan	nan	nan
10.000000000000000	nan	nan	nan
10.000000000000000	nan	nan	nan
10.000000000000000	nan	nan	nan
10.000000000000000	nan	nan	nan
10.000000000000000	nan	nan	nan
10.000000000000000	nan	nan	nan
10.000000000000000	nan	nan	nan
10.000000000000000	nan	nan	nan
10.000000000000000	nan	nan	nan
10.000000000000000	nan	nan	nan
10.000000000000000	nan	nan	nan
10.000000000000000	nan	nan	nan
10.000000000000000	nan	nan	nan
10.000000000000000	nan	nan	nan
10.000000000000000	nan	nan	nan
10.000000000000000	nan	nan	nan
10.000000000000000	nan	nan	nan
10.000000000000000	nan	nan	nan
10.000000000000000	nan	nan	nan
10.000000000000000	nan	nan	nan
10.000000000000000	nan	nan	nan
10.000000000000000	nan	nan	nan
10.000000000000000	nan	nan	nan
10.000000000000000	nan	nan	nan
10.000000000000000	nan	nan	nan
10.000000000000000	nan	nan	nan
10.000000000000000	nan	nan	nan
10.000000000000000	nan	nan	nan
10.000000000000000	nan	nan	nan
10.000000000000000	nan	nan	nan
10.000000000000000	nan	nan	nan
10.000000000000000	nan	nan	nan
10.000000000000000	nan	nan	nan
10.000000000000000	nan	nan	nan
10.000000000000000	nan	nan	nan
10.000000000000000	nan	nan	nan
10.000000000000000	nan	nan	nan
10.000000000000000	nan	nan	nan
10.000000000000000	nan	nan	nan
10.000000000000000	nan	nan	nan
10.000000000000000	nan	nan	nan
10.000000000000000	nan	nan	nan
10.000000000000000	nan	nan	nan
10.000000000000000	nan	nan	nan
10.000000000000000	nan	nan	nan
10.000000000000000	nan	nan	nan


11.000000000000000	nan	nan	nan
11.000000000000000	nan	nan	nan
11.000000000000000	nan	nan	nan
11.000000000000000	nan	nan	nan
11.000000000000000	nan	nan	nan
11.000000000000000	nan	nan	nan
11.000000000000000	nan	nan	nan
11.000000000000000	nan	nan	nan
11.000000000000000	nan	nan	nan
11.000000000000000	nan	nan	nan
11.000000000000000	nan	nan	nan
11.000000000000000	nan	nan	nan
11.000000000000000	nan	nan	nan
11.000000000000000	nan	nan	nan
11.000000000000000	nan	nan	nan
11.000000000000000	nan	nan	nan
11.000000000000000	nan	nan	nan
11.000000000000000	nan	nan	nan
11.000000000000000	nan	nan	nan
11.000000000000000	nan	nan	nan
11.000000000000000	nan	nan	nan
11.000000000000000	nan	nan	nan
11.000000000000000	nan	nan	nan
11.000000000000000	nan	nan	nan
11.000000000000000	nan	nan	nan
11.000000000000000	nan	nan	nan
11.000000000000000	nan	nan	nan
11.000000000000000	nan	nan	nan
11.000000000000000	nan	nan	nan
11.000000000000000	nan	nan	nan
11.000000000000000	nan	nan	nan
11.000000000000000	nan	nan	nan
11.000000000000000	nan	nan	nan
11.000000000000000	nan	nan	nan
11.000000000000000	nan	nan	nan
11.000000000000000	nan	nan	nan
11.000000000000000	nan	nan	nan
11.000000000000000	nan	nan	nan
11.000000000000000	nan	nan	nan
11.000000000000000	nan	nan	nan
11.000000000000000	nan	nan	nan
11.000000000000000	nan	nan	nan
11.000000000000000	nan	nan	nan
11.000000000000000	nan	nan	nan
11.000000000000000	nan	nan	nan
11.000000000000000	nan	nan	nan
11.000000000000000	nan	nan	nan
11.000000000000000	nan	nan	nan
11.000000000000000	nan	nan	nan
11.000000000000000	nan	nan	nan
11.000000000000000	nan	nan	nan
11.000000000000000	nan	nan	nan
11.000000000000000	nan	nan	nan
11.000000000000000	nan	nan	nan
11.000000000000000	nan	nan	nan
11.000000000000000	nan	nan	nan
11.000000000000000	nan	nan	nan
11.000000000000000	nan	nan	nan
11.000000000000000	nan	nan	nan
11.000000000000000	nan	nan	nan
11.000000000000000	nan	nan	nan
11.000000000000000	nan	nan	nan
11.000000000000000	nan	nan	nan
11.000000000000000	nan	nan	nan
11.000000000000000	nan	nan	nan
11.000000000000000	nan	nan	nan
11.000000000000000	nan	nan	nan
11.000000000000000	nan	nan	nan
11.000000000000000	nan	nan	nan
11.000000000000000	nan	nan	nan
11.000000000000000	nan	nan	nan
11.000000000000000	nan	nan	nan
11.000000000000000	nan	nan	nan
11.000000000000000	nan	nan	nan
11.000000000000000	nan	nan	nan
11.000000000000000	nan	nan	nan
11.000000000000000	nan	nan	nan
11.000000000000000	nan	nan	nan
11.000000000000000	nan	nan	nan
11.000000000000000	nan	nan	nan
11.000000000000000	nan	nan	nan
11.000000000000000	nan	nan	nan
11.000000000000000	nan	nan	nan
11.000000000000000	nan	nan	nan
11.000000000000000	nan	nan	nan
11.000000000000000	nan	nan	nan
11.000000000000000	nan	nan	nan
11.000000000000000	nan	nan	nan
11.000000000000000	nan	nan	nan
11.000000000000000	nan	nan	nan
11.000000000000000	nan	nan	nan
11.000000000000000	nan	nan	nan
11.000000000000000	nan	nan	nan
11.000000000000000	nan	nan	nan
11.000000000000000	nan	nan	nan
11.000000000000000	nan	nan	nan
11.000000000000000	nan	nan	nan
11.000000000000000	nan	nan	nan
11.000000000000000	nan	nan	nan
11.000000000000000	nan	nan	nan


12.000000000000000	nan	nan	nan
12.000000000000000	nan	nan	nan
12.000000000000000	nan	nan	nan
12.000000000000000	nan	nan	nan
12.000000000000000	nan	nan	nan
12.000000000000000	nan	nan	nan
12.000000000000000	nan	nan	nan
12.000000000000000	nan	nan	nan
12.000000000000000	nan	nan	nan
12.000000000000000	nan	nan	nan
12.000000000000000	nan	nan	nan
12.000000000000000	nan	nan	nan
12.000000000000000	nan	nan	nan
12.000000000000000	nan	nan	nan
12.000000000000000	nan	nan	nan
12.000000000000000	nan	nan	nan
12.000000000000000	nan	nan	nan
12.000000000000000	nan	nan	nan
12.000000000000000	nan	nan	nan
12.000000000000000	nan	nan	nan
12.000000000000000	nan	nan	nan
12.000000000000000	nan	nan	nan
12.000000000000000	nan	nan	nan
12.000000000000000	nan	nan	nan
12.000000000000000	nan	nan	nan
12.000000000000000	nan	nan	nan
12.000000000000000	nan	nan	nan
12.000000000000000	nan	nan	nan
12.000000000000000	nan	nan	nan
12.000000000000000	nan	nan	nan
12.000000000000000	nan	nan	nan
12.000000000000000	nan	nan	nan
12.000000000000000	nan	nan	nan
12.000000000000000	nan	nan	nan
12.000000000000000	nan	nan	nan
12.000000000000000	nan	nan	nan
12.000000000000000	nan	nan	nan
12.000000000000000	nan	nan	nan
12.000000000000000	nan	nan	nan
12.000000000000000	nan	nan	nan
12.000000000000000	nan	nan	nan
12.000000000000000	nan	nan	nan
12.000000000000000	nan	nan	nan
12.000000000000000	nan	nan	nan
12.000000000000000	nan	nan	nan
12.000000000000000	nan	nan	nan
12.000000000000000	nan	nan	nan
12.000000000000000	nan	nan	nan
12.000000000000000	nan	nan	nan
12.000000000000000	nan	nan	nan
12.000000000000000	nan	nan	nan
12.000000000000000	nan	nan	nan
12.000000000000000	nan	nan	nan
12.000000000000000	nan	nan	nan
12.000000000000000	nan	nan	nan
12.000000000000000	nan	nan	nan
12.000000000000000	nan	nan	nan
12.000000000000000	nan	nan	nan
12.000000000000000	nan	nan	nan
12.000000000000000	nan	nan	nan
12.000000000000000	nan	nan	nan
12.000000000000000	nan	nan	nan
12.000000000000000	nan	nan	nan
12.000000000000000	nan	nan	nan
12.000000000000000	nan	nan	nan
12.000000000000000	nan	nan	nan
12.000000000000000	nan	nan	nan
12.000000000000000	nan	nan	nan
12.000000000000000	nan	nan	nan
12.000000000000000	nan	nan	nan
12.000000000000000	nan	nan	nan
12.000000000000000	nan	nan	nan
12.000000000000000	nan	nan	nan
12.000000000000000	nan	nan	nan
12.000000000000000	nan	nan	nan
12.000000000000000	nan	nan	nan
12.000000000000000	nan	nan	nan
12.000000000000000	nan	nan	nan
12.000000000000000	nan	nan	nan
12.000000000000000	nan	nan	nan
12.000000000000000	nan	nan	nan
12.000000000000000	nan	nan	nan
12.000000000000000	nan	nan	nan
12.000000000000000	nan	nan	nan
12.000000000000000	nan	nan	nan
12.000000000000000	nan	nan	nan
12.000000000000000	nan	nan	nan
12.000000000000000	nan	nan	nan
12.000000000000000	nan	nan	nan
12.000000000000000	nan	nan	nan
12.000000000000000	nan	nan	nan
12.000000000000000	nan	nan	nan
12.000000000000000	nan	nan	nan
12.000000000000000	nan	nan	nan
12.000000000000000	nan	nan	nan
12.000000000000000	nan	nan	nan
12.000000000000000	nan	nan	nan
12.000000000000000	nan	nan	nan
12.000000000000000	nan	nan	nan
12.000000000000000	nan	nan	nan


13.000000000000000	0.594115716120207	-0.736949151506518	0.001511276540914
13.000000000000000	0.648114028452645	-0.690467870222848	0.002633776149314
13.000000000000000	0.699015530529649	-0.640602133190475	0.003744431455648
13.000000000000000	0.746615259967722	-0.587552732132627	0.004838770242995
13.000000000000000	0.790721549456445	-0.531533278263911	0.005912385995299
13.000000000000000	0.831156798535088	-0.472769342153336	0.006960955640852
13.000000000000000	0.867758188726979	-0.411497545431255	0.007980256959776
13.000000000000000	0.900378339152048	-0.347964607997570	0.008966185585417
13.000000000000000	0.928885899977613	-0.282426354567772	0.009914771531176
13.000000000000000	0.953166081317795	-0.215146684557104	0.010822195176248
13.000000000000000	0.973121115451876	-0.146396509450759	0.011684802645883
13.000000000000000	0.988670650500402	-0.076452661938943	0.012499120524252
13.000000000000000	0.999752073973845	-0.005596781209343	0.013261869840669
13.000000000000000	1.006320764890997	0.065885821114486	0.013969979272844
13.000000000000000	1.008350273451913	0.137707309822324	0.014620597514016
13.000000000000000	1.005832427541920	0.209578485128092	0.015211104754159
13.000000000000000	0.998777365637840	0.281209947175317	0.015739123229033
13.000000000000000	0.987213495983921	0.352313261348213	0.016202526794601
13.000000000000000	0.971187382201862	0.422602119696077	0.016599449488260
13.000000000000000	0.950763555795548	0.491793493794357	0.016928293042413
13.000000000000000	0.926024256305455	0.559608774400224	0.017187733320132
13.000000000000000	0.897069100159047	0.625774893313659	0.017376725646986
13.000000000000000	0.864014679550584	0.690025422926717	0.017494509017578
13.000000000000000	0.826994092965504	0.752101649033469	0.017540609159845
13.000000000000000	0.786156409239801	0.811753612580802	0.017514840444787
13.000000000000000	0.741666067312432	0.868741116165298	0.017417306633922
13.000000000000000	0.693702214087749	0.922834691223408	0.017248400461485
13.000000000000000	0.642457983074145	0.973816522020362	0.017008802053015
13.000000000000000	0.588139716703579	1.021481322717261	0.016699476186741
13.000000000000000	0.530966135463433	1.065637163984694	0.016321668408751
13.000000000000000	0.471167457186301	1.106106245834404	0.015876900017621
13.000000000000000	0.408984470044035	1.142725613557093	0.015366961938684
13.000000000000000	0.344667562978758	1.175347813883520	0.014793907512606
13.000000000000000	0.278475717474970	1.203841488726773	0.014160044227304
13.000000000000000	0.210675464732517	1.228091904114922	0.013467924426509
13.000000000000000	0.141539812439514	1.248001412184233	0.012720335032380
13.000000000000000	0.071347145466750	1.263489844372648	0.011920286323551
13.000000000000000	0.000380104910057	1.274494834230289	0.011070999813799
13.000000000000000	-0.071075550005616	1.280972068547142	0.010175895280149
13.000000000000000	-0.142732092577753	1.282895465786712	0.009238576992636
13.000000000000000	-0.214300987200145	1.280257281107168	0.008262819201183
13.000000000000000	-0.285494051193944	1.273068137547082	0.007252550938030
13.000000000000000	-0.356024615217594	1.261356983250208	0.006211840196904
13.000000000000000	-0.425608677583097	1.245170974901521	0.005144877552646
13.000000000000000	-0.493966047830566	1.224575287843888	0.004055959287248
13.000000000000000	-0.560821474956324	1.199652853639974	0.002949470090237
13.000000000000000	-0.625905755751542	1.170504026136098	0.001829865403082
13.000000000000000	-0.688956818788548	1.137246177372722	0.000701653478700
13.000000000000000	-0.749720779689972	1.100013224968665	-0.000430622771685
13.000000000000000	-0.807952963431525	1.058955092882120	-0.001562404071243
13.000000000000000	-0.863418889561967	1.014237107719787	-0.002689133136134
13.000000000000000	-0.915895216373124	0.966039333024982	-0.003806273026088
13.000000000000000	-0.965170640218119	0.914555844225296	-0.004909325413055
13.000000000000000	-1.011046746356582	0.859993947159348	-0.005993848694387
13.000000000000000	-1.053338807900780	0.802573343329342	-0.007055475877607
13.000000000000000	-1.091876529645594	0.742525245240656	-0.008089932164742
13.000000000000000	-1.126504733787206	0.680091445390693	-0.009093052165429
13.000000000000000	-1.157083984769346	0.615523342655826	-0.010060796669471
13.000000000000000	-1.183491150741067	0.549080929996860	-0.010989268911309
13.000000000000000	-1.205619899365243	0.481031747559137	-0.011874730260923
13.000000000000000	-1.223381125981371	0.411649805382798	-0.012713615277977
13.000000000000000	-1.236703312398580	0.341214480061065	-0.013502546068586
13.000000000000000	-1.245532814874152	0.270009389789297	-0.014238345886905
13.000000000000000	-1.249834080117934	0.198321252334627	-0.014918051926761
13.000000000000000	-1.249589788452896	0.126438730524703	-0.015538927251830
13.000000000000000	-1.244800923555351	0.054651269904365	-0.016098471816311
13.000000000000000	-1.235486768494042	-0.016752066759405	-0.016594432531733
13.000000000000000	-1.221684828084026	-0.087483763431225	-0.017024812339338
13.000000000000000	-1.203450677868028	-0.157259008532909	-0.017387878251543
13.000000000000000	-1.180857740333336	-0.225796841779170	-0.017682168330061
13.000000000000000	-1.153996989265367	-0.292821285505529	-0.017906497572613
13.000000000000000	-1.122976583428336	-0.358062455932956	-0.018059962684515
13.000000000000000	-1.087921431048090	-0.421257649894607	-0.018141945715927
13.000000000000000	-1.048972686850768	-0.482152402648747	-0.018152116550115
13.000000000000000	-1.006287183682534	-0.540501512518460	-0.018090434232721
13.000000000000000	-0.960036800999065	-0.596070028232254	-0.017957147136666
13.000000000000000	-0.910407772767643	-0.648634194989912	-0.017752791962043
13.000000000000000	-0.857599937568700	-0.697982355444095	-0.017478191575015
13.000000000000000	-0.801825933916385	-0.743915801969781	-0.017134451694422
13.000000000000000	-0.743310344038320	-0.786249576789734	-0.016722956439441
13.000000000000000	-0.682288789562230	-0.824813216734195	-0.016245362756231
13.000000000000000	-0.619006982750812	-0.859451439635907	-0.015703593745989
13.000000000000000	-0.553719737105179	-0.890024769596587	-0.015099830921305
13.000000000000000	-0.486689941320818	-0.916410098607150	-0.014436505421982
13.000000000000000	-0.418187500727603	-0.938501182260209	-0.013716288225687
13.000000000000000	-0.348488250476294	-0.956209067558804	-0.012942079392874
13.000000000000000	-0.277872844847737	-0.969462451098723	-0.012116996389260
13.000000000000000	-0.206625627157131	-0.978207966182151	-0.011244361532894
13.000000000000000	-0.135033484803854	-0.982410397706523	-0.010327688616351
13.000000000000000	-0.063384694077162	-0.982052823963312	-0.009370668757931
13.000000000000000	0.008032240630681	-0.977136684775777	-0.008377155538831
13.000000000000000	0.078929748529771	-0.967681775701308	-0.007351149486128
13.000000000000000	0.149022350378630	-0.953726168321695	-0.006296781964076
13.000000000000000	0.218027808008362	-0.935326056942310	-0.005218298538553
13.000000000000000	0.285668260796137	-0.912555532317476	-0.004120041881670
13.000000000000000	0.351671344511854	-0.885506283313140	-0.003006434285361
13.000000000000000	0.415771288032769	-0.854287227708180	-0.001881959854375
13.000000000000000	0.477709983509997	-0.819024073620945	-0.000751146450370
13.000000000000000	0.537238025677729	-0.779858813327035	0.000381452540190
13.000000000000000	0.594115716120207	-0.736949151506518	0.001511276540914


14.000000000000000	1.083366475429609	-0.144535048625066	-0.004343577723961
14.000000000000000	1.090954397924018	-0.069477068635754	-0.004933334905048
14.000000000000000	1.093749772332102	0.005913990751182	-0.005501624918270
14.000000000000000	1.091741342667729	0.081334556348396	-0.006046159460318
14.000000000000000	1.084937196168295	0.156480936157445	-0.006564745882783
14.000000000000000	1.073364730730272	0.231050542229286	-0.007055296021171
14.000000000000000	1.057070544587550	0.304743109079146	-0.007515834603214
14.000000000000000	1.036120248676794	0.377261902749651	-0.007944507202584
14.000000000000000	1.010598202445360	0.448314915653747	-0.008339587706022
14.000000000000000	0.980607174165574	0.517616042386188	-0.008699485263781
14.000000000000000	0.946267927123174	0.584886231769023	-0.009022750695420
14.000000000000000	0.907718733346175	0.649854610492201	-0.009308082325141
14.000000000000000	0.865114816832219	0.712259573824788	-0.009554331223176
14.000000000000000	0.818627728516323	0.771849839004888	-0.009760505832125
14.000000000000000	0.768444655495804	0.828385457066633	-0.009925775959606
14.000000000000000	0.714767667293915	0.881638779029981	-0.010049476121147
14.000000000000000	0.657812902197186	0.931395372562816	-0.010131108219856
14.000000000000000	0.597809696942831	0.977454885424259	-0.010170343552083
14.000000000000000	0.534999663260653	1.019631852212436	-0.010167024130994
14.000000000000000	0.469635714987880	1.057756441168189	-0.010121163322725
14.000000000000000	0.401981049674408	1.091675138027628	-0.010032945792565
14.000000000000000	0.332308088779161	1.121251364169895	-0.009902726761372
14.000000000000000	0.260897380725029	1.146366026571057	-0.009731030575225
14.000000000000000	0.188036471229379	1.166917997349689	-0.009518548594066
14.000000000000000	0.114018745458947	1.182824520973157	-0.009266136407840
14.000000000000000	0.039142246671316	1.194021547484936	-0.008974810391332
14.000000000000000	-0.036291523900090	1.200463990411185	-0.008645743611590
14.000000000000000	-0.111978821085060	1.202125908308059	-0.008280261104394
14.000000000000000	-0.187614878851190	1.199000609218752	-0.007879834538805
14.000000000000000	-0.262895137489130	1.191100677619640	-0.007446076291274
14.000000000000000	-0.337516469967044	1.178457923747043	-0.006980732953174
14.000000000000000	-0.411178402516178	1.161123255508623	-0.006485678297885
14.000000000000000	-0.483584324532676	1.139166473495214	-0.005962905735778
14.000000000000000	-0.554442682923798	1.112675989918475	-0.005414520287452
14.000000000000000	-0.623468156089316	1.081758472606118	-0.004842730107558
14.000000000000000	-0.690382802810907	1.046538415488214	-0.004249837593340
14.000000000000000	-0.754917181423328	1.007157637304079	-0.003638230113696
14.000000000000000	-0.816811434760914	0.963774710548258	-0.003010370396082
14.000000000000000	-0.875816336510666	0.916564322955064	-0.002368786609983
14.000000000000000	-0.931694294758651	0.865716574092723	-0.001716062186863
14.000000000000000	-0.984220308688780	0.811436209899507	-0.001054825417597
14.000000000000000	-1.033182874581687	0.753941798244106	-0.000387738869277
14.000000000000000	-1.078384837465552	0.693464848829962	0.000282511336011
14.000000000000000	-1.119644184989595	0.630248880987404	0.000953226337252
14.000000000000000	-1.156794780323565	0.564548443107250	0.001621705401860
14.000000000000000	-1.189687031132124	0.496628087664285	0.002285256800577
14.000000000000000	-1.218188491930379	0.426761305957812	0.002941208646117
14.000000000000000	-1.242184397395111	0.355229426858716	0.003586919651913
14.000000000000000	-1.261578124484217	0.282320483997399	0.004219789767643
14.000000000000000	-1.276291581503605	0.208328055954006	0.004837270648719
14.000000000000000	-1.286265522554881	0.133550084121102	0.005436875917569
14.000000000000000	-1.291459786097672	0.058287672998839	0.006016191175403
14.000000000000000	-1.291853456665974	-0.017156122246594	0.006572883724142
14.000000000000000	-1.287444949087351	-0.092477516079159	0.007104711959374
14.000000000000000	-1.278252014865868	-0.167373215830111	0.007609534396502
14.000000000000000	-1.264311670703046	-0.241541642950522	0.008085318293744
14.000000000000000	-1.245680049444671	-0.314684147361663	0.008530147837272
14.000000000000000	-1.222432174053635	-0.386506210013461	0.008942231855514
14.000000000000000	-1.194661655518946	-0.456718628808767	0.009319911031570
14.000000000000000	-1.162480315917311	-0.525038683118128	0.009661664584699
14.000000000000000	-1.126017738145103	-0.591191272195978	0.009966116393962
14.000000000000000	-1.085420744133771	-0.654910022914243	0.010232040539376
14.000000000000000	-1.040852803649743	-0.715938362352919	0.010458366238265
14.000000000000000	-0.992493376059370	-0.774030550928657	0.010644182156920
14.000000000000000	-0.940537187709401	-0.828952671901339	0.010788740080218
14.000000000000000	-0.885193447832708	-0.880483573274228	0.010891457924424
14.000000000000000	-0.826685006136545	-0.928415758295007	0.010951922081032
14.000000000000000	-0.765247455465435	-0.972556220971961	0.010969889082225
14.000000000000000	-0.701128183151929	-1.012727223240993	0.010945286581229
14.000000000000000	-0.634585374875136	-1.048767010654071	0.010878213643633
14.000000000000000	-0.565886975038115	-1.080530463707300	0.010768940348484
14.000000000000000	-0.495309607850340	-1.107889682185947	0.010617906700774
14.000000000000000	-0.423137463459633	-1.130734500173465	0.010425720859695
14.000000000000000	-0.349661153618748	-1.148972929650754	0.010193156689800
14.000000000000000	-0.275176541494407	-1.162531530899450	0.009921150644918
14.000000000000000	-0.199983550330756	-1.171355708217747	0.009610797997389
14.000000000000000	-0.124384955764313	-1.175409929758023	0.009263348427787
14.000000000000000	-0.048685166653344	-1.174677870601047	0.008880200992900
14.000000000000000	0.026811000669170	-1.169162478490670	0.008462898492218
14.000000000000000	0.101799549783323	-1.158885961964296	0.008013121255627
14.000000000000000	0.175978528268572	-1.143889700926945	0.007532680377312
14.000000000000000	0.249049243559568	-1.124234080028977	0.007023510423123
14.000000000000000	0.320717465675686	-1.099998245518419	0.006487661640756
14.000000000000000	0.390694611981316	-1.071279786546958	0.005927291704133
14.000000000000000	0.458698909206285	-1.038194342212872	0.005344657025210
14.000000000000000	0.524456528047360	-1.000875135923192	0.004742103668202
14.000000000000000	0.587702685782210	-0.959472438950066	0.004122057902809
14.000000000000000	0.648182712455973	-0.914152965341380	0.003487016434489
14.000000000000000	0.705653076347283	-0.865099200622132	0.002839536351100
14.000000000000000	0.759882364584558	-0.812508666989623	0.002182224826413
14.000000000000000	0.810652214963954	-0.756593127961293	0.001517728621945
14.000000000000000	0.857758195216896	-0.697577735677766	0.000848723429380
14.000000000000000	0.901010626186667	-0.635700124294654	0.000177903096510
14.000000000000000	0.940235345599430	-0.571209453113678	-0.000492031219949
14.000000000000000	0.975274409354227	-0.504365403306104	-0.001158381930952
14.000000000000000	1.005986727508139	-0.435437132268318	-0.001818465877372
14.000000000000000	1.032248632395681	-0.364702189819981	-0.002469625134127
14.000000000000000	1.053954376594845	-0.292445400608880	-0.003109237712715
14.000000000000000	1.071016558734650	-0.218957717222583	-0.003734728119027
14.000000000000000	1.083366475429609	-0.144535048625066	-0.004343577723961


15.000000000000000	-1.571021018327708	0.409701614662398	0.107684706707715
15.000000000000000	-1.596461382113352	0.297817962534026	0.106895003498816
15.000000000000000	-1.614730187657656	0.184541293176305	0.105623931572894
15.000000000000000	-1.625753872928553	0.070327731756444	0.103876609087979
15.000000000000000	-1.629488049436200	-0.044362824024684	0.101660071895009
15.000000000000000	-1.625917680969754	-0.159068555778265	0.098983245206950
15.000000000000000	-1.615057144142891	-0.273327584007201	0.095856907660103
15.000000000000000	-1.596950170504253	-0.386679827931826	0.092293647912348
15.000000000000000	-1.571669670445939	-0.498668858072824	0.088307813953060
15.000000000000000	-1.539317439619090	-0.608843734131647	0.083915455328818
15.000000000000000	-1.500023749038726	-0.716760820767943	0.079134258517545
15.000000000000000	-1.453946820528353	-0.821985573962489	0.073983475711307
15.000000000000000	-1.401272189616515	-0.924094290772594	0.068483847294527
15.000000000000000	-1.342211958450714	-1.022675815434297	0.062657518329782
15.000000000000000	-1.277003941736911	-1.117333194941521	0.056527949387445
15.000000000000000	-1.205910709143652	-1.207685277435723	0.050119822078254
15.000000000000000	-1.129218528026675	-1.293368246969903	0.043458939669174
15.000000000000000	-1.047236210731311	-1.374037088467017	0.036572123182750
15.000000000000000	-0.960293871114161	-1.449366976973922	0.029487103398313
15.000000000000000	-0.868741595291105	-1.519054585616814	0.022232409189923
15.000000000000000	-0.772948031964078	-1.582819306991495	0.014837252650657
15.000000000000000	-0.673298908002857	-1.640404383070352	0.007331411465824
15.000000000000000	-0.570195475259096	-1.691577939076309	-0.000254890991265
15.000000000000000	-0.464052894866740	-1.736133917160716	-0.007891107358151
15.000000000000000	-0.355298565534667	-1.773892906125583	-0.015546489286683
15.000000000000000	-0.244370402562934	-1.804702863849149	-0.023190211255751
15.000000000000000	-0.131715074512424	-1.828439729505843	-0.030791494694792
15.000000000000000	-0.017786204628201	-1.845007923115445	-0.038319731918221
15.000000000000000	0.096957455741196	-1.854340730409928	-0.045744609371785
15.000000000000000	0.212053874373520	-1.856400571468276	-0.053036229694541
15.000000000000000	0.327039598613502	-1.851179152037553	-0.060165232104983
15.000000000000000	0.441451621533122	-1.838697496930940	-0.067102910626541
15.000000000000000	0.554829246297094	-1.819005865368228	-0.073821329676417
15.000000000000000	0.666715941226419	-1.792183548599683	-0.080293436552324
15.000000000000000	0.776661178090329	-1.758338550628161	-0.086493170364160
15.000000000000000	0.884222246224460	-1.717607153315112	-0.092395566972025
15.000000000000000	0.988966035170442	-1.670153367621625	-0.097976859507990
15.000000000000000	1.090470778658860	-1.616168273194167	-0.103214574076898
15.000000000000000	1.188327752913151	-1.555869248954296	-0.108087620250797
15.000000000000000	1.282142922436003	-1.489499097790461	-0.112576375992656
15.000000000000000	1.371538526651227	-1.417325068876467	-0.116662766667382
15.000000000000000	1.456154601012270	-1.339637781553378	-0.120330337821993
15.000000000000000	1.535650426452395	-1.256750055107999	-0.123564321441897
15.000000000000000	1.609705901340113	-1.168995649160019	-0.126351695416469
15.000000000000000	1.678022830415468	-1.076727919729820	-0.128681235974502
15.000000000000000	1.740326125517108	-0.980318396398498	-0.130543562878363
15.000000000000000	1.796364913265219	-0.880155286289367	-0.131931177194909
15.000000000000000	1.845913545240080	-0.776641910894890	-0.132838491491037
15.000000000000000	1.888772506588610	-0.670195082043381	-0.133261852332306
15.000000000000000	1.924769219400260	-0.561243423544881	-0.133199554994032
15.000000000000000	1.953758737617355	-0.450225645274352	-0.132651850325608
15.000000000000000	1.975624330681703	-0.337588776641858	-0.131620943740425
15.000000000000000	1.990277953567359	-0.223786366562900	-0.130110986335450
15.000000000000000	1.997660601306868	-0.109276657177017	-0.128128058176223
15.000000000000000	1.997742546583442	0.005479261331586	-0.125680143814577
15.000000000000000	1.990523459432374	0.120019307381458	-0.122777100137673
15.000000000000000	1.976032408569691	0.233882268633354	-0.119430616677785
15.000000000000000	1.954327744342690	0.346609659129534	-0.115654168542685
15.000000000000000	1.925496863773686	0.457747565454901	-0.111462962156141
15.000000000000000	1.889655858643053	0.566848474486114	-0.106873874027010
15.000000000000000	1.846949048028591	0.673473075368989	-0.101905382793499
15.000000000000000	1.797548397183542	0.777192028468260	-0.096577494816207
15.000000000000000	1.741652825093207	0.877587694166755	-0.090911663619573
15.000000000000000	1.679487403498401	0.974255814552730	-0.084930703506107
15.000000000000000	1.611302450610986	1.066807141223803	-0.078658697691243
15.000000000000000	1.537372523170788	1.154869002652881	-0.072120901328731
15.000000000000000	1.457995310902499	1.238086804804877	-0.065343639817050
15.000000000000000	1.373490437824233	1.316125458961727	-0.058354202796314
15.000000000000000	1.284198175234406	1.388670731006399	-0.051180734262529
15.000000000000000	1.190478071559322	1.455430506732772	-0.043852119241647
15.000000000000000	1.092707504578550	1.516135968086443	-0.036397867479771
15.000000000000000	0.991280161857813	1.570542675600153	-0.028847994617812
15.000000000000000	0.886604455508098	1.618431552665254	-0.021232901329105
15.000000000000000	0.779101877654236	1.659609767675885	-0.013583250906625
15.000000000000000	0.669205303234878	1.693911510493794	-0.005929845792726
15.000000000000000	0.557357246967904	1.721198660107238	0.001696496451420
15.000000000000000	0.444008081499823	1.741361340795553	0.009265067237266
15.000000000000000	0.329614223914095	1.754318364559901	0.016745390601536
15.000000000000000	0.214636297900617	1.760017558038683	0.024107345922177
15.000000000000000	0.099537278986704	1.758435972591255	0.031321289203468
15.000000000000000	-0.015219369701959	1.749579976704003	0.038358172441933
15.000000000000000	-0.129171563643749	1.733485230346697	0.045189660592394
15.000000000000000	-0.241860457572376	1.710216541382376	0.051788245663199
15.000000000000000	-0.352832293084834	1.679867604608962	0.058127357481199
15.000000000000000	-0.461640225766332	1.642560624483372	0.064181470680453
15.000000000000000	-0.567846124475045	1.598445823047306	0.069926207483868
15.000000000000000	-0.671022335541580	1.547700835036104	0.075338435863907
15.000000000000000	-0.770753404779375	1.490529992606359	0.080396362687095
15.000000000000000	-0.866637750372069	1.427163502562443	0.085079621467278
15.000000000000000	-0.958289279901742	1.357856519394954	0.089369354374277
15.000000000000000	-1.045338945006813	1.282888117863641	0.093248288167709
15.000000000000000	-1.127436227409543	1.202560169261840	0.096700803750233
15.000000000000000	-1.204250550329419	1.117196125887322	0.099712999060143
15.000000000000000	-1.275472609599180	1.027139718614047	0.102272745050062
15.000000000000000	-1.340815619123528	0.932753572809260	0.104369734526333
15.000000000000000	-1.400016465665517	0.834417748169113	0.105995523652456
15.000000000000000	-1.452836768310693	0.732528208352413	0.107143565949431
15.000000000000000	-1.499063838342898	0.627495226574728	0.107809238656124
15.000000000000000	-1.538511535666672	0.519741733582939	0.107989861343489
15.000000000000000	-1.571021018327708	0.409701614662399	0.107684706707715


