# n	x	y	z
1.000000000000000	0.505259636381460	-0.060096226214783	-0.009977798064947
1.000000000000000	0.508331254858837	-0.025596118308650	-0.005549328511358
1.000000000000000	0.509183939442129	0.009027521565625	-0.001095115887131
1.000000000000000	0.507814256671468	0.043635276230466	0.003366904265581
1.000000000000000	0.504227721775951	0.078087792472429	0.007818764966466
1.000000000000000	0.498438776465757	0.112246342168408	0.012242540143738
1.000000000000000	0.490470730780479	0.145973380894826	0.016620416816102
1.000000000000000	0.480355669227818	0.179133101770478	0.020934766819343
1.000000000000000	0.468134321590599	0.211591982302916	0.025168217788720
1.000000000000000	0.453855898922310	0.243219322036395	0.029303723111351
1.000000000000000	0.437577895391554	0.273887768836480	0.033324630566900
1.000000000000000	0.419365856773330	0.303473831692146	0.037214749380200
1.000000000000000	0.399293116519328	0.331858377970489	0.040958415415783
1.000000000000000	0.377440500470003	0.358927113121794	0.044540554251826
1.000000000000000	0.353896001397441	0.384571040903349	0.047946741879531
1.000000000000000	0.328754424689522	0.408686902268842	0.051163262783513
1.000000000000000	0.302117006602086	0.431177591156097	0.054177165169343
1.000000000000000	0.274091006616261	0.451952545498913	0.056976313115852
1.000000000000000	0.244789275542388	0.470928111888544	0.059549435442200
1.000000000000000	0.214329801109637	0.488027882416445	0.061886171092947
1.000000000000000	0.182835232871068	0.503183002341958	0.063977110858364
1.000000000000000	0.150432388337166	0.516332447346049	0.065813835262000
1.000000000000000	0.117251742326487	0.527423269254700	0.067388948462941
1.000000000000000	0.083426901589613	0.536410809242522	0.068696108036253
1.000000000000000	0.049094066821925	0.543258877658081	0.069730050511690
1.000000000000000	0.014391484231473	0.547939899746849	0.070486612567825
1.000000000000000	-0.020541111129712	0.550435026685013	0.070962747796283
1.000000000000000	-0.055563058029352	0.550734211477033	0.071156538968547
1.000000000000000	-0.090533335448061	0.548836249411346	0.071067205755965
1.000000000000000	-0.125311130421215	0.544748782911317	0.070695107871853
1.000000000000000	-0.159756405043063	0.538488270761895	0.070041743623062
1.000000000000000	-0.193730460349947	0.530079921835899	0.069109743876820
1.000000000000000	-0.227096494812079	0.519557593586778	0.067902861467162
1.000000000000000	-0.259720155185013	0.506963655716601	0.066425956083591
1.000000000000000	-0.291470077502745	0.492348819568220	0.064684974702820
1.000000000000000	-0.322218416034038	0.475771933928589	0.062686927642403
1.000000000000000	-0.351841358072062	0.457299748065470	0.060439860332652
1.000000000000000	-0.380219622484462	0.437006642951692	0.057952820920537
1.000000000000000	-0.407238940016381	0.414974331759221	0.055235823835984
1.000000000000000	-0.432790513412419	0.391291530829064	0.052299809467306
1.000000000000000	-0.456771455504776	0.366053602441869	0.049156600108117
1.000000000000000	-0.479085203503573	0.339362170827682	0.045818852353132
1.000000000000000	-0.499641907821116	0.311324712961039	0.042300006134521
1.000000000000000	-0.518358793864478	0.282054125789122	0.038614230604053
1.000000000000000	-0.535160495339573	0.251668271635602	0.034776367078916
1.000000000000000	-0.549979357724614	0.220289503610656	0.030801869280978
1.000000000000000	-0.562755710691003	0.188044172938182	0.026706741110095
1.000000000000000	-0.573438108374678	0.155062120184007	0.022507472202063
1.000000000000000	-0.581983536530454	0.121476152433764	0.018220971530667
1.000000000000000	-0.588357585735201	0.087421508525624	0.013864499321218
1.000000000000000	-0.592534589942455	0.053035314491232	0.009455597549714
1.000000000000000	-0.594497729830518	0.018456031397570	0.005012019307494
1.000000000000000	-0.594239100527941	-0.016177102186885	0.000551657315806
1.000000000000000	-0.591759743443644	-0.050724630856738	-0.003907528121866
1.000000000000000	-0.587069642073530	-0.085047443907370	-0.008347581439606
1.000000000000000	-0.580187681800476	-0.119007335484649	-0.012750624109794
1.000000000000000	-0.571141573849556	-0.152467561091126	-0.017098926633622
1.000000000000000	-0.559967743704721	-0.185293388207861	-0.021374979931534
1.000000000000000	-0.546711184436230	-0.217352638814727	-0.025561565846104
1.000000000000000	-0.531425275529438	-0.248516221624642	-0.029641826473486
1.000000000000000	-0.514171567944446	-0.278658651888623	-0.033599332044234
1.000000000000000	-0.495019536272111	-0.307658556678581	-0.037418147080192
1.000000000000000	-0.474046298984386	-0.335399163613261	-0.041082894561038
1.000000000000000	-0.451336307905455	-0.361768771059412	-0.044578817842116
1.000000000000000	-0.426981008154045	-0.386661197914838	-0.047891840074236
1.000000000000000	-0.401078469926202	-0.409976211162217	-0.051008620886182
1.000000000000000	-0.373732993601230	-0.431619929472092	-0.053916610101672
1.000000000000000	-0.345054689760875	-0.451505201229845	-0.056604098274491
1.000000000000000	-0.315159035812874	-0.469551955464489	-0.059060263838300
1.000000000000000	-0.284166411004189	-0.485687524266211	-0.061275216681262
1.000000000000000	-0.252201611696272	-0.499846935394395	-0.063240037970032
1.000000000000000	-0.219393348854159	-0.511973173897904	-0.064946816062751
1.000000000000000	-0.185873729772843	-0.522017411694164	-0.066388678366437
1.000000000000000	-0.151777726127824	-0.529939204182622	-0.067559819010489
1.000000000000000	-0.117242630491809	-0.535706653100873	-0.068455522224881
1.000000000000000	-0.082407503505977	-0.539296534967708	-0.069072181328900
1.000000000000000	-0.047412613931858	-0.540694394595877	-0.069407313253982
1.000000000000000	-0.012398873838540	-0.539894603298022	-0.069459568542145
1.000000000000000	0.022492728800503	-0.536900381551419	-0.069228736779789
1.000000000000000	0.057121697816217	-0.531723786030250	-0.068715747444950
1.000000000000000	0.091348594572455	-0.524385661057631	-0.067922666164622
1.000000000000000	0.125035599436150	-0.514915554672880	-0.066852686397209
1.000000000000000	0.158047066728333	-0.503351599651996	-0.065510116573590
1.000000000000000	0.190250070921411	-0.489740359960420	-0.063900362748594
1.000000000000000	0.221514941883347	-0.474136643256389	-0.062029906832723
1.000000000000000	0.251715787013521	-0.456603280199834	-0.059906280491782
1.000000000000000	0.280730998167793	-0.437210871455495	-0.057538034819527
1.000000000000000	0.308443741331581	-0.416037503408954	-0.054934705905422
1.000000000000000	0.334742427069206	-0.393168433740326	-0.052106776436175
1.000000000000000	0.359521159855160	-0.368695748121671	-0.049065633485660
1.000000000000000	0.382680164478012	-0.342717989420494	-0.045823522663185
1.000000000000000	0.404126187799974	-0.315339760902397	-0.042393498804749
1.000000000000000	0.423772874254367	-0.286671305030646	-0.038789373405826
1.000000000000000	0.441541113569016	-0.256828059558684	-0.035025659007342
1.000000000000000	0.457359359315389	-0.225930192703039	-0.031117510758801
1.000000000000000	0.471163917000818	-0.194102119268330	-0.027080665393844
1.000000000000000	0.482899200543735	-0.161471999672757	-0.022931377863975
1.000000000000000	0.492517956099209	-0.128171223891336	-0.018686355885612
1.000000000000000	0.499981452333498	-0.094333882394835	-0.014362692664009
1.000000000000000	0.505259636381460	-0.060096226214783	-0.009977798064947


2.000000000000000	0.060511044991490	0.368982622988976	0.006011940982368
2.000000000000000	0.035740111757614	0.372270589384917	0.003983360354134
2.000000000000000	0.010811113675437	0.373973257624749	0.001937334095782
2.000000000000000	-0.014175568978298	0.374083771664417	-0.000117899167079
2.000000000000000	-0.039119323651439	0.372601686502889	-0.002174063735481
2.000000000000000	-0.063919710647659	0.369532969974017	-0.004222880160417
2.000000000000000	-0.088476867561666	0.364889978716178	-0.006256098581262
2.000000000000000	-0.112691911389865	0.358691408416453	-0.008265531945046
2.000000000000000	-0.136467336697306	0.350962218529693	-0.010243088972831
2.000000000000000	-0.159707408237666	0.341733531775601	-0.012180806740431
2.000000000000000	-0.182318546445290	0.331042508818530	-0.014070882742303
2.000000000000000	-0.204209704247076	0.318932198634596	-0.015905706309477
2.000000000000000	-0.225292733676904	0.305451365168653	-0.017677889255037
2.000000000000000	-0.245482740816384	0.290654290979092	-0.019380295623744
2.000000000000000	-0.264698427632702	0.274600558661139	-0.021006070426003
2.000000000000000	-0.282862419337106	0.257354810928773	-0.022548667240494
2.000000000000000	-0.299901575945870	0.238986490321333	-0.024001874574294
2.000000000000000	-0.315747286789195	0.219569559582922	-0.025359840874370
2.000000000000000	-0.330335746782160	0.199182203840538	-0.026617098089718
2.000000000000000	-0.343608213345279	0.177906515780166	-0.027768583689272
2.000000000000000	-0.355511242940136	0.155828165088503	-0.028809661046934
2.000000000000000	-0.365996906267654	0.133036053491368	-0.029736138111625
2.000000000000000	-0.375022981262462	0.109621956777829	-0.030544284287200
2.000000000000000	-0.382553123106252	0.085680155251493	-0.031230845454241
2.000000000000000	-0.388557010575537	0.061307054096995	-0.031793057073245
2.000000000000000	-0.393010468134512	0.036600795190351	-0.032228655316451
2.000000000000000	-0.395895563281408	0.011660861916258	-0.032535886183476
2.000000000000000	-0.397200678756344	-0.013412321416383	-0.032713512564054
2.000000000000000	-0.396920559319935	-0.038517793947716	-0.032760819219441
2.000000000000000	-0.395056332914285	-0.063554464800677	-0.032677615662434
2.000000000000000	-0.391615506121162	-0.088421520138279	-0.032464236924390
2.000000000000000	-0.386611933935645	-0.113018829105348	-0.032121542206177
2.000000000000000	-0.380065763976944	-0.137247347020142	-0.031650911418473
2.000000000000000	-0.372003355361053	-0.161009514192322	-0.031054239625354
2.000000000000000	-0.362457172561892	-0.184209648761394	-0.030333929413539
2.000000000000000	-0.351465654688327	-0.206754331973792	-0.029492881218022
2.000000000000000	-0.339073060703447	-0.228552784347225	-0.028534481643043
2.000000000000000	-0.325329291209341	-0.249517231207613	-0.027462589825431
2.000000000000000	-0.310289687514983	-0.269563256126720	-0.026281521895217
2.000000000000000	-0.294014808796316	-0.288610140837317	-0.024996033596105
2.000000000000000	-0.276570188245824	-0.306581190257153	-0.023611301135771
2.000000000000000	-0.258026069193492	-0.323404041312984	-0.022132900343100
2.000000000000000	-0.238457122261714	-0.339010954321129	-0.020566784216292
2.000000000000000	-0.217942144693046	-0.353339085751267	-0.018919258952238
2.000000000000000	-0.196563743061523	-0.366330741275154	-0.017196958553693
2.000000000000000	-0.174408000645142	-0.377933608081318	-0.015406818116487
2.000000000000000	-0.151564130798882	-0.388100965520291	-0.013556045904341
2.000000000000000	-0.128124117724013	-0.396791873232171	-0.011652094323735
2.000000000000000	-0.104182346080181	-0.403971335999005	-0.009702629915697
2.000000000000000	-0.079835220931696	-0.409610444658177	-0.007715502485346
2.000000000000000	-0.055180779558365	-0.413686492509404	-0.005698713493500
2.000000000000000	-0.030318296693968	-0.416183066746607	-0.003660383837617
2.000000000000000	-0.005347884781939	-0.417090114546481	-0.001608721151804
2.000000000000000	0.019629909142101	-0.416403983547673	0.000448013242424
2.000000000000000	0.044514508317777	-0.414127436557551	0.002501537601573
2.000000000000000	0.069205711247074	-0.410269640427349	0.004543583107828
2.000000000000000	0.093604095170402	-0.404846129140500	0.006565927164662
2.000000000000000	0.117611416406957	-0.397878741262761	0.008560426506331
2.000000000000000	0.141131005947357	-0.389395532006020	0.010519049987934
2.000000000000000	0.164068158705613	-0.379430660259857	0.012433910923994
2.000000000000000	0.186330514863093	-0.368024251045755	0.014297298845358
2.000000000000000	0.207828431768912	-0.355222233947799	0.016101710546540
2.000000000000000	0.228475344899245	-0.341076158170448	0.017839880298475
2.000000000000000	0.248188116422115	-0.325642984968091	0.019504809105047
2.000000000000000	0.266887369964101	-0.308984858282169	0.021089792885579
2.000000000000000	0.284497810230973	-0.291168854509466	0.022588449469796
2.000000000000000	0.300948526195272	-0.272266712409126	0.023994744296576
2.000000000000000	0.316173276629988	-0.252354544235994	0.025303014712994
2.000000000000000	0.330110756838600	-0.231512529263429	0.026507992775829
2.000000000000000	0.342704845507455	-0.209824590929664	0.027604826463712
2.000000000000000	0.353904830686489	-0.187378058907747	0.028589099214502
2.000000000000000	0.363665613988351	-0.164263317459768	0.029456847709224
2.000000000000000	0.371947892183692	-0.140573441491333	0.030204577830957
2.000000000000000	0.378718315461398	-0.116403821771772	0.030829278734407
2.000000000000000	0.383949621716508	-0.091851780829180	0.031328434969521
2.000000000000000	0.387620746325090	-0.067016181066944	0.031700036610313
2.000000000000000	0.389716906964046	-0.041997026679734	0.031942587348131
2.000000000000000	0.390229663134309	-0.016895060971914	0.032055110516760
2.000000000000000	0.389156950147755	0.008188639300193	0.032037153025114
2.000000000000000	0.386503087440975	0.033153070928727	0.031888787181675
2.000000000000000	0.382278761182425	0.057897710958561	0.031610610403328
2.000000000000000	0.376500981242997	0.082322921457761	0.031203742809781
2.000000000000000	0.369193012703276	0.106330350724372	0.030669822713230
2.000000000000000	0.360384282173270	0.129823329314010	0.030011000021460
2.000000000000000	0.350110259301837	0.152707259293597	0.029229927580925
2.000000000000000	0.338412313952928	0.174889995153843	0.028329750494666
2.000000000000000	0.325337549623745	0.196282214846698	0.027314093458100
2.000000000000000	0.310938613775586	0.216797779453711	0.026187046163642
2.000000000000000	0.295273485841097	0.236354080037048	0.024953146832962
2.000000000000000	0.278405243761560	0.254872370276536	0.023617363943169
2.000000000000000	0.260401809994289	0.272278083553294	0.022185076220503
2.000000000000000	0.241335678012865	0.288501133203197	0.020662050982107
2.000000000000000	0.221283620401505	0.303476194731127	0.019054420913072
2.000000000000000	0.200326379718960	0.317142968849666	0.017368659372285
2.000000000000000	0.178548343376732	0.329446424283043	0.015611554326491
2.000000000000000	0.156037203840750	0.340337019358654	0.013790181017549
2.000000000000000	0.132883605524756	0.349770901493898	0.011911873472933
2.000000000000000	0.109180779797253	0.357710083775045	0.009984194974188
2.000000000000000	0.085024169571680	0.364122597917136	0.008014907602267
2.000000000000000	0.060511044991490	0.368982622988976	0.006011940982368


3.000000000000000	0.390133495888384	-0.300149972196850	0.008600084613250
3.000000000000000	0.409054468547951	-0.273947415435703	0.005798012317317
3.000000000000000	0.426266756092116	-0.246594402317496	0.002971236288904
3.000000000000000	0.441701050713909	-0.218201073771982	0.000131138957384
3.000000000000000	0.455295203956325	-0.188881759711965	-0.002710843607682
3.000000000000000	0.466994476962229	-0.158754518667094	-0.005543267745566
3.000000000000000	0.476751760888412	-0.127940662403836	-0.008354728283951
3.000000000000000	0.484527766596275	-0.096564267445805	-0.011133904463535
3.000000000000000	0.490291182855327	-0.064751675461393	-0.013869605522737
3.000000000000000	0.494018802422453	-0.032630984530465	-0.016550815758940
3.000000000000000	0.495695615489296	-0.000331533338603	-0.019166738884839
3.000000000000000	0.495314870121458	0.032016619624134	-0.021706841501280
3.000000000000000	0.492878099446153	0.064283219762844	-0.024160895511541
3.000000000000000	0.488395115478847	0.096338340867064	-0.026519019306263
3.000000000000000	0.481883969613736	0.128052908277762	-0.028771717553213
3.000000000000000	0.473370879937149	0.159299218625435	-0.030909919431624
3.000000000000000	0.462890125656573	0.189951454046502	-0.032925015157197
3.000000000000000	0.450483909070378	0.219886188807439	-0.034808890650662
3.000000000000000	0.436202185634061	0.248982886296642	-0.036553960210308
3.000000000000000	0.420102462807253	0.277124384382819	-0.038153197056929
3.000000000000000	0.402249568491482	0.304197367185545	-0.039600161628185
3.000000000000000	0.382715389991090	0.330092821358312	-0.040889027508446
3.000000000000000	0.361578584548431	0.354706475046807	-0.042014604889707
3.000000000000000	0.338924262618918	0.377939217754861	-0.042972361469121
3.000000000000000	0.314843645161261	0.399697499427442	-0.043758440698975
3.000000000000000	0.289433696322857	0.419893707143702	-0.044369677315655
3.000000000000000	0.262796732999395	0.438446517903296	-0.044803610085035
3.000000000000000	0.235040012840829	0.455281226085392	-0.045058491713008
3.000000000000000	0.206275302362676	0.470330044261848	-0.045133295881217
3.000000000000000	0.176618426901707	0.483532376153252	-0.045027721379678
3.000000000000000	0.146188804228192	0.494835060628759	-0.044742193319647
3.000000000000000	0.115108963692693	0.504192585767198	-0.044277861421846
3.000000000000000	0.083504052843609	0.511567272117517	-0.043636595386945
3.000000000000000	0.051501333502175	0.516929424420633	-0.042820977366935
3.000000000000000	0.019229669324017	0.520257451181759	-0.041834291567715
3.000000000000000	-0.013180993089301	0.521537951611734	-0.040680511024756
3.000000000000000	-0.045600147439384	0.520765769587272	-0.039364281605082
3.000000000000000	-0.077897253233801	0.517944014412849	-0.037890903300013
3.000000000000000	-0.109942261426580	0.513084048300631	-0.036266308883964
3.000000000000000	-0.141606138079816	0.506205440618856	-0.034497040025256
3.000000000000000	-0.172761383937793	0.497335889092898	-0.032590220945132
3.000000000000000	-0.203282547821492	0.486511108276300	-0.030553529731028
3.000000000000000	-0.233046731776208	0.473774685740869	-0.028395167419625
3.000000000000000	-0.261934085938237	0.459177906564916	-0.026123824974171
3.000000000000000	-0.289828291127982	0.442779546826341	-0.023748648289037
3.000000000000000	-0.316617027226228	0.424645636932110	-0.021279201362430
3.000000000000000	-0.342192425447627	0.404849195737118	-0.018725427785549
3.000000000000000	-0.366451502690217	0.383469936523027	-0.016097610703249
3.000000000000000	-0.389296576212033	0.360593946021015	-0.013406331407448
3.000000000000000	-0.410635656965029	0.336313337770895	-0.010662426730001
3.000000000000000	-0.430382820002508	0.310725881212402	-0.007876945406600
3.000000000000000	-0.448458550468557	0.283934608002164	-0.005061103587415
3.000000000000000	-0.464790063776305	0.256047397141584	-0.002226239673618
3.000000000000000	-0.479311598685767	0.227176540586181	0.000616231338356
3.000000000000000	-0.491964682101149	0.197438291085515	0.003454863820976
3.000000000000000	-0.502698364521363	0.166952394074395	0.006278227603111
3.000000000000000	-0.511469425195691	0.135841605500278	0.009074953995300
3.000000000000000	-0.518242546158486	0.104231197528392	0.011833781567448
3.000000000000000	-0.522990454442164	0.072248454114944	0.014543601494633
3.000000000000000	-0.525694031895811	0.040022158479550	0.017193502288423
3.000000000000000	-0.526342392167231	0.007682074540663	0.019772813733586
3.000000000000000	-0.524932924538446	-0.024641575597926	0.022271149853285
3.000000000000000	-0.521471304438134	-0.056818636005540	0.024678450729739
3.000000000000000	-0.515971470588683	-0.088719541016610	0.026985023011959
3.000000000000000	-0.508455568879871	-0.120215836945882	0.029181578947456
3.000000000000000	-0.498953863195190	-0.151180699326071	0.031259273780738
3.000000000000000	-0.487504613549864	-0.181489443585227	0.033209741368020
3.000000000000000	-0.474153922031273	-0.211020027107500	0.035025127864734
3.000000000000000	-0.458955547162119	-0.239653540655682	0.036698123350188
3.000000000000000	-0.441970687433830	-0.267274687176735	0.038221991262034
3.000000000000000	-0.423267734881829	-0.293772246062330	0.039590595522032
3.000000000000000	-0.402921999694953	-0.319039520994982	0.040798425243866
3.000000000000000	-0.381015406967900	-0.342974769576465	0.041840616923542
3.000000000000000	-0.357636166817787	-0.365481613008538	0.042712974023003
3.000000000000000	-0.332878419193139	-0.386469424176352	0.043411983868101
3.000000000000000	-0.306841854805550	-0.405853692571849	0.043934831792901
3.000000000000000	-0.279631313710364	-0.423556364587758	0.044279412473346
3.000000000000000	-0.251356363152781	-0.439506157811919	0.044444338404653
3.000000000000000	-0.222130856379229	-0.453638848056399	0.044428945488307
3.000000000000000	-0.192072474190525	-0.465897527965627	0.044233295706149
3.000000000000000	-0.161302251082824	-0.476232836162233	0.043858176870798
3.000000000000000	-0.129944087884421	-0.484603156007894	0.043305099453408
3.000000000000000	-0.098124252850848	-0.490974783178842	0.042576290501534
3.000000000000000	-0.065970873227175	-0.495322061381286	0.041674684671597
3.000000000000000	-0.033613419324809	-0.497627485660251	0.040603912412058
3.000000000000000	-0.001182183190253	-0.497881772885848	0.039368285344883
3.000000000000000	0.031192246034980	-0.496083899133171	0.037972778904165
3.000000000000000	0.063379507950754	-0.492241103805272	0.036423012301805
3.000000000000000	0.095249995813628	-0.486368860482647	0.034725225900931
3.000000000000000	0.126675378417468	-0.478490814616584	0.032886256088156
3.000000000000000	0.157529116837921	-0.468638688317279	0.030913507745863
3.000000000000000	0.187686973960003	-0.456852152620091	0.028814924435357
3.000000000000000	0.217027514737111	-0.443178667744291	0.026598956410948
3.000000000000000	0.245432595167097	-0.427673291987500	0.024274526593758
3.000000000000000	0.272787838016465	-0.410398460025366	0.021850994642267
3.000000000000000	0.298983093377123	-0.391423731509156	0.019338119264275
3.000000000000000	0.323912882201187	-0.370825510973593	0.016746018922023
3.000000000000000	0.347476821027874	-0.348686740182760	0.014085131088725
3.000000000000000	0.369580026192276	-0.325096564152890	0.011366170220543
3.000000000000000	0.390133495888384	-0.300149972196850	0.008600084613250


4.000000000000000	-0.372958622767326	0.362005354434166	-0.008480284098021
4.000000000000000	-0.397391192221499	0.335183253623277	-0.008037942662671
4.000000000000000	-0.420065927156621	0.306858438558270	-0.007559649951952
4.000000000000000	-0.440891524418016	0.277144963272344	-0.007047331881801
4.000000000000000	-0.459784126675775	0.246162473443290	-0.006503051376266
4.000000000000000	-0.476667660088634	0.214035724622572	-0.005929000060843
4.000000000000000	-0.491474140626477	0.180894079888756	-0.005327489437571
4.000000000000000	-0.504143947818033	0.146870988948048	-0.004700941577430
4.000000000000000	-0.514626064821471	0.112103450779427	-0.004051879367518
4.000000000000000	-0.522878283851216	0.076731461988115	-0.003382916352270
4.000000000000000	-0.528867376133804	0.040897453088649	-0.002696746209644
4.000000000000000	-0.532569225708427	0.004745714987477	-0.001996131904623
4.000000000000000	-0.533968926533393	-0.031578182025597	-0.001283894563737
4.000000000000000	-0.533060842507494	-0.067927974437595	-0.000562902115378
4.000000000000000	-0.529848630164600	-0.104157294463906	0.000163942258334
4.000000000000000	-0.524345223950086	-0.140120259419697	0.000893711811642
4.000000000000000	-0.516572784138385	-0.175672059137997	0.001623468020122
4.000000000000000	-0.506562607601384	-0.210669539069125	0.002350272413086
4.000000000000000	-0.494355001786969	-0.244971776713541	0.003071198405763
4.000000000000000	-0.479999122415156	-0.278440649067012	0.003783343083629
4.000000000000000	-0.463552775545356	-0.310941388793201	0.004483838891412
4.000000000000000	-0.445082184811779	-0.342343126884163	0.005169865179729
4.000000000000000	-0.424661724764229	-0.372519419623655	0.005838659562847
4.000000000000000	-0.402373621388044	-0.401348757731349	0.006487529041832
4.000000000000000	-0.378307621009071	-0.428715055637821	0.007113860848306
4.000000000000000	-0.352560628916893	-0.454508118920165	0.007715132965144
4.000000000000000	-0.325236319161424	-0.478624088016044	0.008288924281747
4.000000000000000	-0.296444717094104	-0.500965856429490	0.008832924342999
4.000000000000000	-0.266301756334643	-0.521443461744491	0.009344942652656
4.000000000000000	-0.234928811947248	-0.539974447871886	0.009822917493696
4.000000000000000	-0.202452211706081	-0.556484197070936	0.010264924230135
4.000000000000000	-0.169002727417902	-0.570906230408629	0.010669183056848
4.000000000000000	-0.134715048350150	-0.583182475446882	0.011034066166220
4.000000000000000	-0.099727238884810	-0.593263500079750	0.011358104302753
4.000000000000000	-0.064180182581868	-0.601108711579070	0.011639992679239
4.000000000000000	-0.028217014890945	-0.606686520047054	0.011878596230676
4.000000000000000	0.008017453204644	-0.609974465617654	0.012072954184776
4.000000000000000	0.044377318290608	-0.610959308894517	0.012222283930655
4.000000000000000	0.080716172023233	-0.609637084261361	0.012325984170132
4.000000000000000	0.116887690664110	-0.606013115850113	0.012383637338943
4.000000000000000	0.152746224274184	-0.600101996102509	0.012395011288126
4.000000000000000	0.188147383194654	-0.591927527011478	0.012360060218800
4.000000000000000	0.222948619453165	-0.581522624278922	0.012278924866588
4.000000000000000	0.257009800754185	-0.568929184775801	0.012151931934915
4.000000000000000	0.290193774742294	-0.554197917838216	0.011979592779497
4.000000000000000	0.322366921266320	-0.537388141078817	0.011762601349285
4.000000000000000	0.353399690420523	-0.518567541535708	0.011501831392185
4.000000000000000	0.383167124196341	-0.497811903120636	0.011198332936775
4.000000000000000	0.411549359644188	-0.475204801463924	0.010853328064219
4.000000000000000	0.438432111519250	-0.450837267384910	0.010468205987370
4.000000000000000	0.463707132467825	-0.424807420342959	0.010044517456906
4.000000000000000	0.487272648901215	-0.397220073345037	0.009583968517000
4.000000000000000	0.509033770802045	-0.368186310900723	0.009088413635685
4.000000000000000	0.528902873812872	-0.337823041724094	0.008559848237567
4.000000000000000	0.546799952068548	-0.306252527983599	0.008000400668948
4.000000000000000	0.562652940351599	-0.273601892995454	0.007412323627735
4.000000000000000	0.576398004273424	-0.240002609342917	0.006797985092613
4.000000000000000	0.587979797312842	-0.205589969482600	0.006159858788038
4.000000000000000	0.597351683677008	-0.170502540969494	0.005500514223415
4.000000000000000	0.604475926087280	-0.134881608494332	0.004822606346594
4.000000000000000	0.609323837733930	-0.098870604980005	0.004128864853331
4.000000000000000	0.611875897787797	-0.062614534027806	0.003422083195769
4.000000000000000	0.612121830003777	-0.026259386039105	0.002705107334188
4.000000000000000	0.610060644099638	0.010048449636471	0.001980824277331
4.000000000000000	0.605700639743531	0.046162774159279	0.001252150457436
4.000000000000000	0.599059373134164	0.081938167890794	0.000522019986795
4.000000000000000	0.590163586308178	0.117230575947159	-0.000206627156881
4.000000000000000	0.579049099459410	0.151897888257368	-0.000930856968717
4.000000000000000	0.565760666703609	0.185800511790359	-0.001647753230872
4.000000000000000	0.550351795869414	0.218801932646885	-0.002354429255123
4.000000000000000	0.532884533041210	0.250769265752803	-0.003048039506537
4.000000000000000	0.513429212721444	0.281573789940364	-0.003725791061438
4.000000000000000	0.492064174618410	0.311091466262932	-0.004384954853521
4.000000000000000	0.468875448199891	0.339203437456036	-0.005022876662844
4.000000000000000	0.443956406282859	0.365796506533625	-0.005636987803431
4.000000000000000	0.417407389054092	0.390763592592383	-0.006224815466466
4.000000000000000	0.389335300035662	0.414004161988727	-0.006783992677420
4.000000000000000	0.359853175622176	0.435424633152314	-0.007312267827022
4.000000000000000	0.329079729923114	0.454938753405989	-0.007807513737697
4.000000000000000	0.297138876743013	0.472467946274878	-0.008267736228955
4.000000000000000	0.264159230624302	0.487941627886117	-0.008691082147258
4.000000000000000	0.230273588961940	0.501297491185197	-0.009075846828010
4.000000000000000	0.195618397275177	0.512481756824482	-0.009420480959641
4.000000000000000	0.160333199789601	0.521449389713659	-0.009723596822140
4.000000000000000	0.124560077541796	0.528164280360153	-0.009983973874912
4.000000000000000	0.088443076269153	0.532599390269310	-0.010200563671463
4.000000000000000	0.052127626388526	0.534736860818870	-0.010372494081127
4.000000000000000	0.015759957399273	0.534568085169338	-0.010499072800826
4.000000000000000	-0.020513490931328	0.532093742920684	-0.010579790142731
4.000000000000000	-0.056546658229338	0.527323797375841	-0.010614321086594
4.000000000000000	-0.092194451647729	0.520277455421996	-0.010602526588493
4.000000000000000	-0.127313330104073	0.510983090191234	-0.010544454140707
4.000000000000000	-0.161761882269814	0.499478126811951	-0.010440337580489
4.000000000000000	-0.195401395983784	0.485808891711071	-0.010290596148479
4.000000000000000	-0.228096416797112	0.470030426073872	-0.010095832800573
4.000000000000000	-0.259715293400487	0.452206264212566	-0.009856831780033
4.000000000000000	-0.290130707737514	0.432408177736040	-0.009574555459615
4.000000000000000	-0.319220187669588	0.410715886550925	-0.009250140466433
4.000000000000000	-0.346866600127972	0.387216737857664	-0.008884893105164
4.000000000000000	-0.372958622767326	0.362005354434166	-0.008480284098021


5.000000000000000	nan	nan	nan
5.000000000000000	nan	nan	nan
5.000000000000000	nan	nan	nan
5.000000000000000	nan	nan	nan
5.000000000000000	nan	nan	nan
5.000000000000000	nan	nan	nan
5.000000000000000	nan	nan	nan
5.000000000000000	nan	nan	nan
5.000000000000000	nan	nan	nan
5.000000000000000	nan	nan	nan
5.000000000000000	nan	nan	nan
5.000000000000000	nan	nan	nan
5.000000000000000	nan	nan	nan
5.000000000000000	nan	nan	nan
5.000000000000000	nan	nan	nan
5.000000000000000	nan	nan	nan
5.000000000000000	nan	nan	nan
5.000000000000000	nan	nan	nan
5.000000000000000	nan	nan	nan
5.000000000000000	nan	nan	nan
5.000000000000000	nan	nan	nan
5.000000000000000	nan	nan	nan
5.000000000000000	nan	nan	nan
5.000000000000000	nan	nan	nan
5.000000000000000	nan	nan	nan
5.000000000000000	nan	nan	nan
5.000000000000000	nan	nan	nan
5.000000000000000	nan	nan	nan
5.000000000000000	nan	nan	nan
5.000000000000000	nan	nan	nan
5.000000000000000	nan	nan	nan
5.000000000000000	nan	nan	nan
5.000000000000000	nan	nan	nan
5.000000000000000	nan	nan	nan
5.000000000000000	nan	nan	nan
5.000000000000000	nan	nan	nan
5.000000000000000	nan	nan	nan
5.000000000000000	nan	nan	nan
5.000000000000000	nan	nan	nan
5.000000000000000	nan	nan	nan
5.000000000000000	nan	nan	nan
5.000000000000000	nan	nan	nan
5.000000000000000	nan	nan	nan
5.000000000000000	nan	nan	nan
5.000000000000000	nan	nan	nan
5.000000000000000	nan	nan	nan
5.000000000000000	nan	nan	nan
5.000000000000000	nan	nan	nan
5.000000000000000	nan	nan	nan
5.000000000000000	nan	nan	nan
5.000000000000000	nan	nan	nan
5.000000000000000	nan	nan	nan
5.000000000000000	nan	nan	nan
5.000000000000000	nan	nan	nan
5.000000000000000	nan	nan	nan
5.000000000000000	nan	nan	nan
5.000000000000000	nan	nan	nan
5.000000000000000	nan	nan	nan
5.000000000000000	nan	nan	nan
5.000000000000000	nan	nan	nan
5.000000000000000	nan	nan	nan
5.000000000000000	nan	nan	nan
5.000000000000000	nan	nan	nan
5.000000000000000	nan	nan	nan
5.000000000000000	nan	nan	nan
5.000000000000000	nan	nan	nan
5.000000000000000	nan	nan	nan
5.000000000000000	nan	nan	nan
5.000000000000000	nan	nan	nan
5.000000000000000	nan	nan	nan
5.000000000000000	nan	nan	nan
5.000000000000000	nan	nan	nan
5.000000000000000	nan	nan	nan
5.000000000000000	nan	nan	nan
5.000000000000000	nan	nan	nan
5.000000000000000	nan	nan	nan
5.000000000000000	nan	nan	nan
5.000000000000000	nan	nan	nan
5.000000000000000	nan	nan	nan
5.000000000000000	nan	nan	nan
5.000000000000000	nan	nan	nan
5.000000000000000	nan	nan	nan
5.000000000000000	nan	nan	nan
5.000000000000000	nan	nan	nan
5.000000000000000	nan	nan	nan
5.000000000000000	nan	nan	nan
5.000000000000000	nan	nan	nan
5.000000000000000	nan	nan	nan
5.000000000000000	nan	nan	nan
5.000000000000000	nan	nan	nan
5.000000000000000	nan	nan	nan
5.000000000000000	nan	nan	nan
5.000000000000000	nan	nan	nan
5.000000000000000	nan	nan	nan
5.000000000000000	nan	nan	nan
5.000000000000000	nan	nan	nan
5.000000000000000	nan	nan	nan
5.000000000000000	nan	nan	nan
5.000000000000000	nan	nan	nan
5.000000000000000	nan	nan	nan


6.000000000000000	nan	nan	nan
6.000000000000000	nan	nan	nan
6.000000000000000	nan	nan	nan
6.000000000000000	nan	nan	nan
6.000000000000000	nan	nan	nan
6.000000000000000	nan	nan	nan
6.000000000000000	nan	nan	nan
6.000000000000000	nan	nan	nan
6.000000000000000	nan	nan	nan
6.000000000000000	nan	nan	nan
6.000000000000000	nan	nan	nan
6.000000000000000	nan	nan	nan
6.000000000000000	nan	nan	nan
6.000000000000000	nan	nan	nan
6.000000000000000	nan	nan	nan
6.000000000000000	nan	nan	nan
6.000000000000000	nan	nan	nan
6.000000000000000	nan	nan	nan
6.000000000000000	nan	nan	nan
6.000000000000000	nan	nan	nan
6.000000000000000	nan	nan	nan
6.000000000000000	nan	nan	nan
6.000000000000000	nan	nan	nan
6.000000000000000	nan	nan	nan
6.000000000000000	nan	nan	nan
6.000000000000000	nan	nan	nan
6.000000000000000	nan	nan	nan
6.000000000000000	nan	nan	nan
6.000000000000000	nan	nan	nan
6.000000000000000	nan	nan	nan
6.000000000000000	nan	nan	nan
6.000000000000000	nan	nan	nan
6.000000000000000	nan	nan	nan
6.000000000000000	nan	nan	nan
6.000000000000000	nan	nan	nan
6.000000000000000	nan	nan	nan
6.000000000000000	nan	nan	nan
6.000000000000000	nan	nan	nan
6.000000000000000	nan	nan	nan
6.000000000000000	nan	nan	nan
6.000000000000000	nan	nan	nan
6.000000000000000	nan	nan	nan
6.000000000000000	nan	nan	nan
6.000000000000000	nan	nan	nan
6.000000000000000	nan	nan	nan
6.000000000000000	nan	nan	nan
6.000000000000000	nan	nan	nan
6.000000000000000	nan	nan	nan
6.000000000000000	nan	nan	nan
6.000000000000000	nan	nan	nan
6.000000000000000	nan	nan	nan
6.000000000000000	nan	nan	nan
6.000000000000000	nan	nan	nan
6.000000000000000	nan	nan	nan
6.000000000000000	nan	nan	nan
6.000000000000000	nan	nan	nan
6.000000000000000	nan	nan	nan
6.000000000000000	nan	nan	nan
6.000000000000000	nan	nan	nan
6.000000000000000	nan	nan	nan
6.000000000000000	nan	nan	nan
6.000000000000000	nan	nan	nan
6.000000000000000	nan	nan	nan
6.000000000000000	nan	nan	nan
6.000000000000000	nan	nan	nan
6.000000000000000	nan	nan	nan
6.000000000000000	nan	nan	nan
6.000000000000000	nan	nan	nan
6.000000000000000	nan	nan	nan
6.000000000000000	nan	nan	nan
6.000000000000000	nan	nan	nan
6.000000000000000	nan	nan	nan
6.000000000000000	nan	nan	nan
6.000000000000000	nan	nan	nan
6.000000000000000	nan	nan	nan
6.000000000000000	nan	nan	nan
6.000000000000000	nan	nan	nan
6.000000000000000	nan	nan	nan
6.000000000000000	nan	nan	nan
6.000000000000000	nan	nan	nan
6.000000000000000	nan	nan	nan
6.000000000000000	nan	nan	nan
6.000000000000000	nan	nan	nan
6.000000000000000	nan	nan	nan
6.000000000000000	nan	nan	nan
6.000000000000000	nan	nan	nan
6.000000000000000	nan	nan	nan
6.000000000000000	nan	nan	nan
6.000000000000000	nan	nan	nan
6.000000000000000	nan	nan	nan
6.000000000000000	nan	nan	nan
6.000000000000000	nan	nan	nan
6.000000000000000	nan	nan	nan
6.000000000000000	nan	nan	nan
6.000000000000000	nan	nan	nan
6.000000000000000	nan	nan	nan
6.000000000000000	nan	nan	nan
6.000000000000000	nan	nan	nan
6.000000000000000	nan	nan	nan
6.000000000000000	nan	nan	nan


7.000000000000000	-0.477210489582324	0.242058781071522	0.013291859143978
7.000000000000000	-0.493461291999635	0.207437817604590	0.011026960878644
7.000000000000000	-0.507463443053168	0.171848853216292	0.008710372940712
7.000000000000000	-0.519160561022602	0.135435192105319	0.006351423412182
7.000000000000000	-0.528505545742300	0.098343459232987	0.003959610950231
7.000000000000000	-0.535460768257049	0.060723009916280	0.001544566539466
7.000000000000000	-0.539998222340584	0.022725328426691	-0.000883985288645
7.000000000000000	-0.542099637266778	-0.015496581983465	-0.003316265613032
7.000000000000000	-0.541756551379404	-0.053788815171152	-0.005742480499287
7.000000000000000	-0.538970346164240	-0.091997181828328	-0.008152860436381
7.000000000000000	-0.533752240686314	-0.129967830347870	-0.010537699675036
7.000000000000000	-0.526123246414688	-0.167547866329694	-0.012887395309351
7.000000000000000	-0.516114082616688	-0.204585968232539	-0.015192485944318
7.000000000000000	-0.503765052662256	-0.240932996692411	-0.017443689793518
7.000000000000000	-0.489125881736506	-0.276442595054159	-0.019631942053597
7.000000000000000	-0.472255516613951	-0.310971778698072	-0.021748431405034
7.000000000000000	-0.453221888300650	-0.344381510788475	-0.023784635492214
7.000000000000000	-0.432101638500020	-0.376537262125997	-0.025732355239942
7.000000000000000	-0.408979811003747	-0.407309552849175	-0.027583747868229
7.000000000000000	-0.383949509250454	-0.436574473804154	-0.029331358472400
7.000000000000000	-0.357111521431012	-0.464214185483121	-0.030968150041360
7.000000000000000	-0.328573914650071	-0.490117392522407	-0.032487531793155
7.000000000000000	-0.298451599777965	-0.514179791849642	-0.033883385713727
7.000000000000000	-0.266865868745203	-0.536304492675408	-0.035150091191997
7.000000000000000	-0.233943906142665	-0.556402406638255	-0.036282547652079
7.000000000000000	-0.199818277094150	-0.574392606532089	-0.037276195091502
7.000000000000000	-0.164626393463410	-0.590202652171465	-0.038127032442729
7.000000000000000	-0.128509960545068	-0.603768882082652	-0.038831633684044
7.000000000000000	-0.091614406467418	-0.615036669845913	-0.039387161634934
7.000000000000000	-0.054088296604673	-0.623960644056821	-0.039791379380409
7.000000000000000	-0.016082735356645	-0.630504871020890	-0.040042659278276
7.000000000000000	0.022249242295347	-0.634642999445879	-0.040139989513072
7.000000000000000	0.060753287006331	-0.636358366549148	-0.040082978170296
7.000000000000000	0.099274356578018	-0.635644065152801	-0.039871854814501
7.000000000000000	0.137657340259015	-0.632502971496451	-0.039507469564928
7.000000000000000	0.175747683321073	-0.626947733655624	-0.038991289672369
7.000000000000000	0.213392009396430	-0.619000720612418	-0.038325393611069
7.000000000000000	0.250438738070312	-0.608693932183509	-0.037512462709442
7.000000000000000	0.286738695241761	-0.596068870168184	-0.036555770353311
7.000000000000000	0.322145713795090	-0.581176371235242	-0.035459168805135
7.000000000000000	0.356517222163273	-0.564076402221670	-0.034227073692311
7.000000000000000	0.389714818413320	-0.544837818667360	-0.032864446226996
7.000000000000000	0.421604827542017	-0.523538087558145	-0.031376773229063
7.000000000000000	0.452058839737983	-0.500262975393596	-0.029770045032611
7.000000000000000	0.480954227442659	-0.475106202835593	-0.028050731365000
7.000000000000000	0.508174639128204	-0.448169067328301	-0.026225755295550
7.000000000000000	0.533610467804037	-0.419560035209114	-0.024302465358779
7.000000000000000	0.557159292365495	-0.389394304952996	-0.022288605964448
7.000000000000000	0.578726290007482	-0.357793343308883	-0.020192286213559
7.000000000000000	0.598224618042431	-0.324884396195952	-0.018021947245867
7.000000000000000	0.615575763585158	-0.290799976329219	-0.015786328250386
7.000000000000000	0.630709859696541	-0.255677329637604	-0.013494431275764
7.000000000000000	0.643565966713025	-0.219657882623016	-0.011155484982207
7.000000000000000	0.654092317629137	-0.182886672885742	-0.008778907480921
7.000000000000000	0.662246526544948	-0.145511765109225	-0.006374268410707
7.000000000000000	0.667995759339131	-0.107683654855840	-0.003951250404399
7.000000000000000	0.671316865880380	-0.069554662574382	-0.001519610100317
7.000000000000000	0.672196473244817	-0.031278320259378	0.000910861144264
7.000000000000000	0.670631039564038	0.006991246768066	0.003330376679464
7.000000000000000	0.666626868286964	0.045099940468536	0.005729193970175
7.000000000000000	0.660200082798083	0.082894310582725	0.008097653825814
7.000000000000000	0.651376561494262	0.120222172521472	0.010426219294477
7.000000000000000	0.640191833581586	0.156933220159385	0.012705514064873
7.000000000000000	0.626690936011780	0.192879631064562	0.014926360221426
7.000000000000000	0.610928232134299	0.227916661727350	0.017079815200496
7.000000000000000	0.592967192794309	0.261903230391371	0.019157207798931
7.000000000000000	0.572880140757996	0.294702485139964	0.021150173089941
7.000000000000000	0.550747959494311	0.326182354950546	0.023050686105702
7.000000000000000	0.526659767485786	0.356216081498016	0.024851094151075
7.000000000000000	0.500712559379863	0.384682729565784	0.026544147618304
7.000000000000000	0.473010815425678	0.411467674009207	0.028123029178629
7.000000000000000	0.443666080768978	0.436463061310589	0.029581381233263
7.000000000000000	0.412796516299184	0.459568243867235	0.030913331513198
7.000000000000000	0.380526422857196	0.480690185263820	0.032113516724760
7.000000000000000	0.346985740719774	0.499743834897197	0.033177104145701
7.000000000000000	0.312309526375913	0.516652470445158	0.034099811084862
7.000000000000000	0.276637408702021	0.531348006800151	0.034877922127064
7.000000000000000	0.240113026725720	0.543771270223971	0.035508304093769
7.000000000000000	0.202883451242174	0.553872236619525	0.035988418659287
7.000000000000000	0.165098592611910	0.561610232960210	0.036316332571714
7.000000000000000	0.126910597124701	0.566954101065840	0.036490725437463
7.000000000000000	0.088473234360159	0.569882323065639	0.036510895038012
7.000000000000000	0.049941278011909	0.570383108043111	0.036376760157499
7.000000000000000	0.011469882668552	0.568454439513901	0.036088860909746
7.000000000000000	-0.026786040939104	0.564104083545464	0.035648356563411
7.000000000000000	-0.064672449708881	0.557349557485855	0.035057020874025
7.000000000000000	-0.102036788444434	0.548218059427547	0.034317234941699
7.000000000000000	-0.138728604141186	0.536746358690317	0.033431977623280
7.000000000000000	-0.174600151807475	0.522980647764166	0.032404813537544
7.000000000000000	-0.209506989381487	0.506976356308474	0.031239878711733
7.000000000000000	-0.243308559348462	0.488797927956317	0.029941863927233
7.000000000000000	-0.275868754716197	0.468518560822707	0.028515995831456
7.000000000000000	-0.307056467069864	0.446219912761614	0.026968015891972
7.000000000000000	-0.336746114499324	0.421991772558611	0.025304157277648
7.000000000000000	-0.364818147273154	0.395931698383126	0.023531119759875
7.000000000000000	-0.391159529223223	0.368144624956120	0.021656042734954
7.000000000000000	-0.415664192901445	0.338742441015012	0.019686476476268
7.000000000000000	-0.438233466675955	0.307843538777213	0.017630351731994
7.000000000000000	-0.458776472046949	0.275572337216462	0.015495947790782
7.000000000000000	-0.477210489582324	0.242058781071522	0.013291859143978


8.000000000000000	0.724968871576610	0.157432512056923	-0.039003792107479
8.000000000000000	0.712819444919536	0.205690118990030	-0.039920817428617
8.000000000000000	0.697632267233289	0.253083115133635	-0.040668085245352
8.000000000000000	0.679468491922192	0.299420665619331	-0.041242586573929
8.000000000000000	0.658401258098632	0.344516185485862	-0.041642008100266
8.000000000000000	0.634515396077666	0.388188090990907	-0.041864741494848
8.000000000000000	0.607907085795287	0.430260530784724	-0.041909889888909
8.000000000000000	0.578683469525765	0.470564094001471	-0.041777271485801
8.000000000000000	0.546962220457525	0.508936492416963	-0.041467420293025
8.000000000000000	0.512871068864746	0.545223213926082	-0.040981583971975
8.000000000000000	0.476547287782633	0.579278144708481	-0.040321718814043
8.000000000000000	0.438137140257352	0.610964157577377	-0.039490481863324
8.000000000000000	0.397795290396365	0.640153664142326	-0.038491220217641
8.000000000000000	0.355684180590657	0.666729128562646	-0.037327957550955
8.000000000000000	0.311973377416563	0.690583540822761	-0.036005377911460
8.000000000000000	0.266838888851008	0.711620847623766	-0.034528806860568
8.000000000000000	0.220462455549510	0.729756339156159	-0.032904190028754
8.000000000000000	0.173030819040701	0.744916990196348	-0.031138069174602
8.000000000000000	0.124734969784101	0.757041754153452	-0.029237555843449
8.000000000000000	0.075769378118948	0.766081808882375	-0.027210302731707
8.000000000000000	0.026331211200775	0.772000753273355	-0.025064472872149
8.000000000000000	-0.023380460921129	0.774774753826384	-0.022808706764263
8.000000000000000	-0.073165466888555	0.774392640620301	-0.020452087582007
8.000000000000000	-0.122823340053779	0.770855952290122	-0.018004104599073
8.000000000000000	-0.172154125688004	0.764178929831502	-0.015474614978934
8.000000000000000	-0.220959186128471	0.754388459257267	-0.012873804083521
8.000000000000000	-0.269042000622231	0.741523963336934	-0.010212144460372
8.000000000000000	-0.316208956645846	0.725637242855131	-0.007500353673373
8.000000000000000	-0.362270129514692	0.706792268028119	-0.004749351146912
8.000000000000000	-0.407040047142631	0.685064920918310	-0.001970214197215
8.000000000000000	-0.450338436872638	0.660542689883983	0.000825866572101
8.000000000000000	-0.491990951371168	0.633324317294545	0.003627632330638
8.000000000000000	-0.531829870663329	0.603519401929859	0.006423801356550
8.000000000000000	-0.569694777482032	0.571247957664639	0.009203114464062
8.000000000000000	-0.605433203211700	0.536639930214936	0.011954380340231
8.000000000000000	-0.638901241825574	0.499834673892602	0.014666520608415
8.000000000000000	-0.669964129344492	0.460980390474662	0.017328614436988
8.000000000000000	-0.698496786483868	0.420233532447061	0.019929942513671
8.000000000000000	-0.724384322303825	0.377758173025729	0.022460030208421
8.000000000000000	-0.747522496834460	0.333725345491641	0.024908689751072
8.000000000000000	-0.767818140813414	0.288312354500164	0.027266061253884
8.000000000000000	-0.785189530845604	0.241702062137789	0.029522652413834
8.000000000000000	-0.799566718474494	0.194082151601048	0.031669376734772
8.000000000000000	-0.810891811839842	0.145644371462521	0.033697590115529
8.000000000000000	-0.819119208787786	0.096583763567013	0.035599125656667
8.000000000000000	-0.824215780494626	0.047097877666883	0.037366326545697
8.000000000000000	-0.826161004864901	-0.002614024041083	0.038992076888361
8.000000000000000	-0.824947049166628	-0.052351769274215	0.040469830361828
8.000000000000000	-0.820578801570944	-0.101915081687084	0.041793636574424
8.000000000000000	-0.813073851469172	-0.151104387313667	0.042958165025759
8.000000000000000	-0.802462418646546	-0.199721618181264	0.043958726570774
8.000000000000000	-0.788787231597805	-0.247571009860321	0.044791292301269
8.000000000000000	-0.772103355474621	-0.294459889738690	0.045452509768896
8.000000000000000	-0.752477970357672	-0.340199452846240	0.045939716484285
8.000000000000000	-0.729990100746167	-0.384605522105829	0.046250950637950
8.000000000000000	-0.704730297354078	-0.427499289949395	0.046384958999802
8.000000000000000	-0.676800272494374	-0.468708038312920	0.046341201965466
8.000000000000000	-0.646312490519438	-0.508065834111115	0.046119855729075
8.000000000000000	-0.613389714966809	-0.545414197391390	0.045721811573800
8.000000000000000	-0.578164514233750	-0.580602739476686	0.045148672282968
8.000000000000000	-0.540778727771098	-0.613489768527604	0.044402745686216
8.000000000000000	-0.501382894945858	-0.643942860085427	0.043487035366680
8.000000000000000	-0.460135648872302	-0.671839390298680	0.042405228566621
8.000000000000000	-0.417203077652411	-0.697067029686101	0.041161681340208
8.000000000000000	-0.372758055597703	-0.719524195447816	0.039761401013219
8.000000000000000	-0.326979547125400	-0.739120460503418	0.038210026020309
8.000000000000000	-0.280051886131880	-0.755776917609909	0.036513803201028
8.000000000000000	-0.232164033745138	-0.769426497093313	0.034679562645997
8.000000000000000	-0.183508817445018	-0.780014236914584	0.032714690194547
8.000000000000000	-0.134282154615003	-0.787497503982339	0.030627097694552
8.000000000000000	-0.084682263652066	-0.791846165821269	0.028425191144206
8.000000000000000	-0.034908865811143	-0.793042711904982	0.026117836844038
8.000000000000000	0.014837619001871	-0.791082324164711	0.023714325695448
8.000000000000000	0.064356879250346	-0.785972896389981	0.021224335789527
8.000000000000000	0.113449518350777	-0.777735002443099	0.018657893436801
8.000000000000000	0.161917857572446	-0.766401813415477	0.016025332794813
8.000000000000000	0.209566732019907	-0.752018964059349	0.013337254256124
8.000000000000000	0.256204276493132	-0.734644369032736	0.010604481764268
8.000000000000000	0.301642698060959	-0.714347989697555	0.007838019229554
8.000000000000000	0.345699032236942	-0.691211552409909	0.005049006220204
8.000000000000000	0.388195879712762	-0.665328219436893	0.002248673107243
8.000000000000000	0.428962120682633	-0.636802213825028	-0.000551704156245
8.000000000000000	0.467833603882359	-0.605748399730838	-0.003340849439394
8.000000000000000	0.504653807568543	-0.572291819903430	-0.006107531838562
8.000000000000000	0.539274469776401	-0.536567192181478	-0.008840610900209
8.000000000000000	0.571556185318371	-0.498718367032031	-0.011529081479578
8.000000000000000	0.601368967119594	-0.458897748315462	-0.014162118054525
8.000000000000000	0.628592769629993	-0.417265679608901	-0.016729118316076
8.000000000000000	0.653117972205330	-0.373989798559252	-0.019219745860184
8.000000000000000	0.674845820510851	-0.329244361865548	-0.021623971808782
8.000000000000000	0.693688824170139	-0.283209543608733	-0.023932115192530
8.000000000000000	0.709571109057978	-0.236070709754223	-0.026134881932668
8.000000000000000	0.722428722818679	-0.188017671748594	-0.028223402264984
8.000000000000000	0.732209892379642	-0.139243922215873	-0.030189266455232
8.000000000000000	0.738875232423248	-0.089945855831038	-0.032024558662157
8.000000000000000	0.742397903977631	-0.040321978507976	-0.033721888811796
8.000000000000000	0.742763722487747	0.009427891913772	-0.035274422354699
8.000000000000000	0.739971214931569	0.059103430264925	-0.036675907786246
8.000000000000000	0.734031625751427	0.108504610685213	-0.037920701819248
8.000000000000000	0.724968871576610	0.157432512056923	-0.039003792107479


9.000000000000000	-0.071135041676638	-0.676290344354268	0.009805169799842
9.000000000000000	-0.021536796114683	-0.679940095582861	0.007177543356301
9.000000000000000	0.028195673456598	-0.680400351300410	0.004514467731020
9.000000000000000	0.077862111935006	-0.677669258219586	0.001826666189628
9.000000000000000	0.127262530102248	-0.671757813488301	-0.000875038439711
9.000000000000000	0.176198009909935	-0.662689820408082	-0.003579767346005
9.000000000000000	0.224471505452354	-0.650501792586572	-0.006276629540565
9.000000000000000	0.271888636400784	-0.635242806910117	-0.008954765711175
9.000000000000000	0.318258470704479	-0.616974305928475	-0.011603391948707
9.000000000000000	0.363394293406639	-0.595769850447344	-0.014211843170119
9.000000000000000	0.407114358479652	-0.571714823324966	-0.016769616062978
9.000000000000000	0.449242620652194	-0.544906085665492	-0.019266411378595
9.000000000000000	0.489609444281401	-0.515451586793498	-0.021692175403463
9.000000000000000	0.528052286415740	-0.483469929580162	-0.024037140442011
9.000000000000000	0.564416351298096	-0.449089892871354	-0.026291864147670
9.000000000000000	0.598555213673658	-0.412449912940680	-0.028447267543868
9.000000000000000	0.630331408392738	-0.373697526055470	-0.030494671581866
9.000000000000000	0.659616983934414	-0.332988774400296	-0.032425832088219
9.000000000000000	0.686294017622139	-0.290487577750174	-0.034232972961161
9.000000000000000	0.710255090456746	-0.246365073423480	-0.035908817482214
9.000000000000000	0.731403719654842	-0.200798927172377	-0.037446617616973
9.000000000000000	0.749654747150923	-0.153972617785528	-0.038840181187050
9.000000000000000	0.764934682498848	-0.106074698283782	-0.040083896803799
9.000000000000000	0.777181998791929	-0.057298036683700	-0.041172756463393
9.000000000000000	0.786347380410069	-0.007839039386125	-0.042102375712289
9.000000000000000	0.792393921596354	0.042103139683068	-0.042869011301875
9.000000000000000	0.795297275063518	0.092327400995550	-0.043469576261210
9.000000000000000	0.795045750031868	0.142631509177355	-0.043901652327170
9.000000000000000	0.791640359303932	0.192812907339357	-0.044163499681935
9.000000000000000	0.785094815186260	0.242669532702370	-0.044254063958626
9.000000000000000	0.775435474274807	0.292000630232640	-0.044172980486863
9.000000000000000	0.762701231326216	0.340607561011518	-0.043920575761170
9.000000000000000	0.746943362642371	0.388294602084271	-0.043497866126292
9.000000000000000	0.728225319598821	0.434869734567342	-0.042906553684737
9.000000000000000	0.706622473148484	0.480145416840625	-0.042149019443006
9.000000000000000	0.682221810329427	0.523939339711375	-0.041228313724124
9.000000000000000	0.655121583998759	0.566075160508984	-0.040148143885064
9.000000000000000	0.625430917203059	0.606383213154675	-0.038912859388527
9.000000000000000	0.593269363778376	0.644701191346920	-0.037527434289197
9.000000000000000	0.558766426949132	0.680874802111632	-0.035997447204970
9.000000000000000	0.522061037864343	0.714758387085509	-0.034329058853836
9.000000000000000	0.483300996170913	0.746215509030864	-0.032528987246837
9.000000000000000	0.442642374876628	0.775119501220217	-0.030604480637010
9.000000000000000	0.400248891899232	0.801353977478506	-0.028563288333231
9.000000000000000	0.356291250832159	0.824813300829134	-0.026413629496481
9.000000000000000	0.310946453581412	0.845403008856789	-0.024164160044186
9.000000000000000	0.264397087641355	0.863040194074253	-0.021823937795896
9.000000000000000	0.216830590879320	0.877653837761590	-0.019402386000636
9.000000000000000	0.168438496789469	0.889185095933466	-0.016909255392815
9.000000000000000	0.119415663255015	0.897587536283109	-0.014354584929456
9.000000000000000	0.069959487924297	0.902827325148818	-0.011748661366859
9.000000000000000	0.020269113360122	0.904883363750184	-0.009101977839467
9.000000000000000	-0.029455374837048	0.903747373145423	-0.006425191607714
9.000000000000000	-0.079013753703189	0.899423927567762	-0.003729081145000
9.000000000000000	-0.128206469137932	0.891930436006607	-0.001024502736584
9.000000000000000	-0.176835439438480	0.881297072107695	0.001677653234849
9.000000000000000	-0.224704852904727	0.867566652674467	0.004366506140910
9.000000000000000	-0.271621956303854	0.850794465259914	0.007031228919961
9.000000000000000	-0.317397831019574	0.831048045543116	0.009661091673868
9.000000000000000	-0.361848153760715	0.808406905386897	0.012245504873513
9.000000000000000	-0.404793938766063	0.782962212671616	0.014774061999096
9.000000000000000	-0.446062258516849	0.754816424194292	0.017236581443509
9.000000000000000	-0.485486940054833	0.724082873111242	0.019623147510081
9.000000000000000	-0.522909234102157	0.690885312585463	0.021924150339586
9.000000000000000	-0.558178454288658	0.655357417476320	0.024130324605753
9.000000000000000	-0.591152583912696	0.617642246078069	0.026232786823468
9.000000000000000	-0.621698847792290	0.577891664074594	0.028223071119432
9.000000000000000	-0.649694246903908	0.536265733029904	0.030093163321243
9.000000000000000	-0.675026053656132	0.492932065876704	0.031835533227641
9.000000000000000	-0.697592265803872	0.448065151998270	0.033443164929972
9.000000000000000	-0.717302017175414	0.401845654621294	0.034909585062776
9.000000000000000	-0.734075943558418	0.354459683348830	0.036228888869739
9.000000000000000	-0.747846502271593	0.306098044762608	0.037395763980073
9.000000000000000	-0.758558244135234	0.256955474112276	0.038405511799549
9.000000000000000	-0.766168036745499	0.207229851185278	0.039254066430081
9.000000000000000	-0.770645238153374	0.157121403514794	0.039938011041666
9.000000000000000	-0.771971820248991	0.106831900134128	0.040454591630746
9.000000000000000	-0.770142441354459	0.056563839124026	0.040801728109613
9.000000000000000	-0.765164467732920	0.006519632224377	0.040978022682186
9.000000000000000	-0.757057943927201	-0.043099210206423	0.040982765472444
9.000000000000000	-0.745855512047522	-0.092092890602569	0.040815937382844
9.000000000000000	-0.731602280333234	-0.140264128705119	0.040478210171221
9.000000000000000	-0.714355641517860	-0.187418955939971	0.039970943745859
9.000000000000000	-0.694185041728817	-0.233367496460854	0.039296180689616
9.000000000000000	-0.671171700852368	-0.277924731712342	0.038456638035165
9.000000000000000	-0.645408285489805	-0.320911245434276	0.037455696324466
9.000000000000000	-0.616998535821759	-0.362153946107718	0.036297385996510
9.000000000000000	-0.586056847883098	-0.401486763933411	0.034986371158171
9.000000000000000	-0.552707812930475	-0.438751319536245	0.033527930803487
9.000000000000000	-0.517085715757309	-0.473797561703100	0.031927937557020
9.000000000000000	-0.479333993976321	-0.506484371586121	0.030192834026865
9.000000000000000	-0.439604660446887	-0.536680130938516	0.028329606862544
9.000000000000000	-0.398057691172910	-0.564263252094779	0.026345758622234
9.000000000000000	-0.354860381135911	-0.589122667561303	0.024249277562611
9.000000000000000	-0.310186670657190	-0.611158277245981	0.022048605472964
9.000000000000000	-0.264216445001535	-0.630281351525944	0.019752603683082
9.000000000000000	-0.217134810042756	-0.646414888530436	0.017370517381814
9.000000000000000	-0.169131346907665	-0.659493924200171	0.014911938389954
9.000000000000000	-0.120399348599782	-0.669465793874672	0.012386766537361
9.000000000000000	-0.071135041676638	-0.676290344354268	0.009805169799842


10.000000000000000	nan	nan	nan
10.000000000000000	nan	nan	nan
10.000000000000000	nan	nan	nan
10.000000000000000	nan	nan	nan
10.000000000000000	nan	nan	nan
10.000000000000000	nan	nan	nan
10.000000000000000	nan	nan	nan
10.000000000000000	nan	nan	nan
10.000000000000000	nan	nan	nan
10.000000000000000	nan	nan	nan
10.000000000000000	nan	nan	nan
10.000000000000000	nan	nan	nan
10.000000000000000	nan	nan	nan
10.000000000000000	nan	nan	nan
10.000000000000000	nan	nan	nan
10.000000000000000	nan	nan	nan
10.000000000000000	nan	nan	nan
10.000000000000000	nan	nan	nan
10.000000000000000	nan	nan	nan
10.000000000000000	nan	nan	nan
10.000000000000000	nan	nan	nan
10.000000000000000	nan	nan	nan
10.000000000000000	nan	nan	nan
10.000000000000000	nan	nan	nan
10.000000000000000	nan	nan	nan
10.000000000000000	nan	nan	nan
10.000000000000000	nan	nan	nan
10.000000000000000	nan	nan	nan
10.000000000000000	nan	nan	nan
10.000000000000000	nan	nan	nan
10.000000000000000	nan	nan	nan
10.000000000000000	nan	nan	nan
10.000000000000000	nan	nan	nan
10.000000000000000	nan	nan	nan
10.000000000000000	nan	nan	nan
10.000000000000000	nan	nan	nan
10.000000000000000	nan	nan	nan
10.000000000000000	nan	nan	nan
10.000000000000000	nan	nan	nan
10.000000000000000	nan	nan	nan
10.000000000000000	nan	nan	nan
10.000000000000000	nan	nan	nan
10.000000000000000	nan	nan	nan
10.000000000000000	nan	nan	nan
10.000000000000000	nan	nan	nan
10.000000000000000	nan	nan	nan
10.000000000000000	nan	nan	nan
10.000000000000000	nan	nan	nan
10.000000000000000	nan	nan	nan
10.000000000000000	nan	nan	nan
10.000000000000000	nan	nan	nan
10.000000000000000	nan	nan	nan
10.000000000000000	nan	nan	nan
10.000000000000000	nan	nan	nan
10.000000000000000	nan	nan	nan
10.000000000000000	nan	nan	nan
10.000000000000000	nan	nan	nan
10.000000000000000	nan	nan	nan
10.000000000000000	nan	nan	nan
10.000000000000000	nan	nan	nan
10.000000000000000	nan	nan	nan
10.000000000000000	nan	nan	nan
10.000000000000000	nan	nan	nan
10.000000000000000	nan	nan	nan
10.000000000000000	nan	nan	nan
10.000000000000000	nan	nan	nan
10.000000000000000	nan	nan	nan
10.000000000000000	nan	nan	nan
10.000000000000000	nan	nan	nan
10.000000000000000	nan	nan	nan
10.000000000000000	nan	nan	nan
10.000000000000000	nan	nan	nan
10.000000000000000	nan	nan	nan
10.000000000000000	nan	nan	nan
10.000000000000000	nan	nan	nan
10.000000000000000	nan	nan	nan
10.000000000000000	nan	nan	nan
10.000000000000000	nan	nan	nan
10.000000000000000	nan	nan	nan
10.000000000000000	nan	nan	nan
10.000000000000000	nan	nan	nan
10.000000000000000	nan	nan	nan
10.000000000000000	nan	nan	nan
10.000000000000000	nan	nan	nan
10.000000000000000	nan	nan	nan
10.000000000000000	nan	nan	nan
10.000000000000000	nan	nan	nan
10.000000000000000	nan	nan	nan
10.000000000000000	nan	nan	nan
10.000000000000000	nan	nan	nan
10.000000000000000	nan	nan	nan
10.000000000000000	nan	nan	nan
10.000000000000000	nan	nan	nan
10.000000000000000	nan	nan	nan
10.000000000000000	nan	nan	nan
10.000000000000000	nan	nan	nan
10.000000000000000	nan	nan	nan
10.000000000000000	nan	nan	nan
10.000000000000000	nan	nan	nan
10.000000000000000	nan	nan	nan


11.000000000000000	nan	nan	nan
11.000000000000000	nan	nan	nan
11.000000000000000	nan	nan	nan
11.000000000000000	nan	nan	nan
11.000000000000000	nan	nan	nan
11.000000000000000	nan	nan	nan
11.000000000000000	nan	nan	nan
11.000000000000000	nan	nan	nan
11.000000000000000	nan	nan	nan
11.000000000000000	nan	nan	nan
11.000000000000000	nan	nan	nan
11.000000000000000	nan	nan	nan
11.000000000000000	nan	nan	nan
11.000000000000000	nan	nan	nan
11.000000000000000	nan	nan	nan
11.000000000000000	nan	nan	nan
11.000000000000000	nan	nan	nan
11.000000000000000	nan	nan	nan
11.000000000000000	nan	nan	nan
11.000000000000000	nan	nan	nan
11.000000000000000	nan	nan	nan
11.000000000000000	nan	nan	nan
11.000000000000000	nan	nan	nan
11.000000000000000	nan	nan	nan
11.000000000000000	nan	nan	nan
11.000000000000000	nan	nan	nan
11.000000000000000	nan	nan	nan
11.000000000000000	nan	nan	nan
11.000000000000000	nan	nan	nan
11.000000000000000	nan	nan	nan
11.000000000000000	nan	nan	nan
11.000000000000000	nan	nan	nan
11.000000000000000	nan	nan	nan
11.000000000000000	nan	nan	nan
11.000000000000000	nan	nan	nan
11.000000000000000	nan	nan	nan
11.000000000000000	nan	nan	nan
11.000000000000000	nan	nan	nan
11.000000000000000	nan	nan	nan
11.000000000000000	nan	nan	nan
11.000000000000000	nan	nan	nan
11.000000000000000	nan	nan	nan
11.000000000000000	nan	nan	nan
11.000000000000000	nan	nan	nan
11.000000000000000	nan	nan	nan
11.000000000000000	nan	nan	nan
11.000000000000000	nan	nan	nan
11.000000000000000	nan	nan	nan
11.000000000000000	nan	nan	nan
11.000000000000000	nan	nan	nan
11.000000000000000	nan	nan	nan
11.000000000000000	nan	nan	nan
11.000000000000000	nan	nan	nan
11.000000000000000	nan	nan	nan
11.000000000000000	nan	nan	nan
11.000000000000000	nan	nan	nan
11.000000000000000	nan	nan	nan
11.000000000000000	nan	nan	nan
11.000000000000000	nan	nan	nan
11.000000000000000	nan	nan	nan
11.000000000000000	nan	nan	nan
11.000000000000000	nan	nan	nan
11.000000000000000	nan	nan	nan
11.000000000000000	nan	nan	nan
11.000000000000000	nan	nan	nan
11.000000000000000	nan	nan	nan
11.000000000000000	nan	nan	nan
11.000000000000000	nan	nan	nan
11.000000000000000	nan	nan	nan
11.000000000000000	nan	nan	nan
11.000000000000000	nan	nan	nan
11.000000000000000	nan	nan	nan
11.000000000000000	nan	nan	nan
11.000000000000000	nan	nan	nan
11.000000000000000	nan	nan	nan
11.000000000000000	nan	nan	nan
11.000000000000000	nan	nan	nan
11.000000000000000	nan	nan	nan
11.000000000000000	nan	nan	nan
11.000000000000000	nan	nan	nan
11.000000000000000	nan	nan	nan
11.000000000000000	nan	nan	nan
11.000000000000000	nan	nan	nan
11.000000000000000	nan	nan	nan
11.000000000000000	nan	nan	nan
11.000000000000000	nan	nan	nan
11.000000000000000	nan	nan	nan
11.000000000000000	nan	nan	nan
11.000000000000000	nan	nan	nan
11.000000000000000	nan	nan	nan
11.000000000000000	nan	nan	nan
11.000000000000000	nan	nan	nan
11.000000000000000	nan	nan	nan
11.000000000000000	nan	nan	nan
11.000000000000000	nan	nan	nan
11.000000000000000	nan	nan	nan
11.000000000000000	nan	nan	nan
11.000000000000000	nan	nan	nan
11.000000000000000	nan	nan	nan
11.000000000000000	nan	nan	nan


12.000000000000000	0.853289295500139	0.322966191628824	0.043119339063644
12.000000000000000	0.829738724959010	0.380116886465317	0.039390164211915
12.000000000000000	0.802603962991286	0.435644962489919	0.035490093143158
12.000000000000000	0.771994271706366	0.489326827738766	0.031434830067061
12.000000000000000	0.738032905527553	0.540946324287181	0.027240704096750
12.000000000000000	0.700856614889999	0.590295598641344	0.022924603497219
12.000000000000000	0.660615095594960	0.637175938690950	0.018503907682241
12.000000000000000	0.617470386037644	0.681398573852741	0.013996417233604
12.000000000000000	0.571596214735781	0.722785435183027	0.009420282224457
12.000000000000000	0.523177300786202	0.761169872398463	0.004793929135361
12.000000000000000	0.472408610066227	0.796397324917932	0.000135986657365
12.000000000000000	0.419494570174893	0.828325944223447	-0.004534789319165
12.000000000000000	0.364648247275161	0.856827165034073	-0.009199591227893
12.000000000000000	0.308090488151681	0.881786222992933	-0.013839635557944
12.000000000000000	0.250049030938735	0.903102616782771	-0.018436238488477
12.000000000000000	0.190757588099147	0.920690512809283	-0.022970891121831
12.000000000000000	0.130454905346689	0.934479090822710	-0.027425334012332
12.000000000000000	0.069383800301347	0.944412829085983	-0.031781630690625
12.000000000000000	0.007790184748474	0.950451727941169	-0.036022239887516
12.000000000000000	-0.054077925561181	0.952571470873967	-0.040130086166465
12.000000000000000	-0.115971409583367	0.950763522427739	-0.044088628680346
12.000000000000000	-0.177641044102844	0.945035162572773	-0.047881927775597
12.000000000000000	-0.238838507267317	0.935409457392415	-0.051494709175584
12.000000000000000	-0.299317378491885	0.921925166204096	-0.054912425484719
12.000000000000000	-0.358834130707768	0.904636585489233	-0.058121314765684
12.000000000000000	-0.417149110959859	0.883613330260468	-0.061108455953904
12.000000000000000	-0.474027505404592	0.858940053746581	-0.063861820886107
12.000000000000000	-0.529240284822413	0.830716106523814	-0.066370322733493
12.000000000000000	-0.582565126837612	0.799055136466167	-0.068623860644483
12.000000000000000	-0.633787311132066	0.764084631125519	-0.070613360417282
12.000000000000000	-0.682700584048171	0.725945404384256	-0.072330811038486
12.000000000000000	-0.729107989099528	0.684791029447462	-0.073769296940607
12.000000000000000	-0.772822660045202	0.640787220457828	-0.074923025848622
12.000000000000000	-0.813668573334113	0.594111165223284	-0.075787352103420
12.000000000000000	-0.851481256889759	0.544950811744238	-0.076358795368231
12.000000000000000	-0.886108452381211	0.493504111413308	-0.076635054642715
12.000000000000000	-0.917410728313679	0.439978221934936	-0.076615017528278
12.000000000000000	-0.945262041469926	0.384588673174421	-0.076298764707308
12.000000000000000	-0.969550244441818	0.327558499295227	-0.075687569618295
12.000000000000000	-0.990177537208358	0.269117340679119	-0.074783893328145
12.000000000000000	-1.007060860941850	0.209500519245403	-0.073591374622333
12.000000000000000	-1.020132232456483	0.148948090892606	-0.072114815352793
12.000000000000000	-1.029339017952625	0.087703878878102	-0.070360161102562
12.000000000000000	-1.034644144954563	0.026014492027912	-0.068334477245012
12.000000000000000	-1.036026251588271	-0.035871668270004	-0.066045920494084
12.000000000000000	-1.033479772598140	-0.097705408290461	-0.063503706060082
12.000000000000000	-1.027014961756301	-0.159237745386230	-0.060718070543274
12.000000000000000	-1.016657850574297	-0.220220910553280	-0.057700230714713
12.000000000000000	-1.002450143483383	-0.280409346109114	-0.054462338350261
12.000000000000000	-0.984449049905490	-0.339560694466879	-0.051017431299675
12.000000000000000	-0.962727053891083	-0.397436774023840	-0.047379380987790
12.000000000000000	-0.937371622251470	-0.453804538234622	-0.043562836559184
12.000000000000000	-0.908484852360821	-0.508437014007399	-0.039583165891247
12.000000000000000	-0.876183061046081	-0.561114215644427	-0.035456393713157
12.000000000000000	-0.840596316220157	-0.611624030646803	-0.031199137079957
12.000000000000000	-0.801867913144345	-0.659763073816638	-0.026828538461538
12.000000000000000	-0.760153797428882	-0.705337506217460	-0.022362196715960
12.000000000000000	-0.715621937095016	-0.748163815695205	-0.017818096225064
12.000000000000000	-0.668451646227071	-0.788069555816885	-0.013214534477716
12.000000000000000	-0.618832862937910	-0.824894040251511	-0.008570048392274
12.000000000000000	-0.566965384555198	-0.858488989797239	-0.003903339674962
12.000000000000000	-0.513058063108081	-0.888719129449375	0.000766800485302
12.000000000000000	-0.457327964353771	-0.915462733105079	0.005421567082389
12.000000000000000	-0.399999493730362	-0.938612113711419	0.010042217014084
12.000000000000000	-0.341303492755328	-0.958074056883122	0.014610144553941
12.000000000000000	-0.281476309508207	-0.973770196244007	0.019106956269978
12.000000000000000	-0.220758846940303	-0.985637328980724	0.023514545088538
12.000000000000000	-0.159395592843528	-0.993627670338170	0.027815163205077
12.000000000000000	-0.097633635384352	-0.997709046031842	0.031991493548319
12.000000000000000	-0.035721668166964	-0.997865021802317	0.036026719509980
12.000000000000000	0.026091011168095	-0.994094969590218	0.039904592659320
12.000000000000000	0.087555504777542	-0.986414070065186	0.043609498169838
12.000000000000000	0.148424316839121	-0.974853251498684	0.047126517694667
12.000000000000000	0.208452350129929	-0.959459065226759	0.050441489437490
12.000000000000000	0.267397892946425	-0.940293498204247	0.053541065177098
12.000000000000000	0.325023592392147	-0.917433723405180	0.056412764015963
12.000000000000000	0.381097410114059	-0.890971789074459	0.059045022636409
12.000000000000000	0.435393556639101	-0.861014248082058	0.061427241862011
12.000000000000000	0.487693400548702	-0.827681728872226	0.063549829336737
12.000000000000000	0.537786348830342	-0.791108449735318	0.065404238149980
12.000000000000000	0.585470694861286	-0.751441678358105	0.066983001251952
12.000000000000000	0.630554430609959	-0.708841138828784	0.068279761520854
12.000000000000000	0.672856019784524	-0.663478368484446	0.069289297360769
12.000000000000000	0.712205128815459	-0.615536027190759	0.070007543727177
12.000000000000000	0.748443312728719	-0.565207161835162	0.070431608495463
12.000000000000000	0.781424653147726	-0.512694428995183	0.070559784106474
12.000000000000000	0.811016345855171	-0.458209278911927	0.070391554442265
12.000000000000000	0.837099235548725	-0.401971104054584	0.069927596904317
12.000000000000000	0.859568295637386	-0.344206355704393	0.069169779685885
12.000000000000000	0.878333051146491	-0.285147632115250	0.068121154249440
12.000000000000000	0.893317943028508	-0.225032741922642	0.066785943039510
12.000000000000000	0.904462632412653	-0.164103746572198	0.065169522480383
12.000000000000000	0.911722243568225	-0.102605985623685	0.063278401327143
12.000000000000000	0.915067544603334	-0.040787088855190	0.061120194457217
12.000000000000000	0.914485065171416	0.021104020854593	0.058703592207943
12.000000000000000	0.909977150711560	0.082818129850945	0.056038325383654
12.000000000000000	0.901561953004256	0.144106737198548	0.053135126073164
12.000000000000000	0.889273357080579	0.204723055307045	0.050005684435428
12.000000000000000	0.873160844779131	0.264423003657564	0.046662601627406
12.000000000000000	0.853289295500139	0.322966191628824	0.043119339063644


13.000000000000000	-0.115675321197380	-0.987779746322680	-0.005847481557286
13.000000000000000	-0.050795179922657	-0.993274909985172	-0.009064725792516
13.000000000000000	0.014305115281359	-0.994637126008851	-0.012244679989419
13.000000000000000	0.079363428502626	-0.991860909230575	-0.015374539594789
13.000000000000000	0.144117792875727	-0.984957438495461	-0.018441701768660
13.000000000000000	0.208307465429982	-0.973954511643623	-0.021433816131493
13.000000000000000	0.271673977009360	-0.958896433578078	-0.024338834494798
13.000000000000000	0.333962173036546	-0.939843837864543	-0.027145059374933
13.000000000000000	0.394921240930369	-0.916873442581459	-0.029841191094746
13.000000000000000	0.454305720039543	-0.890077741403376	-0.032416373283384
13.000000000000000	0.511876490026079	-0.859564631161559	-0.034860236591068
13.000000000000000	0.567401733718484	-0.825456977381543	-0.037162940442804
13.000000000000000	0.620657870557699	-0.787892119547014	-0.039315212662906
13.000000000000000	0.671430456877093	-0.747021318082189	-0.041308386810775
13.000000000000000	0.719515049391426	-0.703009145279474	-0.043134437077596
13.000000000000000	0.764718028417801	-0.656032822624922	-0.044786010603437
13.000000000000000	0.806857377513787	-0.606281507189864	-0.046256457084622
13.000000000000000	0.845763416393396	-0.553955529962138	-0.047539855552157
13.000000000000000	0.881279484169703	-0.499265589183913	-0.048631038213381
13.000000000000000	0.913262570172950	-0.442431901944231	-0.049525611260842
13.000000000000000	0.941583889804030	-0.383683317442508	-0.050219972564612
13.000000000000000	0.966129403104623	-0.323256395493587	-0.050711326176793
13.000000000000000	0.986800273955854	-0.261394453984851	-0.050997693589807
13.000000000000000	1.003513268056460	-0.198346589120968	-0.051077921703154
13.000000000000000	1.016201088077944	-0.134366672401394	-0.050951687466538
13.000000000000000	1.024812644647168	-0.069712328369446	-0.050619499180676
13.000000000000000	1.029313262065222	-0.004643897249192	-0.050082694450551
13.000000000000000	1.029684817934228	0.060576613352742	-0.049343434799349
13.000000000000000	1.025925816129841	0.125686583459337	-0.048404696964770
13.000000000000000	1.018051392825611	0.190423838201131	-0.047270260912751
13.000000000000000	1.006093255544954	0.254527703501889	-0.045944694616881
13.000000000000000	0.990099555486150	0.317740055721106	-0.044433335664784
13.000000000000000	0.970134693634460	0.379806361026800	-0.042742269765534
13.000000000000000	0.946279061442086	0.440476700313421	-0.040878306244658
13.000000000000000	0.918628717120170	0.499506775537879	-0.038848950625379
13.000000000000000	0.887294998846279	0.556658893421545	-0.036662374406528
13.000000000000000	0.852404076444864	0.611702922557182	-0.034327382158799
13.000000000000000	0.814096443345899	0.664417220066910	-0.031853376071853
13.000000000000000	0.772526350867434	0.714589524079840	-0.029250318095018
13.000000000000000	0.727861187099975	0.762017808435714	-0.026528689824033
13.000000000000000	0.680280802893723	0.806511096172947	-0.023699450295363
13.000000000000000	0.629976787662674	0.847890228525451	-0.020773991858028
13.000000000000000	0.577151697921678	0.885988586331750	-0.017764094300633
13.000000000000000	0.522018241662833	0.920652760951534	-0.014681877418317
13.000000000000000	0.464798421855485	0.951743171988116	-0.011539752210615
13.000000000000000	0.405722642518619	0.979134629329416	-0.008350370906746
13.000000000000000	0.345028780965196	1.002716837244368	-0.005126576019548
13.000000000000000	0.282961229954172	1.022394838504888	-0.001881348633214
13.000000000000000	0.219769913607112	1.038089396745131	0.001372243866956
13.000000000000000	0.155709281051966	1.049737315518358	0.004621100412297
13.000000000000000	0.091037281846231	1.057291692766730	0.007852139004165
13.000000000000000	0.026014327305130	1.060722109679339	0.011052349390526
13.000000000000000	-0.039097758082847	1.060014753178022	0.014208845453648
13.000000000000000	-0.104036790930746	1.055172471537753	0.017308917097950
13.000000000000000	-0.168541284673118	1.046214762917642	0.020340081429073
13.000000000000000	-0.232351502480120	1.033177696848738	0.023290133018084
13.000000000000000	-0.295210503126063	1.016113768994747	0.026147193048438
13.000000000000000	-0.356865175601037	0.995091689770531	0.028899757147774
13.000000000000000	-0.417067258299618	0.970196107669513	0.031536741711963
13.000000000000000	-0.475574338682730	0.941527268414075	0.034047528534874
13.000000000000000	-0.532150829387378	0.909200611301409	0.036422007564137
13.000000000000000	-0.586568916853816	0.873346304370216	0.038650617610759
13.000000000000000	-0.638609478650340	0.834108720259954	0.040724384848656
13.000000000000000	-0.688062965801988	0.791645854873173	0.042634958949084
13.000000000000000	-0.734730246570300	0.746128691181783	0.044374646704467
13.000000000000000	-0.778423408286549	0.697740510738970	0.045936443006224
13.000000000000000	-0.818966514009733	0.646676155669070	0.047314059051875
13.000000000000000	-0.856196310962540	0.593141244107104	0.048501947667826
13.000000000000000	-0.889962887892666	0.537351342247118	0.049495325645878
13.000000000000000	-0.920130278712516	0.479531096333204	0.050290193003519
13.000000000000000	-0.946577009986653	0.419913328088361	0.050883349090445
13.000000000000000	-0.969196590062444	0.358738097223593	0.051272405476443
13.000000000000000	-0.987897937874362	0.296251734802176	0.051455795568762
13.000000000000000	-1.002605749695296	0.232705851351407	0.051432780920228
13.000000000000000	-1.013260802358070	0.168356323715819	0.051203454202706
13.000000000000000	-1.019820191726248	0.103462264731437	0.050768738833949
13.000000000000000	-1.022257505453939	0.038284979869836	0.050130385259316
13.000000000000000	-1.020562929338997	-0.026913084946762	0.049290963903350
13.000000000000000	-1.014743286841345	-0.091869400122592	0.048253854819583
13.000000000000000	-1.004822011607316	-0.156322409502367	0.047023234080254
13.000000000000000	-0.990839053110625	-0.220012583565603	0.045604056960740
13.000000000000000	-0.972850715789940	-0.282683464460398	0.044002037986412
13.000000000000000	-0.950929432330780	-0.344082698668684	0.042223627922257
13.000000000000000	-0.925163472004654	-0.403963053144782	0.040275987797924
13.000000000000000	-0.895656585239861	-0.462083410835615	0.038166960072786
13.000000000000000	-0.862527585855130	-0.518209741573981	0.035905037057125
13.000000000000000	-0.825909872638310	-0.572116044435434	0.033499326716593
13.000000000000000	-0.785950892196532	-0.623585257764244	0.030959515997651
13.000000000000000	-0.742811545240761	-0.672410133204076	0.028295831821654
13.000000000000000	-0.696665538695424	-0.718394070213969	0.025518999904647
13.000000000000000	-0.647698686241935	-0.761351907709326	0.022640201568695
13.000000000000000	-0.596108160112577	-0.801110669640257	0.019671028718643
13.000000000000000	-0.542101697147520	-0.837510261505072	0.016623437165607
13.000000000000000	-0.485896762311877	-0.870404114994341	0.013509698485143
13.000000000000000	-0.427719673041053	-0.899659778169742	0.010342350603942
13.000000000000000	-0.367804687940298	-0.925159448801274	0.007134147314026
13.000000000000000	-0.306393063507993	-0.946800448715252	0.003898006917728
13.000000000000000	-0.243732082680877	-0.964495637243079	0.000646960210248
13.000000000000000	-0.180074059112938	-0.978173762105959	-0.002605901990759
13.000000000000000	-0.115675321197380	-0.987779746322680	-0.005847481557286


14.000000000000000	0.964206935621893	0.719215784977719	0.028366193072787
14.000000000000000	0.913468104346744	0.782947437311903	0.027279715013994
14.000000000000000	0.858782117035755	0.843325828671318	0.026075479102312
14.000000000000000	0.800369174858752	0.900107836584136	0.024758334370730
14.000000000000000	0.738464486117396	0.953064819945347	0.023333584496203
14.000000000000000	0.673317319144374	1.001983539673794	0.021806966443620
14.000000000000000	0.605189998587801	1.046667017350688	0.020184627365068
14.000000000000000	0.534356849122444	1.086935328382179	0.018473099847422
14.000000000000000	0.461103090841082	1.122626326492192	0.016679275607923
14.000000000000000	0.385723690773856	1.153596296628253	0.014810377743664
14.000000000000000	0.308522175160147	1.179720533651284	0.012873931646728
14.000000000000000	0.229809407255538	1.200893844479178	0.010877734702092
14.000000000000000	0.149902335595200	1.217030971662220	0.008829824890306
14.000000000000000	0.069122717754006	1.228066936684743	0.006738448421385
14.000000000000000	-0.012204175257661	1.233957301610675	0.004612026530231
14.000000000000000	-0.093750868745462	1.234678348019427	0.002459121567293
14.000000000000000	-0.175189002956119	1.230227172511601	0.000288402521002
14.000000000000000	-0.256190655266249	1.220621698399952	-0.001891389889185
14.000000000000000	-0.336429660611026	1.205900603538534	-0.004071478408575
14.000000000000000	-0.415582924835785	1.186123164580638	-0.006243084590151
14.000000000000000	-0.493331725682143	1.161369018292621	-0.008397464142273
14.000000000000000	-0.569362996170047	1.131737840884764	-0.010525942138860
14.000000000000000	-0.643370585208005	1.097348946650349	-0.012619947950252
14.000000000000000	-0.715056490355480	1.058340807529112	-0.014671049754115
14.000000000000000	-0.784132057773535	1.014870495529615	-0.016670988487406
14.000000000000000	-0.850319144531969	0.967113050255703	-0.018611711102713
14.000000000000000	-0.913351238592726	0.915260774083804	-0.020485402995030
14.000000000000000	-0.972974531959808	0.859522457829121	-0.022284519468415
14.000000000000000	-1.028948942674495	0.800122540018723	-0.024001816115816
14.000000000000000	-1.081049081540659	0.737300203156801	-0.025630377989744
14.000000000000000	-1.129065159687506	0.671308410621144	-0.027163647446322
14.000000000000000	-1.172803833315313	0.602412888068903	-0.028595450550607
14.000000000000000	-1.212088982222674	0.530891053453149	-0.029920021936845
14.000000000000000	-1.246762418980388	0.457030899958695	-0.031132028023561
14.000000000000000	-1.276684525896403	0.381129836355182	-0.032226588490014
14.000000000000000	-1.301734817206992	0.303493489436934	-0.033199295927526
14.000000000000000	-1.321812424230389	0.224434473371726	-0.034046233586555
14.000000000000000	-1.336836501529379	0.144271130913864	-0.034763991148070
14.000000000000000	-1.346746552447333	0.063326251550275	-0.035349678455700
14.000000000000000	-1.351502672706895	-0.018074228258835	-0.035800937153370
14.000000000000000	-1.351085711090422	-0.099602537511066	-0.036115950181574
14.000000000000000	-1.345497346555181	-0.180930390479970	-0.036293449094031
14.000000000000000	-1.334760081472776	-0.261730308605798	-0.036332719165265
14.000000000000000	-1.318917151020043	-0.341676939136086	-0.036233602268561
14.000000000000000	-1.298032349086251	-0.420448365206353	-0.035996497512679
14.000000000000000	-1.272189771397628	-0.497727402085699	-0.035622359634786
14.000000000000000	-1.241493476893549	-0.573202874367764	-0.035112695156067
14.000000000000000	-1.206067068717916	-0.646570868964268	-0.034469556315495
14.000000000000000	-1.166053196512921	-0.717535958855745	-0.033695532806188
14.000000000000000	-1.121612982019289	-0.785812392671889	-0.032793741347633
14.000000000000000	-1.072925370295887	-0.851125245311466	-0.031767813135750
14.000000000000000	-1.020186409171137	-0.913211524968658	-0.030621879221355
14.000000000000000	-0.963608459827601	-0.971821232108253	-0.029360553875871
14.000000000000000	-0.903419341698450	-1.026718366125529	-0.027988916011285
14.000000000000000	-0.839861415119015	-1.077681875637402	-0.026512488729170
14.000000000000000	-0.773190605427259	-1.124506548578320	-0.024937217081092
14.000000000000000	-0.703675372442763	-1.167003838516826	-0.023269444129998
14.000000000000000	-0.631595629473788	-1.205002623865491	-0.021515885408931
14.000000000000000	-0.557241616205173	-1.238349896927151	-0.019683601879953
14.000000000000000	-0.480912730005566	-1.266911380002899	-0.017779971502143
14.000000000000000	-0.402916320359886	-1.290572066080987	-0.015812659523156
14.000000000000000	-0.323566451281432	-1.309236681929469	-0.013789587613983
14.000000000000000	-0.243182636686940	-1.322830071727883	-0.011718901971171
14.000000000000000	-0.162088553826815	-1.331297499693215	-0.009608940514967
14.000000000000000	-0.080610739951084	-1.334604870481572	-0.007468199315458
14.000000000000000	0.000922722540862	-1.332738866478107	-0.005305298381894
14.000000000000000	0.082183527172296	-1.325707001422346	-0.003128946952951
14.000000000000000	0.162844465363461	-1.313537590153017	-0.000947908427705
14.000000000000000	0.242580743985037	-1.296279634594183	0.001229034921489
14.000000000000000	0.321071293185438	-1.274002626441792	0.003393117312101
14.000000000000000	0.398000059225786	-1.246796267345142	0.005535624748143
14.000000000000000	0.473057277116761	-1.214770107710000	0.007647930108355
14.000000000000000	0.545940717932895	-1.178053105577785	0.009721527884577
14.000000000000000	0.616356905781779	-1.136793107357044	0.011748068430427
14.000000000000000	0.684022299527901	-1.091156252498153	0.013719391582383
14.000000000000000	0.748664434512721	-1.041326304508387	0.015627559517876
14.000000000000000	0.810023019673697	-0.987503911001129	0.017464888718108
14.000000000000000	0.867850985644514	-0.929905795758757	0.019223980906862
14.000000000000000	0.921915479616230	-0.868763886062452	0.020897752840755
14.000000000000000	0.971998802953345	-0.804324378802909	0.022479464830957
14.000000000000000	1.017899287789378	-0.736846749132338	0.023962747881539
14.000000000000000	1.059432109072185	-0.666602705649613	0.025341629335170
14.000000000000000	1.096430028789210	-0.593875096325643	0.026610556922906
14.000000000000000	1.128744069375937	-0.518956769574418	0.027764421121211
14.000000000000000	1.156244113595965	-0.442149395055808	0.028798575726206
14.000000000000000	1.178819428477187	-0.363762248958316	0.029708856562297
14.000000000000000	1.196379111194394	-0.284110968653022	0.030491598249834
14.000000000000000	1.208852455102863	-0.203516281733293	0.031143648964305
14.000000000000000	1.216189234449066	-0.122302714557960	0.031662383127620
14.000000000000000	1.218359906612045	-0.040797285498217	0.032045711980388
14.000000000000000	1.215355731061124	0.040671811849945	0.032292091992612
14.000000000000000	1.207188804550943	0.121776530185516	0.032400531078941
14.000000000000000	1.193892012412093	0.202190289433164	0.032370592593448
14.000000000000000	1.175518896133495	0.281589291765934	0.032202397087847
14.000000000000000	1.152143437769728	0.359653825424814	0.031896621826075
14.000000000000000	1.123859762041401	0.436069552085151	0.031454498057190
14.000000000000000	1.090781757328122	0.510528772586140	0.030877806057564
14.000000000000000	1.053042617080199	0.582731665926738	0.030168867962341
14.000000000000000	1.010794303495614	0.652387496539026	0.029330538415014
14.000000000000000	0.964206935621893	0.719215784977719	0.028366193072787


15.000000000000000	0.452157692945739	1.424218392625112	0.007542872930630
15.000000000000000	0.359601718219840	1.450398280334016	0.007966931184835
15.000000000000000	0.265571321582057	1.470654667614578	0.008358468469808
15.000000000000000	0.170445130252209	1.484905989144584	0.008715908203093
15.000000000000000	0.074606183828583	1.493094859882149	0.009037811101040
15.000000000000000	-0.021559608077330	1.495188306135023	0.009322880974293
15.000000000000000	-0.117665019762644	1.491177898334014	0.009569969947085
15.000000000000000	-0.213323068654306	1.481079784975889	0.009778083079333
15.000000000000000	-0.308148573551344	1.464934627599076	0.009946382372904
15.000000000000000	-0.401759705613608	1.442807437053997	0.010074190145943
15.000000000000000	-0.493779525851748	1.414787311727323	0.010160991761658
15.000000000000000	-0.583837502927488	1.380987078774217	0.010206437700578
15.000000000000000	-0.671571005152546	1.341542839803199	0.010210344967947
15.000000000000000	-0.756626760678454	1.296613422843007	0.010172697830578
15.000000000000000	-0.838662279997609	1.246379742798182	0.010093647880207
15.000000000000000	-0.917347235027637	1.191044072968599	0.009973513423082
15.000000000000000	-0.992364789225997	1.130829230566284	0.009812778198262
15.000000000000000	-1.063412873378911	1.065977679509136	0.009612089429768
15.000000000000000	-1.130205401927474	0.996750554104312	0.009372255220437
15.000000000000000	-1.192473424933227	0.923426607552535	0.009094241297984
15.000000000000000	-1.249966211044636	0.846301089507339	0.008779167126350
15.000000000000000	-1.302452257103752	0.765684557208920	0.008428301398020
15.000000000000000	-1.349720220327717	0.681901624979741	0.008043056925448
15.000000000000000	-1.391579769311563	0.595289657117227	0.007624984952155
15.000000000000000	-1.427862350425597	0.506197409446803	0.007175768906420
15.000000000000000	-1.458421866521384	0.414983625005287	0.006697217622713
15.000000000000000	-1.483135265213398	0.322015589509286	0.006191258058151
15.000000000000000	-1.501903034367546	0.227667652425255	0.005659927533326
15.000000000000000	-1.514649602801411	0.132319719596314	0.005105365528730
15.000000000000000	-1.521323644582731	0.036355723495507	0.004529805069828
15.000000000000000	-1.521898285700817	-0.059837922734763	0.003935563735446
15.000000000000000	-1.516371212278699	-0.155873881232075	0.003325034325705
15.000000000000000	-1.504764679890304	-0.251365449086852	0.002700675227055
15.000000000000000	-1.487125423945106	-0.345928115458498	0.002065000513223
15.000000000000000	-1.463524471501131	-0.439181109864838	0.001420569821923
15.000000000000000	-1.434056855264061	-0.530748935410461	0.000769978048103
15.000000000000000	-1.398841230924073	-0.620262880780187	0.000115844895212
15.000000000000000	-1.358019399371246	-0.707362504909404	-0.000539195673415
15.000000000000000	-1.311755735713436	-0.791697088353011	-0.001192506040600
15.000000000000000	-1.260236527395718	-0.872927045508846	-0.001841455556076
15.000000000000000	-1.203669224086605	-0.950725292009052	-0.002483431129188
15.000000000000000	-1.142281602351446	-1.024778561773377	-0.003115847750884
15.000000000000000	-1.076320848476589	-1.094788668421121	-0.003736158902635
15.000000000000000	-1.006052563137452	-1.160473705962444	-0.004341866810369
15.000000000000000	-0.931759691918342	-1.221569183934292	-0.004930532502122
15.000000000000000	-0.853741385990451	-1.277829092410141	-0.005499785628919
15.000000000000000	-0.772311797535678	-1.329026892595142	-0.006047334009333
15.000000000000000	-0.687798814766663	-1.374956429017895	-0.006570972859290
15.000000000000000	-0.600542741636686	-1.415432759645771	-0.007068593669955
15.000000000000000	-0.510894927555756	-1.450292900581197	-0.007538192697958
15.000000000000000	-0.419216352630537	-1.479396482340297	-0.007977879033753
15.000000000000000	-0.325876174124873	-1.502626315071256	-0.008385882215652
15.000000000000000	-0.231250239993771	-1.519888860436490	-0.008760559358842
15.000000000000000	-0.135719575476344	-1.531114608258521	-0.009100401770709
15.000000000000000	-0.039668848841649	-1.536258356412928	-0.009404041025804
15.000000000000000	0.056515177534659	-1.535299392841346	-0.009670254476016
15.000000000000000	0.152445204525918	-1.528241578951618	-0.009897970173739
15.000000000000000	0.247734955771337	-1.515113334069268	-0.010086271188228
15.000000000000000	0.342000733074576	-1.495967521002903	-0.010234399297758
15.000000000000000	0.434862961420953	-1.470881233184347	-0.010341758042713
15.000000000000000	0.525947717392063	-1.439955484240595	-0.010407915127319
15.000000000000000	0.614888234823406	-1.403314801247595	-0.010432604160345
15.000000000000000	0.701326381642288	-1.361106723303658	-0.010415725727770
15.000000000000000	0.784914101939275	-1.313501207441586	-0.010357347793084
15.000000000000000	0.865314817466496	-1.260689944271686	-0.010257705423626
15.000000000000000	0.942204782919454	-1.202885586111337	-0.010117199844049
15.000000000000000	1.015274389545105	-1.140320890709160	-0.009936396820733
15.000000000000000	1.084229411827029	-1.073247784011725	-0.009716024383639
15.000000000000000	1.148792192227742	-1.001936345746664	-0.009456969894791
15.000000000000000	1.208702759217601	-0.926673721906944	-0.009160276475185
15.000000000000000	1.263719874088401	-0.847762968515292	-0.008827138804506
15.000000000000000	1.313622002336504	-0.765521831324559	-0.008458898310573
15.000000000000000	1.358208205704099	-0.680281466367715	-0.008057037767890
15.000000000000000	1.397298951286649	-0.592385106509385	-0.007623175327025
15.000000000000000	1.430736834448528	-0.502186679368246	-0.007159057998900
15.000000000000000	1.458387212635935	-0.410049382175423	-0.006666554620189
15.000000000000000	1.480138747534938	-0.316344219307427	-0.006147648328170
15.000000000000000	1.495903853391568	-0.221448508382473	-0.005604428575337
15.000000000000000	1.505619049688736	-0.125744360935605	-0.005039082715909
15.000000000000000	1.509245216759870	-0.029617143790412	-0.004453887198126
15.000000000000000	1.506767753310010	0.066546072677167	-0.003851198397797
15.000000000000000	1.498196635210062	0.162358073134625	-0.003233443130007
15.000000000000000	1.483566375327491	0.257433056472366	-0.002603108877185
15.000000000000000	1.462935884555187	0.351388189288614	-0.001962733772895
15.000000000000000	1.436388234598085	0.443845147424396	-0.001314896381666
15.000000000000000	1.404030323472735	0.534431639341408	-0.000662205316022
15.000000000000000	1.365992445066717	0.622782905208635	-0.000007288732521
15.000000000000000	1.322427764491139	0.708543185661460	0.000647216250904
15.000000000000000	1.273511701338796	0.791367154319057	0.001298674173688
15.000000000000000	1.219441223331382	0.870921308291845	0.001944461844704
15.000000000000000	1.160434053199997	0.946885311079917	0.002581978904927
15.000000000000000	1.096727791992546	1.018953282455069	0.003208658298165
15.000000000000000	1.028578962338183	1.086835030132513	0.003821976607682
15.000000000000000	0.956261975521220	1.150257218272794	0.004419464217113
15.000000000000000	0.880068026523742	1.208964468108734	0.004998715254735
15.000000000000000	0.800303921486181	1.262720386265604	0.005557397281062
15.000000000000000	0.717290842307278	1.311308516633803	0.006093260680757
15.000000000000000	0.631363053357940	1.354533211961214	0.006604147721040
15.000000000000000	0.542866555516587	1.392220421655641	0.007088001240114
15.000000000000000	0.452157692945739	1.424218392625112	0.007542872930630


