# n	x	y	z
1.000000000000000	-0.295272788951897	-0.494641350489880	-0.021357872702725
1.000000000000000	-0.260626382176096	-0.513610770759470	-0.026753001626348
1.000000000000000	-0.224818922592146	-0.530325105326686	-0.032032333157192
1.000000000000000	-0.187994594201771	-0.544717051465446	-0.037174609290488
1.000000000000000	-0.150301675578483	-0.556728657888198	-0.042159123895182
1.000000000000000	-0.111891942802096	-0.566311558095297	-0.046965806090215
1.000000000000000	-0.072920058310027	-0.573427165129835	-0.051575301062876
1.000000000000000	-0.033542948126239	-0.578046826953693	-0.055969048003801
1.000000000000000	0.006080830024462	-0.580151941819188	-0.060129354844807
1.000000000000000	0.045791725172429	-0.579734033171743	-0.064039469498598
1.000000000000000	0.085429835558614	-0.576794783781982	-0.067683647313514
1.000000000000000	0.124835552502516	-0.571346028969810	-0.071047214471685
1.000000000000000	0.163850203090005	-0.563409708947750	-0.074116627075314
1.000000000000000	0.202316689093141	-0.553017780475457	-0.076879525683177
1.000000000000000	0.240080119549298	-0.540212088181122	-0.079324785077727
1.000000000000000	0.276988434452396	-0.525044196067925	-0.081442559062423
1.000000000000000	0.312893017044879	-0.507575179883993	-0.083224320108882
1.000000000000000	0.347649292244947	-0.487875381191918	-0.084662893694232
1.000000000000000	0.381117308799379	-0.466024124128112	-0.085752487190381
1.000000000000000	0.413162302817839	-0.442109395992507	-0.086488713188885
1.000000000000000	0.443655240419495	-0.416227492954749	-0.086868607167493
1.000000000000000	0.472473337306918	-0.388482632303515	-0.086890639427236
1.000000000000000	0.499500553175109	-0.358986532800273	-0.086554721251980
1.000000000000000	0.524628058964856	-0.327857964827257	-0.085862205265655
1.000000000000000	0.547754675078939	-0.295222272141060	-0.084815879985721
1.000000000000000	0.568787278796663	-0.261210867157566	-0.083419958594785
1.000000000000000	0.587641179246181	-0.225960701800529	-0.081680061975606
1.000000000000000	0.604240458424751	-0.189613716044517	-0.079603196077785
1.000000000000000	0.618518276893733	-0.152316266372726	-0.077197723707276
1.000000000000000	0.630417142917418	-0.114218536451082	-0.074473330852316
1.000000000000000	0.639889143961961	-0.075473932391624	-0.071440987681377
1.000000000000000	0.646896139622239	-0.036238465040232	-0.068112904370161
1.000000000000000	0.651409915199803	0.003329878223984	-0.064502481935536
1.000000000000000	0.653412295313512	0.043071769648098	-0.060624258274370
1.000000000000000	0.652895217085374	0.082827182661999	-0.056493849624551
1.000000000000000	0.649860762606916	0.122436036248905	-0.052127887683911
1.000000000000000	0.644321150555330	0.161738839535119	-0.047543952640245
1.000000000000000	0.636298686993176	0.200577334003488	-0.042760502382103
1.000000000000000	0.625825675549741	0.238795130744592	-0.037796798175386
1.000000000000000	0.612944287345723	0.276238340179688	-0.032672827105025
1.000000000000000	0.597706391185015	0.312756191719728	-0.027409221594047
1.000000000000000	0.580173344697334	0.348201640865308	-0.022027176324088
1.000000000000000	0.560415747272707	0.382431961302970	-0.016548362891892
1.000000000000000	0.538513155782642	0.415309319613690	-0.010994842545435
1.000000000000000	0.514553764232687	0.446701330279408	-0.005388977351073
1.000000000000000	0.488634048636295	0.476481588752790	0.000246659850611
1.000000000000000	0.460858378539971	0.504530180443718	0.005889376337669
1.000000000000000	0.431338596763943	0.530734163573030	0.011516450882370
1.000000000000000	0.400193569050600	0.554988023949195	0.017105225241562
1.000000000000000	0.367548705434101	0.577194099836729	0.022633195393426
1.000000000000000	0.333535455258427	0.597262975205529	0.028078102153221
1.000000000000000	0.298290777877271	0.615113839777668	0.033418020803171
1.000000000000000	0.261956591167058	0.630674814421866	0.038631449375566
1.000000000000000	0.224679200073746	0.643883240585379	0.043697395233590
1.000000000000000	0.186608707494444	0.654685932597881	0.048595459601267
1.000000000000000	0.147898409866026	0.663039391831377	0.053305919702130
1.000000000000000	0.108704179894483	0.668909981853837	0.057809808175881
1.000000000000000	0.069183838910551	0.672274063871229	0.062088989453254
1.000000000000000	0.029496521378915	0.673118091912600	0.066126232781557
1.000000000000000	-0.010197965880117	0.671438667374922	0.069905281606826
1.000000000000000	-0.049739787176276	0.667242552708065	0.073410919033233
1.000000000000000	-0.088969721551239	0.660546644184802	0.076629029096156
1.000000000000000	-0.127729803905241	0.651377903865475	0.079546653602183
1.000000000000000	-0.165863961066772	0.639773251031301	0.082152044307185
1.000000000000000	-0.203218640244154	0.625779413523453	0.084434710222349
1.000000000000000	-0.239643427328443	0.609452739586538	0.086385459857689
1.000000000000000	-0.274991652557952	0.590858970974101	0.087996438232928
1.000000000000000	-0.309120981105615	0.570072978229791	0.089261158506732
1.000000000000000	-0.341893986211107	0.547178459210101	0.090174528096935
1.000000000000000	-0.373178702549896	0.522267602062647	0.090732869186566
1.000000000000000	-0.402849157611031	0.495440714017029	0.090933933533118
1.000000000000000	-0.430785878943982	0.466805817483024	0.090776911521434
1.000000000000000	-0.456876375232034	0.436478215082467	0.090262435423733
1.000000000000000	-0.481015589255112	0.404580025366286	0.089392576853681
1.000000000000000	-0.503106320918133	0.371239691086200	0.088170838424728
1.000000000000000	-0.523059618641473	0.336591462001092	0.086602139646322
1.000000000000000	-0.540795137537593	0.300774854300613	0.084692797114782
1.000000000000000	-0.556241462931540	0.263934088822722	0.082450499078591
1.000000000000000	-0.569336397922637	0.226217510327280	0.079884274480536
1.000000000000000	-0.580027213829450	0.187776990164059	0.077004456601341
1.000000000000000	-0.588270862509578	0.148767314740412	0.073822641451191
1.000000000000000	-0.594034149699333	0.109345562251049	0.070351641076693
1.000000000000000	-0.597293868675317	0.069670470179583	0.066605431971289
1.000000000000000	-0.598036893699710	0.029901796118709	0.062599098796845
1.000000000000000	-0.596260232872987	-0.009800325517235	0.058348773643043
1.000000000000000	-0.591971040181234	-0.049276028297039	0.053871571069152
1.000000000000000	-0.585186586689578	-0.088366357498311	0.049185519189737
1.000000000000000	-0.575934190997698	-0.126913910162046	0.044309487081802
1.000000000000000	-0.564251109237472	-0.164763468898784	0.039263108805683
1.000000000000000	-0.550184385055676	-0.201762626894261	0.034066704345608
1.000000000000000	-0.533790660185827	-0.237762401597849	0.028741197788300
1.000000000000000	-0.515135946371914	-0.272617834622714	0.023308033069061
1.000000000000000	-0.494295359562400	-0.306188575442072	0.017789087624613
1.000000000000000	-0.471352817444812	-0.338339446531229	0.012206584300385
1.000000000000000	-0.446400701538830	-0.368940987679756	0.006583001866952
1.000000000000000	-0.419539485208514	-0.397869977282073	0.000940984505966
1.000000000000000	-0.390877329091526	-0.425009928507357	-0.004696749369975
1.000000000000000	-0.360529645574422	-0.450251558350902	-0.010307498596355
1.000000000000000	-0.328618634067697	-0.473493227678202	-0.015868670666320
1.000000000000000	-0.295272788951898	-0.494641350489879	-0.021357872702725


2.000000000000000	0.195103309211394	-0.301338228904680	0.107348670458673
2.000000000000000	0.217318390300640	-0.286374648393082	0.105985987039099
2.000000000000000	0.238551436670953	-0.270092722036043	0.104137678866990
2.000000000000000	0.258716950338673	-0.252558011404398	0.101811188427005
2.000000000000000	0.277733731897552	-0.233841122589094	0.099015883675028
2.000000000000000	0.295525207480106	-0.214017421895381	0.095763020316707
2.000000000000000	0.312019737093556	-0.193166732369301	0.092065696484710
2.000000000000000	0.327150903088790	-0.171373012378454	0.087938799997161
2.000000000000000	0.340857777600794	-0.148724017541286	0.083398948409652
2.000000000000000	0.353085167883667	-0.125310947366184	0.078464422102214
2.000000000000000	0.363783838552318	-0.101228078023247	0.073155090670677
2.000000000000000	0.372910709835996	-0.076572382727420	0.067492332918820
2.000000000000000	0.380429031045313	-0.051443141261584	0.061498950773475
2.000000000000000	0.386308528554304	-0.025941540211915	0.055199077469214
2.000000000000000	0.390525527701631	-0.000170265525207	0.048618080372332
2.000000000000000	0.393063048120093	0.025766910971187	0.041782458835417
2.000000000000000	0.393910872110566	0.051765549421881	0.034719737493808
2.000000000000000	0.393065585785075	0.077720962485890	0.027458355433604
2.000000000000000	0.390530592813314	0.103528636875609	0.020027551677502
2.000000000000000	0.386316100717270	0.129084654194926	0.012457247449572
2.000000000000000	0.380439079769136	0.154286109381935	0.004777925693047
2.000000000000000	0.372923194658011	0.179031525071294	-0.002979491673726
2.000000000000000	0.363798709200553	0.203221260207762	-0.010783768268945
2.000000000000000	0.353102364479269	0.226757911265561	-0.018603479025231
2.000000000000000	0.340877230899144	0.249546704457995	-0.026407136727287
2.000000000000000	0.327172534758320	0.271495877358041	-0.034163318799800
2.000000000000000	0.312043460031168	0.292517048393255	-0.041840793835058
2.000000000000000	0.295550926161904	0.312525572727168	-0.049408647350812
2.000000000000000	0.277761342763480	0.331440883094172	-0.056836406271982
2.000000000000000	0.258746342209520	0.349186814215461	-0.064094161634971
2.000000000000000	0.238582491196029	0.365691909489724	-0.071152689020515
2.000000000000000	0.217350982434332	0.380889708723663	-0.077983566230093
2.000000000000000	0.195137307716684	0.394719015743731	-0.084559287732099
2.000000000000000	0.172030913670995	0.407124144811525	-0.090853375416904
2.000000000000000	0.148124841590830	0.418055144850604	-0.096840485214861
2.000000000000000	0.123515352790955	0.427468000581838	-0.102496509147925
2.000000000000000	0.098301540997002	0.435324809757406	-0.107798672403977
2.000000000000000	0.072584933330008	0.441593935779770	-0.112725625042951
2.000000000000000	0.046469081492531	0.446250135091087	-0.117257527965506
2.000000000000000	0.020059144802494	0.449274658820106	-0.121376132798080
2.000000000000000	-0.006538533246275	0.450655328277258	-0.125064855372649
2.000000000000000	-0.033216853191760	0.450386583993938	-0.128308842505316
2.000000000000000	-0.059868390855484	0.448469508108522	-0.131095031804843
2.000000000000000	-0.086385829901773	0.444911820008982	-0.133412204270289
2.000000000000000	-0.112662393962750	0.439727845249630	-0.135251029465967
2.000000000000000	-0.138592276589091	0.432938457867170	-0.136604103091816
2.000000000000000	-0.164071067295252	0.424570996328321	-0.137465976797903
2.000000000000000	-0.188996171983638	0.414659153447455	-0.137833180123008
2.000000000000000	-0.213267226054830	0.403242840717530	-0.137704234468942
2.000000000000000	-0.236786498540400	0.390368027600594	-0.137079659054344
2.000000000000000	-0.259459285631031	0.376086556424983	-0.135961968823968
2.000000000000000	-0.281194292015326	0.360455933634566	-0.134355664321890
2.000000000000000	-0.301903998493811	0.343539098230587	-0.132267213569404
2.000000000000000	-0.321505014387859	0.325404168338528	-0.129705026020586
2.000000000000000	-0.339918413324522	0.306124166920454	-0.126679418700386
2.000000000000000	-0.357070051045176	0.285776727737318	-0.123202574661614
2.000000000000000	-0.372890863958283	0.264443782745209	-0.119288493928082
2.000000000000000	-0.387317147234099	0.242211232184280	-0.114952937121456
2.000000000000000	-0.400290811321541	0.219168598688800	-0.110213361998786
2.000000000000000	-0.411759615854300	0.195408666811102	-0.105088853156289
2.000000000000000	-0.421677380004368	0.171027109410937	-0.099600045182411
2.000000000000000	-0.430004168435925	0.146122102414637	-0.093769039569620
2.000000000000000	-0.436706452110845	0.120793929495308	-0.087619315719503
2.000000000000000	-0.441757243298299	0.095144578265876	-0.081175636399498
2.000000000000000	-0.445136204244819	0.069277329610964	-0.074463948031970
2.000000000000000	-0.446829729067257	0.043296341811220	-0.067511276217126
2.000000000000000	-0.446830998538874	0.017306231134686	-0.060345616910461
2.000000000000000	-0.445140007547953	-0.008588349415990	-0.052995823692931
2.000000000000000	-0.441763565118392	-0.034283131504263	-0.045491491587757
2.000000000000000	-0.436715266992159	-0.059674651311476	-0.037862837891721
2.000000000000000	-0.430015440884044	-0.084660666149144	-0.030140580500769
2.000000000000000	-0.421691064629122	-0.109140566154173	-0.022355814219894
2.000000000000000	-0.411775657552534	-0.133015779409273	-0.014539885555322
2.000000000000000	-0.400309145498998	-0.156190168857272	-0.006724266493204
2.000000000000000	-0.387337700065519	-0.178570419411120	0.001059572226972
2.000000000000000	-0.372913552684666	-0.200066413700806	0.008780287833936
2.000000000000000	-0.357094784307030	-0.220591594944202	0.016406791730919
2.000000000000000	-0.339945091529731	-0.240063315480678	0.023908374678454
2.000000000000000	-0.321533530112706	-0.258403169564054	0.031254830449648
2.000000000000000	-0.301934236915536	-0.275537309074874	0.038416577459997
2.000000000000000	-0.281226131374478	-0.291396740880716	0.045364777881984
2.000000000000000	-0.259492597721747	-0.305917604647185	0.052071453764833
2.000000000000000	-0.236821149226650	-0.319041429980943	0.058509599691843
2.000000000000000	-0.213303075810529	-0.330715371869341	0.064653291521671
2.000000000000000	-0.189033076454473	-0.340892423468642	0.070477790775695
2.000000000000000	-0.164108877879943	-0.349531605383981	0.075959644251140
2.000000000000000	-0.138630841037760	-0.356598130678932	0.081076778458846
2.000000000000000	-0.112701556989973	-0.362063544950216	0.085808588505420
2.000000000000000	-0.086425433811861	-0.365905840903547	0.090136021061866
2.000000000000000	-0.059908276177470	-0.368109546969237	0.094041651084621
2.000000000000000	-0.033256859321529	-0.368665789600743	0.097509751980050
2.000000000000000	-0.006578499093263	-0.367572329005309	0.100526358929893
2.000000000000000	0.020019380166648	-0.364833568162824	0.103079325122655
2.000000000000000	0.046429678185981	-0.360460535096572	0.105158370664530
2.000000000000000	0.072546050015961	-0.354470838467276	0.106755123972909
2.000000000000000	0.098263334244841	-0.346888596669236	0.107863155485782
2.000000000000000	0.123477976445786	-0.337744340714068	0.108478003551320
2.000000000000000	0.148088446154003	-0.327074891293094	0.108597192393370
2.000000000000000	0.171995645694089	-0.314923210513418	0.108220242080532
2.000000000000000	0.195103309211394	-0.301338228904680	0.107348670458673


3.000000000000000	0.070218104462066	-0.365771964186896	0.002684403704432
3.000000000000000	0.096979923689090	-0.359729053866459	0.003809982678206
3.000000000000000	0.123301797947332	-0.351980099084501	0.004918330089553
3.000000000000000	0.149077738339295	-0.342556302146983	0.006004983014633
3.000000000000000	0.174203954250479	-0.331495609358103	0.007065565885643
3.000000000000000	0.198579271277550	-0.318842558223918	0.008095808109687
3.000000000000000	0.222105538621957	-0.304648098115531	0.009091561264948
3.000000000000000	0.244688024308553	-0.288969385113952	0.010048815804913
3.000000000000000	0.266235796637826	-0.271869551862735	0.010963717203408
3.000000000000000	0.286662090335757	-0.253417453355101	0.011832581475409
3.000000000000000	0.305884655926960	-0.233687389679189	0.012651910011153
3.000000000000000	0.323826090924281	-0.212758806837817	0.013418403663804
3.000000000000000	0.340414151501306	-0.190715976847476	0.014128976033952
3.000000000000000	0.355582043392742	-0.167647658404658	0.014780765897453
3.000000000000000	0.369268690851356	-0.143646739485911	0.015371148726574
3.000000000000000	0.381418982578450	-0.118809863320747	0.015897747258033
3.000000000000000	0.391983993637607	-0.093237039243463	0.016358441065403
3.000000000000000	0.400921182458147	-0.067031239990848	0.016751375097322
3.000000000000000	0.408194562135015	-0.040297987067320	0.017074967147126
3.000000000000000	0.413774845335347	-0.013144925847067	0.017327914223840
3.000000000000000	0.417639562228221	0.014318607875882	0.017509197798864
3.000000000000000	0.419773150962737	0.041982028144307	0.017618087907222
3.000000000000000	0.420167020330098	0.069733944128419	0.017654146086881
3.000000000000000	0.418819584357375	0.097462608657416	0.017617227144278
3.000000000000000	0.415736268693661	0.125056368185898	0.017507479738964
3.000000000000000	0.410929488762898	0.152404112383291	0.017325345785006
3.000000000000000	0.404418599771343	0.179395721535926	0.017071558671554
3.000000000000000	0.396229818770987	0.205922509960268	0.016747140309740
3.000000000000000	0.386396119092740	0.231877663641795	0.016353397017807
3.000000000000000	0.374957097574464	0.257156670337341	0.015891914261021
3.000000000000000	0.361958815118480	0.281657740409013	0.015364550267567
3.000000000000000	0.347453611220576	0.305282216695130	0.014773428546117
3.000000000000000	0.331499893217328	0.327934971767802	0.014120929335209
3.000000000000000	0.314161901100369	0.349524790977498	0.013409680018872
3.000000000000000	0.295509448844619	0.369964739742253	0.012642544547070
3.000000000000000	0.275617643292043	0.389172513602545	0.011822611903594
3.000000000000000	0.254566581722915	0.407070769632302	0.010953183667808
3.000000000000000	0.232441029332331	0.423587437871570	0.010037760720358
3.000000000000000	0.209330077910693	0.438656011526804	0.009080029146361
3.000000000000000	0.185326787102508	0.452215814770255	0.008083845392841
3.000000000000000	0.160527809688051	0.464212247060109	0.007053220740175
3.000000000000000	0.135033002396724	0.474597002997601	0.005992305150087
3.000000000000000	0.108945023819257	0.483328266835805	0.004905370555216
3.000000000000000	0.082368921037790	0.490370880856890	0.003796793657548
3.000000000000000	0.055411706638356	0.495696486939840	0.002671038304984
3.000000000000000	0.028181927808959	0.499283640748599	0.001532637517001
3.000000000000000	0.000789229258366	0.501117898080842	0.000386175231781
3.000000000000000	-0.026656088284444	0.501191873029681	-0.000763732151691
3.000000000000000	-0.054043512212378	0.499505267724107	-0.001912454362233
3.000000000000000	-0.081262763035500	0.496064873528409	-0.003055365900939
3.000000000000000	-0.108204238437609	0.490884543695747	-0.004187864666425
3.000000000000000	-0.134759454606088	0.483985137585991	-0.005305390485872
3.000000000000000	-0.160821483057925	0.475394436672445	-0.006403443477227
3.000000000000000	-0.186285381202973	0.465147032675651	-0.007477602168647
3.000000000000000	-0.211048614910728	0.453284188274748	-0.008523541302197
3.000000000000000	-0.235011471379076	0.439853670957221	-0.009537049250146
3.000000000000000	-0.258077460642562	0.424909560676091	-0.010514044973698
3.000000000000000	-0.280153704103417	0.408512032089028	-0.011450594455898
3.000000000000000	-0.301151308520899	0.390727112256248	-0.012342926542532
3.000000000000000	-0.320985723952990	0.371626414772841	-0.013187448127229
3.000000000000000	-0.339577084209180	0.351286851406099	-0.013980758619636
3.000000000000000	-0.356850528443421	0.329790322398979	-0.014719663638395
3.000000000000000	-0.372736502592338	0.307223386686727	-0.015401187873788
3.000000000000000	-0.387171039444886	0.283676913354596	-0.016022587068256
3.000000000000000	-0.400096016215743	0.259245715740114	-0.016581359066565
3.000000000000000	-0.411459388585240	0.234028169653235	-0.017075253891091
3.000000000000000	-0.421215400263478	0.208125817251675	-0.017502282801693
3.000000000000000	-0.429324767234751	0.181642958166483	-0.017860726303665
3.000000000000000	-0.435754835940418	0.154686229524233	-0.018149141071536
3.000000000000000	-0.440479714763253	0.127364176556958	-0.018366365760829
3.000000000000000	-0.443480378283853	0.099786815528810	-0.018511525684389
3.000000000000000	-0.444744743889285	0.072065190739391	-0.018584036334437
3.000000000000000	-0.444267720425508	0.044310927387553	-0.018583605736177
3.000000000000000	-0.442051228697647	0.016635782096120	-0.018510235623477
3.000000000000000	-0.438104193735593	-0.010848807092590	-0.018364221431884
3.000000000000000	-0.432442508856057	-0.038032169438427	-0.018146151109014
3.000000000000000	-0.425088971665793	-0.064804847135425	-0.017856902747090
3.000000000000000	-0.416073192263680	-0.091059036059746	-0.017497641047177
3.000000000000000	-0.405431474011308	-0.116689019858846	-0.017069812629342
3.000000000000000	-0.393206667352151	-0.141591595633907	-0.016575140207623
3.000000000000000	-0.379447997267956	-0.165666489501493	-0.016015615653272
3.000000000000000	-0.364210865067115	-0.188816760361083	-0.015393491974189
3.000000000000000	-0.347556625303150	-0.210949190242669	-0.014711274242853
3.000000000000000	-0.329552338721581	-0.231974659662622	-0.013971709509285
3.000000000000000	-0.310270502229970	-0.251808506476394	-0.013177775739643
3.000000000000000	-0.289788756978466	-0.270370866783101	-0.012332669825002
3.000000000000000	-0.268189575726291	-0.287586996509256	-0.011439794708606
3.000000000000000	-0.245559930753052	-0.303387572376778	-0.010502745683413
3.000000000000000	-0.221990943652065	-0.317708971043363	-0.009525295915124
3.000000000000000	-0.197577518415856	-0.330493525291229	-0.008511381248969
3.000000000000000	-0.172417959291287	-0.341689756232649	-0.007465084361455
3.000000000000000	-0.146613574943043	-0.351252580597262	-0.006390618320863
3.000000000000000	-0.120268270519396	-0.359143492266490	-0.005292309622714
3.000000000000000	-0.093488129262850	-0.365330717324090	-0.004174580768493
3.000000000000000	-0.066380985350362	-0.369789341998497	-0.003041932457800
3.000000000000000	-0.039055989683169	-0.372501412981791	-0.001898925465622
3.000000000000000	-0.011623170374636	-0.373456009721332	-0.000750162277699
3.000000000000000	0.015807010294124	-0.372649288392967	0.000399731442059
3.000000000000000	0.043124100666869	-0.370084497378760	0.001546125477492
3.000000000000000	0.070218104462066	-0.365771964186896	0.002684403704432


4.000000000000000	0.881144275014027	-0.678092970588764	0.071542902171685
4.000000000000000	0.926793851463321	-0.614627495891774	0.072018666024110
4.000000000000000	0.968316371490169	-0.548383015056053	0.072172349827025
4.000000000000000	1.005544638561537	-0.479626271225349	0.072003334749999
4.000000000000000	1.038328747585415	-0.408634123539806	0.071512301357093
4.000000000000000	1.066536688525709	-0.335692432321915	0.070701226866474
4.000000000000000	1.090054877960071	-0.261094908017897	0.069573377188851
4.000000000000000	1.108788616440246	-0.185141928529393	0.068133293776808
4.000000000000000	1.122662469813331	-0.108139329697671	0.066386775337978
4.000000000000000	1.131620572968483	-0.030397173810640	0.064340854485692
4.000000000000000	1.135626854786003	0.047771498908554	0.062003769421125
4.000000000000000	1.134665183383003	0.126051930804014	0.059384930760973
4.000000000000000	1.128739431070809	0.204128914205091	0.056494883644219
4.000000000000000	1.117873458762523	0.281688060656410	0.053345265270577
4.000000000000000	1.102111019893553	0.358417066849232	0.049948758041600
4.000000000000000	1.081515584241972	0.434006972156642	0.046319038493122
4.000000000000000	1.056170082358115	0.508153402708953	0.042470722224679
4.000000000000000	1.026176571632535	0.580557796999852	0.038419305047644
4.000000000000000	0.991655825346898	0.650928608088208	0.034181100589066
4.000000000000000	0.952746846362616	0.718982477554709	0.029773174602454
4.000000000000000	0.909606307405376	0.784445376486202	0.025213276250004
4.000000000000000	0.862407920199375	0.847053708893412	0.020519766632994
4.000000000000000	0.811341735991514	0.906555373118956	0.015711544858107
4.000000000000000	0.756613380282108	0.962710776961740	0.010807971937399
4.000000000000000	0.698443224843565	1.015293802430188	0.005828792828335
4.000000000000000	0.637065500361044	1.064092716239590	0.000794056927818
4.000000000000000	0.572727353268149	1.108911022387309	-0.004275962659659
4.000000000000000	0.505687850575476	1.149568253372828	-0.009360850754650
4.000000000000000	0.436216936699193	1.185900696876687	-0.014440132307476
4.000000000000000	0.364594346490154	1.217762054972204	-0.019493354844024
4.000000000000000	0.291108478840384	1.245024033215597	-0.024500170820643
4.000000000000000	0.216055235402529	1.267576857242424	-0.029440419556520
4.000000000000000	0.139736829098339	1.285329714790210	-0.034294208413625
4.000000000000000	0.062460567213895	1.298211121367367	-0.039041992897345
4.000000000000000	-0.015462386018369	1.306169208096025	-0.043664655355265
4.000000000000000	-0.093718262368208	1.309171930569681	-0.048143581957208
4.000000000000000	-0.171991953041485	1.307207197884728	-0.052460737646556
4.000000000000000	-0.249968277512071	1.300282921326248	-0.056598738761061
4.000000000000000	-0.327333252642579	1.288426982512062	-0.060540923030717
4.000000000000000	-0.403775356983645	1.271687121123293	-0.064271416670840
4.000000000000000	-0.478986785160852	1.250130742673527	-0.067775198300195
4.000000000000000	-0.552664687298337	1.223844647090588	-0.071038159426799
4.000000000000000	-0.624512388488346	1.192934679203879	-0.074047161257837
4.000000000000000	-0.694240583396387	1.157525302544595	-0.076790087604943
4.000000000000000	-0.761568501191696	1.117759098175028	-0.079255893671817
4.000000000000000	-0.826225036112282	1.073796190564937	-0.081434650527718
4.000000000000000	-0.887949839112140	1.025813602826835	-0.083317585087766
4.000000000000000	-0.946494366194974	0.974004543906388	-0.084897115439058
4.000000000000000	-1.001622879213148	0.918577630598184	-0.086166881370354
4.000000000000000	-1.053113395102002	0.859756047519532	-0.087121769982405
4.000000000000000	-1.100758579727309	0.797776648424778	-0.087757936275793
4.000000000000000	-1.144366582746654	0.732889002478833	-0.088072818633385
4.000000000000000	-1.183761810123051	0.665354389330232	-0.088065149135062
4.000000000000000	-1.218785631180155	0.595444747030205	-0.087734958663188
4.000000000000000	-1.249297017352009	0.523441577034118	-0.087083576778254
4.000000000000000	-1.275173110055301	0.449634810694478	-0.086113626365209
4.000000000000000	-1.296309715397523	0.374321641809695	-0.084829013072029
4.000000000000000	-1.312621723728993	0.297805329929555	-0.083234909583050
4.000000000000000	-1.324043452349383	0.220393979236044	-0.081337734790392
4.000000000000000	-1.330528909988766	0.142399297916551	-0.079145127947349
4.000000000000000	-1.332051981998230	0.064135343025011	-0.076665917907812
4.000000000000000	-1.328606535504353	-0.014082744115000	-0.073910087575588
4.000000000000000	-1.320206444104115	-0.091940006873158	-0.070888733706771
4.000000000000000	-1.306885532000825	-0.169122941531571	-0.067614022227024
4.000000000000000	-1.288697437805992	-0.245320759653605	-0.064099139243686
4.000000000000000	-1.265715398555563	-0.320226639519228	-0.060358237949976
4.000000000000000	-1.238031954810231	-0.393538961587785	-0.056406381635074
4.000000000000000	-1.205758578027261	-0.464962523013432	-0.052259483029579
4.000000000000000	-1.169025221704269	-0.534209726322810	-0.047934240230552
4.000000000000000	-1.127979798102361	-0.601001737468560	-0.043448069464178
4.000000000000000	-1.082787582655652	-0.665069608595625	-0.038819034956767
4.000000000000000	-1.033630548465439	-0.726155360999328	-0.034065776196491
4.000000000000000	-0.980706633558734	-0.784013023914578	-0.029207432878745
4.000000000000000	-0.924228943861702	-0.838409624953315	-0.024263567837348
4.000000000000000	-0.864424895097302	-0.889126128202099	-0.019254088271914
4.000000000000000	-0.801535297062445	-0.935958316202420	-0.014199165588590
4.000000000000000	-0.735813383971924	-0.978717612262330	-0.009119154176917
4.000000000000000	-0.667523794773616	-1.017231839788223	-0.004034509449891
4.000000000000000	-0.596941507540834	-1.051345915579209	0.001034294522764
4.000000000000000	-0.524350732232691	-1.080922474292427	0.006066847456454
4.000000000000000	-0.450043766280887	-1.105842421564802	0.011042885036723
4.000000000000000	-0.374319817611131	-1.126005413564009	0.015942370516497
4.000000000000000	-0.297483799838421	-1.141330261037667	0.020745575396992
4.000000000000000	-0.219845104487534	-1.151755256233811	0.025433158867415
4.000000000000000	-0.141716355182553	-1.157238421376223	0.029986245683584
4.000000000000000	-0.063412148821873	-1.157757677694123	0.034386502171874
4.000000000000000	0.014752211192471	-1.153310934325588	0.038616210052450
4.000000000000000	0.092461984570326	-1.143916096736712	0.042658337784525
4.000000000000000	0.169404261481479	-1.129610994622616	0.046496609146367
4.000000000000000	0.245269222533107	-1.110453229580617	0.050115568773896
4.000000000000000	0.319751386303120	-1.086519943168925	0.053500644393980
4.000000000000000	0.392550839406031	-1.057907506284816	0.056638205501839
4.000000000000000	0.463374444138308	-1.024731131113041	0.059515618246273
4.000000000000000	0.531937018840446	-0.987124407207021	0.062121296301727
4.000000000000000	0.597962486222851	-0.945238763570868	0.064444747522329
4.000000000000000	0.661184985031652	-0.899242858908228	0.066476616190061
4.000000000000000	0.721349940578134	-0.849321902493207	0.068208720686933
4.000000000000000	0.778215089821155	-0.795676908398001	0.069634086439472
4.000000000000000	0.831551456874915	-0.738523886080163	0.070746974002866
4.000000000000000	0.881144275014027	-0.678092970588764	0.071542902171685


5.000000000000000	nan	nan	nan
5.000000000000000	nan	nan	nan
5.000000000000000	nan	nan	nan
5.000000000000000	nan	nan	nan
5.000000000000000	nan	nan	nan
5.000000000000000	nan	nan	nan
5.000000000000000	nan	nan	nan
5.000000000000000	nan	nan	nan
5.000000000000000	nan	nan	nan
5.000000000000000	nan	nan	nan
5.000000000000000	nan	nan	nan
5.000000000000000	nan	nan	nan
5.000000000000000	nan	nan	nan
5.000000000000000	nan	nan	nan
5.000000000000000	nan	nan	nan
5.000000000000000	nan	nan	nan
5.000000000000000	nan	nan	nan
5.000000000000000	nan	nan	nan
5.000000000000000	nan	nan	nan
5.000000000000000	nan	nan	nan
5.000000000000000	nan	nan	nan
5.000000000000000	nan	nan	nan
5.000000000000000	nan	nan	nan
5.000000000000000	nan	nan	nan
5.000000000000000	nan	nan	nan
5.000000000000000	nan	nan	nan
5.000000000000000	nan	nan	nan
5.000000000000000	nan	nan	nan
5.000000000000000	nan	nan	nan
5.000000000000000	nan	nan	nan
5.000000000000000	nan	nan	nan
5.000000000000000	nan	nan	nan
5.000000000000000	nan	nan	nan
5.000000000000000	nan	nan	nan
5.000000000000000	nan	nan	nan
5.000000000000000	nan	nan	nan
5.000000000000000	nan	nan	nan
5.000000000000000	nan	nan	nan
5.000000000000000	nan	nan	nan
5.000000000000000	nan	nan	nan
5.000000000000000	nan	nan	nan
5.000000000000000	nan	nan	nan
5.000000000000000	nan	nan	nan
5.000000000000000	nan	nan	nan
5.000000000000000	nan	nan	nan
5.000000000000000	nan	nan	nan
5.000000000000000	nan	nan	nan
5.000000000000000	nan	nan	nan
5.000000000000000	nan	nan	nan
5.000000000000000	nan	nan	nan
5.000000000000000	nan	nan	nan
5.000000000000000	nan	nan	nan
5.000000000000000	nan	nan	nan
5.000000000000000	nan	nan	nan
5.000000000000000	nan	nan	nan
5.000000000000000	nan	nan	nan
5.000000000000000	nan	nan	nan
5.000000000000000	nan	nan	nan
5.000000000000000	nan	nan	nan
5.000000000000000	nan	nan	nan
5.000000000000000	nan	nan	nan
5.000000000000000	nan	nan	nan
5.000000000000000	nan	nan	nan
5.000000000000000	nan	nan	nan
5.000000000000000	nan	nan	nan
5.000000000000000	nan	nan	nan
5.000000000000000	nan	nan	nan
5.000000000000000	nan	nan	nan
5.000000000000000	nan	nan	nan
5.000000000000000	nan	nan	nan
5.000000000000000	nan	nan	nan
5.000000000000000	nan	nan	nan
5.000000000000000	nan	nan	nan
5.000000000000000	nan	nan	nan
5.000000000000000	nan	nan	nan
5.000000000000000	nan	nan	nan
5.000000000000000	nan	nan	nan
5.000000000000000	nan	nan	nan
5.000000000000000	nan	nan	nan
5.000000000000000	nan	nan	nan
5.000000000000000	nan	nan	nan
5.000000000000000	nan	nan	nan
5.000000000000000	nan	nan	nan
5.000000000000000	nan	nan	nan
5.000000000000000	nan	nan	nan
5.000000000000000	nan	nan	nan
5.000000000000000	nan	nan	nan
5.000000000000000	nan	nan	nan
5.000000000000000	nan	nan	nan
5.000000000000000	nan	nan	nan
5.000000000000000	nan	nan	nan
5.000000000000000	nan	nan	nan
5.000000000000000	nan	nan	nan
5.000000000000000	nan	nan	nan
5.000000000000000	nan	nan	nan
5.000000000000000	nan	nan	nan
5.000000000000000	nan	nan	nan
5.000000000000000	nan	nan	nan
5.000000000000000	nan	nan	nan
5.000000000000000	nan	nan	nan


6.000000000000000	nan	nan	nan
6.000000000000000	nan	nan	nan
6.000000000000000	nan	nan	nan
6.000000000000000	nan	nan	nan
6.000000000000000	nan	nan	nan
6.000000000000000	nan	nan	nan
6.000000000000000	nan	nan	nan
6.000000000000000	nan	nan	nan
6.000000000000000	nan	nan	nan
6.000000000000000	nan	nan	nan
6.000000000000000	nan	nan	nan
6.000000000000000	nan	nan	nan
6.000000000000000	nan	nan	nan
6.000000000000000	nan	nan	nan
6.000000000000000	nan	nan	nan
6.000000000000000	nan	nan	nan
6.000000000000000	nan	nan	nan
6.000000000000000	nan	nan	nan
6.000000000000000	nan	nan	nan
6.000000000000000	nan	nan	nan
6.000000000000000	nan	nan	nan
6.000000000000000	nan	nan	nan
6.000000000000000	nan	nan	nan
6.000000000000000	nan	nan	nan
6.000000000000000	nan	nan	nan
6.000000000000000	nan	nan	nan
6.000000000000000	nan	nan	nan
6.000000000000000	nan	nan	nan
6.000000000000000	nan	nan	nan
6.000000000000000	nan	nan	nan
6.000000000000000	nan	nan	nan
6.000000000000000	nan	nan	nan
6.000000000000000	nan	nan	nan
6.000000000000000	nan	nan	nan
6.000000000000000	nan	nan	nan
6.000000000000000	nan	nan	nan
6.000000000000000	nan	nan	nan
6.000000000000000	nan	nan	nan
6.000000000000000	nan	nan	nan
6.000000000000000	nan	nan	nan
6.000000000000000	nan	nan	nan
6.000000000000000	nan	nan	nan
6.000000000000000	nan	nan	nan
6.000000000000000	nan	nan	nan
6.000000000000000	nan	nan	nan
6.000000000000000	nan	nan	nan
6.000000000000000	nan	nan	nan
6.000000000000000	nan	nan	nan
6.000000000000000	nan	nan	nan
6.000000000000000	nan	nan	nan
6.000000000000000	nan	nan	nan
6.000000000000000	nan	nan	nan
6.000000000000000	nan	nan	nan
6.000000000000000	nan	nan	nan
6.000000000000000	nan	nan	nan
6.000000000000000	nan	nan	nan
6.000000000000000	nan	nan	nan
6.000000000000000	nan	nan	nan
6.000000000000000	nan	nan	nan
6.000000000000000	nan	nan	nan
6.000000000000000	nan	nan	nan
6.000000000000000	nan	nan	nan
6.000000000000000	nan	nan	nan
6.000000000000000	nan	nan	nan
6.000000000000000	nan	nan	nan
6.000000000000000	nan	nan	nan
6.000000000000000	nan	nan	nan
6.000000000000000	nan	nan	nan
6.000000000000000	nan	nan	nan
6.000000000000000	nan	nan	nan
6.000000000000000	nan	nan	nan
6.000000000000000	nan	nan	nan
6.000000000000000	nan	nan	nan
6.000000000000000	nan	nan	nan
6.000000000000000	nan	nan	nan
6.000000000000000	nan	nan	nan
6.000000000000000	nan	nan	nan
6.000000000000000	nan	nan	nan
6.000000000000000	nan	nan	nan
6.000000000000000	nan	nan	nan
6.000000000000000	nan	nan	nan
6.000000000000000	nan	nan	nan
6.000000000000000	nan	nan	nan
6.000000000000000	nan	nan	nan
6.000000000000000	nan	nan	nan
6.000000000000000	nan	nan	nan
6.000000000000000	nan	nan	nan
6.000000000000000	nan	nan	nan
6.000000000000000	nan	nan	nan
6.000000000000000	nan	nan	nan
6.000000000000000	nan	nan	nan
6.000000000000000	nan	nan	nan
6.000000000000000	nan	nan	nan
6.000000000000000	nan	nan	nan
6.000000000000000	nan	nan	nan
6.000000000000000	nan	nan	nan
6.000000000000000	nan	nan	nan
6.000000000000000	nan	nan	nan
6.000000000000000	nan	nan	nan
6.000000000000000	nan	nan	nan


7.000000000000000	0.615059357381896	-0.064257152991449	-0.017567012113178
7.000000000000000	0.618046448982723	-0.023499441074055	-0.016345980148220
7.000000000000000	0.618440059876673	0.017363846273251	-0.015056134709521
7.000000000000000	0.616238605131600	0.058168167014764	-0.013702669549419
7.000000000000000	0.611450949228771	0.098749216552489	-0.012291034594417
7.000000000000000	0.604096370368734	0.138943589322765	-0.010826914000252
7.000000000000000	0.594204482844805	0.178589436772800	-0.009316203263803
7.000000000000000	0.581815117796764	0.217527119067669	-0.007764985484011
7.000000000000000	0.566978162824910	0.255599847903580	-0.006179506867381
7.000000000000000	0.549753361110303	0.292654317839046	-0.004566151576719
7.000000000000000	0.530210070850062	0.328541323601780	-0.002931416024356
7.000000000000000	0.508426985976382	0.363116360885670	-0.001281882713391
7.000000000000000	0.484491819283846	0.396240208218619	0.000375806267724
7.000000000000000	0.458500949240956	0.427779487558271	0.002034975990533
7.000000000000000	0.430559031908059	0.457607201358319	0.003688945564157
7.000000000000000	0.400778579524330	0.485603243942795	0.005331055036881
7.000000000000000	0.369279507460693	0.511654885129241	0.006954692213430
7.000000000000000	0.336188651362946	0.535657224153362	0.008553319279946
7.000000000000000	0.301639256429384	0.557513612067385	0.010120499129460
7.000000000000000	0.265770440879411	0.577136040911256	0.011649921281842
7.000000000000000	0.228726635773572	0.594445498089635	0.013135427293886
7.000000000000000	0.190657003440646	0.609372284527730	0.014571035557181
7.000000000000000	0.151714836853601	0.621856295324869	0.015950965383939
7.000000000000000	0.112056942372886	0.631847261775728	0.017269660283786
7.000000000000000	0.071843008342568	0.639304953784659	0.018521810337786
7.000000000000000	0.031234962081732	0.644199341858085	0.019702373579609
7.000000000000000	-0.009603682139689	0.646510718022681	0.020806596297753
7.000000000000000	-0.050508481515160	0.646229775182417	0.021830032177061
7.000000000000000	-0.091314726854688	0.643357644594954	0.022768560202462
7.000000000000000	-0.131858105810603	0.637905891316466	0.023618401252845
7.000000000000000	-0.171975364505382	0.629896467633244	0.024376133318247
7.000000000000000	-0.211504964897397	0.619361624667585	0.025038705279077
7.000000000000000	-0.250287735237596	0.606343782513903	0.025603449191899
7.000000000000000	-0.288167510997956	0.590895359427985	0.026068091032299
7.000000000000000	-0.324991763690921	0.573078560757174	0.026430759851579
7.000000000000000	-0.360612215047786	0.552965128461389	0.026689995310404
7.000000000000000	-0.394885434082954	0.530636052233574	0.026844753559079
7.000000000000000	-0.427673414639890	0.506181243382791	0.026894411440755
7.000000000000000	-0.458844131093204	0.479699172793108	0.026838769000671
7.000000000000000	-0.488272069969249	0.451296474416110	0.026678050291294
7.000000000000000	-0.515838735344578	0.421087515893605	0.026412902470141
7.000000000000000	-0.541433125987209	0.389193938039499	0.026044393193907
7.000000000000000	-0.564952182319403	0.355744165035171	0.025574006319383
7.000000000000000	-0.586301201402215	0.320872887310620	0.025003635928494
7.000000000000000	-0.605394218270803	0.284720519193644	0.024335578701494
7.000000000000000	-0.622154352084997	0.247432633510896	0.023572524669050
7.000000000000000	-0.636514115701313	0.209159375417494	0.022717546380436
7.000000000000000	-0.648415687419857	0.170054857815472	0.021774086531461
7.000000000000000	-0.657811143811904	0.130276540795517	0.020745944101947
7.000000000000000	-0.664662652690630	0.089984597600760	0.019637259058583
7.000000000000000	-0.668942625447980	0.049341269665655	0.018452495684735
7.000000000000000	-0.670633828144247	0.008510213326989	0.017196424604353
7.000000000000000	-0.669729450903075	-0.032344159162431	0.015874103572358
7.000000000000000	-0.666233135332419	-0.073057341663884	0.014490857108838
7.000000000000000	-0.660158959861079	-0.113465396560903	0.013052255059095
7.000000000000000	-0.651531383049836	-0.153405614878188	0.011564090165837
7.000000000000000	-0.640385145105460	-0.192717171453227	0.010032354743851
7.000000000000000	-0.626765127994156	-0.231241772522460	0.008463216551065
7.000000000000000	-0.610726174717733	-0.268824293114400	0.006862993953164
7.000000000000000	-0.592332868480185	-0.305313401683139	0.005238130481760
7.000000000000000	-0.571659272633929	-0.340562169467075	0.003595168888568
7.000000000000000	-0.548788632452820	-0.374428662119175	0.001940724800050
7.000000000000000	-0.523813039932818	-0.406776511226496	0.000281460078626
7.000000000000000	-0.496833062970022	-0.437475463417655	-0.001375944002299
7.000000000000000	-0.467957340409245	-0.466401904847182	-0.003024813661462
7.000000000000000	-0.437302144593733	-0.493439358944848	-0.004658509482703
7.000000000000000	-0.404990913177476	-0.518478955425702	-0.006270453149553
7.000000000000000	-0.371153752085338	-0.541419868672285	-0.007854153933791
7.000000000000000	-0.335926911622424	-0.562169723723805	-0.009403234831316
7.000000000000000	-0.299452237842182	-0.580644968237503	-0.010911458240092
7.000000000000000	-0.261876601382417	-0.596771208924444	-0.012372751076770
7.000000000000000	-0.223351306069066	-0.610483511105038	-0.013781229230851
7.000000000000000	-0.184031479669093	-0.621726660178076	-0.015131221257923
7.000000000000000	-0.144075449245722	-0.630455383950438	-0.016417291216563
7.000000000000000	-0.103644103631237	-0.636634534932244	-0.017634260556958
7.000000000000000	-0.062900245584437	-0.640239231863382	-0.018777228973097
7.000000000000000	-0.022007936241383	-0.641254959901565	-0.019841594134570
7.000000000000000	0.018868165500884	-0.639677629068479	-0.020823070218535
7.000000000000000	0.059563466007615	-0.635513590718680	-0.021717705167206
7.000000000000000	0.099914099666821	-0.628779611964930	-0.022521896601401
7.000000000000000	0.139757588718261	-0.619502808162956	-0.023232406326050
7.000000000000000	0.178933497494037	-0.607720533727477	-0.023846373369260
7.000000000000000	0.217284078436401	-0.593480231719165	-0.024361325502445
7.000000000000000	0.254654907291497	-0.576839242808182	-0.024775189195113
7.000000000000000	0.290895504921327	-0.557864574383539	-0.025086297964245
7.000000000000000	0.325859943230128	-0.536632630737991	-0.025293399084632
7.000000000000000	0.359407432765312	-0.513228905414916	-0.025395658633156
7.000000000000000	0.391402889626897	-0.487747636955992	-0.025392664846708
7.000000000000000	0.421717479402699	-0.460291429435847	-0.025284429780208
7.000000000000000	0.450229135939038	-0.430970839311667	-0.025071389258070
7.000000000000000	0.476823052858052	-0.399903930251364	-0.024754401119283
7.000000000000000	0.501392145842465	-0.367215797732851	-0.024334741763205
7.000000000000000	0.523837483826338	-0.333038065328708	-0.023814101009946
7.000000000000000	0.544068687355552	-0.297508354704507	-0.023194575296061
7.000000000000000	0.562004292513972	-0.260769731464944	-0.022478659232945
7.000000000000000	0.577572078949886	-0.222970129079135	-0.021669235561903
7.000000000000000	0.590709360681868	-0.184261753204754	-0.020769563546380
7.000000000000000	0.601363238513106	-0.144800468809568	-0.019783265848047
7.000000000000000	0.609490813037793	-0.104745172558220	-0.018714313939628
7.000000000000000	0.615059357381896	-0.064257152991449	-0.017567012113178


8.000000000000000	nan	nan	nan
8.000000000000000	nan	nan	nan
8.000000000000000	nan	nan	nan
8.000000000000000	nan	nan	nan
8.000000000000000	nan	nan	nan
8.000000000000000	nan	nan	nan
8.000000000000000	nan	nan	nan
8.000000000000000	nan	nan	nan
8.000000000000000	nan	nan	nan
8.000000000000000	nan	nan	nan
8.000000000000000	nan	nan	nan
8.000000000000000	nan	nan	nan
8.000000000000000	nan	nan	nan
8.000000000000000	nan	nan	nan
8.000000000000000	nan	nan	nan
8.000000000000000	nan	nan	nan
8.000000000000000	nan	nan	nan
8.000000000000000	nan	nan	nan
8.000000000000000	nan	nan	nan
8.000000000000000	nan	nan	nan
8.000000000000000	nan	nan	nan
8.000000000000000	nan	nan	nan
8.000000000000000	nan	nan	nan
8.000000000000000	nan	nan	nan
8.000000000000000	nan	nan	nan
8.000000000000000	nan	nan	nan
8.000000000000000	nan	nan	nan
8.000000000000000	nan	nan	nan
8.000000000000000	nan	nan	nan
8.000000000000000	nan	nan	nan
8.000000000000000	nan	nan	nan
8.000000000000000	nan	nan	nan
8.000000000000000	nan	nan	nan
8.000000000000000	nan	nan	nan
8.000000000000000	nan	nan	nan
8.000000000000000	nan	nan	nan
8.000000000000000	nan	nan	nan
8.000000000000000	nan	nan	nan
8.000000000000000	nan	nan	nan
8.000000000000000	nan	nan	nan
8.000000000000000	nan	nan	nan
8.000000000000000	nan	nan	nan
8.000000000000000	nan	nan	nan
8.000000000000000	nan	nan	nan
8.000000000000000	nan	nan	nan
8.000000000000000	nan	nan	nan
8.000000000000000	nan	nan	nan
8.000000000000000	nan	nan	nan
8.000000000000000	nan	nan	nan
8.000000000000000	nan	nan	nan
8.000000000000000	nan	nan	nan
8.000000000000000	nan	nan	nan
8.000000000000000	nan	nan	nan
8.000000000000000	nan	nan	nan
8.000000000000000	nan	nan	nan
8.000000000000000	nan	nan	nan
8.000000000000000	nan	nan	nan
8.000000000000000	nan	nan	nan
8.000000000000000	nan	nan	nan
8.000000000000000	nan	nan	nan
8.000000000000000	nan	nan	nan
8.000000000000000	nan	nan	nan
8.000000000000000	nan	nan	nan
8.000000000000000	nan	nan	nan
8.000000000000000	nan	nan	nan
8.000000000000000	nan	nan	nan
8.000000000000000	nan	nan	nan
8.000000000000000	nan	nan	nan
8.000000000000000	nan	nan	nan
8.000000000000000	nan	nan	nan
8.000000000000000	nan	nan	nan
8.000000000000000	nan	nan	nan
8.000000000000000	nan	nan	nan
8.000000000000000	nan	nan	nan
8.000000000000000	nan	nan	nan
8.000000000000000	nan	nan	nan
8.000000000000000	nan	nan	nan
8.000000000000000	nan	nan	nan
8.000000000000000	nan	nan	nan
8.000000000000000	nan	nan	nan
8.000000000000000	nan	nan	nan
8.000000000000000	nan	nan	nan
8.000000000000000	nan	nan	nan
8.000000000000000	nan	nan	nan
8.000000000000000	nan	nan	nan
8.000000000000000	nan	nan	nan
8.000000000000000	nan	nan	nan
8.000000000000000	nan	nan	nan
8.000000000000000	nan	nan	nan
8.000000000000000	nan	nan	nan
8.000000000000000	nan	nan	nan
8.000000000000000	nan	nan	nan
8.000000000000000	nan	nan	nan
8.000000000000000	nan	nan	nan
8.000000000000000	nan	nan	nan
8.000000000000000	nan	nan	nan
8.000000000000000	nan	nan	nan
8.000000000000000	nan	nan	nan
8.000000000000000	nan	nan	nan
8.000000000000000	nan	nan	nan


9.000000000000000	nan	nan	nan
9.000000000000000	nan	nan	nan
9.000000000000000	nan	nan	nan
9.000000000000000	nan	nan	nan
9.000000000000000	nan	nan	nan
9.000000000000000	nan	nan	nan
9.000000000000000	nan	nan	nan
9.000000000000000	nan	nan	nan
9.000000000000000	nan	nan	nan
9.000000000000000	nan	nan	nan
9.000000000000000	nan	nan	nan
9.000000000000000	nan	nan	nan
9.000000000000000	nan	nan	nan
9.000000000000000	nan	nan	nan
9.000000000000000	nan	nan	nan
9.000000000000000	nan	nan	nan
9.000000000000000	nan	nan	nan
9.000000000000000	nan	nan	nan
9.000000000000000	nan	nan	nan
9.000000000000000	nan	nan	nan
9.000000000000000	nan	nan	nan
9.000000000000000	nan	nan	nan
9.000000000000000	nan	nan	nan
9.000000000000000	nan	nan	nan
9.000000000000000	nan	nan	nan
9.000000000000000	nan	nan	nan
9.000000000000000	nan	nan	nan
9.000000000000000	nan	nan	nan
9.000000000000000	nan	nan	nan
9.000000000000000	nan	nan	nan
9.000000000000000	nan	nan	nan
9.000000000000000	nan	nan	nan
9.000000000000000	nan	nan	nan
9.000000000000000	nan	nan	nan
9.000000000000000	nan	nan	nan
9.000000000000000	nan	nan	nan
9.000000000000000	nan	nan	nan
9.000000000000000	nan	nan	nan
9.000000000000000	nan	nan	nan
9.000000000000000	nan	nan	nan
9.000000000000000	nan	nan	nan
9.000000000000000	nan	nan	nan
9.000000000000000	nan	nan	nan
9.000000000000000	nan	nan	nan
9.000000000000000	nan	nan	nan
9.000000000000000	nan	nan	nan
9.000000000000000	nan	nan	nan
9.000000000000000	nan	nan	nan
9.000000000000000	nan	nan	nan
9.000000000000000	nan	nan	nan
9.000000000000000	nan	nan	nan
9.000000000000000	nan	nan	nan
9.000000000000000	nan	nan	nan
9.000000000000000	nan	nan	nan
9.000000000000000	nan	nan	nan
9.000000000000000	nan	nan	nan
9.000000000000000	nan	nan	nan
9.000000000000000	nan	nan	nan
9.000000000000000	nan	nan	nan
9.000000000000000	nan	nan	nan
9.000000000000000	nan	nan	nan
9.000000000000000	nan	nan	nan
9.000000000000000	nan	nan	nan
9.000000000000000	nan	nan	nan
9.000000000000000	nan	nan	nan
9.000000000000000	nan	nan	nan
9.000000000000000	nan	nan	nan
9.000000000000000	nan	nan	nan
9.000000000000000	nan	nan	nan
9.000000000000000	nan	nan	nan
9.000000000000000	nan	nan	nan
9.000000000000000	nan	nan	nan
9.000000000000000	nan	nan	nan
9.000000000000000	nan	nan	nan
9.000000000000000	nan	nan	nan
9.000000000000000	nan	nan	nan
9.000000000000000	nan	nan	nan
9.000000000000000	nan	nan	nan
9.000000000000000	nan	nan	nan
9.000000000000000	nan	nan	nan
9.000000000000000	nan	nan	nan
9.000000000000000	nan	nan	nan
9.000000000000000	nan	nan	nan
9.000000000000000	nan	nan	nan
9.000000000000000	nan	nan	nan
9.000000000000000	nan	nan	nan
9.000000000000000	nan	nan	nan
9.000000000000000	nan	nan	nan
9.000000000000000	nan	nan	nan
9.000000000000000	nan	nan	nan
9.000000000000000	nan	nan	nan
9.000000000000000	nan	nan	nan
9.000000000000000	nan	nan	nan
9.000000000000000	nan	nan	nan
9.000000000000000	nan	nan	nan
9.000000000000000	nan	nan	nan
9.000000000000000	nan	nan	nan
9.000000000000000	nan	nan	nan
9.000000000000000	nan	nan	nan
9.000000000000000	nan	nan	nan


10.000000000000000	nan	nan	nan
10.000000000000000	nan	nan	nan
10.000000000000000	nan	nan	nan
10.000000000000000	nan	nan	nan
10.000000000000000	nan	nan	nan
10.000000000000000	nan	nan	nan
10.000000000000000	nan	nan	nan
10.000000000000000	nan	nan	nan
10.000000000000000	nan	nan	nan
10.000000000000000	nan	nan	nan
10.000000000000000	nan	nan	nan
10.000000000000000	nan	nan	nan
10.000000000000000	nan	nan	nan
10.000000000000000	nan	nan	nan
10.000000000000000	nan	nan	nan
10.000000000000000	nan	nan	nan
10.000000000000000	nan	nan	nan
10.000000000000000	nan	nan	nan
10.000000000000000	nan	nan	nan
10.000000000000000	nan	nan	nan
10.000000000000000	nan	nan	nan
10.000000000000000	nan	nan	nan
10.000000000000000	nan	nan	nan
10.000000000000000	nan	nan	nan
10.000000000000000	nan	nan	nan
10.000000000000000	nan	nan	nan
10.000000000000000	nan	nan	nan
10.000000000000000	nan	nan	nan
10.000000000000000	nan	nan	nan
10.000000000000000	nan	nan	nan
10.000000000000000	nan	nan	nan
10.000000000000000	nan	nan	nan
10.000000000000000	nan	nan	nan
10.000000000000000	nan	nan	nan
10.000000000000000	nan	nan	nan
10.000000000000000	nan	nan	nan
10.000000000000000	nan	nan	nan
10.000000000000000	nan	nan	nan
10.000000000000000	nan	nan	nan
10.000000000000000	nan	nan	nan
10.000000000000000	nan	nan	nan
10.000000000000000	nan	nan	nan
10.000000000000000	nan	nan	nan
10.000000000000000	nan	nan	nan
10.000000000000000	nan	nan	nan
10.000000000000000	nan	nan	nan
10.000000000000000	nan	nan	nan
10.000000000000000	nan	nan	nan
10.000000000000000	nan	nan	nan
10.000000000000000	nan	nan	nan
10.000000000000000	nan	nan	nan
10.000000000000000	nan	nan	nan
10.000000000000000	nan	nan	nan
10.000000000000000	nan	nan	nan
10.000000000000000	nan	nan	nan
10.000000000000000	nan	nan	nan
10.000000000000000	nan	nan	nan
10.000000000000000	nan	nan	nan
10.000000000000000	nan	nan	nan
10.000000000000000	nan	nan	nan
10.000000000000000	nan	nan	nan
10.000000000000000	nan	nan	nan
10.000000000000000	nan	nan	nan
10.000000000000000	nan	nan	nan
10.000000000000000	nan	nan	nan
10.000000000000000	nan	nan	nan
10.000000000000000	nan	nan	nan
10.000000000000000	nan	nan	nan
10.000000000000000	nan	nan	nan
10.000000000000000	nan	nan	nan
10.000000000000000	nan	nan	nan
10.000000000000000	nan	nan	nan
10.000000000000000	nan	nan	nan
10.000000000000000	nan	nan	nan
10.000000000000000	nan	nan	nan
10.000000000000000	nan	nan	nan
10.000000000000000	nan	nan	nan
10.000000000000000	nan	nan	nan
10.000000000000000	nan	nan	nan
10.000000000000000	nan	nan	nan
10.000000000000000	nan	nan	nan
10.000000000000000	nan	nan	nan
10.000000000000000	nan	nan	nan
10.000000000000000	nan	nan	nan
10.000000000000000	nan	nan	nan
10.000000000000000	nan	nan	nan
10.000000000000000	nan	nan	nan
10.000000000000000	nan	nan	nan
10.000000000000000	nan	nan	nan
10.000000000000000	nan	nan	nan
10.000000000000000	nan	nan	nan
10.000000000000000	nan	nan	nan
10.000000000000000	nan	nan	nan
10.000000000000000	nan	nan	nan
10.000000000000000	nan	nan	nan
10.000000000000000	nan	nan	nan
10.000000000000000	nan	nan	nan
10.000000000000000	nan	nan	nan
10.000000000000000	nan	nan	nan
10.000000000000000	nan	nan	nan


11.000000000000000	0.689033725135440	-0.000690631801227	0.012729543963344
11.000000000000000	0.687367801522398	0.051573800352948	0.014426029598752
11.000000000000000	0.682335805412903	0.103631162688318	0.016053373697344
11.000000000000000	0.673957998879276	0.155271838580079	0.017605023518794
11.000000000000000	0.662268116391535	0.206287889252671	0.019074731116916
11.000000000000000	0.647313228980585	0.256473891075831	0.020456578497939
11.000000000000000	0.629153554699797	0.305627762733056	0.021745001450171
11.000000000000000	0.607862216148155	0.353551578931733	0.022934811949126
11.000000000000000	0.583524946031362	0.400052367378443	0.024021219047861
11.000000000000000	0.556239741946490	0.444942885810275	0.024999848168430
11.000000000000000	0.526116471780245	0.488042375953332	0.025866758716764
11.000000000000000	0.493276431309768	0.529177291372505	0.026618459950057
11.000000000000000	0.457851855787344	0.568181996281713	0.027251925032750
11.000000000000000	0.419985387475720	0.604899432500754	0.027764603224534
11.000000000000000	0.379829501278052	0.639181751873164	0.028154430151275
11.000000000000000	0.337545890775289	0.670890911598562	0.028419836117528
11.000000000000000	0.293304817143188	0.699899230082283	0.028559752427139
11.000000000000000	0.247284423570655	0.726089901064100	0.028573615686513
11.000000000000000	0.199670017939995	0.749357463955802	0.028461370073196
11.000000000000000	0.150653326657474	0.769608228493765	0.028223467560657
11.000000000000000	0.100431722638753	0.786760651996578	0.027860866098349
11.000000000000000	0.049207430557812	0.800745667708634	0.027375025754381
11.000000000000000	-0.002813287440434	0.811506962907586	0.026767902836344
11.000000000000000	-0.055420962284995	0.819001205655799	0.026041942013950
11.000000000000000	-0.108403761436821	0.823198219282773	0.025200066475207
11.000000000000000	-0.161548341863678	0.824081103895941	0.024245666155774
11.000000000000000	-0.214640709097234	0.821646304430575	0.023182584088888
11.000000000000000	-0.267467078913261	0.815903624964775	0.022015100930825
11.000000000000000	-0.319814738165248	0.806876189241907	0.020747917724205
11.000000000000000	-0.371472901305167	0.794600347559449	0.019386136968559
11.000000000000000	-0.422233559142479	0.779125530399175	0.017935242074355
11.000000000000000	-0.471892316423734	0.760514049388049	0.016401075283250
11.000000000000000	-0.520249214860106	0.738840846391296	0.014789814143437
11.000000000000000	-0.567109538288861	0.714193191747963	0.013107946634840
11.000000000000000	-0.612284596726608	0.686670332864062	0.011362245044312
11.000000000000000	-0.655592486157274	0.656383094578296	0.009559738696025
11.000000000000000	-0.696858820995372	0.623453432909552	0.007707685646858
11.000000000000000	-0.735917436275206	0.588013943983049	0.005813543460771
11.000000000000000	-0.772611056738536	0.550207330112549	0.003884939179820
11.000000000000000	-0.806791930126543	0.510185825188498	0.001929638612758
11.000000000000000	-0.838322422126020	0.468110581685886	-0.000044484935145
11.000000000000000	-0.867075570574174	0.424151021760102	-0.002029482365114
11.000000000000000	-0.892935596690450	0.378484155043714	-0.004017360793093
11.000000000000000	-0.915798371276814	0.331293865891154	-0.006000115734261
11.000000000000000	-0.935571834009278	0.282770172941320	-0.007969763334270
11.000000000000000	-0.952176364132340	0.233108463979586	-0.009918372517411
11.000000000000000	-0.965545101063660	0.182508709180151	-0.011838096922253
11.000000000000000	-0.975624213618029	0.131174655896723	-0.013721206496171
11.000000000000000	-0.982373116766548	0.079313008243841	-0.015560118621544
11.000000000000000	-0.985764635058223	0.027132594772358	-0.017347428648276
11.000000000000000	-0.985785112045909	-0.025156472409430	-0.019075939709708
11.000000000000000	-0.982434465276003	-0.077343643683080	-0.020738691701863
11.000000000000000	-0.975726186620458	-0.129218779729011	-0.022328989309327
11.000000000000000	-0.965687287949774	-0.180572997683372	-0.023840428964920
11.000000000000000	-0.952358192365731	-0.231199512235613	-0.025266924634603
11.000000000000000	-0.935792571431826	-0.280894468279943	-0.026602732323786
11.000000000000000	-0.916057129056826	-0.329457761767898	-0.027842473206370
11.000000000000000	-0.893231332901674	-0.376693845456713	-0.028981155283380
11.000000000000000	-0.867407094391265	-0.422412516309055	-0.030014193483982
11.000000000000000	-0.838688398619575	-0.466429681373522	-0.030937428127947
11.000000000000000	-0.807190885638393	-0.508568099061983	-0.031747141675214
11.000000000000000	-0.773041384815643	-0.548658092838898	-0.032440073695110
11.000000000000000	-0.736377404138284	-0.586538234448842	-0.033013433994959
11.000000000000000	-0.697346576516181	-0.622055993931111	-0.033464913855196
11.000000000000000	-0.656106065316481	-0.655068353804042	-0.033792695325771
11.000000000000000	-0.612821931522203	-0.685442384945934	-0.033995458546391
11.000000000000000	-0.567668465063271	-0.713055781853702	-0.034072387061130
11.000000000000000	-0.520827483012482	-0.737797355123976	-0.034023171106011
11.000000000000000	-0.472487597472321	-0.759567479173581	-0.033848008856314
11.000000000000000	-0.422843456100596	-0.778278493396598	-0.033547605628597
11.000000000000000	-0.372094958333021	-0.793855055142687	-0.033123171040633
11.000000000000000	-0.320446450458741	-0.806234443095347	-0.032576414140705
11.000000000000000	-0.268105902789946	-0.815366809828521	-0.031909536525875
11.000000000000000	-0.215284072238828	-0.821215382524586	-0.031125223476928
11.000000000000000	-0.162193653673880	-0.823756611045512	-0.030226633145693
11.000000000000000	-0.109048423472732	-0.822980262760956	-0.029217383838283
11.000000000000000	-0.056062378720124	-0.818889463751453	-0.028101539445449
11.000000000000000	-0.003448875517183	-0.811500686220792	-0.026883593078733
11.000000000000000	0.048580230128304	-0.800843682168266	-0.025568448978285
11.000000000000000	0.099815435371248	-0.786961363587872	-0.024161402765227
11.000000000000000	0.150050434123284	-0.769909629676854	-0.022668120118050
11.000000000000000	0.199082947774567	-0.749757141749370	-0.021094613958930
11.000000000000000	0.246715539698343	-0.726585046761608	-0.019447220241810
11.000000000000000	0.292756410258562	-0.700486650561637	-0.017732572439751
11.000000000000000	0.337020169119316	-0.671567042179689	-0.015957574834279
11.000000000000000	0.379328581746291	-0.639942670671721	-0.014129374714277
11.000000000000000	0.419511287094328	-0.605740876220172	-0.012255333596375
11.000000000000000	0.457406483591227	-0.569099377379988	-0.010342997582724
11.000000000000000	0.492861580655568	-0.530165716534610	-0.008400066975504
11.000000000000000	0.525733813125128	-0.489096665794868	-0.006434365270526
11.000000000000000	0.555890816121803	-0.446057595733026	-0.004453807654773
11.000000000000000	0.583211158038250	-0.401221809493852	-0.002466369134738
11.000000000000000	0.607584829500116	-0.354769844964020	-0.000480052423887
11.000000000000000	0.628913686334962	-0.306888747809759	0.001497144281443
11.000000000000000	0.647111844764198	-0.257771318309975	0.003457259507959
11.000000000000000	0.662106027226758	-0.207615335017574	0.005392400563454
11.000000000000000	0.673835857441968	-0.156622758375030	0.007294775317894
11.000000000000000	0.682254103523522	-0.104998917490973	0.009156723579574
11.000000000000000	0.687326868165617	-0.052951683352329	0.010970747940008
11.000000000000000	0.689033725135440	-0.000690631801228	0.012729543963344


12.000000000000000	-0.130209203018379	-1.062737241771233	0.058571830921786
12.000000000000000	-0.055206328042260	-1.069451186968211	0.059521298556267
12.000000000000000	0.020077817639895	-1.071377495102996	0.060204566595487
12.000000000000000	0.095340091344492	-1.068508409612607	0.060618883760206
12.000000000000000	0.170277438458676	-1.060855483291687	0.060762581741432
12.000000000000000	0.244588112734285	-1.048449531773480	0.060635081918114
12.000000000000000	0.317972891313503	-1.031340509446145	0.060236897687039
12.000000000000000	0.390136279593690	-1.009597308304071	0.059569632395568
12.000000000000000	0.460787701079860	-0.983307480544131	0.058635972885525
12.000000000000000	0.529642667433669	-0.952576886023883	0.057439678674225
12.000000000000000	0.596423924007539	-0.917529266001287	0.055985566816234
12.000000000000000	0.660862566251278	-0.878305744872337	0.054279492506783
12.000000000000000	0.722699122495786	-0.835064261912920	0.052328325504970
12.000000000000000	0.781684598753893	-0.787978935313103	0.050139922471657
12.000000000000000	0.837581481331266	-0.737239361064630	0.047723095333478
12.000000000000000	0.890164693210221	-0.683049849524784	0.045087575800312
12.000000000000000	0.939222500355438	-0.625628602730684	0.042243976179130
12.000000000000000	0.984557364292192	-0.565206835776699	0.039203746641976
12.000000000000000	1.025986737524066	-0.502027845792868	0.035979129120166
12.000000000000000	1.063343798587295	-0.436346032273223	0.032583108010351
12.000000000000000	1.096478123781920	-0.368425872698823	0.029029357890937
12.000000000000000	1.125256292874934	-0.298540857580275	0.025332188459379
12.000000000000000	1.149562426336477	-0.226972389207982	0.021506486912087
12.000000000000000	1.169298651945796	-0.154008648544433	0.017567657998933
12.000000000000000	1.184385498888141	-0.079943434821184	0.013531561993766
12.000000000000000	1.194762217755684	-0.005074982513042	0.009414450830683
12.000000000000000	1.200387025163943	0.070295239546901	0.005232902663230
12.000000000000000	1.201237271998727	0.145863742075861	0.001003755110026
12.000000000000000	1.197309534616119	0.221326237385585	-0.003255962544385
12.000000000000000	1.188619628628291	0.296378864641479	-0.007529097920448
12.000000000000000	1.175202545219606	0.370719413402940	-0.011798444610181
12.000000000000000	1.157112310249476	0.444048540518139	-0.016046811461303
12.000000000000000	1.134421766709290	0.516070975473243	-0.020257091799940
12.000000000000000	1.107222281409398	0.586496709342555	-0.024412332313159
12.000000000000000	1.075623377077213	0.655042162552110	-0.028495801313981
12.000000000000000	1.039752291347845	0.721431326754521	-0.032491056113975
12.000000000000000	0.999753464423051	0.785396876217188	-0.036382009232160
12.000000000000000	0.955787957461519	0.846681244248668	-0.040152993173618
12.000000000000000	0.908032804042431	0.905037660328832	-0.043788823516962
12.000000000000000	0.856680297313724	0.960231143766660	-0.047274860056642
12.000000000000000	0.801937215695445	1.012039449884543	-0.050597065753888
12.000000000000000	0.744023990256043	1.060253964919164	-0.053742063258910
12.000000000000000	0.683173817114249	1.104680546035491	-0.056697188776761
12.000000000000000	0.619631718440616	1.145140303071453	-0.059450543059975
12.000000000000000	0.553653555839716	1.181470318865486	-0.061991039322633
12.000000000000000	0.485505000085760	1.213524305266439	-0.064308447882936
12.000000000000000	0.415460461360162	1.241173192184332	-0.066393437354527
12.000000000000000	0.343801984298586	1.264305647310047	-0.068237612220689
12.000000000000000	0.270818112296745	1.282828524411250	-0.069833546640125
12.000000000000000	0.196802725647991	1.296667238399388	-0.071174814348204
12.000000000000000	0.122053858191085	1.305766065657519	-0.072256014533257
12.000000000000000	0.046872497233131	1.310088368419648	-0.073072793583742
12.000000000000000	-0.028438628420086	1.309616742298082	-0.073621862618699
12.000000000000000	-0.103576267446153	1.304353086364756	-0.073901010730915
12.000000000000000	-0.178237867092075	1.294318595504338	-0.073909113889466
12.000000000000000	-0.252122791447423	1.279553675069912	-0.073646139465793
12.000000000000000	-0.324933531999042	1.260117778184881	-0.073113146365083
12.000000000000000	-0.396376905592828	1.236089166346223	-0.072312280762439
12.000000000000000	-0.466165234978811	1.207564594293062	-0.071246767460979
12.000000000000000	-0.534017507185912	1.174658920409487	-0.069920896906705
12.000000000000000	-0.599660505061988	1.137504644230375	-0.068340007912378
12.000000000000000	-0.662829907422879	1.096251372912528	-0.066510466160016
12.000000000000000	-0.723271353380525	1.051065218819458	-0.064439638568529
12.000000000000000	-0.780741466564487	1.002128130645527	-0.062135863629742
12.000000000000000	-0.835008835112691	0.949637160772771	-0.059608417832232
12.000000000000000	-0.885854943485323	0.893803671810506	-0.056867478308177
12.000000000000000	-0.933075052349783	0.834852485512702	-0.053924081853645
12.000000000000000	-0.976479022993718	0.773020977500126	-0.050790080487304
12.000000000000000	-1.015892082946504	0.708558121432499	-0.047478093726530
12.000000000000000	-1.051155529726308	0.641723486479443	-0.044001457773064
12.000000000000000	-1.082127369878959	0.572786192127043	-0.040374171812833
12.000000000000000	-1.108682890735481	0.502023824528672	-0.036610841646171
12.000000000000000	-1.130715162585991	0.429721318763509	-0.032726620875416
12.000000000000000	-1.148135469247899	0.356169811503552	-0.028737149886699
12.000000000000000	-1.160873665294668	0.281665468708991	-0.024658492871633
12.000000000000000	-1.168878458506682	0.206508293072416	-0.020507073142482
12.000000000000000	-1.172117616406920	0.131000916013859	-0.016299607001277
12.000000000000000	-1.170578096049758	0.055447379090876	-0.012053036429169
12.000000000000000	-1.164266096540310	-0.019848090269495	-0.007784460867053
12.000000000000000	-1.153207034072819	-0.094582303787204	-0.003511068362149
12.000000000000000	-1.137445439588616	-0.168454333161392	0.000749933642193
12.000000000000000	-1.117044779465731	-0.241166721802443	0.004981387594795
12.000000000000000	-1.092087199962193	-0.312426682584680	0.009166254924056
12.000000000000000	-1.062673196442041	-0.381947276796795	0.013287684646262
12.000000000000000	-1.028921208715962	-0.449448569542755	0.017329081218557
12.000000000000000	-0.990967144125974	-0.514658756940835	0.021274171363329
12.000000000000000	-0.948963830294531	-0.577315260581909	0.025107069594960
12.000000000000000	-0.903080399741624	-0.637165784840039	0.028812342185068
12.000000000000000	-0.853501608847819	-0.693969332777906	0.032375069308687
12.000000000000000	-0.800427093905518	-0.747497176556424	0.035780905121132
12.000000000000000	-0.744070567254078	-0.797533778441015	0.039016135523654
12.000000000000000	-0.684658956735637	-0.843877658695995	0.042067733385277
12.000000000000000	-0.622431491936797	-0.886342206872364	0.044923410998456
12.000000000000000	-0.557638740895503	-0.924756433222211	0.047571669557334
12.000000000000000	-0.490541601152005	-0.958965657214088	0.050001845459382
12.000000000000000	-0.421410249206530	-0.988832130376912	0.052204153243958
12.000000000000000	-0.350523052613883	-1.014235590964443	0.054169724994905
12.000000000000000	-0.278165449095550	-1.035073748206886	0.055890646048516
12.000000000000000	-0.204628797182732	-1.051262694199725	0.057359986863098
12.000000000000000	-0.130209203018380	-1.062737241771233	0.058571830921786


13.000000000000000	-0.260511352421172	0.851498356659778	-0.015387966872341
13.000000000000000	-0.322252433336011	0.830542365802662	-0.007879038830449
13.000000000000000	-0.382513026954039	0.805644284488145	-0.000327581647108
13.000000000000000	-0.441050485133358	0.776904368502057	0.007235997624846
13.000000000000000	-0.497629098190309	0.744438343342500	0.014781243121202
13.000000000000000	-0.552021044019182	0.708376938234111	0.022277772801393
13.000000000000000	-0.604007305451422	0.668865359727613	0.029695400786251
13.000000000000000	-0.653378552160469	0.626062707004285	0.037004258905887
13.000000000000000	-0.699935983561098	0.580141331239715	0.044174916968269
13.000000000000000	-0.743492129309216	0.531286141606445	0.051178501264217
13.000000000000000	-0.783871604178764	0.479693860709991	0.057986810831646
13.000000000000000	-0.820911814276127	0.425572232456351	0.064572431010875
13.000000000000000	-0.854463611748355	0.369139185540609	0.070908843833798
13.000000000000000	-0.884391895348924	0.310621955925004	0.076970534802374
13.000000000000000	-0.910576154442776	0.250256171839906	0.082733095626509
13.000000000000000	-0.932910954260111	0.188284904992098	0.088173322507623
13.000000000000000	-0.951306360444993	0.124957691800804	0.093269309572161
13.000000000000000	-0.965688301189261	0.060529528602600	0.098000537078810
13.000000000000000	-0.975998865493552	-0.004740155128833	0.102347954044259
13.000000000000000	-0.982196536354463	-0.070588541413638	0.106294054954782
13.000000000000000	-0.984256357938866	-0.136750482041023	0.109822950254763
13.000000000000000	-0.982170036072243	-0.202959566227525	0.112920430328331
13.000000000000000	-0.975945971636396	-0.268949193359211	0.115574022716466
13.000000000000000	-0.965609226742063	-0.334453646498248	0.117773042339190
13.000000000000000	-0.951201423812644	-0.399209162331234	0.119508634520613
13.000000000000000	-0.932780577985391	-0.462954993250965	0.120773810643586
13.000000000000000	-0.910420863504929	-0.525434457295021	0.121563476290398
13.000000000000000	-0.884212315049747	-0.586395971713435	0.121874451756198
13.000000000000000	-0.854260465194332	-0.645594066003630	0.121705484852540
13.000000000000000	-0.820685919466731	-0.702790370333498	0.121057255949511
13.000000000000000	-0.783623870712665	-0.757754575372581	0.119932375236115
13.000000000000000	-0.743223554721645	-0.810265359666462	0.118335372209964
13.000000000000000	-0.699647649307128	-0.860111280820143	0.116272677438593
13.000000000000000	-0.653071619260374	-0.907091626901944	0.113752596665831
13.000000000000000	-0.603683009815662	-0.951017224639616	0.110785277367503
13.000000000000000	-0.551680691471824	-0.991711201154335	0.107382667891126
13.000000000000000	-0.497274059210935	-1.029009696165360	0.103558469344132
13.000000000000000	-0.440682189338629	-1.062762521797555	0.099328080424343
13.000000000000000	-0.382132957341134	-1.092833767334948	0.094708535414849
13.000000000000000	-0.321862120311117	-1.119102346485218	0.089718435592964
13.000000000000000	-0.260112367637082	-1.141462484951459	0.084377874329447
13.000000000000000	-0.197132343778856	-1.159824146347939	0.078708356179586
13.000000000000000	-0.133175647064109	-1.174113394744847	0.072732710291951
13.000000000000000	-0.068499808537395	-1.184272692382192	0.066474998483464
13.000000000000000	-0.003365254973526	-1.190261131354048	0.059960418350958
13.000000000000000	0.061965739769132	-1.192054598330257	0.053215201809346
13.000000000000000	0.127230110832916	-1.189645871652300	0.046266509464959
13.000000000000000	0.192165061630206	-1.183044650412362	0.039142321249369
13.000000000000000	0.256509122032528	-1.172277515398520	0.031871323754083
13.000000000000000	0.320003201218476	-1.157387822063278	0.024482794719763
13.000000000000000	0.382391630941009	-1.138435525946474	0.017006485145092
13.000000000000000	0.443423195013241	-1.115496941255476	0.009472499490012
13.000000000000000	0.502852140867364	-1.088664433574803	0.001911174455683
13.000000000000000	0.560439169113499	-1.058046047942520	-0.005647043170705
13.000000000000000	0.615952397113882	-1.023765073790998	-0.013171719114397
13.000000000000000	0.669168292692403	-0.985959548503891	-0.020632554161154
13.000000000000000	0.719872574219787	-0.944781701588304	-0.027999506161498
13.000000000000000	0.767861073450082	-0.900397341700303	-0.035242910999844
13.000000000000000	0.812940557634130	-0.852985188991972	-0.042333602041423
13.000000000000000	0.854929507599645	-0.802736155468445	-0.049243027576024
13.000000000000000	0.893658848664854	-0.749852576252637	-0.055943365785660
13.000000000000000	0.928972631442567	-0.694547394853121	-0.062407636773202
13.000000000000000	0.960728659793319	-0.637043305715773	-0.068609811200908
13.000000000000000	0.988799063399031	-0.577571857511841	-0.074524915101376
13.000000000000000	1.013070812651660	-0.516372520773162	-0.080129130438899
13.000000000000000	1.033446173783526	-0.453691723628862	-0.085399891016284
13.000000000000000	1.049843102406708	-0.389781859526240	-0.090315973340969
13.000000000000000	1.062195573876836	-0.324900270931452	-0.094857582084533
13.000000000000000	1.070453849151025	-0.259308213102217	-0.099006429791497
13.000000000000000	1.074584675069455	-0.193269802105104	-0.102745810516457
13.000000000000000	1.074571418254101	-0.127050951313351	-0.106060667093024
13.000000000000000	1.070414132085479	-0.060918300667570	-0.108937651763721
13.000000000000000	1.062129556487702	0.004861856989199	-0.111365179926695
13.000000000000000	1.049751050522713	0.070024648178767	-0.113333476782812
13.000000000000000	1.033328458065116	0.134307685339817	-0.114834616695333
13.000000000000000	1.012927907098487	0.197452123369996	-0.115862555103647
13.000000000000000	0.988631543441321	0.259203701903794	-0.116413152862589
13.000000000000000	0.960537199974815	0.319313769129290	-0.116484192909312
13.000000000000000	0.928758002704385	0.377540283021242	-0.116075389190623
13.000000000000000	0.893421915241170	0.433648785958889	-0.115188387814812
13.000000000000000	0.854671223537732	0.487413348804051	-0.113826760423357
13.000000000000000	0.812661962952745	0.538617480638016	-0.111995989809185
13.000000000000000	0.767563289951679	0.587055000494068	-0.109703447839402
13.000000000000000	0.719556800973414	0.632530867575468	-0.106958365771381
13.000000000000000	0.668835801205473	0.674861966615903	-0.103771797081750
13.000000000000000	0.615604526212261	0.713877845220035	-0.100156572957944
13.000000000000000	0.560077319550530	0.749421400215136	-0.096127250631536
13.000000000000000	0.502477769683524	0.781349510250118	-0.091700054761413
13.000000000000000	0.443037809669155	0.809533612094696	-0.086892812102791
13.000000000000000	0.381996783247438	0.833860218318146	-0.081724879725171
13.000000000000000	0.319600481087724	0.854231374263130	-0.076217067068248
13.000000000000000	0.256100151076424	0.870565052474530	-0.070391552149642
13.000000000000000	0.191751486630446	0.882795482995059	-0.064271792261853
13.000000000000000	0.126813597110055	0.890873418197666	-0.057882429518017
13.000000000000000	0.061547964476926	0.894766331088344	-0.051249191626817
13.000000000000000	-0.003782609601425	0.894458546280865	-0.044398788296082
13.000000000000000	-0.068915061961205	0.889951303116015	-0.037358803682217
13.000000000000000	-0.133587127204853	0.881262750671218	-0.030157585318544
13.000000000000000	-0.197538393751235	0.868427874680598	-0.022824129969788
13.000000000000000	-0.260511352421171	0.851498356659778	-0.015387966872341


14.000000000000000	0.920657088117174	-0.569468524507620	0.012458058934862
14.000000000000000	0.957699167993158	-0.505026939211407	0.015003744320468
14.000000000000000	0.990566091046214	-0.438354571373994	0.017484700470874
14.000000000000000	1.019125513777382	-0.369719887089066	0.019890937451300
14.000000000000000	1.043262437471195	-0.299399254006054	0.022212766194693
14.000000000000000	1.062879671254914	-0.227675828495155	0.024440837516177
14.000000000000000	1.077898223451874	-0.154838415476565	0.026566179758926
14.000000000000000	1.088257619653081	-0.081180305504998	0.028580234919854
14.000000000000000	1.093916146226316	-0.006998093792139	0.030474893109676
14.000000000000000	1.094851018282213	0.067409514077594	0.032242525208569
14.000000000000000	1.091058471420958	0.141742904929010	0.033876013585946
14.000000000000000	1.082553776890206	0.215702764432658	0.035368780760641
14.000000000000000	1.069371180093154	0.288991282337990	0.036714815886104
14.000000000000000	1.051563762694387	0.361313351650124	0.037908698953959
14.000000000000000	1.029203228878755	0.432377756921566	0.038945622618467
14.000000000000000	1.002379616623920	0.501898346874027	0.039821411554005
14.000000000000000	0.971200935149207	0.569595186628626	0.040532539267635
14.000000000000000	0.935792730000594	0.635195684904849	0.041076142299042
14.000000000000000	0.896297577523107	0.698435691649426	0.041450031750679
14.000000000000000	0.852874510756206	0.759060561675363	0.041652702101687
14.000000000000000	0.805698379063860	0.816826180028234	0.041683337270094
14.000000000000000	0.754959144077873	0.871499944950949	0.041541813898889
14.000000000000000	0.700861114789437	0.922861704488927	0.041228701852738
14.000000000000000	0.643622124868933	0.970704642964323	0.040745261923340
14.000000000000000	0.583472655526627	1.014836113749763	0.040093440752663
14.000000000000000	0.520654907446180	1.055078414988321	0.039275862994506
14.000000000000000	0.455421825527979	1.091269505136180	0.038295820745941
14.000000000000000	0.388036080369299	1.123263655446734	0.037157260291205
14.000000000000000	0.318769010582514	1.150932036768818	0.035864766211400
14.000000000000000	0.247899530210277	1.174163238296231	0.034423542924007
14.000000000000000	0.175713005637103	1.192863716179730	0.032839393726535
14.000000000000000	0.102500106519666	1.206958170195095	0.031118697428686
14.000000000000000	0.028555635362674	1.216389846950556	0.029268382667143
14.000000000000000	-0.045822659546763	1.221120768412671	0.027295900006393
14.000000000000000	-0.120335283066400	1.221131884830460	0.025209191937935
14.000000000000000	-0.194682199160092	1.216423151442032	0.023016660898671
14.000000000000000	-0.268564039037007	1.207013528654826	0.020727135437256
14.000000000000000	-0.341683306604099	1.192940905698736	0.018349834664648
14.000000000000000	-0.413745576377864	1.174261948059563	0.015894331132007
14.000000000000000	-0.484460679031851	1.151051869307099	0.013370512285402
14.000000000000000	-0.553543869806128	1.123404128236625	0.010788540652563
14.000000000000000	-0.620716975073930	1.091430052543336	0.008158812921965
14.000000000000000	-0.685709512448670	1.055258390544997	0.005491918079034
14.000000000000000	-0.748259779921053	1.015034792757914	0.002798594768036
14.000000000000000	-0.808115909640694	0.970921225413706	0.000089688051355
14.000000000000000	-0.865036882099061	0.923095318278459	-0.002623894259754
14.000000000000000	-0.918793496629965	0.871749649400352	-0.005331225527065
14.000000000000000	-0.969169294319753	0.817090969665823	-0.008021404283102
14.000000000000000	-1.015961429610953	0.759339370286722	-0.010683598127494
14.000000000000000	-1.058981487089738	0.698727396570682	-0.013307087345236
14.000000000000000	-1.098056240168304	0.635499111543239	-0.015881308071192
14.000000000000000	-1.133028348607193	0.569909113192169	-0.018395894827053
14.000000000000000	-1.163756992068910	0.502221509291250	-0.020840722259462
14.000000000000000	-1.190118437151718	0.432708853931475	-0.023205945911234
14.000000000000000	-1.212006535620376	0.361651050041917	-0.025482041861516
14.000000000000000	-1.229333151827619	0.289334222319432	-0.027659845075248
14.000000000000000	-1.242028517605301	0.216049565105483	-0.029730586307533
14.000000000000000	-1.250041513196186	0.142092169849309	-0.031685927414281
14.000000000000000	-1.253339873095166	0.067759836878803	-0.033517994926982
14.000000000000000	-1.251910315971064	-0.006648123736294	-0.035219411756379
14.000000000000000	-1.245758598145865	-0.080832097400414	-0.036783326897405
14.000000000000000	-1.234909490416041	-0.154493371434380	-0.038203443015761
14.000000000000000	-1.219406678309294	-0.227335337885947	-0.039474041805058
14.000000000000000	-1.199312586178358	-0.299064687865331	-0.040590007012423
14.000000000000000	-1.174708125840160	-0.369392592596594	-0.041546845039839
14.000000000000000	-1.145692370772490	-0.438035866429178	-0.042340703038279
14.000000000000000	-1.112382157180075	-0.504718107126575	-0.042968384421771
14.000000000000000	-1.074911613536422	-0.569170808840578	-0.043427361738919
14.000000000000000	-1.033431620495786	-0.631134443289563	-0.043715786850061
14.000000000000000	-0.988109203350038	-0.690359504787284	-0.043832498369072
14.000000000000000	-0.939126859476759	-0.746607514914207	-0.043777026339858
14.000000000000000	-0.886681823486715	-0.799651982785933	-0.043549594128700
14.000000000000000	-0.830985273029687	-0.849279317052058	-0.043151117524844
14.000000000000000	-0.772261478456616	-0.895289685953152	-0.042583201052933
14.000000000000000	-0.710746899762050	-0.937497821972722	-0.041848131512157
14.000000000000000	-0.646689234443206	-0.975733767844116	-0.040948868768119
14.000000000000000	-0.580346420109568	-1.009843560908448	-0.039889033834498
14.000000000000000	-0.511985595859176	-1.039689853067888	-0.038672894292512
14.000000000000000	-0.441882026603757	-1.065152463837973	-0.037305347106866
14.000000000000000	-0.370317994674086	-1.086128864272001	-0.035791898907410
14.000000000000000	-0.297581663168665	-1.102534589808914	-0.034138643815881
14.000000000000000	-0.223965915622631	-1.114303580382273	-0.032352238907027
14.000000000000000	-0.149767176669133	-1.121388446420832	-0.030439877402915
14.000000000000000	-0.075284218441953	-1.123760659669613	-0.028409259708366
14.000000000000000	-0.000816957525577	-1.121410668063120	-0.026268562404142
14.000000000000000	0.073334752703041	-1.114347934188138	-0.024026405322742
14.000000000000000	0.146872329478195	-1.102600897181234	-0.021691816839376
14.000000000000000	0.219499662932839	-1.086216858214391	-0.019274197517889
14.000000000000000	0.290924308428518	-1.065261790029884	-0.016783282258006
14.000000000000000	0.360858664126704	-1.039820071291330	-0.014229101096323
14.000000000000000	0.429021129059895	-1.009994146820596	-0.011621938818898
14.000000000000000	0.495137237039322	-0.975904115088649	-0.008972293548040
14.000000000000000	0.558940761833421	-0.937687244621411	-0.006290834470078
14.000000000000000	0.620174789166903	-0.895497421267845	-0.003588358874316
14.000000000000000	0.678592751223863	-0.849504528555963	-0.000875748676155
14.000000000000000	0.733959419489354	-0.799893763631809	0.001836073400535
14.000000000000000	0.786051851931592	-0.746864891535923	0.004536187805372
14.000000000000000	0.834660290710830	-0.690631440820025	0.007213722130637
14.000000000000000	0.879589006800152	-0.631419843742903	0.009857894890620
14.000000000000000	0.920657088117174	-0.569468524507620	0.012458058934862


15.000000000000000	1.351909756958174	-0.717170688448771	-0.026744764576350
15.000000000000000	1.396223217628538	-0.626890908014440	-0.024894443960546
15.000000000000000	1.434717143912384	-0.533982121752240	-0.022939976333037
15.000000000000000	1.467236534354759	-0.438818440552874	-0.020889231645140
15.000000000000000	1.493650444847868	-0.341783054973101	-0.018750467521916
15.000000000000000	1.513852515896781	-0.243266692262618	-0.016532296011626
15.000000000000000	1.527761400891579	-0.143666043043323	-0.014243648908052
15.000000000000000	1.535321093661441	-0.043382163976193	-0.011893741785317
15.000000000000000	1.536501153991730	0.057181137152338	-0.009492036890018
15.000000000000000	1.531296830195991	0.157618927421815	-0.007048205040102
15.000000000000000	1.519729078249316	0.257526779299718	-0.004572086683894
15.000000000000000	1.501844477406027	0.356502399128385	-0.002073652276084
15.000000000000000	1.477715042641463	0.454147247019597	0.000437037869776
15.000000000000000	1.447437934673087	0.550068141634035	0.002949874090600
15.000000000000000	1.411135068728570	0.643878843383770	0.005454738081816
15.000000000000000	1.368952623636202	0.735201609682757	0.007941543640209
15.000000000000000	1.321060453214337	0.823668715982913	0.010400277277497
15.000000000000000	1.267651402330022	0.908923936471079	0.012821038541118
15.000000000000000	1.208940530380776	0.990623978464650	0.015194079879855
15.000000000000000	1.145164245326302	1.068439864730037	0.017509845893788
15.000000000000000	1.076579351757072	1.142058258157884	0.019759011810513
15.000000000000000	1.003462016832879	1.211182723461007	0.021932521032714
15.000000000000000	0.926106658255154	1.275534920814682	0.024021621605879
15.000000000000000	0.844824758750799	1.334855726632871	0.026017901459334
15.000000000000000	0.759943611841177	1.388906276967455	0.027913322278684
15.000000000000000	0.671805003946622	1.437468929329040	0.029700251873268
15.000000000000000	0.580763838133152	1.480348139056452	0.031371494908293
15.000000000000000	0.487186705043086	1.517371246706069	0.032920321877911
15.000000000000000	0.391450406763912	1.548389173290460	0.034340496202566
15.000000000000000	0.293940439579270	1.573277020566854	0.035626299341493
15.000000000000000	0.195049441711478	1.591934573958281	0.036772553819268
15.000000000000000	0.095175612305986	1.604286706082299	0.037774644073673
15.000000000000000	-0.005278891976033	1.610283679262454	0.038628535040934
15.000000000000000	-0.105909576300628	1.609901345804342	0.039330788403503
15.000000000000000	-0.206311236418998	1.603141245229859	0.039878576434942
15.000000000000000	-0.306079590281985	1.590030598078082	0.040269693386190
15.000000000000000	-0.404812905941201	1.570622196297769	0.040502564367324
15.000000000000000	-0.502113619181797	1.544994190672816	0.040576251689095
15.000000000000000	-0.597589934373232	1.513249776136630	0.040490458638666
15.000000000000000	-0.690857402092002	1.475516776242554	0.040245530674369
15.000000000000000	-0.781540467163773	1.431947128463535	0.039842454034672
15.000000000000000	-0.869273980891526	1.382716272393543	0.039282851766939
15.000000000000000	-0.953704671380474	1.328022443314249	0.038568977191994
15.000000000000000	-1.034492566039306	1.268085873971507	0.037703704830794
15.000000000000000	-1.111312360529814	1.203147907775823	0.036690518829743
15.000000000000000	-1.183854728652653	1.133470026997617	0.035533498931271
15.000000000000000	-1.251827567894769	1.059332799870408	0.034237304046146
15.000000000000000	-1.314957175623124	0.981034750841565	0.032807153493686
15.000000000000000	-1.372989351188597	0.898891158519718	0.031248805985403
15.000000000000000	-1.425690419502281	0.813232786159080	0.029568536436704
15.000000000000000	-1.472848171962591	0.724404549792557	0.027773110700022
15.000000000000000	-1.514272720944403	0.632764129376626	0.025869758321113
15.000000000000000	-1.549797264409506	0.538680528540384	0.023866143428230
15.000000000000000	-1.579278757559529	0.442532588738180	0.021770333871385
15.000000000000000	-1.602598488826869	0.344707463788780	0.019590768735959
15.000000000000000	-1.619662557884265	0.245599060943589	0.017336224361490
15.000000000000000	-1.630402253748279	0.145606454761168	0.015015779002445
15.000000000000000	-1.634774331454178	0.045132280174850	0.012638776273298
15.000000000000000	-1.632761186188135	-0.055418888776043	0.010214787525093
15.000000000000000	-1.624370924175610	-0.155642168023052	0.007753573304985
15.000000000000000	-1.609637330040438	-0.255133993793832	0.005265044053970
15.000000000000000	-1.588619730766070	-0.353493747621024	0.002759220201030
15.000000000000000	-1.561402756806753	-0.450325369491428	0.000246191814405
15.000000000000000	-1.528096001310561	-0.545238952639889	-0.002263922027548
15.000000000000000	-1.488833578826464	-0.637852313566228	-0.004761013982317
15.000000000000000	-1.443773585272380	-0.727792530953300	-0.007235029141934
15.000000000000000	-1.393097461338704	-0.814697447289530	-0.009676005520538
15.000000000000000	-1.337009261890698	-0.898217127149378	-0.012074114167782
15.000000000000000	-1.275734834311558	-0.978015266259800	-0.014419698746539
15.000000000000000	-1.209520909094716	-1.053770545678854	-0.016703314415570
15.000000000000000	-1.138634106347229	-1.125177925633674	-0.018915765860565
15.000000000000000	-1.063359862204707	-1.191949873807971	-0.021048144320425
15.000000000000000	-0.984001279480736	-1.253817523133190	-0.023091863459702
15.000000000000000	-0.900877907178826	-1.310531754421300	-0.025038693942741
15.000000000000000	-0.814324453781362	-1.361864199479839	-0.026880796570307
15.000000000000000	-0.724689439496675	-1.407608160670022	-0.028610753845278
15.000000000000000	-0.632333792891168	-1.447579443205183	-0.030221599840285
15.000000000000000	-0.537629397557372	-1.481617096838167	-0.031706848247045
15.000000000000000	-0.440957594669968	-1.509584063951172	-0.033060518494432
15.000000000000000	-0.342707647459476	-1.531367731438401	-0.034277159830131
15.000000000000000	-0.243275173786606	-1.546880384159293	-0.035351873268888
15.000000000000000	-0.143060553128763	-1.556059558136434	-0.036280331318998
15.000000000000000	-0.042467314393214	-1.558868292075951	-0.037058795407587
15.000000000000000	0.058099488951410	-1.555295276197595	-0.037684130934525
15.000000000000000	0.158234909882468	-1.545354897775234	-0.038153819894353
15.000000000000000	0.257535738402045	-1.529087183204380	-0.038465971015404
15.000000000000000	0.355602125121299	-1.506557636830022	-0.038619327375284
15.000000000000000	0.452039191312831	-1.477856977183746	-0.038613271462059
15.000000000000000	0.546458618947952	-1.443100771692229	-0.038447827660754
15.000000000000000	0.638480214316323	-1.402428971327998	-0.038123662155164
15.000000000000000	0.727733438931842	-1.356005347076263	-0.037642080245368
15.000000000000000	0.813858901560354	-1.304016830486956	-0.037005021091746
15.000000000000000	0.896509805361300	-1.246672760967359	-0.036215049906664
15.000000000000000	0.975353344316194	-1.184204042846195	-0.035275347625267
15.000000000000000	1.050072043321000	-1.116862215603394	-0.034189698096981
15.000000000000000	1.120365036546325	-1.044918441009385	-0.032962472849284
15.000000000000000	1.185949278917926	-0.968662411252349	-0.031598613485106
15.000000000000000	1.246560685839320	-0.888401182450030	-0.030103611784742
15.000000000000000	1.301955196567254	-0.804457938243112	-0.028483487592386
15.000000000000000	1.351909756958174	-0.717170688448772	-0.026744764576350


16.000000000000000	nan	nan	nan
16.000000000000000	nan	nan	nan
16.000000000000000	nan	nan	nan
16.000000000000000	nan	nan	nan
16.000000000000000	nan	nan	nan
16.000000000000000	nan	nan	nan
16.000000000000000	nan	nan	nan
16.000000000000000	nan	nan	nan
16.000000000000000	nan	nan	nan
16.000000000000000	nan	nan	nan
16.000000000000000	nan	nan	nan
16.000000000000000	nan	nan	nan
16.000000000000000	nan	nan	nan
16.000000000000000	nan	nan	nan
16.000000000000000	nan	nan	nan
16.000000000000000	nan	nan	nan
16.000000000000000	nan	nan	nan
16.000000000000000	nan	nan	nan
16.000000000000000	nan	nan	nan
16.000000000000000	nan	nan	nan
16.000000000000000	nan	nan	nan
16.000000000000000	nan	nan	nan
16.000000000000000	nan	nan	nan
16.000000000000000	nan	nan	nan
16.000000000000000	nan	nan	nan
16.000000000000000	nan	nan	nan
16.000000000000000	nan	nan	nan
16.000000000000000	nan	nan	nan
16.000000000000000	nan	nan	nan
16.000000000000000	nan	nan	nan
16.000000000000000	nan	nan	nan
16.000000000000000	nan	nan	nan
16.000000000000000	nan	nan	nan
16.000000000000000	nan	nan	nan
16.000000000000000	nan	nan	nan
16.000000000000000	nan	nan	nan
16.000000000000000	nan	nan	nan
16.000000000000000	nan	nan	nan
16.000000000000000	nan	nan	nan
16.000000000000000	nan	nan	nan
16.000000000000000	nan	nan	nan
16.000000000000000	nan	nan	nan
16.000000000000000	nan	nan	nan
16.000000000000000	nan	nan	nan
16.000000000000000	nan	nan	nan
16.000000000000000	nan	nan	nan
16.000000000000000	nan	nan	nan
16.000000000000000	nan	nan	nan
16.000000000000000	nan	nan	nan
16.000000000000000	nan	nan	nan
16.000000000000000	nan	nan	nan
16.000000000000000	nan	nan	nan
16.000000000000000	nan	nan	nan
16.000000000000000	nan	nan	nan
16.000000000000000	nan	nan	nan
16.000000000000000	nan	nan	nan
16.000000000000000	nan	nan	nan
16.000000000000000	nan	nan	nan
16.000000000000000	nan	nan	nan
16.000000000000000	nan	nan	nan
16.000000000000000	nan	nan	nan
16.000000000000000	nan	nan	nan
16.000000000000000	nan	nan	nan
16.000000000000000	nan	nan	nan
16.000000000000000	nan	nan	nan
16.000000000000000	nan	nan	nan
16.000000000000000	nan	nan	nan
16.000000000000000	nan	nan	nan
16.000000000000000	nan	nan	nan
16.000000000000000	nan	nan	nan
16.000000000000000	nan	nan	nan
16.000000000000000	nan	nan	nan
16.000000000000000	nan	nan	nan
16.000000000000000	nan	nan	nan
16.000000000000000	nan	nan	nan
16.000000000000000	nan	nan	nan
16.000000000000000	nan	nan	nan
16.000000000000000	nan	nan	nan
16.000000000000000	nan	nan	nan
16.000000000000000	nan	nan	nan
16.000000000000000	nan	nan	nan
16.000000000000000	nan	nan	nan
16.000000000000000	nan	nan	nan
16.000000000000000	nan	nan	nan
16.000000000000000	nan	nan	nan
16.000000000000000	nan	nan	nan
16.000000000000000	nan	nan	nan
16.000000000000000	nan	nan	nan
16.000000000000000	nan	nan	nan
16.000000000000000	nan	nan	nan
16.000000000000000	nan	nan	nan
16.000000000000000	nan	nan	nan
16.000000000000000	nan	nan	nan
16.000000000000000	nan	nan	nan
16.000000000000000	nan	nan	nan
16.000000000000000	nan	nan	nan
16.000000000000000	nan	nan	nan
16.000000000000000	nan	nan	nan
16.000000000000000	nan	nan	nan
16.000000000000000	nan	nan	nan


