# n	x	y	z
1.000000000000000	0.937560664055454	0.398015958162988	-0.028633330305580
1.000000000000000	0.907679680498718	0.462685198632355	-0.027288243872598
1.000000000000000	0.873739217282193	0.525319618209722	-0.025820921526212
1.000000000000000	0.835875940672179	0.585667010193878	-0.024237271655628
1.000000000000000	0.794242312719975	0.643484376936538	-0.022543671059937
1.000000000000000	0.749005977351017	0.698538908308110	-0.020746939270991
1.000000000000000	0.700349085321952	0.750608919141914	-0.018854311093559
1.000000000000000	0.648467560763835	0.799484741882107	-0.016873407473321
1.000000000000000	0.593570312264800	0.844969570840933	-0.014812204810007
1.000000000000000	0.535878391668911	0.886880254665761	-0.012679002839254
1.000000000000000	0.475624103978404	0.925048033824943	-0.010482391212497
1.000000000000000	0.413050071943433	0.959319220142885	-0.008231214909479
1.000000000000000	0.348408259105887	0.989555815648086	-0.005934538622631
1.000000000000000	0.281958955231140	1.015636068242265	-0.003601610256763
1.000000000000000	0.213969728213027	1.037454961953088	-0.001241823691013
1.000000000000000	0.144714346672376	1.054924639796423	0.001135319046991
1.000000000000000	0.074471677587395	1.067974757545410	0.003520246042441
1.000000000000000	0.003524563394777	1.076552766981832	0.005903354036072
1.000000000000000	-0.067841316916965	1.080624127489241	0.008275047093097
1.000000000000000	-0.139338598135959	1.080172445135838	0.010625775242648
1.000000000000000	-0.210679385945257	1.075199538687040	0.012946072932143
1.000000000000000	-0.281576416171636	1.065725432281960	0.015226597141720
1.000000000000000	-0.351744211497040	1.051788274803265	0.017458165005285
1.000000000000000	-0.420900230974979	1.033444186265088	0.019631790786668
1.000000000000000	-0.488766007723204	1.010767031837541	0.021738722062017
1.000000000000000	-0.555068270211550	0.983848124417744	0.023770474962713
1.000000000000000	-0.619540042629948	0.952795856945016	0.025718868336919
1.000000000000000	-0.681921719905780	0.917735265940764	0.027576056692192
1.000000000000000	-0.741962113041879	0.878807528030545	0.029334561786507
1.000000000000000	-0.799419460565970	0.836169391475623	0.030987302740503
1.000000000000000	-0.854062402018786	0.789992545003037	0.032527624549683
1.000000000000000	-0.905670909560982	0.740462926475705	0.033949324881768
1.000000000000000	-0.954037173947586	0.687779974186264	0.035246679051302
1.000000000000000	-0.998966441302486	0.632155823789465	0.036414463070936
1.000000000000000	-1.040277797323548	0.573814454106759	0.037447974686587
1.000000000000000	-1.077804895760662	0.512990785242633	0.038343052311748
1.000000000000000	-1.111396628233376	0.449929732644272	0.039096091784735
1.000000000000000	-1.140917732691015	0.384885220913480	0.039704060881372
1.000000000000000	-1.166249338065218	0.318119161341944	0.040164511524686
1.000000000000000	-1.187289442921777	0.249900397286893	0.040475589642448
1.000000000000000	-1.203953326184406	0.180503621633790	0.040636042632871
1.000000000000000	-1.216173888276622	0.110208270705029	0.040645224408395
1.000000000000000	-1.223901921308051	0.039297399068496	0.040503097997249
1.000000000000000	-1.227106307217235	-0.031943460223281	0.040210235692328
1.000000000000000	-1.225774143073087	-0.103227445373950	0.039767816746772
1.000000000000000	-1.219910793030436	-0.174267520934549	0.039177622625524
1.000000000000000	-1.209539866730472	-0.244777633593945	0.038442029832005
1.000000000000000	-1.194703124233048	-0.314473864014566	0.037564000338772
1.000000000000000	-1.175460307863669	-0.383075570075358	0.036547069660700
1.000000000000000	-1.151888901652220	-0.450306516918557	0.035395332618708
1.000000000000000	-1.124083819332135	-0.515895989249972	0.034113426851368
1.000000000000000	-1.092157022156286	-0.579579881413917	0.032706514140763
1.000000000000000	-1.056237068068535	-0.641101760853483	0.031180259627819
1.000000000000000	-1.016468594046271	-0.700213900673930	0.029540809000776
1.000000000000000	-0.973011733698345	-0.756678277151463	0.027794763748676
1.000000000000000	-0.926041472463551	-0.810267528170755	0.025949154579493
1.000000000000000	-0.875746943006021	-0.860765868731946	0.024011413109956
1.000000000000000	-0.822330663644738	-0.907969959840669	0.021989341941048
1.000000000000000	-0.766007722883748	-0.951689727282420	0.019891083239689
1.000000000000000	-0.707004913326665	-0.991749126984329	0.017725085953102
1.000000000000000	-0.645559818462901	-1.027986853882515	0.015500071787886
1.000000000000000	-0.581919856002808	-1.060256991440635	0.013225000090778
1.000000000000000	-0.516341281613886	-1.088429599204290	0.010909031772530
1.000000000000000	-0.449088157069650	-1.112391236025359	0.008561492420153
1.000000000000000	-0.380431286966067	-1.132045416849477	0.006191834746071
1.000000000000000	-0.310647128287031	-1.147313001227283	0.003809600525380
1.000000000000000	-0.240016677209658	-1.158132511985089	0.001424382174493
1.000000000000000	-0.168824337631859	-1.164460382771750	-0.000954215874140
1.000000000000000	-0.097356775978221	-1.166271133484992	-0.003316615845687
1.000000000000000	-0.025901766895493	-1.163557472870785	-0.005653305189258
1.000000000000000	0.045252965514350	-1.156330327882654	-0.007954874881586
1.000000000000000	0.115820906257511	-1.144618799682690	-0.010212057313846
1.000000000000000	0.185517903143134	-1.128470046461443	-0.012415763609039
1.000000000000000	0.254063310963881	-1.107949093548533	-0.014557120219701
1.000000000000000	0.321181121555133	-1.083138571578598	-0.016627504658539
1.000000000000000	0.386601075182450	-1.054138383766892	-0.018618580218146
1.000000000000000	0.450059748782142	-1.021065303634298	-0.020522329539982
1.000000000000000	0.511301616672965	-0.984052504801571	-0.022331086897444
1.000000000000000	0.570080079467859	-0.943249024746173	-0.024037569063044
1.000000000000000	0.626158457042641	-0.898819164680956	-0.025634904635393
1.000000000000000	0.679310941563331	-0.850941827971158	-0.027116661707910
1.000000000000000	0.729323506734604	-0.799809799753701	-0.028476873767842
1.000000000000000	0.775994769608136	-0.745628970659489	-0.029710063721301
1.000000000000000	0.819136801480668	-0.688617507764496	-0.030811265947592
1.000000000000000	0.858575884616561	-0.629004976107960	-0.031776046294011
1.000000000000000	0.894153211747805	-0.567031414314990	-0.032600519930618
1.000000000000000	0.925725525534838	-0.502946368045745	-0.033281366993070
1.000000000000000	0.953165695413291	-0.437007885163133	-0.033815845950547
1.000000000000000	0.976363229503901	-0.369481476665146	-0.034201804644929
1.000000000000000	0.995224719524311	-0.300639047565778	-0.034437688956775
1.000000000000000	1.009674216911252	-0.230757802029508	-0.034522549063216
1.000000000000000	1.019653538638608	-0.160119127167961	-0.034456043262553
1.000000000000000	1.025122501499923	-0.089007459993322	-0.034238439350172
1.000000000000000	1.026059083911991	-0.017709142090885	-0.033870613540228
1.000000000000000	1.022459514587998	0.053488733377454	-0.033354046937435
1.000000000000000	1.014338287723167	0.124299477696031	-0.032690819573184
1.000000000000000	1.001728104631746	0.194437960989687	-0.031883602029987
1.000000000000000	0.984679742070359	0.263621760341136	-0.030935644687990
1.000000000000000	0.963261847777928	0.331572297008383	-0.029850764636833
1.000000000000000	0.937560664055455	0.398015958162987	-0.028633330305580


2.000000000000000	0.280916450505517	-0.599662086020576	0.003347051268320
2.000000000000000	0.322745312031030	-0.578387642041616	0.006903215427688
2.000000000000000	0.363130742349262	-0.554477164366547	0.010429868840188
2.000000000000000	0.401910123586105	-0.528026932049912	0.013912810917237
2.000000000000000	0.438927304860260	-0.499143450841807	0.017338017080375
2.000000000000000	0.474033231047720	-0.467943024326811	0.020691695233286
2.000000000000000	0.507086542974146	-0.434551285610503	0.023960341297710
2.000000000000000	0.537954146618370	-0.399102691439290	0.027130793589594
2.000000000000000	0.566511749035046	-0.361739980790536	0.030190285816548
2.000000000000000	0.592644358838468	-0.322613600113090	0.033126498483204
2.000000000000000	0.616246749232302	-0.281881097532527	0.035927608497472
2.000000000000000	0.637223881720747	-0.239706488460456	0.038582336777957
2.000000000000000	0.655491288795021	-0.196259595162344	0.041079993670845
2.000000000000000	0.670975414054202	-0.151715362943193	0.043410521993361
2.000000000000000	0.683613908390899	-0.106253155704541	0.045564537530494
2.000000000000000	0.693355881049094	-0.060056033709334	0.047533366821923
2.000000000000000	0.700162104543262	-0.013310016462861	0.049309082086978
2.000000000000000	0.704005172613606	0.033796666322142	0.050884533147014
2.000000000000000	0.704869610581393	0.081074332660111	0.052253376216657
2.000000000000000	0.702751937660026	0.128332612075059	0.053410099447992
2.000000000000000	0.697660680970939	0.175381212155298	0.054350045124823
2.000000000000000	0.689616341207892	0.222030684793815	0.055069428417658
2.000000000000000	0.678651310087911	0.268093189028935	0.055565352623879
2.000000000000000	0.664809739921276	0.313383247413578	0.055835820831740
2.000000000000000	0.648147365825754	0.357718492867473	0.055879743961229
2.000000000000000	0.628731281300944	0.400920403005025	0.055696945149405
2.000000000000000	0.606639668066444	0.442815018981955	0.055288160462566
2.000000000000000	0.581961481251650	0.483233645966168	0.054655035932368
2.000000000000000	0.554796091204855	0.522013532412301	0.053800120927837
2.000000000000000	0.525252883363920	0.558998525404755	0.052726857889958
2.000000000000000	0.493450817799730	0.594039699430371	0.051439568470185
2.000000000000000	0.459517950205973	0.626995956048913	0.049943436128669
2.000000000000000	0.423590916264052	0.657734592046684	0.048244485262299
2.000000000000000	0.385814381459431	0.686131833785530	0.046349556946581
2.000000000000000	0.346340458564774	0.712073335595598	0.044266281389038
2.000000000000000	0.305328095135502	0.735454640204991	0.042003047205061
2.000000000000000	0.262942433484089	0.756181599352333	0.039568967639915
2.000000000000000	0.219354145710248	0.774170752888587	0.036973843872916
2.000000000000000	0.174738746464631	0.789349664841625	0.034228125551540
2.000000000000000	0.129275886213272	0.801657215090312	0.031342868714384
2.000000000000000	0.083148627848570	0.811043845473670	0.028329691272396
2.000000000000000	0.036542709559632	0.817471759344100	0.025200726227655
2.000000000000000	-0.010354203069861	0.820915073761135	0.021968572818046
2.000000000000000	-0.057353272724724	0.821359923712916	0.018646245784582
2.000000000000000	-0.104265250739485	0.818804517945694	0.015247122965632
2.000000000000000	-0.150901239135969	0.813259146176578	0.011784891429087
2.000000000000000	-0.197073451248784	0.804746137660479	0.008273492359374
2.000000000000000	-0.242595967875948	0.793299771278077	0.004727064921219
2.000000000000000	-0.287285485909891	0.778966137506871	0.001159889326226
2.000000000000000	-0.330962056434376	0.761802952831091	-0.002413670668496
2.000000000000000	-0.373449809315277	0.741879327337787	-0.005979225598114
2.000000000000000	-0.414577661367528	0.719275486434901	-0.009522418231367
2.000000000000000	-0.454180005246736	0.694082447811863	-0.013028981382068
2.000000000000000	-0.492097376291497	0.666401654943485	-0.016484795358030
2.000000000000000	-0.528177094631315	0.636344568612881	-0.019875944816079
2.000000000000000	-0.562273879974548	0.604032218098246	-0.023188774794233
2.000000000000000	-0.594250436600866	0.569594713830658	-0.026409945695412
2.000000000000000	-0.623978006202661	0.533170723485300	-0.029526487001289
2.000000000000000	-0.651336886349308	0.494906913615673	-0.032525849499990
2.000000000000000	-0.676216912486601	0.454957359079149	-0.035395955817338
2.000000000000000	-0.698517901530537	0.413482922631899	-0.038125249048181
2.000000000000000	-0.718150055269231	0.370650607191353	-0.040702739291963
2.000000000000000	-0.735034321948623	0.326632883374391	-0.043118047905183
2.000000000000000	-0.749102714585991	0.281606995019044	-0.045361449292523
2.000000000000000	-0.760298584729538	0.235754245486109	-0.047423910068391
2.000000000000000	-0.768576850561707	0.189259267614516	-0.049297125431176
2.000000000000000	-0.773904178427754	0.142309280270040	-0.050973552603750
2.000000000000000	-0.776259117058611	0.095093334481012	-0.052446441205575
2.000000000000000	-0.775632183947571	0.047801552196550	-0.053709860434098
2.000000000000000	-0.772025903533001	0.000624360732574	-0.054758722946001
2.000000000000000	-0.765454797033315	-0.046248274011787	-0.055588805342139
2.000000000000000	-0.755945323975158	-0.092627612479820	-0.056196765173675
2.000000000000000	-0.743535775650225	-0.138326901444814	-0.056580154400943
2.000000000000000	-0.728276120929747	-0.183162125999386	-0.056737429250839
2.000000000000000	-0.710227805057485	-0.226952750518569	-0.056667956433052
2.000000000000000	-0.689463502231414	-0.269522445613051	-0.056372015690100
2.000000000000000	-0.666066822970385	-0.310699798145395	-0.055850798670903
2.000000000000000	-0.640131977444069	-0.350319001450244	-0.055106404132438
2.000000000000000	-0.611763396121859	-0.388220522979240	-0.054141829488782
2.000000000000000	-0.581075309268225	-0.424251746682292	-0.052960958741584
2.000000000000000	-0.548191286977758	-0.458267587538542	-0.051568546840562
2.000000000000000	-0.513243741602010	-0.490131075762544	-0.049970200536998
2.000000000000000	-0.476373394571692	-0.519713908333236	-0.048172355807331
2.000000000000000	-0.437728709761136	-0.546896965624935	-0.046182251937749
2.000000000000000	-0.397465295676672	-0.571570791060017	-0.044007902374140
2.000000000000000	-0.355745278876097	-0.593636031851928	-0.041658062454773
2.000000000000000	-0.312736651142249	-0.613003839063788	-0.039142194155642
2.000000000000000	-0.268612593039384	-0.629596225371702	-0.036470427990428
2.000000000000000	-0.223550776576170	-0.643346379092187	-0.033653522218495
2.000000000000000	-0.177732649783217	-0.654198933209242	-0.030702819525177
2.000000000000000	-0.131342706085899	-0.662110188317779	-0.027630201348789
2.000000000000000	-0.084567741414443	-0.667048288585704	-0.024448040038264
2.000000000000000	-0.037596102042650	-0.668993350026109	-0.021169149034077
2.000000000000000	0.009383073816081	-0.667937540563073	-0.017806731273037
2.000000000000000	0.056180617601570	-0.663885111568660	-0.014374326024723
2.000000000000000	0.102608092121896	-0.656852380744152	-0.010885754373625
2.000000000000000	0.148478550323454	-0.646867666414420	-0.007355063566511
2.000000000000000	0.193607288060758	-0.633971173500029	-0.003796470449127
2.000000000000000	0.237812587834848	-0.618214831626206	-0.000224304219973
2.000000000000000	0.280916450505516	-0.599662086020576	0.003347051268320


3.000000000000000	0.197207791983671	0.443398078185329	0.002591981353654
3.000000000000000	0.167609003316862	0.455452159223580	0.002568830344121
3.000000000000000	0.137304699035546	0.465603464797578	0.002534933198334
3.000000000000000	0.106416903877347	0.473811119182618	0.002490426408134
3.000000000000000	0.075069992091714	0.480042073051332	0.002435489186657
3.000000000000000	0.043390186628709	0.484271236551666	0.002370342746703
3.000000000000000	0.011505050883743	0.486481580334862	0.002295249409995
3.000000000000000	-0.020457024955200	0.486664204126632	0.002210511550895
3.000000000000000	-0.052367340889531	0.484818372565422	0.002116470378853
3.000000000000000	-0.084097405339531	0.480951518163455	0.002013504564479
3.000000000000000	-0.115519452534587	0.475079211378626	0.001902028714766
3.000000000000000	-0.146506956980861	0.467225097917761	0.001782491703615
3.000000000000000	-0.176935142934795	0.457420803523709	0.001655374864382
3.000000000000000	-0.206681486830991	0.445705806629629	0.001521190051712
3.000000000000000	-0.235626210641364	0.432127279393279	0.001380477580486
3.000000000000000	-0.263652764178992	0.416739897751382	0.001233804050163
3.000000000000000	-0.290648294404574	0.399605621258931	0.001081760063281
3.000000000000000	-0.316504099845798	0.380793443599924	0.000924957847313
3.000000000000000	-0.341116068299796	0.360379114774153	0.000764028789439
3.000000000000000	-0.364385096056246	0.338444836078690	0.000599620894178
3.000000000000000	-0.386217486953029	0.315078929112274	0.000432396174097
3.000000000000000	-0.406525329657613	0.290375480135407	0.000263027984122
3.000000000000000	-0.425226851654950	0.264433961218191	0.000092198310177
3.000000000000000	-0.442246748516545	0.237358829701409	-0.000079404976934
3.000000000000000	-0.457516487124802	0.209259107583678	-0.000251090891340
3.000000000000000	-0.470974581631704	0.180247942528347	-0.000422168114460
3.000000000000000	-0.482566841040622	0.150442152257781	-0.000591947778697
3.000000000000000	-0.492246587414334	0.119961754169634	-0.000759746241265
3.000000000000000	-0.499974843830597	0.088929482069140	-0.000924887836979
3.000000000000000	-0.505720491328465	0.057470291963399	-0.001086707598919
3.000000000000000	-0.509460394213352	0.025710858907643	-0.001244553936016
3.000000000000000	-0.511179493216317	-0.006220933070506	-0.001397791256783
3.000000000000000	-0.510870866132421	-0.038196505914880	-0.001545802528613
3.000000000000000	-0.508535755694003	-0.070087105279214	-0.001687991762353
3.000000000000000	-0.504183564566635	-0.101764318975456	-0.001823786412144
3.000000000000000	-0.497831817487908	-0.133100594044325	-0.001952639680860
3.000000000000000	-0.489506090701499	-0.163969750366063	-0.002074032721864
3.000000000000000	-0.479239908970663	-0.194247488743239	-0.002187476728227
3.000000000000000	-0.467074610585846	-0.223811891409747	-0.002292514900973
3.000000000000000	-0.453059180909977	-0.252543912950620	-0.002388724288454
3.000000000000000	-0.437250055131702	-0.280327859655902	-0.002475717489423
3.000000000000000	-0.419710891020797	-0.307051855378380	-0.002553144212963
3.000000000000000	-0.400512312600800	-0.332608292019349	-0.002620692688985
3.000000000000000	-0.379731625770988	-0.356894262828440	-0.002678090923618
3.000000000000000	-0.357452507022811	-0.379811976772787	-0.002725107794429
3.000000000000000	-0.333764666504192	-0.401269152307001	-0.002761553981074
3.000000000000000	-0.308763486788423	-0.421179388958381	-0.002787282727622
3.000000000000000	-0.282549638802210	-0.439462515231127	-0.002802190433492
3.000000000000000	-0.255228676459379	-0.456044911428653	-0.002806217070614
3.000000000000000	-0.226910611632521	-0.470859806094126	-0.002799346425141
3.000000000000000	-0.197709471174008	-0.483847544875553	-0.002781606162739
3.000000000000000	-0.167742837770108	-0.494955830732802	-0.002753067717181
3.000000000000000	-0.137131376477001	-0.504139934519326	-0.002713846002716
3.000000000000000	-0.105998348845189	-0.511362875090649	-0.002664098951346
3.000000000000000	-0.074469116588738	-0.516595568214383	-0.002604026876887
3.000000000000000	-0.042670636797899	-0.519816943682164	-0.002533871668382
3.000000000000000	-0.010730950727714	-0.521014030151948	-0.002453915816095
3.000000000000000	0.021221331778926	-0.520182007379026	-0.002364481274023
3.000000000000000	0.053057550157725	-0.517324225625446	-0.002265928163501
3.000000000000000	0.084649511193666	-0.512452192169695	-0.002158653323122
3.000000000000000	0.115870005209845	-0.505585524970945	-0.002043088710805
3.000000000000000	0.146593318295936	-0.496751873674457	-0.001919699664458
3.000000000000000	0.176695738513744	-0.485986808276221	-0.001788983028220
3.000000000000000	0.206056054041513	-0.473333675895132	-0.001651465151850
3.000000000000000	0.234556041251153	-0.458843426229445	-0.001507699771300
3.000000000000000	0.262080940753064	-0.442574406400320	-0.001358265779015
3.000000000000000	0.288519919491695	-0.424592126008560	-0.001203764892942
3.000000000000000	0.313766517031135	-0.404968993350568	-0.001044819233619
3.000000000000000	0.337719074233725	-0.383784023855697	-0.000882068819116
3.000000000000000	0.360281142605514	-0.361122521918999	-0.000716168987911
3.000000000000000	0.381361872660312	-0.337075737410537	-0.000547787760071
3.000000000000000	0.400876379738500	-0.311740498244363	-0.000377603147372
3.000000000000000	0.418746085807597	-0.285218820486686	-0.000206300423183
3.000000000000000	0.434899035868264	-0.257617497573175	-0.000034569363114
3.000000000000000	0.449270187691691	-0.229047670289487	0.000136898532468
3.000000000000000	0.461801673721694	-0.199624379246551	0.000307412822864
3.000000000000000	0.472443034086938	-0.169466101652630	0.000476286907210
3.000000000000000	0.481151419785035	-0.138694274247419	0.000642840789172
3.000000000000000	0.487891765220350	-0.107432804319153	0.000806403815050
3.000000000000000	0.492636929400777	-0.075807570773693	0.000966317374268
3.000000000000000	0.495367805224937	-0.043945917264597	0.001121937551364
3.000000000000000	0.496073396419734	-0.011976139425174	0.001272637718810
3.000000000000000	0.494750861818458	0.019973031732751	0.001417811060219
3.000000000000000	0.491405526801169	0.051772948173184	0.001556873013784
3.000000000000000	0.486050861851267	0.083295562856203	0.001689263626100
3.000000000000000	0.478708428314609	0.114413945338191	0.001814449806896
3.000000000000000	0.469407791579581	0.145002792875931	0.001931927475607
3.000000000000000	0.458186402027714	0.174938934976531	0.002041223591123
3.000000000000000	0.445089444234212	0.204101829361528	0.002141898056563
3.000000000000000	0.430169655025622	0.232374047348095	0.002233545491387
3.000000000000000	0.413487111127239	0.259641746692903	0.002315796863721
3.000000000000000	0.395108987255342	0.285795129994655	0.002388320976319
3.000000000000000	0.375109285628319	0.310728886809469	0.002450825800177
3.000000000000000	0.353568537985852	0.334342617698866	0.002503059650428
3.000000000000000	0.330573481316024	0.356541238502873	0.002544812199795
3.000000000000000	0.306216708596084	0.377235363210377	0.002575915325497
3.000000000000000	0.280596295953202	0.396341663885044	0.002596243786225
3.000000000000000	0.253815407746527	0.413783206197507	0.002605715726441
3.000000000000000	0.225981881160720	0.429489759212756	0.002604293005986
3.000000000000000	0.197207791983672	0.443398078185329	0.002591981353654


4.000000000000000	nan	nan	nan
4.000000000000000	nan	nan	nan
4.000000000000000	nan	nan	nan
4.000000000000000	nan	nan	nan
4.000000000000000	nan	nan	nan
4.000000000000000	nan	nan	nan
4.000000000000000	nan	nan	nan
4.000000000000000	nan	nan	nan
4.000000000000000	nan	nan	nan
4.000000000000000	nan	nan	nan
4.000000000000000	nan	nan	nan
4.000000000000000	nan	nan	nan
4.000000000000000	nan	nan	nan
4.000000000000000	nan	nan	nan
4.000000000000000	nan	nan	nan
4.000000000000000	nan	nan	nan
4.000000000000000	nan	nan	nan
4.000000000000000	nan	nan	nan
4.000000000000000	nan	nan	nan
4.000000000000000	nan	nan	nan
4.000000000000000	nan	nan	nan
4.000000000000000	nan	nan	nan
4.000000000000000	nan	nan	nan
4.000000000000000	nan	nan	nan
4.000000000000000	nan	nan	nan
4.000000000000000	nan	nan	nan
4.000000000000000	nan	nan	nan
4.000000000000000	nan	nan	nan
4.000000000000000	nan	nan	nan
4.000000000000000	nan	nan	nan
4.000000000000000	nan	nan	nan
4.000000000000000	nan	nan	nan
4.000000000000000	nan	nan	nan
4.000000000000000	nan	nan	nan
4.000000000000000	nan	nan	nan
4.000000000000000	nan	nan	nan
4.000000000000000	nan	nan	nan
4.000000000000000	nan	nan	nan
4.000000000000000	nan	nan	nan
4.000000000000000	nan	nan	nan
4.000000000000000	nan	nan	nan
4.000000000000000	nan	nan	nan
4.000000000000000	nan	nan	nan
4.000000000000000	nan	nan	nan
4.000000000000000	nan	nan	nan
4.000000000000000	nan	nan	nan
4.000000000000000	nan	nan	nan
4.000000000000000	nan	nan	nan
4.000000000000000	nan	nan	nan
4.000000000000000	nan	nan	nan
4.000000000000000	nan	nan	nan
4.000000000000000	nan	nan	nan
4.000000000000000	nan	nan	nan
4.000000000000000	nan	nan	nan
4.000000000000000	nan	nan	nan
4.000000000000000	nan	nan	nan
4.000000000000000	nan	nan	nan
4.000000000000000	nan	nan	nan
4.000000000000000	nan	nan	nan
4.000000000000000	nan	nan	nan
4.000000000000000	nan	nan	nan
4.000000000000000	nan	nan	nan
4.000000000000000	nan	nan	nan
4.000000000000000	nan	nan	nan
4.000000000000000	nan	nan	nan
4.000000000000000	nan	nan	nan
4.000000000000000	nan	nan	nan
4.000000000000000	nan	nan	nan
4.000000000000000	nan	nan	nan
4.000000000000000	nan	nan	nan
4.000000000000000	nan	nan	nan
4.000000000000000	nan	nan	nan
4.000000000000000	nan	nan	nan
4.000000000000000	nan	nan	nan
4.000000000000000	nan	nan	nan
4.000000000000000	nan	nan	nan
4.000000000000000	nan	nan	nan
4.000000000000000	nan	nan	nan
4.000000000000000	nan	nan	nan
4.000000000000000	nan	nan	nan
4.000000000000000	nan	nan	nan
4.000000000000000	nan	nan	nan
4.000000000000000	nan	nan	nan
4.000000000000000	nan	nan	nan
4.000000000000000	nan	nan	nan
4.000000000000000	nan	nan	nan
4.000000000000000	nan	nan	nan
4.000000000000000	nan	nan	nan
4.000000000000000	nan	nan	nan
4.000000000000000	nan	nan	nan
4.000000000000000	nan	nan	nan
4.000000000000000	nan	nan	nan
4.000000000000000	nan	nan	nan
4.000000000000000	nan	nan	nan
4.000000000000000	nan	nan	nan
4.000000000000000	nan	nan	nan
4.000000000000000	nan	nan	nan
4.000000000000000	nan	nan	nan
4.000000000000000	nan	nan	nan
4.000000000000000	nan	nan	nan


5.000000000000000	nan	nan	nan
5.000000000000000	nan	nan	nan
5.000000000000000	nan	nan	nan
5.000000000000000	nan	nan	nan
5.000000000000000	nan	nan	nan
5.000000000000000	nan	nan	nan
5.000000000000000	nan	nan	nan
5.000000000000000	nan	nan	nan
5.000000000000000	nan	nan	nan
5.000000000000000	nan	nan	nan
5.000000000000000	nan	nan	nan
5.000000000000000	nan	nan	nan
5.000000000000000	nan	nan	nan
5.000000000000000	nan	nan	nan
5.000000000000000	nan	nan	nan
5.000000000000000	nan	nan	nan
5.000000000000000	nan	nan	nan
5.000000000000000	nan	nan	nan
5.000000000000000	nan	nan	nan
5.000000000000000	nan	nan	nan
5.000000000000000	nan	nan	nan
5.000000000000000	nan	nan	nan
5.000000000000000	nan	nan	nan
5.000000000000000	nan	nan	nan
5.000000000000000	nan	nan	nan
5.000000000000000	nan	nan	nan
5.000000000000000	nan	nan	nan
5.000000000000000	nan	nan	nan
5.000000000000000	nan	nan	nan
5.000000000000000	nan	nan	nan
5.000000000000000	nan	nan	nan
5.000000000000000	nan	nan	nan
5.000000000000000	nan	nan	nan
5.000000000000000	nan	nan	nan
5.000000000000000	nan	nan	nan
5.000000000000000	nan	nan	nan
5.000000000000000	nan	nan	nan
5.000000000000000	nan	nan	nan
5.000000000000000	nan	nan	nan
5.000000000000000	nan	nan	nan
5.000000000000000	nan	nan	nan
5.000000000000000	nan	nan	nan
5.000000000000000	nan	nan	nan
5.000000000000000	nan	nan	nan
5.000000000000000	nan	nan	nan
5.000000000000000	nan	nan	nan
5.000000000000000	nan	nan	nan
5.000000000000000	nan	nan	nan
5.000000000000000	nan	nan	nan
5.000000000000000	nan	nan	nan
5.000000000000000	nan	nan	nan
5.000000000000000	nan	nan	nan
5.000000000000000	nan	nan	nan
5.000000000000000	nan	nan	nan
5.000000000000000	nan	nan	nan
5.000000000000000	nan	nan	nan
5.000000000000000	nan	nan	nan
5.000000000000000	nan	nan	nan
5.000000000000000	nan	nan	nan
5.000000000000000	nan	nan	nan
5.000000000000000	nan	nan	nan
5.000000000000000	nan	nan	nan
5.000000000000000	nan	nan	nan
5.000000000000000	nan	nan	nan
5.000000000000000	nan	nan	nan
5.000000000000000	nan	nan	nan
5.000000000000000	nan	nan	nan
5.000000000000000	nan	nan	nan
5.000000000000000	nan	nan	nan
5.000000000000000	nan	nan	nan
5.000000000000000	nan	nan	nan
5.000000000000000	nan	nan	nan
5.000000000000000	nan	nan	nan
5.000000000000000	nan	nan	nan
5.000000000000000	nan	nan	nan
5.000000000000000	nan	nan	nan
5.000000000000000	nan	nan	nan
5.000000000000000	nan	nan	nan
5.000000000000000	nan	nan	nan
5.000000000000000	nan	nan	nan
5.000000000000000	nan	nan	nan
5.000000000000000	nan	nan	nan
5.000000000000000	nan	nan	nan
5.000000000000000	nan	nan	nan
5.000000000000000	nan	nan	nan
5.000000000000000	nan	nan	nan
5.000000000000000	nan	nan	nan
5.000000000000000	nan	nan	nan
5.000000000000000	nan	nan	nan
5.000000000000000	nan	nan	nan
5.000000000000000	nan	nan	nan
5.000000000000000	nan	nan	nan
5.000000000000000	nan	nan	nan
5.000000000000000	nan	nan	nan
5.000000000000000	nan	nan	nan
5.000000000000000	nan	nan	nan
5.000000000000000	nan	nan	nan
5.000000000000000	nan	nan	nan
5.000000000000000	nan	nan	nan
5.000000000000000	nan	nan	nan


6.000000000000000	nan	nan	nan
6.000000000000000	nan	nan	nan
6.000000000000000	nan	nan	nan
6.000000000000000	nan	nan	nan
6.000000000000000	nan	nan	nan
6.000000000000000	nan	nan	nan
6.000000000000000	nan	nan	nan
6.000000000000000	nan	nan	nan
6.000000000000000	nan	nan	nan
6.000000000000000	nan	nan	nan
6.000000000000000	nan	nan	nan
6.000000000000000	nan	nan	nan
6.000000000000000	nan	nan	nan
6.000000000000000	nan	nan	nan
6.000000000000000	nan	nan	nan
6.000000000000000	nan	nan	nan
6.000000000000000	nan	nan	nan
6.000000000000000	nan	nan	nan
6.000000000000000	nan	nan	nan
6.000000000000000	nan	nan	nan
6.000000000000000	nan	nan	nan
6.000000000000000	nan	nan	nan
6.000000000000000	nan	nan	nan
6.000000000000000	nan	nan	nan
6.000000000000000	nan	nan	nan
6.000000000000000	nan	nan	nan
6.000000000000000	nan	nan	nan
6.000000000000000	nan	nan	nan
6.000000000000000	nan	nan	nan
6.000000000000000	nan	nan	nan
6.000000000000000	nan	nan	nan
6.000000000000000	nan	nan	nan
6.000000000000000	nan	nan	nan
6.000000000000000	nan	nan	nan
6.000000000000000	nan	nan	nan
6.000000000000000	nan	nan	nan
6.000000000000000	nan	nan	nan
6.000000000000000	nan	nan	nan
6.000000000000000	nan	nan	nan
6.000000000000000	nan	nan	nan
6.000000000000000	nan	nan	nan
6.000000000000000	nan	nan	nan
6.000000000000000	nan	nan	nan
6.000000000000000	nan	nan	nan
6.000000000000000	nan	nan	nan
6.000000000000000	nan	nan	nan
6.000000000000000	nan	nan	nan
6.000000000000000	nan	nan	nan
6.000000000000000	nan	nan	nan
6.000000000000000	nan	nan	nan
6.000000000000000	nan	nan	nan
6.000000000000000	nan	nan	nan
6.000000000000000	nan	nan	nan
6.000000000000000	nan	nan	nan
6.000000000000000	nan	nan	nan
6.000000000000000	nan	nan	nan
6.000000000000000	nan	nan	nan
6.000000000000000	nan	nan	nan
6.000000000000000	nan	nan	nan
6.000000000000000	nan	nan	nan
6.000000000000000	nan	nan	nan
6.000000000000000	nan	nan	nan
6.000000000000000	nan	nan	nan
6.000000000000000	nan	nan	nan
6.000000000000000	nan	nan	nan
6.000000000000000	nan	nan	nan
6.000000000000000	nan	nan	nan
6.000000000000000	nan	nan	nan
6.000000000000000	nan	nan	nan
6.000000000000000	nan	nan	nan
6.000000000000000	nan	nan	nan
6.000000000000000	nan	nan	nan
6.000000000000000	nan	nan	nan
6.000000000000000	nan	nan	nan
6.000000000000000	nan	nan	nan
6.000000000000000	nan	nan	nan
6.000000000000000	nan	nan	nan
6.000000000000000	nan	nan	nan
6.000000000000000	nan	nan	nan
6.000000000000000	nan	nan	nan
6.000000000000000	nan	nan	nan
6.000000000000000	nan	nan	nan
6.000000000000000	nan	nan	nan
6.000000000000000	nan	nan	nan
6.000000000000000	nan	nan	nan
6.000000000000000	nan	nan	nan
6.000000000000000	nan	nan	nan
6.000000000000000	nan	nan	nan
6.000000000000000	nan	nan	nan
6.000000000000000	nan	nan	nan
6.000000000000000	nan	nan	nan
6.000000000000000	nan	nan	nan
6.000000000000000	nan	nan	nan
6.000000000000000	nan	nan	nan
6.000000000000000	nan	nan	nan
6.000000000000000	nan	nan	nan
6.000000000000000	nan	nan	nan
6.000000000000000	nan	nan	nan
6.000000000000000	nan	nan	nan
6.000000000000000	nan	nan	nan


7.000000000000000	nan	nan	nan
7.000000000000000	nan	nan	nan
7.000000000000000	nan	nan	nan
7.000000000000000	nan	nan	nan
7.000000000000000	nan	nan	nan
7.000000000000000	nan	nan	nan
7.000000000000000	nan	nan	nan
7.000000000000000	nan	nan	nan
7.000000000000000	nan	nan	nan
7.000000000000000	nan	nan	nan
7.000000000000000	nan	nan	nan
7.000000000000000	nan	nan	nan
7.000000000000000	nan	nan	nan
7.000000000000000	nan	nan	nan
7.000000000000000	nan	nan	nan
7.000000000000000	nan	nan	nan
7.000000000000000	nan	nan	nan
7.000000000000000	nan	nan	nan
7.000000000000000	nan	nan	nan
7.000000000000000	nan	nan	nan
7.000000000000000	nan	nan	nan
7.000000000000000	nan	nan	nan
7.000000000000000	nan	nan	nan
7.000000000000000	nan	nan	nan
7.000000000000000	nan	nan	nan
7.000000000000000	nan	nan	nan
7.000000000000000	nan	nan	nan
7.000000000000000	nan	nan	nan
7.000000000000000	nan	nan	nan
7.000000000000000	nan	nan	nan
7.000000000000000	nan	nan	nan
7.000000000000000	nan	nan	nan
7.000000000000000	nan	nan	nan
7.000000000000000	nan	nan	nan
7.000000000000000	nan	nan	nan
7.000000000000000	nan	nan	nan
7.000000000000000	nan	nan	nan
7.000000000000000	nan	nan	nan
7.000000000000000	nan	nan	nan
7.000000000000000	nan	nan	nan
7.000000000000000	nan	nan	nan
7.000000000000000	nan	nan	nan
7.000000000000000	nan	nan	nan
7.000000000000000	nan	nan	nan
7.000000000000000	nan	nan	nan
7.000000000000000	nan	nan	nan
7.000000000000000	nan	nan	nan
7.000000000000000	nan	nan	nan
7.000000000000000	nan	nan	nan
7.000000000000000	nan	nan	nan
7.000000000000000	nan	nan	nan
7.000000000000000	nan	nan	nan
7.000000000000000	nan	nan	nan
7.000000000000000	nan	nan	nan
7.000000000000000	nan	nan	nan
7.000000000000000	nan	nan	nan
7.000000000000000	nan	nan	nan
7.000000000000000	nan	nan	nan
7.000000000000000	nan	nan	nan
7.000000000000000	nan	nan	nan
7.000000000000000	nan	nan	nan
7.000000000000000	nan	nan	nan
7.000000000000000	nan	nan	nan
7.000000000000000	nan	nan	nan
7.000000000000000	nan	nan	nan
7.000000000000000	nan	nan	nan
7.000000000000000	nan	nan	nan
7.000000000000000	nan	nan	nan
7.000000000000000	nan	nan	nan
7.000000000000000	nan	nan	nan
7.000000000000000	nan	nan	nan
7.000000000000000	nan	nan	nan
7.000000000000000	nan	nan	nan
7.000000000000000	nan	nan	nan
7.000000000000000	nan	nan	nan
7.000000000000000	nan	nan	nan
7.000000000000000	nan	nan	nan
7.000000000000000	nan	nan	nan
7.000000000000000	nan	nan	nan
7.000000000000000	nan	nan	nan
7.000000000000000	nan	nan	nan
7.000000000000000	nan	nan	nan
7.000000000000000	nan	nan	nan
7.000000000000000	nan	nan	nan
7.000000000000000	nan	nan	nan
7.000000000000000	nan	nan	nan
7.000000000000000	nan	nan	nan
7.000000000000000	nan	nan	nan
7.000000000000000	nan	nan	nan
7.000000000000000	nan	nan	nan
7.000000000000000	nan	nan	nan
7.000000000000000	nan	nan	nan
7.000000000000000	nan	nan	nan
7.000000000000000	nan	nan	nan
7.000000000000000	nan	nan	nan
7.000000000000000	nan	nan	nan
7.000000000000000	nan	nan	nan
7.000000000000000	nan	nan	nan
7.000000000000000	nan	nan	nan
7.000000000000000	nan	nan	nan


8.000000000000000	nan	nan	nan
8.000000000000000	nan	nan	nan
8.000000000000000	nan	nan	nan
8.000000000000000	nan	nan	nan
8.000000000000000	nan	nan	nan
8.000000000000000	nan	nan	nan
8.000000000000000	nan	nan	nan
8.000000000000000	nan	nan	nan
8.000000000000000	nan	nan	nan
8.000000000000000	nan	nan	nan
8.000000000000000	nan	nan	nan
8.000000000000000	nan	nan	nan
8.000000000000000	nan	nan	nan
8.000000000000000	nan	nan	nan
8.000000000000000	nan	nan	nan
8.000000000000000	nan	nan	nan
8.000000000000000	nan	nan	nan
8.000000000000000	nan	nan	nan
8.000000000000000	nan	nan	nan
8.000000000000000	nan	nan	nan
8.000000000000000	nan	nan	nan
8.000000000000000	nan	nan	nan
8.000000000000000	nan	nan	nan
8.000000000000000	nan	nan	nan
8.000000000000000	nan	nan	nan
8.000000000000000	nan	nan	nan
8.000000000000000	nan	nan	nan
8.000000000000000	nan	nan	nan
8.000000000000000	nan	nan	nan
8.000000000000000	nan	nan	nan
8.000000000000000	nan	nan	nan
8.000000000000000	nan	nan	nan
8.000000000000000	nan	nan	nan
8.000000000000000	nan	nan	nan
8.000000000000000	nan	nan	nan
8.000000000000000	nan	nan	nan
8.000000000000000	nan	nan	nan
8.000000000000000	nan	nan	nan
8.000000000000000	nan	nan	nan
8.000000000000000	nan	nan	nan
8.000000000000000	nan	nan	nan
8.000000000000000	nan	nan	nan
8.000000000000000	nan	nan	nan
8.000000000000000	nan	nan	nan
8.000000000000000	nan	nan	nan
8.000000000000000	nan	nan	nan
8.000000000000000	nan	nan	nan
8.000000000000000	nan	nan	nan
8.000000000000000	nan	nan	nan
8.000000000000000	nan	nan	nan
8.000000000000000	nan	nan	nan
8.000000000000000	nan	nan	nan
8.000000000000000	nan	nan	nan
8.000000000000000	nan	nan	nan
8.000000000000000	nan	nan	nan
8.000000000000000	nan	nan	nan
8.000000000000000	nan	nan	nan
8.000000000000000	nan	nan	nan
8.000000000000000	nan	nan	nan
8.000000000000000	nan	nan	nan
8.000000000000000	nan	nan	nan
8.000000000000000	nan	nan	nan
8.000000000000000	nan	nan	nan
8.000000000000000	nan	nan	nan
8.000000000000000	nan	nan	nan
8.000000000000000	nan	nan	nan
8.000000000000000	nan	nan	nan
8.000000000000000	nan	nan	nan
8.000000000000000	nan	nan	nan
8.000000000000000	nan	nan	nan
8.000000000000000	nan	nan	nan
8.000000000000000	nan	nan	nan
8.000000000000000	nan	nan	nan
8.000000000000000	nan	nan	nan
8.000000000000000	nan	nan	nan
8.000000000000000	nan	nan	nan
8.000000000000000	nan	nan	nan
8.000000000000000	nan	nan	nan
8.000000000000000	nan	nan	nan
8.000000000000000	nan	nan	nan
8.000000000000000	nan	nan	nan
8.000000000000000	nan	nan	nan
8.000000000000000	nan	nan	nan
8.000000000000000	nan	nan	nan
8.000000000000000	nan	nan	nan
8.000000000000000	nan	nan	nan
8.000000000000000	nan	nan	nan
8.000000000000000	nan	nan	nan
8.000000000000000	nan	nan	nan
8.000000000000000	nan	nan	nan
8.000000000000000	nan	nan	nan
8.000000000000000	nan	nan	nan
8.000000000000000	nan	nan	nan
8.000000000000000	nan	nan	nan
8.000000000000000	nan	nan	nan
8.000000000000000	nan	nan	nan
8.000000000000000	nan	nan	nan
8.000000000000000	nan	nan	nan
8.000000000000000	nan	nan	nan
8.000000000000000	nan	nan	nan


9.000000000000000	nan	nan	nan
9.000000000000000	nan	nan	nan
9.000000000000000	nan	nan	nan
9.000000000000000	nan	nan	nan
9.000000000000000	nan	nan	nan
9.000000000000000	nan	nan	nan
9.000000000000000	nan	nan	nan
9.000000000000000	nan	nan	nan
9.000000000000000	nan	nan	nan
9.000000000000000	nan	nan	nan
9.000000000000000	nan	nan	nan
9.000000000000000	nan	nan	nan
9.000000000000000	nan	nan	nan
9.000000000000000	nan	nan	nan
9.000000000000000	nan	nan	nan
9.000000000000000	nan	nan	nan
9.000000000000000	nan	nan	nan
9.000000000000000	nan	nan	nan
9.000000000000000	nan	nan	nan
9.000000000000000	nan	nan	nan
9.000000000000000	nan	nan	nan
9.000000000000000	nan	nan	nan
9.000000000000000	nan	nan	nan
9.000000000000000	nan	nan	nan
9.000000000000000	nan	nan	nan
9.000000000000000	nan	nan	nan
9.000000000000000	nan	nan	nan
9.000000000000000	nan	nan	nan
9.000000000000000	nan	nan	nan
9.000000000000000	nan	nan	nan
9.000000000000000	nan	nan	nan
9.000000000000000	nan	nan	nan
9.000000000000000	nan	nan	nan
9.000000000000000	nan	nan	nan
9.000000000000000	nan	nan	nan
9.000000000000000	nan	nan	nan
9.000000000000000	nan	nan	nan
9.000000000000000	nan	nan	nan
9.000000000000000	nan	nan	nan
9.000000000000000	nan	nan	nan
9.000000000000000	nan	nan	nan
9.000000000000000	nan	nan	nan
9.000000000000000	nan	nan	nan
9.000000000000000	nan	nan	nan
9.000000000000000	nan	nan	nan
9.000000000000000	nan	nan	nan
9.000000000000000	nan	nan	nan
9.000000000000000	nan	nan	nan
9.000000000000000	nan	nan	nan
9.000000000000000	nan	nan	nan
9.000000000000000	nan	nan	nan
9.000000000000000	nan	nan	nan
9.000000000000000	nan	nan	nan
9.000000000000000	nan	nan	nan
9.000000000000000	nan	nan	nan
9.000000000000000	nan	nan	nan
9.000000000000000	nan	nan	nan
9.000000000000000	nan	nan	nan
9.000000000000000	nan	nan	nan
9.000000000000000	nan	nan	nan
9.000000000000000	nan	nan	nan
9.000000000000000	nan	nan	nan
9.000000000000000	nan	nan	nan
9.000000000000000	nan	nan	nan
9.000000000000000	nan	nan	nan
9.000000000000000	nan	nan	nan
9.000000000000000	nan	nan	nan
9.000000000000000	nan	nan	nan
9.000000000000000	nan	nan	nan
9.000000000000000	nan	nan	nan
9.000000000000000	nan	nan	nan
9.000000000000000	nan	nan	nan
9.000000000000000	nan	nan	nan
9.000000000000000	nan	nan	nan
9.000000000000000	nan	nan	nan
9.000000000000000	nan	nan	nan
9.000000000000000	nan	nan	nan
9.000000000000000	nan	nan	nan
9.000000000000000	nan	nan	nan
9.000000000000000	nan	nan	nan
9.000000000000000	nan	nan	nan
9.000000000000000	nan	nan	nan
9.000000000000000	nan	nan	nan
9.000000000000000	nan	nan	nan
9.000000000000000	nan	nan	nan
9.000000000000000	nan	nan	nan
9.000000000000000	nan	nan	nan
9.000000000000000	nan	nan	nan
9.000000000000000	nan	nan	nan
9.000000000000000	nan	nan	nan
9.000000000000000	nan	nan	nan
9.000000000000000	nan	nan	nan
9.000000000000000	nan	nan	nan
9.000000000000000	nan	nan	nan
9.000000000000000	nan	nan	nan
9.000000000000000	nan	nan	nan
9.000000000000000	nan	nan	nan
9.000000000000000	nan	nan	nan
9.000000000000000	nan	nan	nan
9.000000000000000	nan	nan	nan


10.000000000000000	nan	nan	nan
10.000000000000000	nan	nan	nan
10.000000000000000	nan	nan	nan
10.000000000000000	nan	nan	nan
10.000000000000000	nan	nan	nan
10.000000000000000	nan	nan	nan
10.000000000000000	nan	nan	nan
10.000000000000000	nan	nan	nan
10.000000000000000	nan	nan	nan
10.000000000000000	nan	nan	nan
10.000000000000000	nan	nan	nan
10.000000000000000	nan	nan	nan
10.000000000000000	nan	nan	nan
10.000000000000000	nan	nan	nan
10.000000000000000	nan	nan	nan
10.000000000000000	nan	nan	nan
10.000000000000000	nan	nan	nan
10.000000000000000	nan	nan	nan
10.000000000000000	nan	nan	nan
10.000000000000000	nan	nan	nan
10.000000000000000	nan	nan	nan
10.000000000000000	nan	nan	nan
10.000000000000000	nan	nan	nan
10.000000000000000	nan	nan	nan
10.000000000000000	nan	nan	nan
10.000000000000000	nan	nan	nan
10.000000000000000	nan	nan	nan
10.000000000000000	nan	nan	nan
10.000000000000000	nan	nan	nan
10.000000000000000	nan	nan	nan
10.000000000000000	nan	nan	nan
10.000000000000000	nan	nan	nan
10.000000000000000	nan	nan	nan
10.000000000000000	nan	nan	nan
10.000000000000000	nan	nan	nan
10.000000000000000	nan	nan	nan
10.000000000000000	nan	nan	nan
10.000000000000000	nan	nan	nan
10.000000000000000	nan	nan	nan
10.000000000000000	nan	nan	nan
10.000000000000000	nan	nan	nan
10.000000000000000	nan	nan	nan
10.000000000000000	nan	nan	nan
10.000000000000000	nan	nan	nan
10.000000000000000	nan	nan	nan
10.000000000000000	nan	nan	nan
10.000000000000000	nan	nan	nan
10.000000000000000	nan	nan	nan
10.000000000000000	nan	nan	nan
10.000000000000000	nan	nan	nan
10.000000000000000	nan	nan	nan
10.000000000000000	nan	nan	nan
10.000000000000000	nan	nan	nan
10.000000000000000	nan	nan	nan
10.000000000000000	nan	nan	nan
10.000000000000000	nan	nan	nan
10.000000000000000	nan	nan	nan
10.000000000000000	nan	nan	nan
10.000000000000000	nan	nan	nan
10.000000000000000	nan	nan	nan
10.000000000000000	nan	nan	nan
10.000000000000000	nan	nan	nan
10.000000000000000	nan	nan	nan
10.000000000000000	nan	nan	nan
10.000000000000000	nan	nan	nan
10.000000000000000	nan	nan	nan
10.000000000000000	nan	nan	nan
10.000000000000000	nan	nan	nan
10.000000000000000	nan	nan	nan
10.000000000000000	nan	nan	nan
10.000000000000000	nan	nan	nan
10.000000000000000	nan	nan	nan
10.000000000000000	nan	nan	nan
10.000000000000000	nan	nan	nan
10.000000000000000	nan	nan	nan
10.000000000000000	nan	nan	nan
10.000000000000000	nan	nan	nan
10.000000000000000	nan	nan	nan
10.000000000000000	nan	nan	nan
10.000000000000000	nan	nan	nan
10.000000000000000	nan	nan	nan
10.000000000000000	nan	nan	nan
10.000000000000000	nan	nan	nan
10.000000000000000	nan	nan	nan
10.000000000000000	nan	nan	nan
10.000000000000000	nan	nan	nan
10.000000000000000	nan	nan	nan
10.000000000000000	nan	nan	nan
10.000000000000000	nan	nan	nan
10.000000000000000	nan	nan	nan
10.000000000000000	nan	nan	nan
10.000000000000000	nan	nan	nan
10.000000000000000	nan	nan	nan
10.000000000000000	nan	nan	nan
10.000000000000000	nan	nan	nan
10.000000000000000	nan	nan	nan
10.000000000000000	nan	nan	nan
10.000000000000000	nan	nan	nan
10.000000000000000	nan	nan	nan
10.000000000000000	nan	nan	nan


11.000000000000000	nan	nan	nan
11.000000000000000	nan	nan	nan
11.000000000000000	nan	nan	nan
11.000000000000000	nan	nan	nan
11.000000000000000	nan	nan	nan
11.000000000000000	nan	nan	nan
11.000000000000000	nan	nan	nan
11.000000000000000	nan	nan	nan
11.000000000000000	nan	nan	nan
11.000000000000000	nan	nan	nan
11.000000000000000	nan	nan	nan
11.000000000000000	nan	nan	nan
11.000000000000000	nan	nan	nan
11.000000000000000	nan	nan	nan
11.000000000000000	nan	nan	nan
11.000000000000000	nan	nan	nan
11.000000000000000	nan	nan	nan
11.000000000000000	nan	nan	nan
11.000000000000000	nan	nan	nan
11.000000000000000	nan	nan	nan
11.000000000000000	nan	nan	nan
11.000000000000000	nan	nan	nan
11.000000000000000	nan	nan	nan
11.000000000000000	nan	nan	nan
11.000000000000000	nan	nan	nan
11.000000000000000	nan	nan	nan
11.000000000000000	nan	nan	nan
11.000000000000000	nan	nan	nan
11.000000000000000	nan	nan	nan
11.000000000000000	nan	nan	nan
11.000000000000000	nan	nan	nan
11.000000000000000	nan	nan	nan
11.000000000000000	nan	nan	nan
11.000000000000000	nan	nan	nan
11.000000000000000	nan	nan	nan
11.000000000000000	nan	nan	nan
11.000000000000000	nan	nan	nan
11.000000000000000	nan	nan	nan
11.000000000000000	nan	nan	nan
11.000000000000000	nan	nan	nan
11.000000000000000	nan	nan	nan
11.000000000000000	nan	nan	nan
11.000000000000000	nan	nan	nan
11.000000000000000	nan	nan	nan
11.000000000000000	nan	nan	nan
11.000000000000000	nan	nan	nan
11.000000000000000	nan	nan	nan
11.000000000000000	nan	nan	nan
11.000000000000000	nan	nan	nan
11.000000000000000	nan	nan	nan
11.000000000000000	nan	nan	nan
11.000000000000000	nan	nan	nan
11.000000000000000	nan	nan	nan
11.000000000000000	nan	nan	nan
11.000000000000000	nan	nan	nan
11.000000000000000	nan	nan	nan
11.000000000000000	nan	nan	nan
11.000000000000000	nan	nan	nan
11.000000000000000	nan	nan	nan
11.000000000000000	nan	nan	nan
11.000000000000000	nan	nan	nan
11.000000000000000	nan	nan	nan
11.000000000000000	nan	nan	nan
11.000000000000000	nan	nan	nan
11.000000000000000	nan	nan	nan
11.000000000000000	nan	nan	nan
11.000000000000000	nan	nan	nan
11.000000000000000	nan	nan	nan
11.000000000000000	nan	nan	nan
11.000000000000000	nan	nan	nan
11.000000000000000	nan	nan	nan
11.000000000000000	nan	nan	nan
11.000000000000000	nan	nan	nan
11.000000000000000	nan	nan	nan
11.000000000000000	nan	nan	nan
11.000000000000000	nan	nan	nan
11.000000000000000	nan	nan	nan
11.000000000000000	nan	nan	nan
11.000000000000000	nan	nan	nan
11.000000000000000	nan	nan	nan
11.000000000000000	nan	nan	nan
11.000000000000000	nan	nan	nan
11.000000000000000	nan	nan	nan
11.000000000000000	nan	nan	nan
11.000000000000000	nan	nan	nan
11.000000000000000	nan	nan	nan
11.000000000000000	nan	nan	nan
11.000000000000000	nan	nan	nan
11.000000000000000	nan	nan	nan
11.000000000000000	nan	nan	nan
11.000000000000000	nan	nan	nan
11.000000000000000	nan	nan	nan
11.000000000000000	nan	nan	nan
11.000000000000000	nan	nan	nan
11.000000000000000	nan	nan	nan
11.000000000000000	nan	nan	nan
11.000000000000000	nan	nan	nan
11.000000000000000	nan	nan	nan
11.000000000000000	nan	nan	nan
11.000000000000000	nan	nan	nan


12.000000000000000	nan	nan	nan
12.000000000000000	nan	nan	nan
12.000000000000000	nan	nan	nan
12.000000000000000	nan	nan	nan
12.000000000000000	nan	nan	nan
12.000000000000000	nan	nan	nan
12.000000000000000	nan	nan	nan
12.000000000000000	nan	nan	nan
12.000000000000000	nan	nan	nan
12.000000000000000	nan	nan	nan
12.000000000000000	nan	nan	nan
12.000000000000000	nan	nan	nan
12.000000000000000	nan	nan	nan
12.000000000000000	nan	nan	nan
12.000000000000000	nan	nan	nan
12.000000000000000	nan	nan	nan
12.000000000000000	nan	nan	nan
12.000000000000000	nan	nan	nan
12.000000000000000	nan	nan	nan
12.000000000000000	nan	nan	nan
12.000000000000000	nan	nan	nan
12.000000000000000	nan	nan	nan
12.000000000000000	nan	nan	nan
12.000000000000000	nan	nan	nan
12.000000000000000	nan	nan	nan
12.000000000000000	nan	nan	nan
12.000000000000000	nan	nan	nan
12.000000000000000	nan	nan	nan
12.000000000000000	nan	nan	nan
12.000000000000000	nan	nan	nan
12.000000000000000	nan	nan	nan
12.000000000000000	nan	nan	nan
12.000000000000000	nan	nan	nan
12.000000000000000	nan	nan	nan
12.000000000000000	nan	nan	nan
12.000000000000000	nan	nan	nan
12.000000000000000	nan	nan	nan
12.000000000000000	nan	nan	nan
12.000000000000000	nan	nan	nan
12.000000000000000	nan	nan	nan
12.000000000000000	nan	nan	nan
12.000000000000000	nan	nan	nan
12.000000000000000	nan	nan	nan
12.000000000000000	nan	nan	nan
12.000000000000000	nan	nan	nan
12.000000000000000	nan	nan	nan
12.000000000000000	nan	nan	nan
12.000000000000000	nan	nan	nan
12.000000000000000	nan	nan	nan
12.000000000000000	nan	nan	nan
12.000000000000000	nan	nan	nan
12.000000000000000	nan	nan	nan
12.000000000000000	nan	nan	nan
12.000000000000000	nan	nan	nan
12.000000000000000	nan	nan	nan
12.000000000000000	nan	nan	nan
12.000000000000000	nan	nan	nan
12.000000000000000	nan	nan	nan
12.000000000000000	nan	nan	nan
12.000000000000000	nan	nan	nan
12.000000000000000	nan	nan	nan
12.000000000000000	nan	nan	nan
12.000000000000000	nan	nan	nan
12.000000000000000	nan	nan	nan
12.000000000000000	nan	nan	nan
12.000000000000000	nan	nan	nan
12.000000000000000	nan	nan	nan
12.000000000000000	nan	nan	nan
12.000000000000000	nan	nan	nan
12.000000000000000	nan	nan	nan
12.000000000000000	nan	nan	nan
12.000000000000000	nan	nan	nan
12.000000000000000	nan	nan	nan
12.000000000000000	nan	nan	nan
12.000000000000000	nan	nan	nan
12.000000000000000	nan	nan	nan
12.000000000000000	nan	nan	nan
12.000000000000000	nan	nan	nan
12.000000000000000	nan	nan	nan
12.000000000000000	nan	nan	nan
12.000000000000000	nan	nan	nan
12.000000000000000	nan	nan	nan
12.000000000000000	nan	nan	nan
12.000000000000000	nan	nan	nan
12.000000000000000	nan	nan	nan
12.000000000000000	nan	nan	nan
12.000000000000000	nan	nan	nan
12.000000000000000	nan	nan	nan
12.000000000000000	nan	nan	nan
12.000000000000000	nan	nan	nan
12.000000000000000	nan	nan	nan
12.000000000000000	nan	nan	nan
12.000000000000000	nan	nan	nan
12.000000000000000	nan	nan	nan
12.000000000000000	nan	nan	nan
12.000000000000000	nan	nan	nan
12.000000000000000	nan	nan	nan
12.000000000000000	nan	nan	nan
12.000000000000000	nan	nan	nan
12.000000000000000	nan	nan	nan


13.000000000000000	nan	nan	nan
13.000000000000000	nan	nan	nan
13.000000000000000	nan	nan	nan
13.000000000000000	nan	nan	nan
13.000000000000000	nan	nan	nan
13.000000000000000	nan	nan	nan
13.000000000000000	nan	nan	nan
13.000000000000000	nan	nan	nan
13.000000000000000	nan	nan	nan
13.000000000000000	nan	nan	nan
13.000000000000000	nan	nan	nan
13.000000000000000	nan	nan	nan
13.000000000000000	nan	nan	nan
13.000000000000000	nan	nan	nan
13.000000000000000	nan	nan	nan
13.000000000000000	nan	nan	nan
13.000000000000000	nan	nan	nan
13.000000000000000	nan	nan	nan
13.000000000000000	nan	nan	nan
13.000000000000000	nan	nan	nan
13.000000000000000	nan	nan	nan
13.000000000000000	nan	nan	nan
13.000000000000000	nan	nan	nan
13.000000000000000	nan	nan	nan
13.000000000000000	nan	nan	nan
13.000000000000000	nan	nan	nan
13.000000000000000	nan	nan	nan
13.000000000000000	nan	nan	nan
13.000000000000000	nan	nan	nan
13.000000000000000	nan	nan	nan
13.000000000000000	nan	nan	nan
13.000000000000000	nan	nan	nan
13.000000000000000	nan	nan	nan
13.000000000000000	nan	nan	nan
13.000000000000000	nan	nan	nan
13.000000000000000	nan	nan	nan
13.000000000000000	nan	nan	nan
13.000000000000000	nan	nan	nan
13.000000000000000	nan	nan	nan
13.000000000000000	nan	nan	nan
13.000000000000000	nan	nan	nan
13.000000000000000	nan	nan	nan
13.000000000000000	nan	nan	nan
13.000000000000000	nan	nan	nan
13.000000000000000	nan	nan	nan
13.000000000000000	nan	nan	nan
13.000000000000000	nan	nan	nan
13.000000000000000	nan	nan	nan
13.000000000000000	nan	nan	nan
13.000000000000000	nan	nan	nan
13.000000000000000	nan	nan	nan
13.000000000000000	nan	nan	nan
13.000000000000000	nan	nan	nan
13.000000000000000	nan	nan	nan
13.000000000000000	nan	nan	nan
13.000000000000000	nan	nan	nan
13.000000000000000	nan	nan	nan
13.000000000000000	nan	nan	nan
13.000000000000000	nan	nan	nan
13.000000000000000	nan	nan	nan
13.000000000000000	nan	nan	nan
13.000000000000000	nan	nan	nan
13.000000000000000	nan	nan	nan
13.000000000000000	nan	nan	nan
13.000000000000000	nan	nan	nan
13.000000000000000	nan	nan	nan
13.000000000000000	nan	nan	nan
13.000000000000000	nan	nan	nan
13.000000000000000	nan	nan	nan
13.000000000000000	nan	nan	nan
13.000000000000000	nan	nan	nan
13.000000000000000	nan	nan	nan
13.000000000000000	nan	nan	nan
13.000000000000000	nan	nan	nan
13.000000000000000	nan	nan	nan
13.000000000000000	nan	nan	nan
13.000000000000000	nan	nan	nan
13.000000000000000	nan	nan	nan
13.000000000000000	nan	nan	nan
13.000000000000000	nan	nan	nan
13.000000000000000	nan	nan	nan
13.000000000000000	nan	nan	nan
13.000000000000000	nan	nan	nan
13.000000000000000	nan	nan	nan
13.000000000000000	nan	nan	nan
13.000000000000000	nan	nan	nan
13.000000000000000	nan	nan	nan
13.000000000000000	nan	nan	nan
13.000000000000000	nan	nan	nan
13.000000000000000	nan	nan	nan
13.000000000000000	nan	nan	nan
13.000000000000000	nan	nan	nan
13.000000000000000	nan	nan	nan
13.000000000000000	nan	nan	nan
13.000000000000000	nan	nan	nan
13.000000000000000	nan	nan	nan
13.000000000000000	nan	nan	nan
13.000000000000000	nan	nan	nan
13.000000000000000	nan	nan	nan
13.000000000000000	nan	nan	nan


14.000000000000000	nan	nan	nan
14.000000000000000	nan	nan	nan
14.000000000000000	nan	nan	nan
14.000000000000000	nan	nan	nan
14.000000000000000	nan	nan	nan
14.000000000000000	nan	nan	nan
14.000000000000000	nan	nan	nan
14.000000000000000	nan	nan	nan
14.000000000000000	nan	nan	nan
14.000000000000000	nan	nan	nan
14.000000000000000	nan	nan	nan
14.000000000000000	nan	nan	nan
14.000000000000000	nan	nan	nan
14.000000000000000	nan	nan	nan
14.000000000000000	nan	nan	nan
14.000000000000000	nan	nan	nan
14.000000000000000	nan	nan	nan
14.000000000000000	nan	nan	nan
14.000000000000000	nan	nan	nan
14.000000000000000	nan	nan	nan
14.000000000000000	nan	nan	nan
14.000000000000000	nan	nan	nan
14.000000000000000	nan	nan	nan
14.000000000000000	nan	nan	nan
14.000000000000000	nan	nan	nan
14.000000000000000	nan	nan	nan
14.000000000000000	nan	nan	nan
14.000000000000000	nan	nan	nan
14.000000000000000	nan	nan	nan
14.000000000000000	nan	nan	nan
14.000000000000000	nan	nan	nan
14.000000000000000	nan	nan	nan
14.000000000000000	nan	nan	nan
14.000000000000000	nan	nan	nan
14.000000000000000	nan	nan	nan
14.000000000000000	nan	nan	nan
14.000000000000000	nan	nan	nan
14.000000000000000	nan	nan	nan
14.000000000000000	nan	nan	nan
14.000000000000000	nan	nan	nan
14.000000000000000	nan	nan	nan
14.000000000000000	nan	nan	nan
14.000000000000000	nan	nan	nan
14.000000000000000	nan	nan	nan
14.000000000000000	nan	nan	nan
14.000000000000000	nan	nan	nan
14.000000000000000	nan	nan	nan
14.000000000000000	nan	nan	nan
14.000000000000000	nan	nan	nan
14.000000000000000	nan	nan	nan
14.000000000000000	nan	nan	nan
14.000000000000000	nan	nan	nan
14.000000000000000	nan	nan	nan
14.000000000000000	nan	nan	nan
14.000000000000000	nan	nan	nan
14.000000000000000	nan	nan	nan
14.000000000000000	nan	nan	nan
14.000000000000000	nan	nan	nan
14.000000000000000	nan	nan	nan
14.000000000000000	nan	nan	nan
14.000000000000000	nan	nan	nan
14.000000000000000	nan	nan	nan
14.000000000000000	nan	nan	nan
14.000000000000000	nan	nan	nan
14.000000000000000	nan	nan	nan
14.000000000000000	nan	nan	nan
14.000000000000000	nan	nan	nan
14.000000000000000	nan	nan	nan
14.000000000000000	nan	nan	nan
14.000000000000000	nan	nan	nan
14.000000000000000	nan	nan	nan
14.000000000000000	nan	nan	nan
14.000000000000000	nan	nan	nan
14.000000000000000	nan	nan	nan
14.000000000000000	nan	nan	nan
14.000000000000000	nan	nan	nan
14.000000000000000	nan	nan	nan
14.000000000000000	nan	nan	nan
14.000000000000000	nan	nan	nan
14.000000000000000	nan	nan	nan
14.000000000000000	nan	nan	nan
14.000000000000000	nan	nan	nan
14.000000000000000	nan	nan	nan
14.000000000000000	nan	nan	nan
14.000000000000000	nan	nan	nan
14.000000000000000	nan	nan	nan
14.000000000000000	nan	nan	nan
14.000000000000000	nan	nan	nan
14.000000000000000	nan	nan	nan
14.000000000000000	nan	nan	nan
14.000000000000000	nan	nan	nan
14.000000000000000	nan	nan	nan
14.000000000000000	nan	nan	nan
14.000000000000000	nan	nan	nan
14.000000000000000	nan	nan	nan
14.000000000000000	nan	nan	nan
14.000000000000000	nan	nan	nan
14.000000000000000	nan	nan	nan
14.000000000000000	nan	nan	nan
14.000000000000000	nan	nan	nan


15.000000000000000	-0.622050215448738	1.365087401373260	-0.102082965061542
15.000000000000000	-0.715312353079832	1.318608903617229	-0.106378263824624
15.000000000000000	-0.805450284409740	1.266285604308223	-0.110205189770232
15.000000000000000	-0.892101055802618	1.208328190905376	-0.113548333218272
15.000000000000000	-0.974915755184915	1.144970037456756	-0.116394232510021
15.000000000000000	-1.053560916991152	1.076466264884432	-0.118731428213474
15.000000000000000	-1.127719864912054	1.003092713702574	-0.120550509266431
15.000000000000000	-1.197093987038283	0.925144833305055	-0.121844150871525
15.000000000000000	-1.261403938265201	0.842936492295015	-0.122607143990595
15.000000000000000	-1.320390765117013	0.756798714646782	-0.122836416319645
15.000000000000000	-1.373816948461021	0.667078346789152	-0.122531044659925
15.000000000000000	-1.421467359913335	0.574136660977244	-0.121692258635331
15.000000000000000	-1.463150128084954	0.478347900576632	-0.120323435741139
15.000000000000000	-1.498697411180124	0.380097773117404	-0.118430087744026
15.000000000000000	-1.527966072836012	0.279781897186069	-0.116019838488132
15.000000000000000	-1.550838258482323	0.177804209409138	-0.113102393196527
15.000000000000000	-1.567221869900053	0.074575337942900	-0.109689499391707
15.000000000000000	-1.577050936068518	-0.029489050981238	-0.105794899592464
15.000000000000000	-1.580285878807363	-0.133969926797955	-0.101434275977615
15.000000000000000	-1.576913672143934	-0.238446581896213	-0.096625187239402
15.000000000000000	-1.566947894764264	-0.342498325660315	-0.091386997880836
15.000000000000000	-1.550428675336502	-0.445706178442537	-0.085740800241677
15.000000000000000	-1.527422530926928	-0.547654558646293	-0.079709329567028
15.000000000000000	-1.498022099159205	-0.647932956126550	-0.073316872460526
15.000000000000000	-1.462345765195361	-0.746137585169289	-0.066589169090761
15.000000000000000	-1.420537185040530	-0.841873010394067	-0.059553309544702
15.000000000000000	-1.372764707090916	-0.934753739032726	-0.052237624745478
15.000000000000000	-1.319220694254225	-1.024405773172712	-0.044671572373751
15.000000000000000	-1.260120749372124	-1.110468115714670	-0.036885618252029
15.000000000000000	-1.195702847063697	-1.192594223980352	-0.028911113669558
15.000000000000000	-1.126226375485641	-1.270453405117669	-0.020780169141739
15.000000000000000	-1.051971091867715	-1.343732147684096	-0.012525525112420
15.000000000000000	-0.973235996029108	-1.412135384046591	-0.004180420119681
15.000000000000000	-0.890338126411700	-1.475387678514819	0.004221543044025
15.000000000000000	-0.803611283478154	-1.533234336423461	0.012646532638457
15.000000000000000	-0.713404685615265	-1.585442429697735	0.021060624204067
15.000000000000000	-0.620081562954771	-1.631801734772547	0.029429937163821
15.000000000000000	-0.524017694773810	-1.672125579088589	0.037720771248327
15.000000000000000	-0.425599896364403	-1.706251592756849	0.045899742194925
15.000000000000000	-0.325224461464796	-1.734042362364850	0.053933916174330
15.000000000000000	-0.223295566524446	-1.755385984291958	0.061790942403539
15.000000000000000	-0.120223643228110	-1.770196515305773	0.069439183411014
15.000000000000000	-0.016423725832308	-1.778414318625185	0.076847842429619
15.000000000000000	0.087686220031141	-1.780006304056650	0.083987087404324
15.000000000000000	0.191686980355201	-1.774966061236717	0.090828171115369
15.000000000000000	0.295159780784468	-1.763313885444299	0.097343546933167
15.000000000000000	0.397687972871692	-1.745096695878750	0.103506979738861
15.000000000000000	0.498858711774026	-1.720387846732807	0.109293651563889
15.000000000000000	0.598264618633492	-1.689286831821145	0.114680261523180
15.000000000000000	0.695505420947860	-1.651918883953905	0.119645119639598
15.000000000000000	0.790189564326749	-1.608434470668364	0.124168234181826
15.000000000000000	0.881935789142947	-1.559008688349270	0.128231392164005
15.000000000000000	0.970374665730380	-1.503840557177500	0.131818232683009
15.000000000000000	1.055150081946980	-1.443152219746035	0.134914312798019
15.000000000000000	1.135920677112598	-1.377188046570140	0.137507165687157
15.000000000000000	1.212361216547980	-1.306213652093551	0.139586350846967
15.000000000000000	1.284163901180032	-1.230514825152856	0.141143496132647
15.000000000000000	1.351039606940050	-1.150396378206714	0.142172331469716
15.000000000000000	1.412719048964303	-1.066180919963671	0.142668714101392
15.000000000000000	1.468953865909133	-0.978207556350752	0.142630645270015
15.000000000000000	1.519517620014434	-0.886830525053574	0.142058278265330
15.000000000000000	1.564206708888582	-0.792417769126218	0.140953917807252
15.000000000000000	1.602841185343419	-0.695349455414409	0.139322010765570
15.000000000000000	1.635265481978059	-0.596016443757808	0.137169128253968
15.000000000000000	1.661349037593908	-0.494818713135389	0.134503939170474
15.000000000000000	1.680986822918527	-0.392163751091260	0.131337175290866
15.000000000000000	1.694099763521449	-0.288464912926142	0.127681588055597
15.000000000000000	1.700635058218998	-0.184139757261469	0.123551897224246
15.000000000000000	1.700566391686017	-0.079608364678190	0.118964731604244
15.000000000000000	1.693894040418400	0.024708353799468	0.113938562092530
15.000000000000000	1.680644871619736	0.128390351564132	0.108493627299773
15.000000000000000	1.660872235016566	0.231020137804716	0.102651852056628
15.000000000000000	1.634655748037862	0.332184458594574	0.096436759130179
15.000000000000000	1.602100975223741	0.431475960919202	0.089873374506065
15.000000000000000	1.563339003154322	0.528494832943056	0.082988126617660
15.000000000000000	1.518525912610332	0.622850413910702	0.075808739928105
15.000000000000000	1.467842150090891	0.714162767199796	0.068364123293681
15.000000000000000	1.411491801219146	0.802064210191772	0.060684253558041
15.000000000000000	1.349701768961497	0.886200794799966	0.052800054846051
15.000000000000000	1.282720859969443	0.966233732693644	0.044743274043244
15.000000000000000	1.210818782722998	1.041840759479036	0.036546352962322
15.000000000000000	1.134285061509843	1.112717432344306	0.028242297711427
15.000000000000000	1.053427870613204	1.178578355943304	0.019864545790188
15.000000000000000	0.968572793402781	1.239158331581900	0.011446831448718
15.000000000000000	0.880061511325428	1.294213425079524	0.003023049851689
15.000000000000000	0.788250428074565	1.343521949006012	-0.005372879405528
15.000000000000000	0.693509234478295	1.386885355338648	-0.013707148879105
15.000000000000000	0.596219419884916	1.424129034944975	-0.021946199407401
15.000000000000000	0.496772736039960	1.455103020672143	-0.030056855241860
15.000000000000000	0.395569619640184	1.479682591211704	-0.038006457634042
15.000000000000000	0.293017579916322	1.497768773308301	-0.045762996340876
15.000000000000000	0.189529557737238	1.509288740290036	-0.053295238518611
15.000000000000000	0.085522262842794	1.514196105315776	-0.060572854486457
15.000000000000000	-0.018585504099198	1.512471108158584	-0.067566539853500
15.000000000000000	-0.122374537855447	1.504120694773186	-0.074248133517144
15.000000000000000	-0.225426916618711	1.489178489327059	-0.080590731057933
15.000000000000000	-0.327327684831407	1.467704658807775	-0.086568793074150
15.000000000000000	-0.427666524065181	1.439785670751782	-0.092158248019975
15.000000000000000	-0.526039405228408	1.405533945070148	-0.097336589133106
15.000000000000000	-0.622050215448738	1.365087401373260	-0.102082965061542


16.000000000000000	nan	nan	nan
16.000000000000000	nan	nan	nan
16.000000000000000	nan	nan	nan
16.000000000000000	nan	nan	nan
16.000000000000000	nan	nan	nan
16.000000000000000	nan	nan	nan
16.000000000000000	nan	nan	nan
16.000000000000000	nan	nan	nan
16.000000000000000	nan	nan	nan
16.000000000000000	nan	nan	nan
16.000000000000000	nan	nan	nan
16.000000000000000	nan	nan	nan
16.000000000000000	nan	nan	nan
16.000000000000000	nan	nan	nan
16.000000000000000	nan	nan	nan
16.000000000000000	nan	nan	nan
16.000000000000000	nan	nan	nan
16.000000000000000	nan	nan	nan
16.000000000000000	nan	nan	nan
16.000000000000000	nan	nan	nan
16.000000000000000	nan	nan	nan
16.000000000000000	nan	nan	nan
16.000000000000000	nan	nan	nan
16.000000000000000	nan	nan	nan
16.000000000000000	nan	nan	nan
16.000000000000000	nan	nan	nan
16.000000000000000	nan	nan	nan
16.000000000000000	nan	nan	nan
16.000000000000000	nan	nan	nan
16.000000000000000	nan	nan	nan
16.000000000000000	nan	nan	nan
16.000000000000000	nan	nan	nan
16.000000000000000	nan	nan	nan
16.000000000000000	nan	nan	nan
16.000000000000000	nan	nan	nan
16.000000000000000	nan	nan	nan
16.000000000000000	nan	nan	nan
16.000000000000000	nan	nan	nan
16.000000000000000	nan	nan	nan
16.000000000000000	nan	nan	nan
16.000000000000000	nan	nan	nan
16.000000000000000	nan	nan	nan
16.000000000000000	nan	nan	nan
16.000000000000000	nan	nan	nan
16.000000000000000	nan	nan	nan
16.000000000000000	nan	nan	nan
16.000000000000000	nan	nan	nan
16.000000000000000	nan	nan	nan
16.000000000000000	nan	nan	nan
16.000000000000000	nan	nan	nan
16.000000000000000	nan	nan	nan
16.000000000000000	nan	nan	nan
16.000000000000000	nan	nan	nan
16.000000000000000	nan	nan	nan
16.000000000000000	nan	nan	nan
16.000000000000000	nan	nan	nan
16.000000000000000	nan	nan	nan
16.000000000000000	nan	nan	nan
16.000000000000000	nan	nan	nan
16.000000000000000	nan	nan	nan
16.000000000000000	nan	nan	nan
16.000000000000000	nan	nan	nan
16.000000000000000	nan	nan	nan
16.000000000000000	nan	nan	nan
16.000000000000000	nan	nan	nan
16.000000000000000	nan	nan	nan
16.000000000000000	nan	nan	nan
16.000000000000000	nan	nan	nan
16.000000000000000	nan	nan	nan
16.000000000000000	nan	nan	nan
16.000000000000000	nan	nan	nan
16.000000000000000	nan	nan	nan
16.000000000000000	nan	nan	nan
16.000000000000000	nan	nan	nan
16.000000000000000	nan	nan	nan
16.000000000000000	nan	nan	nan
16.000000000000000	nan	nan	nan
16.000000000000000	nan	nan	nan
16.000000000000000	nan	nan	nan
16.000000000000000	nan	nan	nan
16.000000000000000	nan	nan	nan
16.000000000000000	nan	nan	nan
16.000000000000000	nan	nan	nan
16.000000000000000	nan	nan	nan
16.000000000000000	nan	nan	nan
16.000000000000000	nan	nan	nan
16.000000000000000	nan	nan	nan
16.000000000000000	nan	nan	nan
16.000000000000000	nan	nan	nan
16.000000000000000	nan	nan	nan
16.000000000000000	nan	nan	nan
16.000000000000000	nan	nan	nan
16.000000000000000	nan	nan	nan
16.000000000000000	nan	nan	nan
16.000000000000000	nan	nan	nan
16.000000000000000	nan	nan	nan
16.000000000000000	nan	nan	nan
16.000000000000000	nan	nan	nan
16.000000000000000	nan	nan	nan
16.000000000000000	nan	nan	nan


