# n	x	y	z
1.000000000000000	-0.845318578906176	-0.577112156677751	0.021030040217801
1.000000000000000	-0.803349959499264	-0.634657226962634	0.018259730922128
1.000000000000000	-0.757799616665745	-0.689409911175415	0.015407265457625
1.000000000000000	-0.708850965559501	-0.741149739581387	0.012484129695958
1.000000000000000	-0.656701105122414	-0.789668374152809	0.009502094073137
1.000000000000000	-0.601560024436496	-0.834770447472613	0.006473166194124
1.000000000000000	-0.543649757171970	-0.876274349410034	0.003409542482448
1.000000000000000	-0.483203487536040	-0.914012958400515	0.000323559069506
1.000000000000000	-0.420464611322397	-0.947834314385258	-0.002772357878674
1.000000000000000	-0.355685755842259	-0.977602230700749	-0.005865742197227
1.000000000000000	-0.289127762683349	-1.003196842454387	-0.008944137919293
1.000000000000000	-0.221058637392890	-1.024515089178097	-0.011995149431801
1.000000000000000	-0.151752470313852	-1.041471129816466	-0.015006491388224
1.000000000000000	-0.081488332919884	-1.053996688378373	-0.017966038177338
1.000000000000000	-0.010549154092982	-1.062041328860305	-0.020861872748778
1.000000000000000	0.060779419131261	-1.065572658334349	-0.023682334598791
1.000000000000000	0.132210171763444	-1.064576457383073	-0.026416066722971
1.000000000000000	0.203455477373758	-1.059056737356104	-0.029052061346907
1.000000000000000	0.274228456262096	-1.049035724217842	-0.031579704250609
1.000000000000000	0.344244130621357	-1.034553769051338	-0.033988817508217
1.000000000000000	0.413220572042493	-1.015669185578734	-0.036269700470924
1.000000000000000	0.480880036740704	-0.992458015352476	-0.038413168828065
1.000000000000000	0.546950083931639	-0.965013721562829	-0.040410591589088
1.000000000000000	0.611164672854271	-0.933446812694591	-0.042253925837512
1.000000000000000	0.673265234023148	-0.897884397548429	-0.043935749116912
1.000000000000000	0.733001710396447	-0.858469673418606	-0.045449289318532
1.000000000000000	0.790133564267432	-0.815361349488011	-0.046788451950174
1.000000000000000	0.844430745824895	-0.768733007762298	-0.047947844676569
1.000000000000000	0.895674619482557	-0.718772404116413	-0.048922799032409
1.000000000000000	0.943658844247404	-0.665680712267955	-0.049709389220606
1.000000000000000	0.988190204582042	-0.609671713721615	-0.050304447920096
1.000000000000000	1.029089388415468	-0.550970936946514	-0.050705579039517
1.000000000000000	1.066191709169497	-0.489814749252650	-0.050911167365428
1.000000000000000	1.099347768893487	-0.426449405023172	-0.050920385066202
1.000000000000000	1.128424059837153	-0.361130054134889	-0.050733195025412
1.000000000000000	1.153303502039161	-0.294119714559768	-0.050350350991283
1.000000000000000	1.173885914766806	-0.225688213284399	-0.049773394541619
1.000000000000000	1.190088419908471	-0.156111099811944	-0.049004648876410
1.000000000000000	1.201845775694522	-0.085668536621549	-0.048047209463125
1.000000000000000	1.209110639402894	-0.014644171052918	-0.046904931572360
1.000000000000000	1.211853757991522	0.056676006841412	-0.045582414754020
1.000000000000000	1.210064085890016	0.128004815877073	-0.044084984316559
1.000000000000000	1.203748829476276	0.199055040115136	-0.042418669883840
1.000000000000000	1.192933418058949	0.269540585379330	-0.040590181115969
1.000000000000000	1.177661401482580	0.339177631256309	-0.038606880691859
1.000000000000000	1.157994274767760	0.407685773940287	-0.036476754662325
1.000000000000000	1.134011230492380	0.474789155320199	-0.034208380293073
1.000000000000000	1.105808839911069	0.540217573762948	-0.031810891527080
1.000000000000000	1.073500664096842	0.603707572120018	-0.029293942205428
1.000000000000000	1.037216796670732	0.665003498576423	-0.026667667194693
1.000000000000000	0.997103339960700	0.723858536070341	-0.023942641577416
1.000000000000000	0.953321816699123	0.780035696138300	-0.021129838069977
1.000000000000000	0.906048519627759	0.833308773184086	-0.018240582839340
1.000000000000000	0.855473801629098	0.883463255328836	-0.015286509896572
1.000000000000000	0.801801309242490	0.930297188174666	-0.012279514250794
1.000000000000000	0.745247162651405	0.973621988003749	-0.009231704012170
1.000000000000000	0.686039085443729	1.013263201138393	-0.006155351636826
1.000000000000000	0.624415487649258	1.049061206404423	-0.003062844509997
1.000000000000000	0.560624505746645	1.080871857869316	0.000033364933597
1.000000000000000	0.494923003505381	1.108567065266993	0.003120809351316
1.000000000000000	0.427575537686056	1.132035309772117	0.006187056694183
1.000000000000000	0.358853292763657	1.151182093047034	0.009219760266361
1.000000000000000	0.289032988963398	1.165930317753234	0.012206708440939
1.000000000000000	0.218395768006041	1.176220597995121	0.015135873831843
1.000000000000000	0.147226061049415	1.182011498446049	0.017995461723875
1.000000000000000	0.075810443384529	1.183279701193766	0.020773957565866
1.000000000000000	0.004436480498022	1.180020099633410	0.023460173335714
1.000000000000000	-0.066608429852555	1.172245819030010	0.026043292590597
1.000000000000000	-0.137038214888082	1.159988163667670	0.028512914020971
1.000000000000000	-0.206569278721972	1.143296490798273	0.030859093332974
1.000000000000000	-0.274921644300724	1.122238011897240	0.033072383290586
1.000000000000000	-0.341820080772692	1.096897522026649	0.035143871756314
1.000000000000000	-0.406995211745591	1.067377058395439	0.037065217577225
1.000000000000000	-0.470184599970148	1.033795489491590	0.038828684171826
1.000000000000000	-0.531133804082285	0.996288036440672	0.040427170682546
1.000000000000000	-0.589597403148684	0.955005728518100	0.041854240568380
1.000000000000000	-0.645339984890266	0.910114795007544	0.043104147522575
1.000000000000000	-0.698137093604357	0.861795995854276	0.044171858610972
1.000000000000000	-0.747776133968575	0.810243893808666	0.045053074537862
1.000000000000000	-0.794057227087162	0.755666070990661	0.045744246957724
1.000000000000000	-0.836794015332754	0.698282293029844	0.046242592763171
1.000000000000000	-0.875814412742769	0.638323624146818	0.046546105291532
1.000000000000000	-0.910961297948843	0.576031496739136	0.046653562404977
1.000000000000000	-0.942093146849125	0.511656739218251	0.046564531411637
1.000000000000000	-0.969084602475886	0.445458566012030	0.046279370807899
1.000000000000000	-0.991826979763783	0.377703533799739	0.045799228834869
1.000000000000000	-1.010228703186258	0.308664468182385	0.045126038854810
1.000000000000000	-1.024215675497862	0.238619365110298	0.044262511566172
1.000000000000000	-1.033731576097711	0.167850271491567	0.043212124088571
1.000000000000000	-1.038738087812668	0.096642149488685	0.041979105961650
1.000000000000000	-1.039215051187072	0.025281729076494	0.040568422114222
1.000000000000000	-1.035160545657758	-0.045943646518222	0.038985752872248
1.000000000000000	-1.026590897287479	-0.116747177846495	0.037237471086171
1.000000000000000	-1.013540613025618	-0.186843764077332	0.035330616469699
1.000000000000000	-0.996062241760881	-0.255951150998134	0.033272867253361
1.000000000000000	-0.974226162725469	-0.323791067552792	0.031072509266980
1.000000000000000	-0.948120302102749	-0.390090346341019	0.028738402575566
1.000000000000000	-0.917849778979549	-0.454582023567048	0.026279945802955
1.000000000000000	-0.883536482068693	-0.517006414008629	0.023707038286875
1.000000000000000	-0.845318578906176	-0.577112156677751	0.021030040217801


2.000000000000000	0.569327782686297	0.338621575801684	0.034938737864537
2.000000000000000	0.544516114276461	0.378057900449307	0.028529133735768
2.000000000000000	0.517227158711082	0.415802579400101	0.021987180475230
2.000000000000000	0.487570798982755	0.451703628153678	0.015339220219762
2.000000000000000	0.455666450785080	0.485616485857760	0.008612021958957
2.000000000000000	0.421642581667807	0.517404597403704	0.001832673745887
2.000000000000000	0.385636193743359	0.546939963285731	-0.004971526376921
2.000000000000000	0.347792272027677	0.574103655009756	-0.011773180297073
2.000000000000000	0.308263200636734	0.598786293976464	-0.018544900154835
2.000000000000000	0.267208149189483	0.620888491910319	-0.025259418624375
2.000000000000000	0.224792431887976	0.640321251061074	-0.031889698709663
2.000000000000000	0.181186841855423	0.657006322566300	-0.038409042612913
2.000000000000000	0.136566963412565	0.670876521531938	-0.044791199237188
2.000000000000000	0.091112465061582	0.681875997562154	-0.051010469890305
2.000000000000000	0.045006376024453	0.689960459649170	-0.057041811764395
2.000000000000000	-0.001565650751128	0.695097354517522	-0.062860938774457
2.000000000000000	-0.048416086150641	0.697265997704611	-0.068444419349845
2.000000000000000	-0.095356280006302	0.696457656849731	-0.073769770784938
2.000000000000000	-0.142197220724704	0.692675586856207	-0.078815549769056
2.000000000000000	-0.188750296369790	0.685935016785043	-0.083561438731106
2.000000000000000	-0.234828054136557	0.676263088532875	-0.087988327651269
2.000000000000000	-0.280244955157336	0.663698747541126	-0.092078391010308
2.000000000000000	-0.324818121601327	0.648292585976466	-0.095815159566637
2.000000000000000	-0.368368073059082	0.630106639014005	-0.099183586672150
2.000000000000000	-0.410719449246765	0.609214135043546	-0.102170108859758
2.000000000000000	-0.451701716120122	0.585699200804698	-0.104762700458685
2.000000000000000	-0.491149852554891	0.559656522638192	-0.106950922017603
2.000000000000000	-0.528905014828621	0.531190965217402	-0.108725962340612
2.000000000000000	-0.564815176228286	0.500417149295322	-0.110080673966821
2.000000000000000	-0.598735739208198	0.467458990167243	-0.111009601950648
2.000000000000000	-0.630530117633288	0.432449198707597	-0.111509005826962
2.000000000000000	-0.660070286763265	0.395528746990104	-0.111576874672615
2.000000000000000	-0.687237298763061	0.356846300642988	-0.111212935203719
2.000000000000000	-0.711921761663782	0.316557620224959	-0.110418652876064
2.000000000000000	-0.734024279845553	0.274824934032422	-0.109197225984248
2.000000000000000	-0.753455854268603	0.231816284863384	-0.107553572783268
2.000000000000000	-0.770138240840982	0.187704853368413	-0.105494311684449
2.000000000000000	-0.784004265479908	0.142668260713284	-0.103027734605431
2.000000000000000	-0.794998094598088	0.096887853361235	-0.100163773581548
2.000000000000000	-0.803075459925865	0.050547972854763	-0.096913960773028
2.000000000000000	-0.808203836763922	0.003835213537296	-0.093291382029047
2.000000000000000	-0.810362574948759	-0.043062328796373	-0.089310624195643
2.000000000000000	-0.809542982003619	-0.089955814295460	-0.084987716379626
2.000000000000000	-0.805748358140022	-0.136656419444625	-0.080340065405027
2.000000000000000	-0.798993982968978	-0.182976097389619	-0.075386385721963
2.000000000000000	-0.789307053975387	-0.228728335135600	-0.070146624050147
2.000000000000000	-0.776726577003363	-0.273728904569132	-0.064641879060489
2.000000000000000	-0.761303209193473	-0.317796604279777	-0.058894316418198
2.000000000000000	-0.743099055004306	-0.360753989194219	-0.052927079529467
2.000000000000000	-0.722187416139738	-0.402428085084950	-0.046764196351150
2.000000000000000	-0.698652496388844	-0.442651085076431	-0.040430482638652
2.000000000000000	-0.672589062566959	-0.481261025344152	-0.033951442021651
2.000000000000000	-0.644102062923155	-0.518102437285793	-0.027353163309973
2.000000000000000	-0.613306204550691	-0.553026973538413	-0.020662215443169
2.000000000000000	-0.580325491502024	-0.585894005320919	-0.013905540506770
2.000000000000000	-0.545292725468266	-0.616571188696537	-0.007110345246020
2.000000000000000	-0.508348971033637	-0.644934997475135	-0.000303991513910
2.000000000000000	-0.469642987658178	-0.670871220609590	0.006486113905339
2.000000000000000	-0.429330630675906	-0.694275422083369	0.013232629653730
2.000000000000000	-0.387574223720394	-0.715053361437503	0.019908389893485
2.000000000000000	-0.344541905104788	-0.733121373243659	0.026486513694286
2.000000000000000	-0.300406950788164	-0.748406703995283	0.032940513273296
2.000000000000000	-0.255347076654399	-0.760847805060303	0.039244400652108
2.000000000000000	-0.209543722913026	-0.770394580515737	0.045372792301166
2.000000000000000	-0.163181323503554	-0.777008588866303	0.051301011350276
2.000000000000000	-0.116446563445086	-0.780663197834746	0.057005186953657
2.000000000000000	-0.069527627121634	-0.781343691600620	0.062462350409406
2.000000000000000	-0.022613440530026	-0.779047330055707	0.067650527646358
2.000000000000000	0.024107089458402	-0.773783359837462	0.072548827705916
2.000000000000000	0.070445835759107	-0.765572977096068	0.077137526862565
2.000000000000000	0.116216208595710	-0.754449242145021	0.081398148044352
2.000000000000000	0.161233906831162	-0.740456946338916	0.085313535233539
2.000000000000000	0.205317660083388	-0.723652431714471	0.088867922547827
2.000000000000000	0.248289958637126	-0.704103364121030	0.092046997723999
2.000000000000000	0.289977768212906	-0.681888460754069	0.094837959748356
2.000000000000000	0.330213226715017	-0.657097173188836	0.097229570401878
2.000000000000000	0.368834320152927	-0.629829327190426	0.099212199512569
2.000000000000000	0.405685535014436	-0.600194720750658	0.100777863732755
2.000000000000000	0.440618484463703	-0.568312681970315	0.101920258685213
2.000000000000000	0.473492505842662	-0.534311588566999	0.102634784348672
2.000000000000000	0.504175227069902	-0.498328350943370	0.102918563580471
2.000000000000000	0.532543099656315	-0.460507860897280	0.102770453701802
2.000000000000000	0.558481896191260	-0.421002408193638	0.102191051098873
2.000000000000000	0.581887170296028	-0.379971067347278	0.101182688821469
2.000000000000000	0.602664677192543	-0.337579057086033	0.099749427188585
2.000000000000000	0.620730753193827	-0.293997075073227	0.097897037438957
2.000000000000000	0.636012652588129	-0.249400610568439	0.095632978492316
2.000000000000000	0.648448840560241	-0.203969237794185	0.092966366914956
2.000000000000000	0.657989240970474	-0.157885892853906	0.089907940210535
2.000000000000000	0.664595437993600	-0.111336137112847	0.086470013583938
2.000000000000000	0.668240830805824	-0.064507410007933	0.082666430352297
2.000000000000000	0.668910740696910	-0.017588274295306	0.078512506202833
2.000000000000000	0.666602470176166	0.029232343225334	0.074024967521996
2.000000000000000	0.661325313834290	0.075765912452279	0.069221884044204
2.000000000000000	0.653100520917332	0.121825059125984	0.064122596091403
2.000000000000000	0.641961209763478	0.167224319319082	0.058747636696418
2.000000000000000	0.627952234447195	0.211780886234163	0.053118648923675
2.000000000000000	0.611130004167700	0.255315346302222	0.047258298720217
2.000000000000000	0.591562256109028	0.297652401617780	0.041190183647940
2.000000000000000	0.569327782686297	0.338621575801683	0.034938737864537


3.000000000000000	-0.430977292307825	-0.236928693358825	-0.003602407193603
3.000000000000000	-0.414694854119519	-0.264440378449979	-0.003616272666328
3.000000000000000	-0.396699819607952	-0.290863744687483	-0.003615219213210
3.000000000000000	-0.377064648425868	-0.316092394501461	-0.003599251076133
3.000000000000000	-0.355868404477505	-0.340024741023407	-0.003568432553149
3.000000000000000	-0.333196437556161	-0.362564417140649	-0.003522887739573
3.000000000000000	-0.309140039670700	-0.383620663532703	-0.003462800028294
3.000000000000000	-0.283796077444849	-0.403108694127017	-0.003388411371318
3.000000000000000	-0.257266602069500	-0.420950037502567	-0.003300021305513
3.000000000000000	-0.229658438378575	-0.437072852866572	-0.003197985746475
3.000000000000000	-0.201082754703128	-0.451412219332008	-0.003082715555388
3.000000000000000	-0.171654615235712	-0.463910397331108	-0.002954674884629
3.000000000000000	-0.141492516707482	-0.474517061112223	-0.002814379308787
3.000000000000000	-0.110717911243688	-0.483189501383864	-0.002662393748629
3.000000000000000	-0.079454717318827	-0.489892797289940	-0.002499330196364
3.000000000000000	-0.047828820780684	-0.494599957023725	-0.002325845251365
3.000000000000000	-0.015967567952456	-0.497292026514331	-0.002142637476274
3.000000000000000	0.016000747145948	-0.497958165748071	-0.001950444584141
3.000000000000000	0.047947399392646	-0.496595692417359	-0.001750040467908
3.000000000000000	0.079743750894411	-0.493210092721423	-0.001542232084220
3.000000000000000	0.111261768966070	-0.487814999275310	-0.001327856204093
3.000000000000000	0.142374541672936	-0.480432136216164	-0.001107776043534
3.000000000000000	0.172956788860378	-0.471091231727789	-0.000882877787674
3.000000000000000	0.202885366612787	-0.459829898335745	-0.000654067022413
3.000000000000000	0.232039763110657	-0.446693481454985	-0.000422265087944
3.000000000000000	0.260302583889155	-0.431734876799870	-0.000188405368846
3.000000000000000	0.287560024544192	-0.415014317391802	0.000046570464333
3.000000000000000	0.313702328982594	-0.396599131022098	0.000281716246845
3.000000000000000	0.338624231371151	-0.376563469146744	0.000516085129618
3.000000000000000	0.362225380004975	-0.354988008304651	0.000748733391879
3.000000000000000	0.384410741388395	-0.331959625261705	0.000978724241189
3.000000000000000	0.405090982901305	-0.307571047188696	0.001205131585571
3.000000000000000	0.424182832510096	-0.281920478281726	0.001427043762558
3.000000000000000	0.441609414074742	-0.255111204328577	0.001643567210136
3.000000000000000	0.457300556901886	-0.227251176813290	0.001853830064802
3.000000000000000	0.471193078297454	-0.198452578233648	0.002056985672252
3.000000000000000	0.483231037981064	-0.168831370381844	0.002252215996557
3.000000000000000	0.493365963337794	-0.138506827407276	0.002438734914105
3.000000000000000	0.501557044600291	-0.107601055541646	0.002615791379047
3.000000000000000	0.507771299175302	-0.076238501420255	0.002782672447490
3.000000000000000	0.511983704452936	-0.044545450979334	0.002938706148271
3.000000000000000	0.514177298563882	-0.012649520947142	0.003083264188746
3.000000000000000	0.514343248678870	0.019320855023549	0.003215764484710
3.000000000000000	0.512480886575359	0.051236943512453	0.003335673504234
3.000000000000000	0.508597711328230	0.082970229695806	0.003442508416018
3.000000000000000	0.502709359113661	0.114392934830217	0.003535839033579
3.000000000000000	0.494839540247763	0.145378530772555	0.003615289547462
3.000000000000000	0.485019943713505	0.175802249464134	0.003680540038487
3.000000000000000	0.473290109560365	0.205541585327646	0.003731327765957
3.000000000000000	0.459697269690507	0.234476788553880	0.003767448225620
3.000000000000000	0.444296157672578	0.262491347291946	0.003788755973132
3.000000000000000	0.427148788348947	0.289472456801367	0.003795165209714
3.000000000000000	0.408324208123824	0.315311473676965	0.003786650127634
3.000000000000000	0.387898216937756	0.339904353317501	0.003763245014120
3.000000000000000	0.365953063048025	0.363152068876568	0.003725044113306
3.000000000000000	0.342577111843939	0.384961010008743	0.003672201246735
3.000000000000000	0.317864490030599	0.405243359805419	0.003604929193980
3.000000000000000	0.291914706613883	0.423917448402493	0.003523498835855
3.000000000000000	0.264832252212796	0.440908081836087	0.003428238063672
3.000000000000000	0.236726178312626	0.456146844822103	0.003319530458938
3.000000000000000	0.207709658153107	0.469572376240423	0.003197813748810
3.000000000000000	0.177899531019721	0.481130616214483	0.003063578043521
3.000000000000000	0.147415831773134	0.490775023791316	0.002917363862878
3.000000000000000	0.116381307511183	0.498466764345543	0.002759759959782
3.000000000000000	0.084920923309626	0.504174865952705	0.002591400949524
3.000000000000000	0.053161359031899	0.507876344102268	0.002412964754417
3.000000000000000	0.021230499234006	0.509556294248138	0.002225169874042
3.000000000000000	-0.010743081781444	0.509207951824005	0.002028772492101
3.000000000000000	-0.042630637688579	0.506832719481867	0.001824563431533
3.000000000000000	-0.074303768554273	0.502440161444040	0.001613364970152
3.000000000000000	-0.105634937859366	0.496047964991419	0.001396027529619
3.000000000000000	-0.136497986043207	0.487681869243031	0.001173426251101
3.000000000000000	-0.166768638503679	0.477375561513694	0.000946457471379
3.000000000000000	-0.196325006007163	0.465170541667087	0.000716035113623
3.000000000000000	-0.225048075493459	0.451115955010446	0.000483087007341
3.000000000000000	-0.252822189299372	0.435268394403759	0.000248551152340
3.000000000000000	-0.279535510871307	0.417691672380291	0.000013371941730
3.000000000000000	-0.305080475091595	0.398456564196037	-0.000221503640814
3.000000000000000	-0.329354221405256	0.377640522842743	-0.000455129834217
3.000000000000000	-0.352259008003152	0.355327367172045	-0.000686565908257
3.000000000000000	-0.373702605393755	0.331606944386542	-0.000914879951547
3.000000000000000	-0.393598667778758	0.306574768256815	-0.001139152624017
3.000000000000000	-0.411867080737128	0.280331634521187	-0.001358480858770
3.000000000000000	-0.428434283817603	0.252983215016862	-0.001571981498415
3.000000000000000	-0.443233566740669	0.224639632176729	-0.001778794851231
3.000000000000000	-0.456205338017311	0.195415015605194	-0.001978088152839
3.000000000000000	-0.467297364902903	0.165427042518544	-0.002169058919452
3.000000000000000	-0.476464983720038	0.134796463900333	-0.002350938179196
3.000000000000000	-0.483671279703394	0.103646618279782	-0.002522993568485
3.000000000000000	-0.488887235642463	0.072102935091062	-0.002684532280992
3.000000000000000	-0.492091848723617	0.040292429613228	-0.002834903857335
3.000000000000000	-0.493272215101027	0.008343191524520	-0.002973502804251
3.000000000000000	-0.492423581855895	-0.023616130869565	-0.003099771032696
3.000000000000000	-0.489549366134778	-0.055456848657589	-0.003213200105080
3.000000000000000	-0.484661141389948	-0.087050750507002	-0.003313333282564
3.000000000000000	-0.477778590777186	-0.118270618925928	-0.003399767364183
3.000000000000000	-0.468929427898654	-0.148990742523102	-0.003472154310396
3.000000000000000	-0.458149285210008	-0.179087422203273	-0.003530202644519
3.000000000000000	-0.445481570541072	-0.208439469259805	-0.003573678626400
3.000000000000000	-0.430977292307825	-0.236928693358825	-0.003602407193603


4.000000000000000	nan	nan	nan
4.000000000000000	nan	nan	nan
4.000000000000000	nan	nan	nan
4.000000000000000	nan	nan	nan
4.000000000000000	nan	nan	nan
4.000000000000000	nan	nan	nan
4.000000000000000	nan	nan	nan
4.000000000000000	nan	nan	nan
4.000000000000000	nan	nan	nan
4.000000000000000	nan	nan	nan
4.000000000000000	nan	nan	nan
4.000000000000000	nan	nan	nan
4.000000000000000	nan	nan	nan
4.000000000000000	nan	nan	nan
4.000000000000000	nan	nan	nan
4.000000000000000	nan	nan	nan
4.000000000000000	nan	nan	nan
4.000000000000000	nan	nan	nan
4.000000000000000	nan	nan	nan
4.000000000000000	nan	nan	nan
4.000000000000000	nan	nan	nan
4.000000000000000	nan	nan	nan
4.000000000000000	nan	nan	nan
4.000000000000000	nan	nan	nan
4.000000000000000	nan	nan	nan
4.000000000000000	nan	nan	nan
4.000000000000000	nan	nan	nan
4.000000000000000	nan	nan	nan
4.000000000000000	nan	nan	nan
4.000000000000000	nan	nan	nan
4.000000000000000	nan	nan	nan
4.000000000000000	nan	nan	nan
4.000000000000000	nan	nan	nan
4.000000000000000	nan	nan	nan
4.000000000000000	nan	nan	nan
4.000000000000000	nan	nan	nan
4.000000000000000	nan	nan	nan
4.000000000000000	nan	nan	nan
4.000000000000000	nan	nan	nan
4.000000000000000	nan	nan	nan
4.000000000000000	nan	nan	nan
4.000000000000000	nan	nan	nan
4.000000000000000	nan	nan	nan
4.000000000000000	nan	nan	nan
4.000000000000000	nan	nan	nan
4.000000000000000	nan	nan	nan
4.000000000000000	nan	nan	nan
4.000000000000000	nan	nan	nan
4.000000000000000	nan	nan	nan
4.000000000000000	nan	nan	nan
4.000000000000000	nan	nan	nan
4.000000000000000	nan	nan	nan
4.000000000000000	nan	nan	nan
4.000000000000000	nan	nan	nan
4.000000000000000	nan	nan	nan
4.000000000000000	nan	nan	nan
4.000000000000000	nan	nan	nan
4.000000000000000	nan	nan	nan
4.000000000000000	nan	nan	nan
4.000000000000000	nan	nan	nan
4.000000000000000	nan	nan	nan
4.000000000000000	nan	nan	nan
4.000000000000000	nan	nan	nan
4.000000000000000	nan	nan	nan
4.000000000000000	nan	nan	nan
4.000000000000000	nan	nan	nan
4.000000000000000	nan	nan	nan
4.000000000000000	nan	nan	nan
4.000000000000000	nan	nan	nan
4.000000000000000	nan	nan	nan
4.000000000000000	nan	nan	nan
4.000000000000000	nan	nan	nan
4.000000000000000	nan	nan	nan
4.000000000000000	nan	nan	nan
4.000000000000000	nan	nan	nan
4.000000000000000	nan	nan	nan
4.000000000000000	nan	nan	nan
4.000000000000000	nan	nan	nan
4.000000000000000	nan	nan	nan
4.000000000000000	nan	nan	nan
4.000000000000000	nan	nan	nan
4.000000000000000	nan	nan	nan
4.000000000000000	nan	nan	nan
4.000000000000000	nan	nan	nan
4.000000000000000	nan	nan	nan
4.000000000000000	nan	nan	nan
4.000000000000000	nan	nan	nan
4.000000000000000	nan	nan	nan
4.000000000000000	nan	nan	nan
4.000000000000000	nan	nan	nan
4.000000000000000	nan	nan	nan
4.000000000000000	nan	nan	nan
4.000000000000000	nan	nan	nan
4.000000000000000	nan	nan	nan
4.000000000000000	nan	nan	nan
4.000000000000000	nan	nan	nan
4.000000000000000	nan	nan	nan
4.000000000000000	nan	nan	nan
4.000000000000000	nan	nan	nan
4.000000000000000	nan	nan	nan


5.000000000000000	nan	nan	nan
5.000000000000000	nan	nan	nan
5.000000000000000	nan	nan	nan
5.000000000000000	nan	nan	nan
5.000000000000000	nan	nan	nan
5.000000000000000	nan	nan	nan
5.000000000000000	nan	nan	nan
5.000000000000000	nan	nan	nan
5.000000000000000	nan	nan	nan
5.000000000000000	nan	nan	nan
5.000000000000000	nan	nan	nan
5.000000000000000	nan	nan	nan
5.000000000000000	nan	nan	nan
5.000000000000000	nan	nan	nan
5.000000000000000	nan	nan	nan
5.000000000000000	nan	nan	nan
5.000000000000000	nan	nan	nan
5.000000000000000	nan	nan	nan
5.000000000000000	nan	nan	nan
5.000000000000000	nan	nan	nan
5.000000000000000	nan	nan	nan
5.000000000000000	nan	nan	nan
5.000000000000000	nan	nan	nan
5.000000000000000	nan	nan	nan
5.000000000000000	nan	nan	nan
5.000000000000000	nan	nan	nan
5.000000000000000	nan	nan	nan
5.000000000000000	nan	nan	nan
5.000000000000000	nan	nan	nan
5.000000000000000	nan	nan	nan
5.000000000000000	nan	nan	nan
5.000000000000000	nan	nan	nan
5.000000000000000	nan	nan	nan
5.000000000000000	nan	nan	nan
5.000000000000000	nan	nan	nan
5.000000000000000	nan	nan	nan
5.000000000000000	nan	nan	nan
5.000000000000000	nan	nan	nan
5.000000000000000	nan	nan	nan
5.000000000000000	nan	nan	nan
5.000000000000000	nan	nan	nan
5.000000000000000	nan	nan	nan
5.000000000000000	nan	nan	nan
5.000000000000000	nan	nan	nan
5.000000000000000	nan	nan	nan
5.000000000000000	nan	nan	nan
5.000000000000000	nan	nan	nan
5.000000000000000	nan	nan	nan
5.000000000000000	nan	nan	nan
5.000000000000000	nan	nan	nan
5.000000000000000	nan	nan	nan
5.000000000000000	nan	nan	nan
5.000000000000000	nan	nan	nan
5.000000000000000	nan	nan	nan
5.000000000000000	nan	nan	nan
5.000000000000000	nan	nan	nan
5.000000000000000	nan	nan	nan
5.000000000000000	nan	nan	nan
5.000000000000000	nan	nan	nan
5.000000000000000	nan	nan	nan
5.000000000000000	nan	nan	nan
5.000000000000000	nan	nan	nan
5.000000000000000	nan	nan	nan
5.000000000000000	nan	nan	nan
5.000000000000000	nan	nan	nan
5.000000000000000	nan	nan	nan
5.000000000000000	nan	nan	nan
5.000000000000000	nan	nan	nan
5.000000000000000	nan	nan	nan
5.000000000000000	nan	nan	nan
5.000000000000000	nan	nan	nan
5.000000000000000	nan	nan	nan
5.000000000000000	nan	nan	nan
5.000000000000000	nan	nan	nan
5.000000000000000	nan	nan	nan
5.000000000000000	nan	nan	nan
5.000000000000000	nan	nan	nan
5.000000000000000	nan	nan	nan
5.000000000000000	nan	nan	nan
5.000000000000000	nan	nan	nan
5.000000000000000	nan	nan	nan
5.000000000000000	nan	nan	nan
5.000000000000000	nan	nan	nan
5.000000000000000	nan	nan	nan
5.000000000000000	nan	nan	nan
5.000000000000000	nan	nan	nan
5.000000000000000	nan	nan	nan
5.000000000000000	nan	nan	nan
5.000000000000000	nan	nan	nan
5.000000000000000	nan	nan	nan
5.000000000000000	nan	nan	nan
5.000000000000000	nan	nan	nan
5.000000000000000	nan	nan	nan
5.000000000000000	nan	nan	nan
5.000000000000000	nan	nan	nan
5.000000000000000	nan	nan	nan
5.000000000000000	nan	nan	nan
5.000000000000000	nan	nan	nan
5.000000000000000	nan	nan	nan
5.000000000000000	nan	nan	nan


6.000000000000000	nan	nan	nan
6.000000000000000	nan	nan	nan
6.000000000000000	nan	nan	nan
6.000000000000000	nan	nan	nan
6.000000000000000	nan	nan	nan
6.000000000000000	nan	nan	nan
6.000000000000000	nan	nan	nan
6.000000000000000	nan	nan	nan
6.000000000000000	nan	nan	nan
6.000000000000000	nan	nan	nan
6.000000000000000	nan	nan	nan
6.000000000000000	nan	nan	nan
6.000000000000000	nan	nan	nan
6.000000000000000	nan	nan	nan
6.000000000000000	nan	nan	nan
6.000000000000000	nan	nan	nan
6.000000000000000	nan	nan	nan
6.000000000000000	nan	nan	nan
6.000000000000000	nan	nan	nan
6.000000000000000	nan	nan	nan
6.000000000000000	nan	nan	nan
6.000000000000000	nan	nan	nan
6.000000000000000	nan	nan	nan
6.000000000000000	nan	nan	nan
6.000000000000000	nan	nan	nan
6.000000000000000	nan	nan	nan
6.000000000000000	nan	nan	nan
6.000000000000000	nan	nan	nan
6.000000000000000	nan	nan	nan
6.000000000000000	nan	nan	nan
6.000000000000000	nan	nan	nan
6.000000000000000	nan	nan	nan
6.000000000000000	nan	nan	nan
6.000000000000000	nan	nan	nan
6.000000000000000	nan	nan	nan
6.000000000000000	nan	nan	nan
6.000000000000000	nan	nan	nan
6.000000000000000	nan	nan	nan
6.000000000000000	nan	nan	nan
6.000000000000000	nan	nan	nan
6.000000000000000	nan	nan	nan
6.000000000000000	nan	nan	nan
6.000000000000000	nan	nan	nan
6.000000000000000	nan	nan	nan
6.000000000000000	nan	nan	nan
6.000000000000000	nan	nan	nan
6.000000000000000	nan	nan	nan
6.000000000000000	nan	nan	nan
6.000000000000000	nan	nan	nan
6.000000000000000	nan	nan	nan
6.000000000000000	nan	nan	nan
6.000000000000000	nan	nan	nan
6.000000000000000	nan	nan	nan
6.000000000000000	nan	nan	nan
6.000000000000000	nan	nan	nan
6.000000000000000	nan	nan	nan
6.000000000000000	nan	nan	nan
6.000000000000000	nan	nan	nan
6.000000000000000	nan	nan	nan
6.000000000000000	nan	nan	nan
6.000000000000000	nan	nan	nan
6.000000000000000	nan	nan	nan
6.000000000000000	nan	nan	nan
6.000000000000000	nan	nan	nan
6.000000000000000	nan	nan	nan
6.000000000000000	nan	nan	nan
6.000000000000000	nan	nan	nan
6.000000000000000	nan	nan	nan
6.000000000000000	nan	nan	nan
6.000000000000000	nan	nan	nan
6.000000000000000	nan	nan	nan
6.000000000000000	nan	nan	nan
6.000000000000000	nan	nan	nan
6.000000000000000	nan	nan	nan
6.000000000000000	nan	nan	nan
6.000000000000000	nan	nan	nan
6.000000000000000	nan	nan	nan
6.000000000000000	nan	nan	nan
6.000000000000000	nan	nan	nan
6.000000000000000	nan	nan	nan
6.000000000000000	nan	nan	nan
6.000000000000000	nan	nan	nan
6.000000000000000	nan	nan	nan
6.000000000000000	nan	nan	nan
6.000000000000000	nan	nan	nan
6.000000000000000	nan	nan	nan
6.000000000000000	nan	nan	nan
6.000000000000000	nan	nan	nan
6.000000000000000	nan	nan	nan
6.000000000000000	nan	nan	nan
6.000000000000000	nan	nan	nan
6.000000000000000	nan	nan	nan
6.000000000000000	nan	nan	nan
6.000000000000000	nan	nan	nan
6.000000000000000	nan	nan	nan
6.000000000000000	nan	nan	nan
6.000000000000000	nan	nan	nan
6.000000000000000	nan	nan	nan
6.000000000000000	nan	nan	nan
6.000000000000000	nan	nan	nan


7.000000000000000	nan	nan	nan
7.000000000000000	nan	nan	nan
7.000000000000000	nan	nan	nan
7.000000000000000	nan	nan	nan
7.000000000000000	nan	nan	nan
7.000000000000000	nan	nan	nan
7.000000000000000	nan	nan	nan
7.000000000000000	nan	nan	nan
7.000000000000000	nan	nan	nan
7.000000000000000	nan	nan	nan
7.000000000000000	nan	nan	nan
7.000000000000000	nan	nan	nan
7.000000000000000	nan	nan	nan
7.000000000000000	nan	nan	nan
7.000000000000000	nan	nan	nan
7.000000000000000	nan	nan	nan
7.000000000000000	nan	nan	nan
7.000000000000000	nan	nan	nan
7.000000000000000	nan	nan	nan
7.000000000000000	nan	nan	nan
7.000000000000000	nan	nan	nan
7.000000000000000	nan	nan	nan
7.000000000000000	nan	nan	nan
7.000000000000000	nan	nan	nan
7.000000000000000	nan	nan	nan
7.000000000000000	nan	nan	nan
7.000000000000000	nan	nan	nan
7.000000000000000	nan	nan	nan
7.000000000000000	nan	nan	nan
7.000000000000000	nan	nan	nan
7.000000000000000	nan	nan	nan
7.000000000000000	nan	nan	nan
7.000000000000000	nan	nan	nan
7.000000000000000	nan	nan	nan
7.000000000000000	nan	nan	nan
7.000000000000000	nan	nan	nan
7.000000000000000	nan	nan	nan
7.000000000000000	nan	nan	nan
7.000000000000000	nan	nan	nan
7.000000000000000	nan	nan	nan
7.000000000000000	nan	nan	nan
7.000000000000000	nan	nan	nan
7.000000000000000	nan	nan	nan
7.000000000000000	nan	nan	nan
7.000000000000000	nan	nan	nan
7.000000000000000	nan	nan	nan
7.000000000000000	nan	nan	nan
7.000000000000000	nan	nan	nan
7.000000000000000	nan	nan	nan
7.000000000000000	nan	nan	nan
7.000000000000000	nan	nan	nan
7.000000000000000	nan	nan	nan
7.000000000000000	nan	nan	nan
7.000000000000000	nan	nan	nan
7.000000000000000	nan	nan	nan
7.000000000000000	nan	nan	nan
7.000000000000000	nan	nan	nan
7.000000000000000	nan	nan	nan
7.000000000000000	nan	nan	nan
7.000000000000000	nan	nan	nan
7.000000000000000	nan	nan	nan
7.000000000000000	nan	nan	nan
7.000000000000000	nan	nan	nan
7.000000000000000	nan	nan	nan
7.000000000000000	nan	nan	nan
7.000000000000000	nan	nan	nan
7.000000000000000	nan	nan	nan
7.000000000000000	nan	nan	nan
7.000000000000000	nan	nan	nan
7.000000000000000	nan	nan	nan
7.000000000000000	nan	nan	nan
7.000000000000000	nan	nan	nan
7.000000000000000	nan	nan	nan
7.000000000000000	nan	nan	nan
7.000000000000000	nan	nan	nan
7.000000000000000	nan	nan	nan
7.000000000000000	nan	nan	nan
7.000000000000000	nan	nan	nan
7.000000000000000	nan	nan	nan
7.000000000000000	nan	nan	nan
7.000000000000000	nan	nan	nan
7.000000000000000	nan	nan	nan
7.000000000000000	nan	nan	nan
7.000000000000000	nan	nan	nan
7.000000000000000	nan	nan	nan
7.000000000000000	nan	nan	nan
7.000000000000000	nan	nan	nan
7.000000000000000	nan	nan	nan
7.000000000000000	nan	nan	nan
7.000000000000000	nan	nan	nan
7.000000000000000	nan	nan	nan
7.000000000000000	nan	nan	nan
7.000000000000000	nan	nan	nan
7.000000000000000	nan	nan	nan
7.000000000000000	nan	nan	nan
7.000000000000000	nan	nan	nan
7.000000000000000	nan	nan	nan
7.000000000000000	nan	nan	nan
7.000000000000000	nan	nan	nan
7.000000000000000	nan	nan	nan


8.000000000000000	nan	nan	nan
8.000000000000000	nan	nan	nan
8.000000000000000	nan	nan	nan
8.000000000000000	nan	nan	nan
8.000000000000000	nan	nan	nan
8.000000000000000	nan	nan	nan
8.000000000000000	nan	nan	nan
8.000000000000000	nan	nan	nan
8.000000000000000	nan	nan	nan
8.000000000000000	nan	nan	nan
8.000000000000000	nan	nan	nan
8.000000000000000	nan	nan	nan
8.000000000000000	nan	nan	nan
8.000000000000000	nan	nan	nan
8.000000000000000	nan	nan	nan
8.000000000000000	nan	nan	nan
8.000000000000000	nan	nan	nan
8.000000000000000	nan	nan	nan
8.000000000000000	nan	nan	nan
8.000000000000000	nan	nan	nan
8.000000000000000	nan	nan	nan
8.000000000000000	nan	nan	nan
8.000000000000000	nan	nan	nan
8.000000000000000	nan	nan	nan
8.000000000000000	nan	nan	nan
8.000000000000000	nan	nan	nan
8.000000000000000	nan	nan	nan
8.000000000000000	nan	nan	nan
8.000000000000000	nan	nan	nan
8.000000000000000	nan	nan	nan
8.000000000000000	nan	nan	nan
8.000000000000000	nan	nan	nan
8.000000000000000	nan	nan	nan
8.000000000000000	nan	nan	nan
8.000000000000000	nan	nan	nan
8.000000000000000	nan	nan	nan
8.000000000000000	nan	nan	nan
8.000000000000000	nan	nan	nan
8.000000000000000	nan	nan	nan
8.000000000000000	nan	nan	nan
8.000000000000000	nan	nan	nan
8.000000000000000	nan	nan	nan
8.000000000000000	nan	nan	nan
8.000000000000000	nan	nan	nan
8.000000000000000	nan	nan	nan
8.000000000000000	nan	nan	nan
8.000000000000000	nan	nan	nan
8.000000000000000	nan	nan	nan
8.000000000000000	nan	nan	nan
8.000000000000000	nan	nan	nan
8.000000000000000	nan	nan	nan
8.000000000000000	nan	nan	nan
8.000000000000000	nan	nan	nan
8.000000000000000	nan	nan	nan
8.000000000000000	nan	nan	nan
8.000000000000000	nan	nan	nan
8.000000000000000	nan	nan	nan
8.000000000000000	nan	nan	nan
8.000000000000000	nan	nan	nan
8.000000000000000	nan	nan	nan
8.000000000000000	nan	nan	nan
8.000000000000000	nan	nan	nan
8.000000000000000	nan	nan	nan
8.000000000000000	nan	nan	nan
8.000000000000000	nan	nan	nan
8.000000000000000	nan	nan	nan
8.000000000000000	nan	nan	nan
8.000000000000000	nan	nan	nan
8.000000000000000	nan	nan	nan
8.000000000000000	nan	nan	nan
8.000000000000000	nan	nan	nan
8.000000000000000	nan	nan	nan
8.000000000000000	nan	nan	nan
8.000000000000000	nan	nan	nan
8.000000000000000	nan	nan	nan
8.000000000000000	nan	nan	nan
8.000000000000000	nan	nan	nan
8.000000000000000	nan	nan	nan
8.000000000000000	nan	nan	nan
8.000000000000000	nan	nan	nan
8.000000000000000	nan	nan	nan
8.000000000000000	nan	nan	nan
8.000000000000000	nan	nan	nan
8.000000000000000	nan	nan	nan
8.000000000000000	nan	nan	nan
8.000000000000000	nan	nan	nan
8.000000000000000	nan	nan	nan
8.000000000000000	nan	nan	nan
8.000000000000000	nan	nan	nan
8.000000000000000	nan	nan	nan
8.000000000000000	nan	nan	nan
8.000000000000000	nan	nan	nan
8.000000000000000	nan	nan	nan
8.000000000000000	nan	nan	nan
8.000000000000000	nan	nan	nan
8.000000000000000	nan	nan	nan
8.000000000000000	nan	nan	nan
8.000000000000000	nan	nan	nan
8.000000000000000	nan	nan	nan
8.000000000000000	nan	nan	nan


9.000000000000000	nan	nan	nan
9.000000000000000	nan	nan	nan
9.000000000000000	nan	nan	nan
9.000000000000000	nan	nan	nan
9.000000000000000	nan	nan	nan
9.000000000000000	nan	nan	nan
9.000000000000000	nan	nan	nan
9.000000000000000	nan	nan	nan
9.000000000000000	nan	nan	nan
9.000000000000000	nan	nan	nan
9.000000000000000	nan	nan	nan
9.000000000000000	nan	nan	nan
9.000000000000000	nan	nan	nan
9.000000000000000	nan	nan	nan
9.000000000000000	nan	nan	nan
9.000000000000000	nan	nan	nan
9.000000000000000	nan	nan	nan
9.000000000000000	nan	nan	nan
9.000000000000000	nan	nan	nan
9.000000000000000	nan	nan	nan
9.000000000000000	nan	nan	nan
9.000000000000000	nan	nan	nan
9.000000000000000	nan	nan	nan
9.000000000000000	nan	nan	nan
9.000000000000000	nan	nan	nan
9.000000000000000	nan	nan	nan
9.000000000000000	nan	nan	nan
9.000000000000000	nan	nan	nan
9.000000000000000	nan	nan	nan
9.000000000000000	nan	nan	nan
9.000000000000000	nan	nan	nan
9.000000000000000	nan	nan	nan
9.000000000000000	nan	nan	nan
9.000000000000000	nan	nan	nan
9.000000000000000	nan	nan	nan
9.000000000000000	nan	nan	nan
9.000000000000000	nan	nan	nan
9.000000000000000	nan	nan	nan
9.000000000000000	nan	nan	nan
9.000000000000000	nan	nan	nan
9.000000000000000	nan	nan	nan
9.000000000000000	nan	nan	nan
9.000000000000000	nan	nan	nan
9.000000000000000	nan	nan	nan
9.000000000000000	nan	nan	nan
9.000000000000000	nan	nan	nan
9.000000000000000	nan	nan	nan
9.000000000000000	nan	nan	nan
9.000000000000000	nan	nan	nan
9.000000000000000	nan	nan	nan
9.000000000000000	nan	nan	nan
9.000000000000000	nan	nan	nan
9.000000000000000	nan	nan	nan
9.000000000000000	nan	nan	nan
9.000000000000000	nan	nan	nan
9.000000000000000	nan	nan	nan
9.000000000000000	nan	nan	nan
9.000000000000000	nan	nan	nan
9.000000000000000	nan	nan	nan
9.000000000000000	nan	nan	nan
9.000000000000000	nan	nan	nan
9.000000000000000	nan	nan	nan
9.000000000000000	nan	nan	nan
9.000000000000000	nan	nan	nan
9.000000000000000	nan	nan	nan
9.000000000000000	nan	nan	nan
9.000000000000000	nan	nan	nan
9.000000000000000	nan	nan	nan
9.000000000000000	nan	nan	nan
9.000000000000000	nan	nan	nan
9.000000000000000	nan	nan	nan
9.000000000000000	nan	nan	nan
9.000000000000000	nan	nan	nan
9.000000000000000	nan	nan	nan
9.000000000000000	nan	nan	nan
9.000000000000000	nan	nan	nan
9.000000000000000	nan	nan	nan
9.000000000000000	nan	nan	nan
9.000000000000000	nan	nan	nan
9.000000000000000	nan	nan	nan
9.000000000000000	nan	nan	nan
9.000000000000000	nan	nan	nan
9.000000000000000	nan	nan	nan
9.000000000000000	nan	nan	nan
9.000000000000000	nan	nan	nan
9.000000000000000	nan	nan	nan
9.000000000000000	nan	nan	nan
9.000000000000000	nan	nan	nan
9.000000000000000	nan	nan	nan
9.000000000000000	nan	nan	nan
9.000000000000000	nan	nan	nan
9.000000000000000	nan	nan	nan
9.000000000000000	nan	nan	nan
9.000000000000000	nan	nan	nan
9.000000000000000	nan	nan	nan
9.000000000000000	nan	nan	nan
9.000000000000000	nan	nan	nan
9.000000000000000	nan	nan	nan
9.000000000000000	nan	nan	nan
9.000000000000000	nan	nan	nan


10.000000000000000	nan	nan	nan
10.000000000000000	nan	nan	nan
10.000000000000000	nan	nan	nan
10.000000000000000	nan	nan	nan
10.000000000000000	nan	nan	nan
10.000000000000000	nan	nan	nan
10.000000000000000	nan	nan	nan
10.000000000000000	nan	nan	nan
10.000000000000000	nan	nan	nan
10.000000000000000	nan	nan	nan
10.000000000000000	nan	nan	nan
10.000000000000000	nan	nan	nan
10.000000000000000	nan	nan	nan
10.000000000000000	nan	nan	nan
10.000000000000000	nan	nan	nan
10.000000000000000	nan	nan	nan
10.000000000000000	nan	nan	nan
10.000000000000000	nan	nan	nan
10.000000000000000	nan	nan	nan
10.000000000000000	nan	nan	nan
10.000000000000000	nan	nan	nan
10.000000000000000	nan	nan	nan
10.000000000000000	nan	nan	nan
10.000000000000000	nan	nan	nan
10.000000000000000	nan	nan	nan
10.000000000000000	nan	nan	nan
10.000000000000000	nan	nan	nan
10.000000000000000	nan	nan	nan
10.000000000000000	nan	nan	nan
10.000000000000000	nan	nan	nan
10.000000000000000	nan	nan	nan
10.000000000000000	nan	nan	nan
10.000000000000000	nan	nan	nan
10.000000000000000	nan	nan	nan
10.000000000000000	nan	nan	nan
10.000000000000000	nan	nan	nan
10.000000000000000	nan	nan	nan
10.000000000000000	nan	nan	nan
10.000000000000000	nan	nan	nan
10.000000000000000	nan	nan	nan
10.000000000000000	nan	nan	nan
10.000000000000000	nan	nan	nan
10.000000000000000	nan	nan	nan
10.000000000000000	nan	nan	nan
10.000000000000000	nan	nan	nan
10.000000000000000	nan	nan	nan
10.000000000000000	nan	nan	nan
10.000000000000000	nan	nan	nan
10.000000000000000	nan	nan	nan
10.000000000000000	nan	nan	nan
10.000000000000000	nan	nan	nan
10.000000000000000	nan	nan	nan
10.000000000000000	nan	nan	nan
10.000000000000000	nan	nan	nan
10.000000000000000	nan	nan	nan
10.000000000000000	nan	nan	nan
10.000000000000000	nan	nan	nan
10.000000000000000	nan	nan	nan
10.000000000000000	nan	nan	nan
10.000000000000000	nan	nan	nan
10.000000000000000	nan	nan	nan
10.000000000000000	nan	nan	nan
10.000000000000000	nan	nan	nan
10.000000000000000	nan	nan	nan
10.000000000000000	nan	nan	nan
10.000000000000000	nan	nan	nan
10.000000000000000	nan	nan	nan
10.000000000000000	nan	nan	nan
10.000000000000000	nan	nan	nan
10.000000000000000	nan	nan	nan
10.000000000000000	nan	nan	nan
10.000000000000000	nan	nan	nan
10.000000000000000	nan	nan	nan
10.000000000000000	nan	nan	nan
10.000000000000000	nan	nan	nan
10.000000000000000	nan	nan	nan
10.000000000000000	nan	nan	nan
10.000000000000000	nan	nan	nan
10.000000000000000	nan	nan	nan
10.000000000000000	nan	nan	nan
10.000000000000000	nan	nan	nan
10.000000000000000	nan	nan	nan
10.000000000000000	nan	nan	nan
10.000000000000000	nan	nan	nan
10.000000000000000	nan	nan	nan
10.000000000000000	nan	nan	nan
10.000000000000000	nan	nan	nan
10.000000000000000	nan	nan	nan
10.000000000000000	nan	nan	nan
10.000000000000000	nan	nan	nan
10.000000000000000	nan	nan	nan
10.000000000000000	nan	nan	nan
10.000000000000000	nan	nan	nan
10.000000000000000	nan	nan	nan
10.000000000000000	nan	nan	nan
10.000000000000000	nan	nan	nan
10.000000000000000	nan	nan	nan
10.000000000000000	nan	nan	nan
10.000000000000000	nan	nan	nan
10.000000000000000	nan	nan	nan


11.000000000000000	nan	nan	nan
11.000000000000000	nan	nan	nan
11.000000000000000	nan	nan	nan
11.000000000000000	nan	nan	nan
11.000000000000000	nan	nan	nan
11.000000000000000	nan	nan	nan
11.000000000000000	nan	nan	nan
11.000000000000000	nan	nan	nan
11.000000000000000	nan	nan	nan
11.000000000000000	nan	nan	nan
11.000000000000000	nan	nan	nan
11.000000000000000	nan	nan	nan
11.000000000000000	nan	nan	nan
11.000000000000000	nan	nan	nan
11.000000000000000	nan	nan	nan
11.000000000000000	nan	nan	nan
11.000000000000000	nan	nan	nan
11.000000000000000	nan	nan	nan
11.000000000000000	nan	nan	nan
11.000000000000000	nan	nan	nan
11.000000000000000	nan	nan	nan
11.000000000000000	nan	nan	nan
11.000000000000000	nan	nan	nan
11.000000000000000	nan	nan	nan
11.000000000000000	nan	nan	nan
11.000000000000000	nan	nan	nan
11.000000000000000	nan	nan	nan
11.000000000000000	nan	nan	nan
11.000000000000000	nan	nan	nan
11.000000000000000	nan	nan	nan
11.000000000000000	nan	nan	nan
11.000000000000000	nan	nan	nan
11.000000000000000	nan	nan	nan
11.000000000000000	nan	nan	nan
11.000000000000000	nan	nan	nan
11.000000000000000	nan	nan	nan
11.000000000000000	nan	nan	nan
11.000000000000000	nan	nan	nan
11.000000000000000	nan	nan	nan
11.000000000000000	nan	nan	nan
11.000000000000000	nan	nan	nan
11.000000000000000	nan	nan	nan
11.000000000000000	nan	nan	nan
11.000000000000000	nan	nan	nan
11.000000000000000	nan	nan	nan
11.000000000000000	nan	nan	nan
11.000000000000000	nan	nan	nan
11.000000000000000	nan	nan	nan
11.000000000000000	nan	nan	nan
11.000000000000000	nan	nan	nan
11.000000000000000	nan	nan	nan
11.000000000000000	nan	nan	nan
11.000000000000000	nan	nan	nan
11.000000000000000	nan	nan	nan
11.000000000000000	nan	nan	nan
11.000000000000000	nan	nan	nan
11.000000000000000	nan	nan	nan
11.000000000000000	nan	nan	nan
11.000000000000000	nan	nan	nan
11.000000000000000	nan	nan	nan
11.000000000000000	nan	nan	nan
11.000000000000000	nan	nan	nan
11.000000000000000	nan	nan	nan
11.000000000000000	nan	nan	nan
11.000000000000000	nan	nan	nan
11.000000000000000	nan	nan	nan
11.000000000000000	nan	nan	nan
11.000000000000000	nan	nan	nan
11.000000000000000	nan	nan	nan
11.000000000000000	nan	nan	nan
11.000000000000000	nan	nan	nan
11.000000000000000	nan	nan	nan
11.000000000000000	nan	nan	nan
11.000000000000000	nan	nan	nan
11.000000000000000	nan	nan	nan
11.000000000000000	nan	nan	nan
11.000000000000000	nan	nan	nan
11.000000000000000	nan	nan	nan
11.000000000000000	nan	nan	nan
11.000000000000000	nan	nan	nan
11.000000000000000	nan	nan	nan
11.000000000000000	nan	nan	nan
11.000000000000000	nan	nan	nan
11.000000000000000	nan	nan	nan
11.000000000000000	nan	nan	nan
11.000000000000000	nan	nan	nan
11.000000000000000	nan	nan	nan
11.000000000000000	nan	nan	nan
11.000000000000000	nan	nan	nan
11.000000000000000	nan	nan	nan
11.000000000000000	nan	nan	nan
11.000000000000000	nan	nan	nan
11.000000000000000	nan	nan	nan
11.000000000000000	nan	nan	nan
11.000000000000000	nan	nan	nan
11.000000000000000	nan	nan	nan
11.000000000000000	nan	nan	nan
11.000000000000000	nan	nan	nan
11.000000000000000	nan	nan	nan
11.000000000000000	nan	nan	nan


12.000000000000000	nan	nan	nan
12.000000000000000	nan	nan	nan
12.000000000000000	nan	nan	nan
12.000000000000000	nan	nan	nan
12.000000000000000	nan	nan	nan
12.000000000000000	nan	nan	nan
12.000000000000000	nan	nan	nan
12.000000000000000	nan	nan	nan
12.000000000000000	nan	nan	nan
12.000000000000000	nan	nan	nan
12.000000000000000	nan	nan	nan
12.000000000000000	nan	nan	nan
12.000000000000000	nan	nan	nan
12.000000000000000	nan	nan	nan
12.000000000000000	nan	nan	nan
12.000000000000000	nan	nan	nan
12.000000000000000	nan	nan	nan
12.000000000000000	nan	nan	nan
12.000000000000000	nan	nan	nan
12.000000000000000	nan	nan	nan
12.000000000000000	nan	nan	nan
12.000000000000000	nan	nan	nan
12.000000000000000	nan	nan	nan
12.000000000000000	nan	nan	nan
12.000000000000000	nan	nan	nan
12.000000000000000	nan	nan	nan
12.000000000000000	nan	nan	nan
12.000000000000000	nan	nan	nan
12.000000000000000	nan	nan	nan
12.000000000000000	nan	nan	nan
12.000000000000000	nan	nan	nan
12.000000000000000	nan	nan	nan
12.000000000000000	nan	nan	nan
12.000000000000000	nan	nan	nan
12.000000000000000	nan	nan	nan
12.000000000000000	nan	nan	nan
12.000000000000000	nan	nan	nan
12.000000000000000	nan	nan	nan
12.000000000000000	nan	nan	nan
12.000000000000000	nan	nan	nan
12.000000000000000	nan	nan	nan
12.000000000000000	nan	nan	nan
12.000000000000000	nan	nan	nan
12.000000000000000	nan	nan	nan
12.000000000000000	nan	nan	nan
12.000000000000000	nan	nan	nan
12.000000000000000	nan	nan	nan
12.000000000000000	nan	nan	nan
12.000000000000000	nan	nan	nan
12.000000000000000	nan	nan	nan
12.000000000000000	nan	nan	nan
12.000000000000000	nan	nan	nan
12.000000000000000	nan	nan	nan
12.000000000000000	nan	nan	nan
12.000000000000000	nan	nan	nan
12.000000000000000	nan	nan	nan
12.000000000000000	nan	nan	nan
12.000000000000000	nan	nan	nan
12.000000000000000	nan	nan	nan
12.000000000000000	nan	nan	nan
12.000000000000000	nan	nan	nan
12.000000000000000	nan	nan	nan
12.000000000000000	nan	nan	nan
12.000000000000000	nan	nan	nan
12.000000000000000	nan	nan	nan
12.000000000000000	nan	nan	nan
12.000000000000000	nan	nan	nan
12.000000000000000	nan	nan	nan
12.000000000000000	nan	nan	nan
12.000000000000000	nan	nan	nan
12.000000000000000	nan	nan	nan
12.000000000000000	nan	nan	nan
12.000000000000000	nan	nan	nan
12.000000000000000	nan	nan	nan
12.000000000000000	nan	nan	nan
12.000000000000000	nan	nan	nan
12.000000000000000	nan	nan	nan
12.000000000000000	nan	nan	nan
12.000000000000000	nan	nan	nan
12.000000000000000	nan	nan	nan
12.000000000000000	nan	nan	nan
12.000000000000000	nan	nan	nan
12.000000000000000	nan	nan	nan
12.000000000000000	nan	nan	nan
12.000000000000000	nan	nan	nan
12.000000000000000	nan	nan	nan
12.000000000000000	nan	nan	nan
12.000000000000000	nan	nan	nan
12.000000000000000	nan	nan	nan
12.000000000000000	nan	nan	nan
12.000000000000000	nan	nan	nan
12.000000000000000	nan	nan	nan
12.000000000000000	nan	nan	nan
12.000000000000000	nan	nan	nan
12.000000000000000	nan	nan	nan
12.000000000000000	nan	nan	nan
12.000000000000000	nan	nan	nan
12.000000000000000	nan	nan	nan
12.000000000000000	nan	nan	nan
12.000000000000000	nan	nan	nan


13.000000000000000	nan	nan	nan
13.000000000000000	nan	nan	nan
13.000000000000000	nan	nan	nan
13.000000000000000	nan	nan	nan
13.000000000000000	nan	nan	nan
13.000000000000000	nan	nan	nan
13.000000000000000	nan	nan	nan
13.000000000000000	nan	nan	nan
13.000000000000000	nan	nan	nan
13.000000000000000	nan	nan	nan
13.000000000000000	nan	nan	nan
13.000000000000000	nan	nan	nan
13.000000000000000	nan	nan	nan
13.000000000000000	nan	nan	nan
13.000000000000000	nan	nan	nan
13.000000000000000	nan	nan	nan
13.000000000000000	nan	nan	nan
13.000000000000000	nan	nan	nan
13.000000000000000	nan	nan	nan
13.000000000000000	nan	nan	nan
13.000000000000000	nan	nan	nan
13.000000000000000	nan	nan	nan
13.000000000000000	nan	nan	nan
13.000000000000000	nan	nan	nan
13.000000000000000	nan	nan	nan
13.000000000000000	nan	nan	nan
13.000000000000000	nan	nan	nan
13.000000000000000	nan	nan	nan
13.000000000000000	nan	nan	nan
13.000000000000000	nan	nan	nan
13.000000000000000	nan	nan	nan
13.000000000000000	nan	nan	nan
13.000000000000000	nan	nan	nan
13.000000000000000	nan	nan	nan
13.000000000000000	nan	nan	nan
13.000000000000000	nan	nan	nan
13.000000000000000	nan	nan	nan
13.000000000000000	nan	nan	nan
13.000000000000000	nan	nan	nan
13.000000000000000	nan	nan	nan
13.000000000000000	nan	nan	nan
13.000000000000000	nan	nan	nan
13.000000000000000	nan	nan	nan
13.000000000000000	nan	nan	nan
13.000000000000000	nan	nan	nan
13.000000000000000	nan	nan	nan
13.000000000000000	nan	nan	nan
13.000000000000000	nan	nan	nan
13.000000000000000	nan	nan	nan
13.000000000000000	nan	nan	nan
13.000000000000000	nan	nan	nan
13.000000000000000	nan	nan	nan
13.000000000000000	nan	nan	nan
13.000000000000000	nan	nan	nan
13.000000000000000	nan	nan	nan
13.000000000000000	nan	nan	nan
13.000000000000000	nan	nan	nan
13.000000000000000	nan	nan	nan
13.000000000000000	nan	nan	nan
13.000000000000000	nan	nan	nan
13.000000000000000	nan	nan	nan
13.000000000000000	nan	nan	nan
13.000000000000000	nan	nan	nan
13.000000000000000	nan	nan	nan
13.000000000000000	nan	nan	nan
13.000000000000000	nan	nan	nan
13.000000000000000	nan	nan	nan
13.000000000000000	nan	nan	nan
13.000000000000000	nan	nan	nan
13.000000000000000	nan	nan	nan
13.000000000000000	nan	nan	nan
13.000000000000000	nan	nan	nan
13.000000000000000	nan	nan	nan
13.000000000000000	nan	nan	nan
13.000000000000000	nan	nan	nan
13.000000000000000	nan	nan	nan
13.000000000000000	nan	nan	nan
13.000000000000000	nan	nan	nan
13.000000000000000	nan	nan	nan
13.000000000000000	nan	nan	nan
13.000000000000000	nan	nan	nan
13.000000000000000	nan	nan	nan
13.000000000000000	nan	nan	nan
13.000000000000000	nan	nan	nan
13.000000000000000	nan	nan	nan
13.000000000000000	nan	nan	nan
13.000000000000000	nan	nan	nan
13.000000000000000	nan	nan	nan
13.000000000000000	nan	nan	nan
13.000000000000000	nan	nan	nan
13.000000000000000	nan	nan	nan
13.000000000000000	nan	nan	nan
13.000000000000000	nan	nan	nan
13.000000000000000	nan	nan	nan
13.000000000000000	nan	nan	nan
13.000000000000000	nan	nan	nan
13.000000000000000	nan	nan	nan
13.000000000000000	nan	nan	nan
13.000000000000000	nan	nan	nan
13.000000000000000	nan	nan	nan


14.000000000000000	nan	nan	nan
14.000000000000000	nan	nan	nan
14.000000000000000	nan	nan	nan
14.000000000000000	nan	nan	nan
14.000000000000000	nan	nan	nan
14.000000000000000	nan	nan	nan
14.000000000000000	nan	nan	nan
14.000000000000000	nan	nan	nan
14.000000000000000	nan	nan	nan
14.000000000000000	nan	nan	nan
14.000000000000000	nan	nan	nan
14.000000000000000	nan	nan	nan
14.000000000000000	nan	nan	nan
14.000000000000000	nan	nan	nan
14.000000000000000	nan	nan	nan
14.000000000000000	nan	nan	nan
14.000000000000000	nan	nan	nan
14.000000000000000	nan	nan	nan
14.000000000000000	nan	nan	nan
14.000000000000000	nan	nan	nan
14.000000000000000	nan	nan	nan
14.000000000000000	nan	nan	nan
14.000000000000000	nan	nan	nan
14.000000000000000	nan	nan	nan
14.000000000000000	nan	nan	nan
14.000000000000000	nan	nan	nan
14.000000000000000	nan	nan	nan
14.000000000000000	nan	nan	nan
14.000000000000000	nan	nan	nan
14.000000000000000	nan	nan	nan
14.000000000000000	nan	nan	nan
14.000000000000000	nan	nan	nan
14.000000000000000	nan	nan	nan
14.000000000000000	nan	nan	nan
14.000000000000000	nan	nan	nan
14.000000000000000	nan	nan	nan
14.000000000000000	nan	nan	nan
14.000000000000000	nan	nan	nan
14.000000000000000	nan	nan	nan
14.000000000000000	nan	nan	nan
14.000000000000000	nan	nan	nan
14.000000000000000	nan	nan	nan
14.000000000000000	nan	nan	nan
14.000000000000000	nan	nan	nan
14.000000000000000	nan	nan	nan
14.000000000000000	nan	nan	nan
14.000000000000000	nan	nan	nan
14.000000000000000	nan	nan	nan
14.000000000000000	nan	nan	nan
14.000000000000000	nan	nan	nan
14.000000000000000	nan	nan	nan
14.000000000000000	nan	nan	nan
14.000000000000000	nan	nan	nan
14.000000000000000	nan	nan	nan
14.000000000000000	nan	nan	nan
14.000000000000000	nan	nan	nan
14.000000000000000	nan	nan	nan
14.000000000000000	nan	nan	nan
14.000000000000000	nan	nan	nan
14.000000000000000	nan	nan	nan
14.000000000000000	nan	nan	nan
14.000000000000000	nan	nan	nan
14.000000000000000	nan	nan	nan
14.000000000000000	nan	nan	nan
14.000000000000000	nan	nan	nan
14.000000000000000	nan	nan	nan
14.000000000000000	nan	nan	nan
14.000000000000000	nan	nan	nan
14.000000000000000	nan	nan	nan
14.000000000000000	nan	nan	nan
14.000000000000000	nan	nan	nan
14.000000000000000	nan	nan	nan
14.000000000000000	nan	nan	nan
14.000000000000000	nan	nan	nan
14.000000000000000	nan	nan	nan
14.000000000000000	nan	nan	nan
14.000000000000000	nan	nan	nan
14.000000000000000	nan	nan	nan
14.000000000000000	nan	nan	nan
14.000000000000000	nan	nan	nan
14.000000000000000	nan	nan	nan
14.000000000000000	nan	nan	nan
14.000000000000000	nan	nan	nan
14.000000000000000	nan	nan	nan
14.000000000000000	nan	nan	nan
14.000000000000000	nan	nan	nan
14.000000000000000	nan	nan	nan
14.000000000000000	nan	nan	nan
14.000000000000000	nan	nan	nan
14.000000000000000	nan	nan	nan
14.000000000000000	nan	nan	nan
14.000000000000000	nan	nan	nan
14.000000000000000	nan	nan	nan
14.000000000000000	nan	nan	nan
14.000000000000000	nan	nan	nan
14.000000000000000	nan	nan	nan
14.000000000000000	nan	nan	nan
14.000000000000000	nan	nan	nan
14.000000000000000	nan	nan	nan
14.000000000000000	nan	nan	nan


15.000000000000000	-0.946381742653342	1.239359854753761	-0.047847689926814
15.000000000000000	-1.027317715494851	1.173245507941037	-0.051186854998169
15.000000000000000	-1.103896920601367	1.102118648984924	-0.054308779627152
15.000000000000000	-1.175811000542079	1.026265680642658	-0.057200892925146
15.000000000000000	-1.242770382698692	0.945992036045921	-0.059851549372652
15.000000000000000	-1.304505445272157	0.861620948829420	-0.062250075711691
15.000000000000000	-1.360767602954498	0.773492151583128	-0.064386813923239
15.000000000000000	-1.411330307894106	0.681960507869045	-0.066253160116667
15.000000000000000	-1.455989961923980	0.587394583310884	-0.067841599174569
15.000000000000000	-1.494566736379688	0.490175161510388	-0.069145735013488
15.000000000000000	-1.526905296205930	0.390693710766157	-0.070160316338689
15.000000000000000	-1.552875425435978	0.289350807768981	-0.070881257789264
15.000000000000000	-1.572372551525419	0.186554524620883	-0.071305656388444
15.000000000000000	-1.585318166428880	0.082718785672794	-0.071431803232859
15.000000000000000	-1.591660142724217	-0.021738299202721	-0.071259190373688
15.000000000000000	-1.591372943511252	-0.126396118192344	-0.070788512861995
15.000000000000000	-1.584457725239849	-0.230833251197329	-0.070021665949994
15.000000000000000	-1.570942333053305	-0.334629166743502	-0.068961737459548
15.000000000000000	-1.550881188665780	-0.437365915313078	-0.067612995348591
15.000000000000000	-1.524355071225267	-0.538629812279864	-0.065980870525575
15.000000000000000	-1.491470792044473	-0.638013103671235	-0.064071934981113
15.000000000000000	-1.452360764509355	-0.735115608049472	-0.061893875324897
15.000000000000000	-1.407182470897159	-0.829546327901168	-0.059455461834429
15.000000000000000	-1.356117828250862	-0.920925024046214	-0.056766513140213
15.000000000000000	-1.299372455863454	-1.008883746726775	-0.053837856689592
15.000000000000000	-1.237174847321614	-1.093068317211100	-0.050681285148442
15.000000000000000	-1.169775450442681	-1.173139753946268	-0.047309508916267
15.000000000000000	-1.097445658809689	-1.248775637517261	-0.043736104945906
15.000000000000000	-1.020476718965196	-1.319671408916153	-0.039975462073938
15.000000000000000	-0.939178557664246	-1.385541595893740	-0.036042723081913
15.000000000000000	-0.853878533908721	-1.446120962455537	-0.031953723721715
15.000000000000000	-0.764920120788171	-1.501165576873509	-0.027724928950581
15.000000000000000	-0.672661522434916	-1.550453793913048	-0.023373366632528
15.000000000000000	-0.577474231662425	-1.593787147320106	-0.018916558973155
15.000000000000000	-0.479741534094880	-1.630991148974748	-0.014372451963902
15.000000000000000	-0.379856964811238	-1.661915991493233	-0.009759343119881
15.000000000000000	-0.278222723718368	-1.686437151449468	-0.005095807802240
15.000000000000000	-0.175248056033978	-1.704455890786902	-0.000400624421737
15.000000000000000	-0.071347604400568	-1.715899654401822	0.004307301175290
15.000000000000000	0.033060260734154	-1.720722362297159	0.009009011834096
15.000000000000000	0.137555125747394	-1.718904595130361	0.013685575425296
15.000000000000000	0.241716226698556	-1.710453672408240	0.018318161077873
15.000000000000000	0.345124143597120	-1.695403623013896	0.022888115004447
15.000000000000000	0.447362489258918	-1.673815048184422	0.027377035613491
15.000000000000000	0.548019585950354	-1.645774877491100	0.031766847606050
15.000000000000000	0.646690123069348	-1.611396018804710	0.036039874758586
15.000000000000000	0.742976789188073	-1.570816903655378	0.040178911098894
15.000000000000000	0.836491871885849	-1.524200929817665	0.044167290188480
15.000000000000000	0.926858818930215	-1.471735803365397	0.047988952232423
15.000000000000000	1.013713754519876	-1.413632782845559	0.051628508746503
15.000000000000000	1.096706944484121	-1.350125828614684	0.055071304521198
15.000000000000000	1.175504204538892	-1.281470660763077	0.058303476633035
15.000000000000000	1.249788245928952	-1.207943729420262	0.061312010265696
15.000000000000000	1.319259953037711	-1.129841101587885	0.064084791116086
15.000000000000000	1.383639587820249	-1.047477268982391	0.066610654174354
15.000000000000000	1.442667916209688	-0.961183881687880	0.068879428681454
15.000000000000000	1.496107251961284	-0.871308412718275	0.070881979083194
15.000000000000000	1.543742413731046	-0.778212758866129	0.072610241815896
15.000000000000000	1.585381591535060	-0.682271783471973	0.074057257775513
15.000000000000000	1.620857119100599	-0.583871806981952	0.075217200339492
15.000000000000000	1.650026148999022	-0.483409051371730	0.076085398828522
15.000000000000000	1.672771227841955	-0.381288044700448	0.076658357313713
15.000000000000000	1.689000769224632	-0.277919992218997	0.076933768693467
15.000000000000000	1.698649422512021	-0.173721120591611	0.076910523983363
15.000000000000000	1.701678335982764	-0.069111001897990	0.076588716781645
15.000000000000000	1.698075313271353	0.035489135835376	0.075969642892332
15.000000000000000	1.687854862478580	0.139658104771803	0.075055795107481
15.000000000000000	1.671058137752544	0.242976453239170	0.073850853169583
15.000000000000000	1.647752773575418	0.345028154713766	0.072359668954546
15.000000000000000	1.618032612423260	0.445402283012267	0.070588246934898
15.000000000000000	1.582017326895483	0.543694666946439	0.068543720001902
15.000000000000000	1.539851937835537	0.639509517777860	0.066234320743914
15.000000000000000	1.491706230383157	0.732461022919489	0.063669348296656
15.000000000000000	1.437774070309525	0.822174899466774	0.060859130898883
15.000000000000000	1.378272623388236	0.908289901302814	0.057814984304208
15.000000000000000	1.313441480945380	0.990459273708967	0.054549166216554
15.000000000000000	1.243541695109825	1.068352149623722	0.051074826932710
15.000000000000000	1.168854727648437	1.141654881927576	0.047405956390727
15.000000000000000	1.089681316618883	1.210072306389285	0.043557327837370
15.000000000000000	1.006340265403619	1.273328930188042	0.039544438341477
15.000000000000000	0.919167159001182	1.331170041225844	0.035383446392721
15.000000000000000	0.828513012743849	1.383362733763200	0.031091106837084
15.000000000000000	0.734742858882785	1.429696846248347	0.026684703411004
15.000000000000000	0.638234276731996	1.469985807563644	0.022181979145862
15.000000000000000	0.539375872289700	1.504067388281613	0.017601064923068
15.000000000000000	0.438565713459127	1.531804353905584	0.012960406467391
15.000000000000000	0.336209727169574	1.553085017464578	0.008278690072540
15.000000000000000	0.232720064851919	1.567823689237321	0.003574767358056
15.000000000000000	0.128513442850284	1.575961021794506	-0.001132420639512
15.000000000000000	0.024009464452390	1.577464248969946	-0.005823919735469
15.000000000000000	-0.080371069704779	1.572327317798361	-0.010480838918792
15.000000000000000	-0.184207856050634	1.560570912888531	-0.015084426419559
15.000000000000000	-0.287082780495105	1.542242373133677	-0.019616145215713
15.000000000000000	-0.388581602026520	1.517415501094449	-0.024057747675103
15.000000000000000	-0.488295620713947	1.486190265822059	-0.028391349032262
15.000000000000000	-0.585823323397573	1.448692400318196	-0.032599499404042
15.000000000000000	-0.680772000440488	1.405072895252606	-0.036665254054136
15.000000000000000	-0.772759327031781	1.355507390976956	-0.040572241623551
15.000000000000000	-0.861414902673625	1.300195470283130	-0.044304730052291
15.000000000000000	-0.946381742653342	1.239359854753761	-0.047847689926814


16.000000000000000	nan	nan	nan
16.000000000000000	nan	nan	nan
16.000000000000000	nan	nan	nan
16.000000000000000	nan	nan	nan
16.000000000000000	nan	nan	nan
16.000000000000000	nan	nan	nan
16.000000000000000	nan	nan	nan
16.000000000000000	nan	nan	nan
16.000000000000000	nan	nan	nan
16.000000000000000	nan	nan	nan
16.000000000000000	nan	nan	nan
16.000000000000000	nan	nan	nan
16.000000000000000	nan	nan	nan
16.000000000000000	nan	nan	nan
16.000000000000000	nan	nan	nan
16.000000000000000	nan	nan	nan
16.000000000000000	nan	nan	nan
16.000000000000000	nan	nan	nan
16.000000000000000	nan	nan	nan
16.000000000000000	nan	nan	nan
16.000000000000000	nan	nan	nan
16.000000000000000	nan	nan	nan
16.000000000000000	nan	nan	nan
16.000000000000000	nan	nan	nan
16.000000000000000	nan	nan	nan
16.000000000000000	nan	nan	nan
16.000000000000000	nan	nan	nan
16.000000000000000	nan	nan	nan
16.000000000000000	nan	nan	nan
16.000000000000000	nan	nan	nan
16.000000000000000	nan	nan	nan
16.000000000000000	nan	nan	nan
16.000000000000000	nan	nan	nan
16.000000000000000	nan	nan	nan
16.000000000000000	nan	nan	nan
16.000000000000000	nan	nan	nan
16.000000000000000	nan	nan	nan
16.000000000000000	nan	nan	nan
16.000000000000000	nan	nan	nan
16.000000000000000	nan	nan	nan
16.000000000000000	nan	nan	nan
16.000000000000000	nan	nan	nan
16.000000000000000	nan	nan	nan
16.000000000000000	nan	nan	nan
16.000000000000000	nan	nan	nan
16.000000000000000	nan	nan	nan
16.000000000000000	nan	nan	nan
16.000000000000000	nan	nan	nan
16.000000000000000	nan	nan	nan
16.000000000000000	nan	nan	nan
16.000000000000000	nan	nan	nan
16.000000000000000	nan	nan	nan
16.000000000000000	nan	nan	nan
16.000000000000000	nan	nan	nan
16.000000000000000	nan	nan	nan
16.000000000000000	nan	nan	nan
16.000000000000000	nan	nan	nan
16.000000000000000	nan	nan	nan
16.000000000000000	nan	nan	nan
16.000000000000000	nan	nan	nan
16.000000000000000	nan	nan	nan
16.000000000000000	nan	nan	nan
16.000000000000000	nan	nan	nan
16.000000000000000	nan	nan	nan
16.000000000000000	nan	nan	nan
16.000000000000000	nan	nan	nan
16.000000000000000	nan	nan	nan
16.000000000000000	nan	nan	nan
16.000000000000000	nan	nan	nan
16.000000000000000	nan	nan	nan
16.000000000000000	nan	nan	nan
16.000000000000000	nan	nan	nan
16.000000000000000	nan	nan	nan
16.000000000000000	nan	nan	nan
16.000000000000000	nan	nan	nan
16.000000000000000	nan	nan	nan
16.000000000000000	nan	nan	nan
16.000000000000000	nan	nan	nan
16.000000000000000	nan	nan	nan
16.000000000000000	nan	nan	nan
16.000000000000000	nan	nan	nan
16.000000000000000	nan	nan	nan
16.000000000000000	nan	nan	nan
16.000000000000000	nan	nan	nan
16.000000000000000	nan	nan	nan
16.000000000000000	nan	nan	nan
16.000000000000000	nan	nan	nan
16.000000000000000	nan	nan	nan
16.000000000000000	nan	nan	nan
16.000000000000000	nan	nan	nan
16.000000000000000	nan	nan	nan
16.000000000000000	nan	nan	nan
16.000000000000000	nan	nan	nan
16.000000000000000	nan	nan	nan
16.000000000000000	nan	nan	nan
16.000000000000000	nan	nan	nan
16.000000000000000	nan	nan	nan
16.000000000000000	nan	nan	nan
16.000000000000000	nan	nan	nan
16.000000000000000	nan	nan	nan


