# n	x	y	z
1.000000000000000	0.197162883246884	-1.057004641515501	-0.013166858922602
1.000000000000000	0.266992569472119	-1.041661470235516	-0.013773227084368
1.000000000000000	0.335708301081046	-1.021915512169233	-0.014321539535041
1.000000000000000	0.403033384075266	-0.997846277320571	-0.014809588413905
1.000000000000000	0.468696724107529	-0.969550684003179	-0.015235408520379
1.000000000000000	0.532433918082993	-0.937142668584594	-0.015597285227185
1.000000000000000	0.593988318817163	-0.900752726704700	-0.015893761384546
1.000000000000000	0.653112068463525	-0.860527387815842	-0.016123643187617
1.000000000000000	0.709567096549612	-0.816628625160444	-0.016286004983511
1.000000000000000	0.763126078602772	-0.769233203561924	-0.016380192998581
1.000000000000000	0.813573351505586	-0.718531967655142	-0.016405827970934
1.000000000000000	0.860705781895125	-0.664729073422408	-0.016362806677583
1.000000000000000	0.904333584109308	-0.608041166129400	-0.016251302350093
1.000000000000000	0.944281084386779	-0.548696507971145	-0.016071763977035
1.000000000000000	0.980387428243142	-0.486934058940719	-0.015824914496072
1.000000000000000	1.012507228175197	-0.423002514621695	-0.015511747882939
1.000000000000000	1.040511149085100	-0.357159304778807	-0.015133525149057
1.000000000000000	1.064286429067157	-0.289669556779139	-0.014691769263884
1.000000000000000	1.083737333460216	-0.220805028017803	-0.014188259022454
1.000000000000000	1.098785540337363	-0.150843011646812	-0.013625021882799
1.000000000000000	1.109370455880675	-0.080065220013435	-0.013004325802090
1.000000000000000	1.115449458371137	-0.008756650303999	-0.012328670104372
1.000000000000000	1.116998069811268	0.062795563039191	-0.011600775416671
1.000000000000000	1.114010054489370	0.134303304506909	-0.010823572713990
1.000000000000000	1.106497444088543	0.205478637662479	-0.010000191517303
1.000000000000000	1.094490489239343	0.276034964560171	-0.009133947292082
1.000000000000000	1.078037537711167	0.345688179773985	-0.008228328098086
1.000000000000000	1.057204839732853	0.414157814389924	-0.007286980544177
1.000000000000000	1.032076281226388	0.481168165355320	-0.006313695104711
1.000000000000000	1.002753046027910	0.546449405637720	-0.005312390856639
1.000000000000000	0.969353208456109	0.609738670723115	-0.004287099698764
1.000000000000000	0.932011257868623	0.670781117078558	-0.003241950116707
1.000000000000000	0.890877557120860	0.729330948317126	-0.002181150558957
1.000000000000000	0.846117737107846	0.785152404933220	-0.001108972490930
1.000000000000000	0.797912029827075	0.838020713622882	-0.000029733195288
1.000000000000000	0.746454542647862	0.887722992366559	0.001052221612236
1.000000000000000	0.691952476709478	0.934059107629859	0.002132535281502
1.000000000000000	0.634625292595294	0.976842480230661	0.003206857770654
1.000000000000000	0.574703826642463	1.015900836627625	0.004270863162204
1.000000000000000	0.512429361445471	1.051076902604946	0.005320267081972
1.000000000000000	0.448052654296282	1.082229036560104	0.006350843950757
1.000000000000000	0.381832927473226	1.109231799844615	0.007358443999241
1.000000000000000	0.314036824444381	1.131976461861189	0.008339009977657
1.000000000000000	0.244937336188432	1.150371437883472	0.009288593492894
1.000000000000000	0.174812701956352	1.164342657835413	0.010203370907285
1.000000000000000	0.103945288900139	1.173833864545323	0.011079658735048
1.000000000000000	0.032620455079962	1.178806840273642	0.011913928474381
1.000000000000000	-0.038874599572044	1.179241560602293	0.012702820815493
1.000000000000000	-0.110251989704527	1.175136275065944	0.013443159167363
1.000000000000000	-0.181224303759630	1.166507514200516	0.014131962448743
1.000000000000000	-0.251505761277889	1.153390022980546	0.014766457091930
1.000000000000000	-0.320813363635280	1.135836620913440	0.015344088210937
1.000000000000000	-0.388868033578797	1.113917989353958	0.015862529889117
1.000000000000000	-0.455395738972048	1.087722386895347	0.016319694544814
1.000000000000000	-0.520128596225954	1.057355293983132	0.016713741337313
1.000000000000000	-0.582805948971412	1.022938988182594	0.017043083579257
1.000000000000000	-0.643175417630498	0.984612051810172	0.017306395125676
1.000000000000000	-0.700993915659948	0.942528813911384	0.017502615713908
1.000000000000000	-0.756028628374877	0.896858728832231	0.017630955232899
1.000000000000000	-0.808057950411342	0.847785693886356	0.017690896904701
1.000000000000000	-0.856872378052925	0.795507308865464	0.017682199365360
1.000000000000000	-0.902275352828262	0.740234080374704	0.017604897636795
1.000000000000000	-0.944084052982631	0.682188574196866	0.017459302985786
1.000000000000000	-0.982130129636629	0.621604519098529	0.017246001670604
1.000000000000000	-1.016260384667697	0.558725865686808	0.016965852580362
1.000000000000000	-1.046337387584886	0.493805804106365	0.016619983776571
1.000000000000000	-1.072240028912938	0.427105744532052	0.016209787950831
1.000000000000000	-1.093864007857402	0.358894264562405	0.015736916816955
1.000000000000000	-1.111122252287116	0.289446027752445	0.015203274460103
1.000000000000000	-1.123945269342953	0.219040677640483	0.014611009669701
1.000000000000000	-1.132281425261031	0.147961711722289	0.013962507287023
1.000000000000000	-1.136097153283665	0.076495339906740	0.013260378602280
1.000000000000000	-1.135377088820843	0.004929332049526	0.012507450839872
1.000000000000000	-1.130124131318014	-0.066448140794491	0.011706755774158
1.000000000000000	-1.120359432581046	-0.137349666734400	0.010861517521568
1.000000000000000	-1.106122311605361	-0.207489750349493	0.009975139558222
1.000000000000000	-1.087470096252227	-0.276585962278558	0.009051191015338
1.000000000000000	-1.064477892409685	-0.344360076463234	0.008093392307596
1.000000000000000	-1.037238281567656	-0.410539190466152	0.007105600152343
1.000000000000000	-1.005860948024949	-0.474856824352725	0.006091792039953
1.000000000000000	-0.970472237229307	-0.537053993711802	0.005056050217878
1.000000000000000	-0.931214647028877	-0.596880252494478	0.004002545252875
1.000000000000000	-0.888246253883678	-0.654094701471939	0.002935519237612
1.000000000000000	-0.841740076347476	-0.708466958251635	0.001859268709252
1.000000000000000	-0.791883378383144	-0.759778084945866	0.000778127348816
1.000000000000000	-0.738876915316774	-0.807821469757376	-0.000303551469019
1.000000000000000	-0.682934125466835	-0.852403658932141	-0.001381412205426
1.000000000000000	-0.624280270703391	-0.893345135729361	-0.002451114695643
1.000000000000000	-0.563151529398064	-0.930481043272013	-0.003508351625287
1.000000000000000	-0.499794045417080	-0.963661848367310	-0.004548865874388
1.000000000000000	-0.434462936986803	-0.992753943624091	-0.005568467659307
1.000000000000000	-0.367421269422674	-1.017640185442631	-0.006563051403519
1.000000000000000	-0.298938995858034	-1.038220365710570	-0.007528612269317
1.000000000000000	-0.229291870238136	-1.054411615305617	-0.008461262283885
1.000000000000000	-0.158760336956334	-1.066148737780252	-0.009357245994786
1.000000000000000	-0.087628401603487	-1.073384471884815	-0.010212955591848
1.000000000000000	-0.016182487377688	-1.076089681871872	-0.011024945434542
1.000000000000000	0.055289718240866	-1.074253474815595	-0.011789945926357
1.000000000000000	0.126500421905818	-1.067883244473720	-0.012504876680316
1.000000000000000	0.197162883246883	-1.057004641515501	-0.013166858922602


2.000000000000000	0.589031303346867	0.174139765996945	0.026357594508787
2.000000000000000	0.574275025439341	0.218270014068495	0.029499976804591
2.000000000000000	0.556697495769760	0.261370930986652	0.032500803460864
2.000000000000000	0.536369492846224	0.303268964571186	0.035347991207784
2.000000000000000	0.513372870361864	0.343795406228502	0.038030075425193
2.000000000000000	0.487800227598909	0.382787070281603	0.040536256306570
2.000000000000000	0.459754536564061	0.420086951061210	0.042856442346049
2.000000000000000	0.429348727356566	0.455544855112184	0.044981290973343
2.000000000000000	0.396705233438561	0.489018005969559	0.046902246172982
2.000000000000000	0.361955498638737	0.520371619068972	0.048611572936366
2.000000000000000	0.325239447874429	0.549479444476534	0.050102388407916
2.000000000000000	0.286704923723365	0.576224275252755	0.051368689599901
2.000000000000000	0.246507091113780	0.600498419403519	0.052405377564354
2.000000000000000	0.204807812530019	0.622204133517740	0.053208277924736
2.000000000000000	0.161774996249438	0.641254016345577	0.053774157684673
2.000000000000000	0.117581920235035	0.657571360732418	0.054100738246097
2.000000000000000	0.072406534406248	0.671090462491524	0.054186704584350
2.000000000000000	0.026430744097440	0.681756884971592	0.054031710543330
2.000000000000000	-0.020160322410685	0.689527678253944	0.053636380229337
2.000000000000000	-0.067179059337325	0.694371552096684	0.053002305498014
2.000000000000000	-0.114436138823847	0.696269001929463	0.052132039544512
2.000000000000000	-0.161741273290250	0.695212387391497	0.051029086622672
2.000000000000000	-0.208903981656090	0.691205963096604	0.049697887934629
2.000000000000000	-0.255734356340563	0.684265861501379	0.048143803747661
2.000000000000000	-0.302043827953303	0.674420027945479	0.046373091810285
2.000000000000000	-0.347645924596765	0.661708108125608	0.044392882154512
2.000000000000000	-0.392357022722741	0.646181288456289	0.042211148385722
2.000000000000000	-0.435997086519581	0.627902089960234	0.039836675575772
2.000000000000000	-0.478390392852865	0.606944116518259	0.037279024888614
2.000000000000000	-0.519366238840442	0.583391758492429	0.034548495080857
2.000000000000000	-0.558759629212688	0.557339852915854	0.031656081032315
2.000000000000000	-0.596411940690227	0.528893301617436	0.028613429473500
2.000000000000000	-0.632171560703888	0.498166648819218	0.025432792088355
2.000000000000000	-0.665894497885010	0.465283619907239	0.022126976181044
2.000000000000000	-0.697444961867865	0.430376623233067	0.018709293105459
2.000000000000000	-0.726695910069535	0.393586216952103	0.015193504665095
2.000000000000000	-0.753529559245551	0.355060543045495	0.011593767699126
2.000000000000000	-0.777837859761450	0.314954730804668	0.007924577077809
2.000000000000000	-0.799522930670518	0.273430272180419	0.004200707336758
2.000000000000000	-0.818497453845816	0.230654371511831	0.000437153185104
2.000000000000000	-0.834685025579455	0.186799272253407	-0.003350930872908
2.000000000000000	-0.848020464233367	0.142041563411476	-0.007148291559756
2.000000000000000	-0.858450072702753	0.096561468482592	-0.010939638244209
2.000000000000000	-0.865931854635372	0.050542119757117	-0.014709704511302
2.000000000000000	-0.870435683536029	0.004168820910125	-0.018443309634799
2.000000000000000	-0.871943424075340	-0.042371699151093	-0.022125419704618
2.000000000000000	-0.870449005114300	-0.088892038178437	-0.025741208163088
2.000000000000000	-0.865958444150621	-0.135204875185709	-0.029276115506256
2.000000000000000	-0.858489823088386	-0.181123724724107	-0.032715907909874
2.000000000000000	-0.848073215428611	-0.226463687793311	-0.036046734543986
2.000000000000000	-0.834750565173865	-0.271042196364499	-0.039255183345332
2.000000000000000	-0.818575517934577	-0.314679748517363	-0.042328335022990
2.000000000000000	-0.799613204917097	-0.357200631230984	-0.045253815079804
2.000000000000000	-0.777939980663317	-0.398433627918156	-0.048019843640116
2.000000000000000	-0.753643115597878	-0.438212707854148	-0.050615282883165
2.000000000000000	-0.726820444620970	-0.476377694723837	-0.053029681891164
2.000000000000000	-0.697579973161723	-0.512774911595192	-0.055253318731454
2.000000000000000	-0.666039442278462	-0.547257799722044	-0.057277239603299
2.000000000000000	-0.632325854557018	-0.579687508684426	-0.059093294891678
2.000000000000000	-0.596574962716147	-0.609933455490211	-0.060694171982910
2.000000000000000	-0.558930722979236	-0.637873850386730	-0.062073424709969
2.000000000000000	-0.519544715413407	-0.663396187265123	-0.063225499308920
2.000000000000000	-0.478575533570080	-0.686397696682730	-0.064145756781972
2.000000000000000	-0.436188145884722	-0.706785759679367	-0.064830491577080
2.000000000000000	-0.392553231407177	-0.724478280721185	-0.065276946508896
2.000000000000000	-0.347846492537376	-0.739404018270414	-0.065483323860984
2.000000000000000	-0.302247947533780	-0.751502871649890	-0.065448792624587
2.000000000000000	-0.255941205643399	-0.760726123047268	-0.065173491844806
2.000000000000000	-0.209112727772149	-0.767036633684460	-0.064658530060715
2.000000000000000	-0.161951075672597	-0.770408993362386	-0.063905980841666
2.000000000000000	-0.114646152672337	-0.770829622778876	-0.062918874437758
2.000000000000000	-0.067388439000314	-0.768296828207728	-0.061701185578085
2.000000000000000	-0.020368224790169	-0.762820808318746	-0.060257817465909
2.000000000000000	0.026225156150965	-0.754423613111296	-0.058594582035191
2.000000000000000	0.072204088722883	-0.743139055126741	-0.056718176547982
2.000000000000000	0.117383431992093	-0.729012573297270	-0.054636156626913
2.000000000000000	0.161581264689019	-0.712101049979357	-0.052356905831369
2.000000000000000	0.204619617740740	-0.692472581908585	-0.049889601899858
2.000000000000000	0.246325190889636	-0.670206205998131	-0.047244179794492
2.000000000000000	0.286530050512358	-0.645391581085008	-0.044431291696404
2.000000000000000	0.325072305829259	-0.618128626905573	-0.041462264113174
2.000000000000000	0.361796760781428	-0.588527121754017	-0.038349052270979
2.000000000000000	0.396555538950440	-0.556706260443918	-0.035104191975120
2.000000000000000	0.429208679004502	-0.522794174352799	-0.031740749132754
2.000000000000000	0.459624698273338	-0.486927415482287	-0.028272267141102
2.000000000000000	0.487681122182499	-0.449250406611405	-0.024712712352965
2.000000000000000	0.513264977415241	-0.409914859757013	-0.021076417839152
2.000000000000000	0.536273246816204	-0.369079165283054	-0.017378025674263
2.000000000000000	0.556613284205137	-0.326907754118473	-0.013632427978221
2.000000000000000	0.574203187430363	-0.283570435651892	-0.009854706950963
2.000000000000000	0.588972128159841	-0.239241713969140	-0.006060074141742
2.000000000000000	0.600860637081859	-0.194100085186887	-0.002263809197590
2.000000000000000	0.609820843366964	-0.148327318711783	0.001518801662433
2.000000000000000	0.615816667426894	-0.102107725319210	0.005272527199440
2.000000000000000	0.618823966194349	-0.055627414998842	0.008982252485550
2.000000000000000	0.618830630338598	-0.009073547555404	0.012633039766358
2.000000000000000	0.615836633025487	0.037366421017807	0.016210188610009
2.000000000000000	0.609854030025481	0.083505493358044	0.019699295100640
2.000000000000000	0.600906911169340	0.129157883705491	0.023086309837873
2.000000000000000	0.589031303346867	0.174139765996945	0.026357594508787


3.000000000000000	0.442738089512798	-0.145290128264930	-0.003004556185954
3.000000000000000	0.451695122112878	-0.114713373975907	-0.004353846163105
3.000000000000000	0.458687902373749	-0.083626982908646	-0.005684617768567
3.000000000000000	0.463688272837358	-0.052156128988228	-0.006991512454771
3.000000000000000	0.466676098776698	-0.020427534235949	-0.008269267818077
3.000000000000000	0.467639349271247	0.011431041495534	-0.009512738788612
3.000000000000000	0.466574145651235	0.043291314966036	-0.010716918347653
3.000000000000000	0.463484777115684	0.075024996099176	-0.011876957689123
3.000000000000000	0.458383683461313	0.106504304561235	-0.012988185744024
3.000000000000000	0.451291404991868	0.137602484287464	-0.014046127989180
3.000000000000000	0.442236499809571	0.168194313884013	-0.015046524464562
3.000000000000000	0.431255428821719	0.198156610850293	-0.015985346926648
3.000000000000000	0.418392408925479	0.227368727591426	-0.016858815068736
3.000000000000000	0.403699234962050	0.255713037223531	-0.017663411742901
3.000000000000000	0.387235071157119	0.283075407215665	-0.018395897122315
3.000000000000000	0.369066212887405	0.309345658961251	-0.019053321746881
3.000000000000000	0.349265819732574	0.334418011428428	-0.019633038399670
3.000000000000000	0.327913620887435	0.358191507102943	-0.020132712766328
3.000000000000000	0.305095594120612	0.380570418508421	-0.020550332834537
3.000000000000000	0.280903619572415	0.401464633667130	-0.020884216995679
3.000000000000000	0.255435109785943	0.420790018949109	-0.021133020816081
3.000000000000000	0.228792617461154	0.438468757848601	-0.021295742450570
3.000000000000000	0.201083422511338	0.454429664323659	-0.021371726676556
3.000000000000000	0.172419100084771	0.468608469437211	-0.021360667532380
3.000000000000000	0.142915071290970	0.480948080145385	-0.021262609549312
3.000000000000000	0.112690138440625	0.491398809191049	-0.021077947572240
3.000000000000000	0.081866006670622	0.499918575176853	-0.020807425169770
3.000000000000000	0.050566793880415	0.506473072012174	-0.020452131640140
3.000000000000000	0.018918530953046	0.511035907051622	-0.020013497624993
3.000000000000000	-0.012951345726732	0.513588707368919	-0.019493289348696
3.000000000000000	-0.044914507413804	0.514121193738182	-0.018893601506372
3.000000000000000	-0.076842249737256	0.512631222024740	-0.018216848829308
3.000000000000000	-0.108606010947449	0.509124791818806	-0.017465756361677
3.000000000000000	-0.140077889588810	0.503616022277246	-0.016643348487753
3.000000000000000	-0.171131159513855	0.496127095270720	-0.015752936753782
3.000000000000000	-0.201640780164653	0.486688166065112	-0.014798106533550
3.000000000000000	-0.231483900067024	0.475337241896922	-0.013782702591353
3.000000000000000	-0.260540351510065	0.462120028931536	-0.012710813600486
3.000000000000000	-0.288693134419108	0.447089748220635	-0.011586755679599
3.000000000000000	-0.315828887473727	0.430306921399796	-0.010415055013208
3.000000000000000	-0.341838344573766	0.411839126989234	-0.009200429626355
3.000000000000000	-0.366616774815360	0.391760728278946	-0.007947770386776
3.000000000000000	-0.390064404205318	0.370152573893993	-0.006662121311113
3.000000000000000	-0.412086817415782	0.347101672245620	-0.005348659254429
3.000000000000000	-0.432595337961425	0.322700841179092	-0.004012673064850
3.000000000000000	-0.451507385268366	0.297048334228994	-0.002659542287233
3.000000000000000	-0.468746807196989	0.270247444986921	-0.001294715501640
3.000000000000000	-0.484244186679734	0.242406091174644	0.000076311616170
3.000000000000000	-0.497937121239127	0.213636380097532	0.001448018423889
3.000000000000000	-0.509770474260534	0.184054157228003	0.002814881542338
3.000000000000000	-0.519696597007845	0.153778539736691	0.004171397096165
3.000000000000000	-0.527675520488120	0.122931436849644	0.005512102876009
3.000000000000000	-0.533675116392616	0.091637058962894	0.006831600332887
3.000000000000000	-0.537671226466145	0.060021417491036	0.008124576316249
3.000000000000000	-0.539647759783843	0.028211817463734	0.009385824468158
3.000000000000000	-0.539596757543646	-0.003663655086704	0.010610266187456
3.000000000000000	-0.537518425113572	-0.035476648882565	0.011792971079498
3.000000000000000	-0.533421131204784	-0.067099064226031	0.012929176809113
3.000000000000000	-0.527321374173738	-0.098403568811450	0.014014308276843
3.000000000000000	-0.519243715589127	-0.129264110447584	0.015043996041260
3.000000000000000	-0.509220681331112	-0.159556424625303	0.016014093913157
3.000000000000000	-0.497292630621082	-0.189158534886894	0.016920695650794
3.000000000000000	-0.483507593509315	-0.217951243982216	0.017760150688954
3.000000000000000	-0.467921077474918	-0.245818613833948	0.018529078838477
3.000000000000000	-0.450595843916798	-0.272648432379312	0.019224383897095
3.000000000000000	-0.431601655435659	-0.298332665408444	0.019843266116739
3.000000000000000	-0.411014994924634	-0.322767891580025	0.020383233477143
3.000000000000000	-0.388918757599670	-0.345855718862522	0.020842111720323
3.000000000000000	-0.365401917209742	-0.367503180724175	0.021218053105553
3.000000000000000	-0.340559167770980	-0.387623110476402	0.021509543849560
3.000000000000000	-0.314490542267280	-0.406134492263296	0.021715410221999
3.000000000000000	-0.287301009852786	-0.422962787283878	0.021834823271646
3.000000000000000	-0.259100053178155	-0.438040233933541	0.021867302164297
3.000000000000000	-0.230001227542564	-0.451306120656118	0.021812716118914
3.000000000000000	-0.200121703646599	-0.462707030407890	0.021671284934237
3.000000000000000	-0.169581795787196	-0.472197055749166	0.021443578103728
3.000000000000000	-0.138504477394436	-0.479737983697341	0.021130512522427
3.000000000000000	-0.107014885860941	-0.485299449597094	0.020733348794934
3.000000000000000	-0.075239818657759	-0.488859059388129	0.020253686159405
3.000000000000000	-0.043307222765707	-0.490402479778160	0.019693456047978
3.000000000000000	-0.011345679478032	-0.489923495958018	0.019054914309582
3.000000000000000	0.020516113351076	-0.487424036626491	0.018340632126428
3.000000000000000	0.052149859527314	-0.482914166224139	0.017553485660768
3.000000000000000	0.083428181119764	-0.476412044407342	0.016696644473598
3.000000000000000	0.114225131366862	-0.467943852925773	0.015773558761964
3.000000000000000	0.144416701819555	-0.457543690197732	0.014787945466229
3.000000000000000	0.173881321679556	-0.445253434007853	0.013743773303268
3.000000000000000	0.202500347322043	-0.431122572880043	0.012645246785848
3.000000000000000	0.230158540031661	-0.415208006804664	0.011496789292537
3.000000000000000	0.256744530028154	-0.397573818122355	0.010303025256318
3.000000000000000	0.282151264913167	-0.378291013487063	0.009068761543635
3.000000000000000	0.306276440732466	-0.357437237947307	0.007798968098832
3.000000000000000	0.329022913917858	-0.335096462296978	0.006498757931947
3.000000000000000	0.350299092450050	-0.311358644954579	0.005173366530419
3.000000000000000	0.370019304667389	-0.286319369732437	0.003828130777635
3.000000000000000	0.388104144235400	-0.260079460954412	0.002468467463178
3.000000000000000	0.404480789888076	-0.232744577471943	0.001099851471331
3.000000000000000	0.419083298653407	-0.204424787213136	-0.000272206264351
3.000000000000000	0.431852871382461	-0.175234123978070	-0.001642180951627
3.000000000000000	0.442738089512798	-0.145290128264930	-0.003004556185954


4.000000000000000	nan	nan	nan
4.000000000000000	nan	nan	nan
4.000000000000000	nan	nan	nan
4.000000000000000	nan	nan	nan
4.000000000000000	nan	nan	nan
4.000000000000000	nan	nan	nan
4.000000000000000	nan	nan	nan
4.000000000000000	nan	nan	nan
4.000000000000000	nan	nan	nan
4.000000000000000	nan	nan	nan
4.000000000000000	nan	nan	nan
4.000000000000000	nan	nan	nan
4.000000000000000	nan	nan	nan
4.000000000000000	nan	nan	nan
4.000000000000000	nan	nan	nan
4.000000000000000	nan	nan	nan
4.000000000000000	nan	nan	nan
4.000000000000000	nan	nan	nan
4.000000000000000	nan	nan	nan
4.000000000000000	nan	nan	nan
4.000000000000000	nan	nan	nan
4.000000000000000	nan	nan	nan
4.000000000000000	nan	nan	nan
4.000000000000000	nan	nan	nan
4.000000000000000	nan	nan	nan
4.000000000000000	nan	nan	nan
4.000000000000000	nan	nan	nan
4.000000000000000	nan	nan	nan
4.000000000000000	nan	nan	nan
4.000000000000000	nan	nan	nan
4.000000000000000	nan	nan	nan
4.000000000000000	nan	nan	nan
4.000000000000000	nan	nan	nan
4.000000000000000	nan	nan	nan
4.000000000000000	nan	nan	nan
4.000000000000000	nan	nan	nan
4.000000000000000	nan	nan	nan
4.000000000000000	nan	nan	nan
4.000000000000000	nan	nan	nan
4.000000000000000	nan	nan	nan
4.000000000000000	nan	nan	nan
4.000000000000000	nan	nan	nan
4.000000000000000	nan	nan	nan
4.000000000000000	nan	nan	nan
4.000000000000000	nan	nan	nan
4.000000000000000	nan	nan	nan
4.000000000000000	nan	nan	nan
4.000000000000000	nan	nan	nan
4.000000000000000	nan	nan	nan
4.000000000000000	nan	nan	nan
4.000000000000000	nan	nan	nan
4.000000000000000	nan	nan	nan
4.000000000000000	nan	nan	nan
4.000000000000000	nan	nan	nan
4.000000000000000	nan	nan	nan
4.000000000000000	nan	nan	nan
4.000000000000000	nan	nan	nan
4.000000000000000	nan	nan	nan
4.000000000000000	nan	nan	nan
4.000000000000000	nan	nan	nan
4.000000000000000	nan	nan	nan
4.000000000000000	nan	nan	nan
4.000000000000000	nan	nan	nan
4.000000000000000	nan	nan	nan
4.000000000000000	nan	nan	nan
4.000000000000000	nan	nan	nan
4.000000000000000	nan	nan	nan
4.000000000000000	nan	nan	nan
4.000000000000000	nan	nan	nan
4.000000000000000	nan	nan	nan
4.000000000000000	nan	nan	nan
4.000000000000000	nan	nan	nan
4.000000000000000	nan	nan	nan
4.000000000000000	nan	nan	nan
4.000000000000000	nan	nan	nan
4.000000000000000	nan	nan	nan
4.000000000000000	nan	nan	nan
4.000000000000000	nan	nan	nan
4.000000000000000	nan	nan	nan
4.000000000000000	nan	nan	nan
4.000000000000000	nan	nan	nan
4.000000000000000	nan	nan	nan
4.000000000000000	nan	nan	nan
4.000000000000000	nan	nan	nan
4.000000000000000	nan	nan	nan
4.000000000000000	nan	nan	nan
4.000000000000000	nan	nan	nan
4.000000000000000	nan	nan	nan
4.000000000000000	nan	nan	nan
4.000000000000000	nan	nan	nan
4.000000000000000	nan	nan	nan
4.000000000000000	nan	nan	nan
4.000000000000000	nan	nan	nan
4.000000000000000	nan	nan	nan
4.000000000000000	nan	nan	nan
4.000000000000000	nan	nan	nan
4.000000000000000	nan	nan	nan
4.000000000000000	nan	nan	nan
4.000000000000000	nan	nan	nan
4.000000000000000	nan	nan	nan


5.000000000000000	nan	nan	nan
5.000000000000000	nan	nan	nan
5.000000000000000	nan	nan	nan
5.000000000000000	nan	nan	nan
5.000000000000000	nan	nan	nan
5.000000000000000	nan	nan	nan
5.000000000000000	nan	nan	nan
5.000000000000000	nan	nan	nan
5.000000000000000	nan	nan	nan
5.000000000000000	nan	nan	nan
5.000000000000000	nan	nan	nan
5.000000000000000	nan	nan	nan
5.000000000000000	nan	nan	nan
5.000000000000000	nan	nan	nan
5.000000000000000	nan	nan	nan
5.000000000000000	nan	nan	nan
5.000000000000000	nan	nan	nan
5.000000000000000	nan	nan	nan
5.000000000000000	nan	nan	nan
5.000000000000000	nan	nan	nan
5.000000000000000	nan	nan	nan
5.000000000000000	nan	nan	nan
5.000000000000000	nan	nan	nan
5.000000000000000	nan	nan	nan
5.000000000000000	nan	nan	nan
5.000000000000000	nan	nan	nan
5.000000000000000	nan	nan	nan
5.000000000000000	nan	nan	nan
5.000000000000000	nan	nan	nan
5.000000000000000	nan	nan	nan
5.000000000000000	nan	nan	nan
5.000000000000000	nan	nan	nan
5.000000000000000	nan	nan	nan
5.000000000000000	nan	nan	nan
5.000000000000000	nan	nan	nan
5.000000000000000	nan	nan	nan
5.000000000000000	nan	nan	nan
5.000000000000000	nan	nan	nan
5.000000000000000	nan	nan	nan
5.000000000000000	nan	nan	nan
5.000000000000000	nan	nan	nan
5.000000000000000	nan	nan	nan
5.000000000000000	nan	nan	nan
5.000000000000000	nan	nan	nan
5.000000000000000	nan	nan	nan
5.000000000000000	nan	nan	nan
5.000000000000000	nan	nan	nan
5.000000000000000	nan	nan	nan
5.000000000000000	nan	nan	nan
5.000000000000000	nan	nan	nan
5.000000000000000	nan	nan	nan
5.000000000000000	nan	nan	nan
5.000000000000000	nan	nan	nan
5.000000000000000	nan	nan	nan
5.000000000000000	nan	nan	nan
5.000000000000000	nan	nan	nan
5.000000000000000	nan	nan	nan
5.000000000000000	nan	nan	nan
5.000000000000000	nan	nan	nan
5.000000000000000	nan	nan	nan
5.000000000000000	nan	nan	nan
5.000000000000000	nan	nan	nan
5.000000000000000	nan	nan	nan
5.000000000000000	nan	nan	nan
5.000000000000000	nan	nan	nan
5.000000000000000	nan	nan	nan
5.000000000000000	nan	nan	nan
5.000000000000000	nan	nan	nan
5.000000000000000	nan	nan	nan
5.000000000000000	nan	nan	nan
5.000000000000000	nan	nan	nan
5.000000000000000	nan	nan	nan
5.000000000000000	nan	nan	nan
5.000000000000000	nan	nan	nan
5.000000000000000	nan	nan	nan
5.000000000000000	nan	nan	nan
5.000000000000000	nan	nan	nan
5.000000000000000	nan	nan	nan
5.000000000000000	nan	nan	nan
5.000000000000000	nan	nan	nan
5.000000000000000	nan	nan	nan
5.000000000000000	nan	nan	nan
5.000000000000000	nan	nan	nan
5.000000000000000	nan	nan	nan
5.000000000000000	nan	nan	nan
5.000000000000000	nan	nan	nan
5.000000000000000	nan	nan	nan
5.000000000000000	nan	nan	nan
5.000000000000000	nan	nan	nan
5.000000000000000	nan	nan	nan
5.000000000000000	nan	nan	nan
5.000000000000000	nan	nan	nan
5.000000000000000	nan	nan	nan
5.000000000000000	nan	nan	nan
5.000000000000000	nan	nan	nan
5.000000000000000	nan	nan	nan
5.000000000000000	nan	nan	nan
5.000000000000000	nan	nan	nan
5.000000000000000	nan	nan	nan
5.000000000000000	nan	nan	nan


6.000000000000000	nan	nan	nan
6.000000000000000	nan	nan	nan
6.000000000000000	nan	nan	nan
6.000000000000000	nan	nan	nan
6.000000000000000	nan	nan	nan
6.000000000000000	nan	nan	nan
6.000000000000000	nan	nan	nan
6.000000000000000	nan	nan	nan
6.000000000000000	nan	nan	nan
6.000000000000000	nan	nan	nan
6.000000000000000	nan	nan	nan
6.000000000000000	nan	nan	nan
6.000000000000000	nan	nan	nan
6.000000000000000	nan	nan	nan
6.000000000000000	nan	nan	nan
6.000000000000000	nan	nan	nan
6.000000000000000	nan	nan	nan
6.000000000000000	nan	nan	nan
6.000000000000000	nan	nan	nan
6.000000000000000	nan	nan	nan
6.000000000000000	nan	nan	nan
6.000000000000000	nan	nan	nan
6.000000000000000	nan	nan	nan
6.000000000000000	nan	nan	nan
6.000000000000000	nan	nan	nan
6.000000000000000	nan	nan	nan
6.000000000000000	nan	nan	nan
6.000000000000000	nan	nan	nan
6.000000000000000	nan	nan	nan
6.000000000000000	nan	nan	nan
6.000000000000000	nan	nan	nan
6.000000000000000	nan	nan	nan
6.000000000000000	nan	nan	nan
6.000000000000000	nan	nan	nan
6.000000000000000	nan	nan	nan
6.000000000000000	nan	nan	nan
6.000000000000000	nan	nan	nan
6.000000000000000	nan	nan	nan
6.000000000000000	nan	nan	nan
6.000000000000000	nan	nan	nan
6.000000000000000	nan	nan	nan
6.000000000000000	nan	nan	nan
6.000000000000000	nan	nan	nan
6.000000000000000	nan	nan	nan
6.000000000000000	nan	nan	nan
6.000000000000000	nan	nan	nan
6.000000000000000	nan	nan	nan
6.000000000000000	nan	nan	nan
6.000000000000000	nan	nan	nan
6.000000000000000	nan	nan	nan
6.000000000000000	nan	nan	nan
6.000000000000000	nan	nan	nan
6.000000000000000	nan	nan	nan
6.000000000000000	nan	nan	nan
6.000000000000000	nan	nan	nan
6.000000000000000	nan	nan	nan
6.000000000000000	nan	nan	nan
6.000000000000000	nan	nan	nan
6.000000000000000	nan	nan	nan
6.000000000000000	nan	nan	nan
6.000000000000000	nan	nan	nan
6.000000000000000	nan	nan	nan
6.000000000000000	nan	nan	nan
6.000000000000000	nan	nan	nan
6.000000000000000	nan	nan	nan
6.000000000000000	nan	nan	nan
6.000000000000000	nan	nan	nan
6.000000000000000	nan	nan	nan
6.000000000000000	nan	nan	nan
6.000000000000000	nan	nan	nan
6.000000000000000	nan	nan	nan
6.000000000000000	nan	nan	nan
6.000000000000000	nan	nan	nan
6.000000000000000	nan	nan	nan
6.000000000000000	nan	nan	nan
6.000000000000000	nan	nan	nan
6.000000000000000	nan	nan	nan
6.000000000000000	nan	nan	nan
6.000000000000000	nan	nan	nan
6.000000000000000	nan	nan	nan
6.000000000000000	nan	nan	nan
6.000000000000000	nan	nan	nan
6.000000000000000	nan	nan	nan
6.000000000000000	nan	nan	nan
6.000000000000000	nan	nan	nan
6.000000000000000	nan	nan	nan
6.000000000000000	nan	nan	nan
6.000000000000000	nan	nan	nan
6.000000000000000	nan	nan	nan
6.000000000000000	nan	nan	nan
6.000000000000000	nan	nan	nan
6.000000000000000	nan	nan	nan
6.000000000000000	nan	nan	nan
6.000000000000000	nan	nan	nan
6.000000000000000	nan	nan	nan
6.000000000000000	nan	nan	nan
6.000000000000000	nan	nan	nan
6.000000000000000	nan	nan	nan
6.000000000000000	nan	nan	nan
6.000000000000000	nan	nan	nan


7.000000000000000	nan	nan	nan
7.000000000000000	nan	nan	nan
7.000000000000000	nan	nan	nan
7.000000000000000	nan	nan	nan
7.000000000000000	nan	nan	nan
7.000000000000000	nan	nan	nan
7.000000000000000	nan	nan	nan
7.000000000000000	nan	nan	nan
7.000000000000000	nan	nan	nan
7.000000000000000	nan	nan	nan
7.000000000000000	nan	nan	nan
7.000000000000000	nan	nan	nan
7.000000000000000	nan	nan	nan
7.000000000000000	nan	nan	nan
7.000000000000000	nan	nan	nan
7.000000000000000	nan	nan	nan
7.000000000000000	nan	nan	nan
7.000000000000000	nan	nan	nan
7.000000000000000	nan	nan	nan
7.000000000000000	nan	nan	nan
7.000000000000000	nan	nan	nan
7.000000000000000	nan	nan	nan
7.000000000000000	nan	nan	nan
7.000000000000000	nan	nan	nan
7.000000000000000	nan	nan	nan
7.000000000000000	nan	nan	nan
7.000000000000000	nan	nan	nan
7.000000000000000	nan	nan	nan
7.000000000000000	nan	nan	nan
7.000000000000000	nan	nan	nan
7.000000000000000	nan	nan	nan
7.000000000000000	nan	nan	nan
7.000000000000000	nan	nan	nan
7.000000000000000	nan	nan	nan
7.000000000000000	nan	nan	nan
7.000000000000000	nan	nan	nan
7.000000000000000	nan	nan	nan
7.000000000000000	nan	nan	nan
7.000000000000000	nan	nan	nan
7.000000000000000	nan	nan	nan
7.000000000000000	nan	nan	nan
7.000000000000000	nan	nan	nan
7.000000000000000	nan	nan	nan
7.000000000000000	nan	nan	nan
7.000000000000000	nan	nan	nan
7.000000000000000	nan	nan	nan
7.000000000000000	nan	nan	nan
7.000000000000000	nan	nan	nan
7.000000000000000	nan	nan	nan
7.000000000000000	nan	nan	nan
7.000000000000000	nan	nan	nan
7.000000000000000	nan	nan	nan
7.000000000000000	nan	nan	nan
7.000000000000000	nan	nan	nan
7.000000000000000	nan	nan	nan
7.000000000000000	nan	nan	nan
7.000000000000000	nan	nan	nan
7.000000000000000	nan	nan	nan
7.000000000000000	nan	nan	nan
7.000000000000000	nan	nan	nan
7.000000000000000	nan	nan	nan
7.000000000000000	nan	nan	nan
7.000000000000000	nan	nan	nan
7.000000000000000	nan	nan	nan
7.000000000000000	nan	nan	nan
7.000000000000000	nan	nan	nan
7.000000000000000	nan	nan	nan
7.000000000000000	nan	nan	nan
7.000000000000000	nan	nan	nan
7.000000000000000	nan	nan	nan
7.000000000000000	nan	nan	nan
7.000000000000000	nan	nan	nan
7.000000000000000	nan	nan	nan
7.000000000000000	nan	nan	nan
7.000000000000000	nan	nan	nan
7.000000000000000	nan	nan	nan
7.000000000000000	nan	nan	nan
7.000000000000000	nan	nan	nan
7.000000000000000	nan	nan	nan
7.000000000000000	nan	nan	nan
7.000000000000000	nan	nan	nan
7.000000000000000	nan	nan	nan
7.000000000000000	nan	nan	nan
7.000000000000000	nan	nan	nan
7.000000000000000	nan	nan	nan
7.000000000000000	nan	nan	nan
7.000000000000000	nan	nan	nan
7.000000000000000	nan	nan	nan
7.000000000000000	nan	nan	nan
7.000000000000000	nan	nan	nan
7.000000000000000	nan	nan	nan
7.000000000000000	nan	nan	nan
7.000000000000000	nan	nan	nan
7.000000000000000	nan	nan	nan
7.000000000000000	nan	nan	nan
7.000000000000000	nan	nan	nan
7.000000000000000	nan	nan	nan
7.000000000000000	nan	nan	nan
7.000000000000000	nan	nan	nan
7.000000000000000	nan	nan	nan


8.000000000000000	nan	nan	nan
8.000000000000000	nan	nan	nan
8.000000000000000	nan	nan	nan
8.000000000000000	nan	nan	nan
8.000000000000000	nan	nan	nan
8.000000000000000	nan	nan	nan
8.000000000000000	nan	nan	nan
8.000000000000000	nan	nan	nan
8.000000000000000	nan	nan	nan
8.000000000000000	nan	nan	nan
8.000000000000000	nan	nan	nan
8.000000000000000	nan	nan	nan
8.000000000000000	nan	nan	nan
8.000000000000000	nan	nan	nan
8.000000000000000	nan	nan	nan
8.000000000000000	nan	nan	nan
8.000000000000000	nan	nan	nan
8.000000000000000	nan	nan	nan
8.000000000000000	nan	nan	nan
8.000000000000000	nan	nan	nan
8.000000000000000	nan	nan	nan
8.000000000000000	nan	nan	nan
8.000000000000000	nan	nan	nan
8.000000000000000	nan	nan	nan
8.000000000000000	nan	nan	nan
8.000000000000000	nan	nan	nan
8.000000000000000	nan	nan	nan
8.000000000000000	nan	nan	nan
8.000000000000000	nan	nan	nan
8.000000000000000	nan	nan	nan
8.000000000000000	nan	nan	nan
8.000000000000000	nan	nan	nan
8.000000000000000	nan	nan	nan
8.000000000000000	nan	nan	nan
8.000000000000000	nan	nan	nan
8.000000000000000	nan	nan	nan
8.000000000000000	nan	nan	nan
8.000000000000000	nan	nan	nan
8.000000000000000	nan	nan	nan
8.000000000000000	nan	nan	nan
8.000000000000000	nan	nan	nan
8.000000000000000	nan	nan	nan
8.000000000000000	nan	nan	nan
8.000000000000000	nan	nan	nan
8.000000000000000	nan	nan	nan
8.000000000000000	nan	nan	nan
8.000000000000000	nan	nan	nan
8.000000000000000	nan	nan	nan
8.000000000000000	nan	nan	nan
8.000000000000000	nan	nan	nan
8.000000000000000	nan	nan	nan
8.000000000000000	nan	nan	nan
8.000000000000000	nan	nan	nan
8.000000000000000	nan	nan	nan
8.000000000000000	nan	nan	nan
8.000000000000000	nan	nan	nan
8.000000000000000	nan	nan	nan
8.000000000000000	nan	nan	nan
8.000000000000000	nan	nan	nan
8.000000000000000	nan	nan	nan
8.000000000000000	nan	nan	nan
8.000000000000000	nan	nan	nan
8.000000000000000	nan	nan	nan
8.000000000000000	nan	nan	nan
8.000000000000000	nan	nan	nan
8.000000000000000	nan	nan	nan
8.000000000000000	nan	nan	nan
8.000000000000000	nan	nan	nan
8.000000000000000	nan	nan	nan
8.000000000000000	nan	nan	nan
8.000000000000000	nan	nan	nan
8.000000000000000	nan	nan	nan
8.000000000000000	nan	nan	nan
8.000000000000000	nan	nan	nan
8.000000000000000	nan	nan	nan
8.000000000000000	nan	nan	nan
8.000000000000000	nan	nan	nan
8.000000000000000	nan	nan	nan
8.000000000000000	nan	nan	nan
8.000000000000000	nan	nan	nan
8.000000000000000	nan	nan	nan
8.000000000000000	nan	nan	nan
8.000000000000000	nan	nan	nan
8.000000000000000	nan	nan	nan
8.000000000000000	nan	nan	nan
8.000000000000000	nan	nan	nan
8.000000000000000	nan	nan	nan
8.000000000000000	nan	nan	nan
8.000000000000000	nan	nan	nan
8.000000000000000	nan	nan	nan
8.000000000000000	nan	nan	nan
8.000000000000000	nan	nan	nan
8.000000000000000	nan	nan	nan
8.000000000000000	nan	nan	nan
8.000000000000000	nan	nan	nan
8.000000000000000	nan	nan	nan
8.000000000000000	nan	nan	nan
8.000000000000000	nan	nan	nan
8.000000000000000	nan	nan	nan
8.000000000000000	nan	nan	nan


9.000000000000000	nan	nan	nan
9.000000000000000	nan	nan	nan
9.000000000000000	nan	nan	nan
9.000000000000000	nan	nan	nan
9.000000000000000	nan	nan	nan
9.000000000000000	nan	nan	nan
9.000000000000000	nan	nan	nan
9.000000000000000	nan	nan	nan
9.000000000000000	nan	nan	nan
9.000000000000000	nan	nan	nan
9.000000000000000	nan	nan	nan
9.000000000000000	nan	nan	nan
9.000000000000000	nan	nan	nan
9.000000000000000	nan	nan	nan
9.000000000000000	nan	nan	nan
9.000000000000000	nan	nan	nan
9.000000000000000	nan	nan	nan
9.000000000000000	nan	nan	nan
9.000000000000000	nan	nan	nan
9.000000000000000	nan	nan	nan
9.000000000000000	nan	nan	nan
9.000000000000000	nan	nan	nan
9.000000000000000	nan	nan	nan
9.000000000000000	nan	nan	nan
9.000000000000000	nan	nan	nan
9.000000000000000	nan	nan	nan
9.000000000000000	nan	nan	nan
9.000000000000000	nan	nan	nan
9.000000000000000	nan	nan	nan
9.000000000000000	nan	nan	nan
9.000000000000000	nan	nan	nan
9.000000000000000	nan	nan	nan
9.000000000000000	nan	nan	nan
9.000000000000000	nan	nan	nan
9.000000000000000	nan	nan	nan
9.000000000000000	nan	nan	nan
9.000000000000000	nan	nan	nan
9.000000000000000	nan	nan	nan
9.000000000000000	nan	nan	nan
9.000000000000000	nan	nan	nan
9.000000000000000	nan	nan	nan
9.000000000000000	nan	nan	nan
9.000000000000000	nan	nan	nan
9.000000000000000	nan	nan	nan
9.000000000000000	nan	nan	nan
9.000000000000000	nan	nan	nan
9.000000000000000	nan	nan	nan
9.000000000000000	nan	nan	nan
9.000000000000000	nan	nan	nan
9.000000000000000	nan	nan	nan
9.000000000000000	nan	nan	nan
9.000000000000000	nan	nan	nan
9.000000000000000	nan	nan	nan
9.000000000000000	nan	nan	nan
9.000000000000000	nan	nan	nan
9.000000000000000	nan	nan	nan
9.000000000000000	nan	nan	nan
9.000000000000000	nan	nan	nan
9.000000000000000	nan	nan	nan
9.000000000000000	nan	nan	nan
9.000000000000000	nan	nan	nan
9.000000000000000	nan	nan	nan
9.000000000000000	nan	nan	nan
9.000000000000000	nan	nan	nan
9.000000000000000	nan	nan	nan
9.000000000000000	nan	nan	nan
9.000000000000000	nan	nan	nan
9.000000000000000	nan	nan	nan
9.000000000000000	nan	nan	nan
9.000000000000000	nan	nan	nan
9.000000000000000	nan	nan	nan
9.000000000000000	nan	nan	nan
9.000000000000000	nan	nan	nan
9.000000000000000	nan	nan	nan
9.000000000000000	nan	nan	nan
9.000000000000000	nan	nan	nan
9.000000000000000	nan	nan	nan
9.000000000000000	nan	nan	nan
9.000000000000000	nan	nan	nan
9.000000000000000	nan	nan	nan
9.000000000000000	nan	nan	nan
9.000000000000000	nan	nan	nan
9.000000000000000	nan	nan	nan
9.000000000000000	nan	nan	nan
9.000000000000000	nan	nan	nan
9.000000000000000	nan	nan	nan
9.000000000000000	nan	nan	nan
9.000000000000000	nan	nan	nan
9.000000000000000	nan	nan	nan
9.000000000000000	nan	nan	nan
9.000000000000000	nan	nan	nan
9.000000000000000	nan	nan	nan
9.000000000000000	nan	nan	nan
9.000000000000000	nan	nan	nan
9.000000000000000	nan	nan	nan
9.000000000000000	nan	nan	nan
9.000000000000000	nan	nan	nan
9.000000000000000	nan	nan	nan
9.000000000000000	nan	nan	nan
9.000000000000000	nan	nan	nan


10.000000000000000	nan	nan	nan
10.000000000000000	nan	nan	nan
10.000000000000000	nan	nan	nan
10.000000000000000	nan	nan	nan
10.000000000000000	nan	nan	nan
10.000000000000000	nan	nan	nan
10.000000000000000	nan	nan	nan
10.000000000000000	nan	nan	nan
10.000000000000000	nan	nan	nan
10.000000000000000	nan	nan	nan
10.000000000000000	nan	nan	nan
10.000000000000000	nan	nan	nan
10.000000000000000	nan	nan	nan
10.000000000000000	nan	nan	nan
10.000000000000000	nan	nan	nan
10.000000000000000	nan	nan	nan
10.000000000000000	nan	nan	nan
10.000000000000000	nan	nan	nan
10.000000000000000	nan	nan	nan
10.000000000000000	nan	nan	nan
10.000000000000000	nan	nan	nan
10.000000000000000	nan	nan	nan
10.000000000000000	nan	nan	nan
10.000000000000000	nan	nan	nan
10.000000000000000	nan	nan	nan
10.000000000000000	nan	nan	nan
10.000000000000000	nan	nan	nan
10.000000000000000	nan	nan	nan
10.000000000000000	nan	nan	nan
10.000000000000000	nan	nan	nan
10.000000000000000	nan	nan	nan
10.000000000000000	nan	nan	nan
10.000000000000000	nan	nan	nan
10.000000000000000	nan	nan	nan
10.000000000000000	nan	nan	nan
10.000000000000000	nan	nan	nan
10.000000000000000	nan	nan	nan
10.000000000000000	nan	nan	nan
10.000000000000000	nan	nan	nan
10.000000000000000	nan	nan	nan
10.000000000000000	nan	nan	nan
10.000000000000000	nan	nan	nan
10.000000000000000	nan	nan	nan
10.000000000000000	nan	nan	nan
10.000000000000000	nan	nan	nan
10.000000000000000	nan	nan	nan
10.000000000000000	nan	nan	nan
10.000000000000000	nan	nan	nan
10.000000000000000	nan	nan	nan
10.000000000000000	nan	nan	nan
10.000000000000000	nan	nan	nan
10.000000000000000	nan	nan	nan
10.000000000000000	nan	nan	nan
10.000000000000000	nan	nan	nan
10.000000000000000	nan	nan	nan
10.000000000000000	nan	nan	nan
10.000000000000000	nan	nan	nan
10.000000000000000	nan	nan	nan
10.000000000000000	nan	nan	nan
10.000000000000000	nan	nan	nan
10.000000000000000	nan	nan	nan
10.000000000000000	nan	nan	nan
10.000000000000000	nan	nan	nan
10.000000000000000	nan	nan	nan
10.000000000000000	nan	nan	nan
10.000000000000000	nan	nan	nan
10.000000000000000	nan	nan	nan
10.000000000000000	nan	nan	nan
10.000000000000000	nan	nan	nan
10.000000000000000	nan	nan	nan
10.000000000000000	nan	nan	nan
10.000000000000000	nan	nan	nan
10.000000000000000	nan	nan	nan
10.000000000000000	nan	nan	nan
10.000000000000000	nan	nan	nan
10.000000000000000	nan	nan	nan
10.000000000000000	nan	nan	nan
10.000000000000000	nan	nan	nan
10.000000000000000	nan	nan	nan
10.000000000000000	nan	nan	nan
10.000000000000000	nan	nan	nan
10.000000000000000	nan	nan	nan
10.000000000000000	nan	nan	nan
10.000000000000000	nan	nan	nan
10.000000000000000	nan	nan	nan
10.000000000000000	nan	nan	nan
10.000000000000000	nan	nan	nan
10.000000000000000	nan	nan	nan
10.000000000000000	nan	nan	nan
10.000000000000000	nan	nan	nan
10.000000000000000	nan	nan	nan
10.000000000000000	nan	nan	nan
10.000000000000000	nan	nan	nan
10.000000000000000	nan	nan	nan
10.000000000000000	nan	nan	nan
10.000000000000000	nan	nan	nan
10.000000000000000	nan	nan	nan
10.000000000000000	nan	nan	nan
10.000000000000000	nan	nan	nan
10.000000000000000	nan	nan	nan


11.000000000000000	nan	nan	nan
11.000000000000000	nan	nan	nan
11.000000000000000	nan	nan	nan
11.000000000000000	nan	nan	nan
11.000000000000000	nan	nan	nan
11.000000000000000	nan	nan	nan
11.000000000000000	nan	nan	nan
11.000000000000000	nan	nan	nan
11.000000000000000	nan	nan	nan
11.000000000000000	nan	nan	nan
11.000000000000000	nan	nan	nan
11.000000000000000	nan	nan	nan
11.000000000000000	nan	nan	nan
11.000000000000000	nan	nan	nan
11.000000000000000	nan	nan	nan
11.000000000000000	nan	nan	nan
11.000000000000000	nan	nan	nan
11.000000000000000	nan	nan	nan
11.000000000000000	nan	nan	nan
11.000000000000000	nan	nan	nan
11.000000000000000	nan	nan	nan
11.000000000000000	nan	nan	nan
11.000000000000000	nan	nan	nan
11.000000000000000	nan	nan	nan
11.000000000000000	nan	nan	nan
11.000000000000000	nan	nan	nan
11.000000000000000	nan	nan	nan
11.000000000000000	nan	nan	nan
11.000000000000000	nan	nan	nan
11.000000000000000	nan	nan	nan
11.000000000000000	nan	nan	nan
11.000000000000000	nan	nan	nan
11.000000000000000	nan	nan	nan
11.000000000000000	nan	nan	nan
11.000000000000000	nan	nan	nan
11.000000000000000	nan	nan	nan
11.000000000000000	nan	nan	nan
11.000000000000000	nan	nan	nan
11.000000000000000	nan	nan	nan
11.000000000000000	nan	nan	nan
11.000000000000000	nan	nan	nan
11.000000000000000	nan	nan	nan
11.000000000000000	nan	nan	nan
11.000000000000000	nan	nan	nan
11.000000000000000	nan	nan	nan
11.000000000000000	nan	nan	nan
11.000000000000000	nan	nan	nan
11.000000000000000	nan	nan	nan
11.000000000000000	nan	nan	nan
11.000000000000000	nan	nan	nan
11.000000000000000	nan	nan	nan
11.000000000000000	nan	nan	nan
11.000000000000000	nan	nan	nan
11.000000000000000	nan	nan	nan
11.000000000000000	nan	nan	nan
11.000000000000000	nan	nan	nan
11.000000000000000	nan	nan	nan
11.000000000000000	nan	nan	nan
11.000000000000000	nan	nan	nan
11.000000000000000	nan	nan	nan
11.000000000000000	nan	nan	nan
11.000000000000000	nan	nan	nan
11.000000000000000	nan	nan	nan
11.000000000000000	nan	nan	nan
11.000000000000000	nan	nan	nan
11.000000000000000	nan	nan	nan
11.000000000000000	nan	nan	nan
11.000000000000000	nan	nan	nan
11.000000000000000	nan	nan	nan
11.000000000000000	nan	nan	nan
11.000000000000000	nan	nan	nan
11.000000000000000	nan	nan	nan
11.000000000000000	nan	nan	nan
11.000000000000000	nan	nan	nan
11.000000000000000	nan	nan	nan
11.000000000000000	nan	nan	nan
11.000000000000000	nan	nan	nan
11.000000000000000	nan	nan	nan
11.000000000000000	nan	nan	nan
11.000000000000000	nan	nan	nan
11.000000000000000	nan	nan	nan
11.000000000000000	nan	nan	nan
11.000000000000000	nan	nan	nan
11.000000000000000	nan	nan	nan
11.000000000000000	nan	nan	nan
11.000000000000000	nan	nan	nan
11.000000000000000	nan	nan	nan
11.000000000000000	nan	nan	nan
11.000000000000000	nan	nan	nan
11.000000000000000	nan	nan	nan
11.000000000000000	nan	nan	nan
11.000000000000000	nan	nan	nan
11.000000000000000	nan	nan	nan
11.000000000000000	nan	nan	nan
11.000000000000000	nan	nan	nan
11.000000000000000	nan	nan	nan
11.000000000000000	nan	nan	nan
11.000000000000000	nan	nan	nan
11.000000000000000	nan	nan	nan
11.000000000000000	nan	nan	nan


12.000000000000000	nan	nan	nan
12.000000000000000	nan	nan	nan
12.000000000000000	nan	nan	nan
12.000000000000000	nan	nan	nan
12.000000000000000	nan	nan	nan
12.000000000000000	nan	nan	nan
12.000000000000000	nan	nan	nan
12.000000000000000	nan	nan	nan
12.000000000000000	nan	nan	nan
12.000000000000000	nan	nan	nan
12.000000000000000	nan	nan	nan
12.000000000000000	nan	nan	nan
12.000000000000000	nan	nan	nan
12.000000000000000	nan	nan	nan
12.000000000000000	nan	nan	nan
12.000000000000000	nan	nan	nan
12.000000000000000	nan	nan	nan
12.000000000000000	nan	nan	nan
12.000000000000000	nan	nan	nan
12.000000000000000	nan	nan	nan
12.000000000000000	nan	nan	nan
12.000000000000000	nan	nan	nan
12.000000000000000	nan	nan	nan
12.000000000000000	nan	nan	nan
12.000000000000000	nan	nan	nan
12.000000000000000	nan	nan	nan
12.000000000000000	nan	nan	nan
12.000000000000000	nan	nan	nan
12.000000000000000	nan	nan	nan
12.000000000000000	nan	nan	nan
12.000000000000000	nan	nan	nan
12.000000000000000	nan	nan	nan
12.000000000000000	nan	nan	nan
12.000000000000000	nan	nan	nan
12.000000000000000	nan	nan	nan
12.000000000000000	nan	nan	nan
12.000000000000000	nan	nan	nan
12.000000000000000	nan	nan	nan
12.000000000000000	nan	nan	nan
12.000000000000000	nan	nan	nan
12.000000000000000	nan	nan	nan
12.000000000000000	nan	nan	nan
12.000000000000000	nan	nan	nan
12.000000000000000	nan	nan	nan
12.000000000000000	nan	nan	nan
12.000000000000000	nan	nan	nan
12.000000000000000	nan	nan	nan
12.000000000000000	nan	nan	nan
12.000000000000000	nan	nan	nan
12.000000000000000	nan	nan	nan
12.000000000000000	nan	nan	nan
12.000000000000000	nan	nan	nan
12.000000000000000	nan	nan	nan
12.000000000000000	nan	nan	nan
12.000000000000000	nan	nan	nan
12.000000000000000	nan	nan	nan
12.000000000000000	nan	nan	nan
12.000000000000000	nan	nan	nan
12.000000000000000	nan	nan	nan
12.000000000000000	nan	nan	nan
12.000000000000000	nan	nan	nan
12.000000000000000	nan	nan	nan
12.000000000000000	nan	nan	nan
12.000000000000000	nan	nan	nan
12.000000000000000	nan	nan	nan
12.000000000000000	nan	nan	nan
12.000000000000000	nan	nan	nan
12.000000000000000	nan	nan	nan
12.000000000000000	nan	nan	nan
12.000000000000000	nan	nan	nan
12.000000000000000	nan	nan	nan
12.000000000000000	nan	nan	nan
12.000000000000000	nan	nan	nan
12.000000000000000	nan	nan	nan
12.000000000000000	nan	nan	nan
12.000000000000000	nan	nan	nan
12.000000000000000	nan	nan	nan
12.000000000000000	nan	nan	nan
12.000000000000000	nan	nan	nan
12.000000000000000	nan	nan	nan
12.000000000000000	nan	nan	nan
12.000000000000000	nan	nan	nan
12.000000000000000	nan	nan	nan
12.000000000000000	nan	nan	nan
12.000000000000000	nan	nan	nan
12.000000000000000	nan	nan	nan
12.000000000000000	nan	nan	nan
12.000000000000000	nan	nan	nan
12.000000000000000	nan	nan	nan
12.000000000000000	nan	nan	nan
12.000000000000000	nan	nan	nan
12.000000000000000	nan	nan	nan
12.000000000000000	nan	nan	nan
12.000000000000000	nan	nan	nan
12.000000000000000	nan	nan	nan
12.000000000000000	nan	nan	nan
12.000000000000000	nan	nan	nan
12.000000000000000	nan	nan	nan
12.000000000000000	nan	nan	nan
12.000000000000000	nan	nan	nan


13.000000000000000	nan	nan	nan
13.000000000000000	nan	nan	nan
13.000000000000000	nan	nan	nan
13.000000000000000	nan	nan	nan
13.000000000000000	nan	nan	nan
13.000000000000000	nan	nan	nan
13.000000000000000	nan	nan	nan
13.000000000000000	nan	nan	nan
13.000000000000000	nan	nan	nan
13.000000000000000	nan	nan	nan
13.000000000000000	nan	nan	nan
13.000000000000000	nan	nan	nan
13.000000000000000	nan	nan	nan
13.000000000000000	nan	nan	nan
13.000000000000000	nan	nan	nan
13.000000000000000	nan	nan	nan
13.000000000000000	nan	nan	nan
13.000000000000000	nan	nan	nan
13.000000000000000	nan	nan	nan
13.000000000000000	nan	nan	nan
13.000000000000000	nan	nan	nan
13.000000000000000	nan	nan	nan
13.000000000000000	nan	nan	nan
13.000000000000000	nan	nan	nan
13.000000000000000	nan	nan	nan
13.000000000000000	nan	nan	nan
13.000000000000000	nan	nan	nan
13.000000000000000	nan	nan	nan
13.000000000000000	nan	nan	nan
13.000000000000000	nan	nan	nan
13.000000000000000	nan	nan	nan
13.000000000000000	nan	nan	nan
13.000000000000000	nan	nan	nan
13.000000000000000	nan	nan	nan
13.000000000000000	nan	nan	nan
13.000000000000000	nan	nan	nan
13.000000000000000	nan	nan	nan
13.000000000000000	nan	nan	nan
13.000000000000000	nan	nan	nan
13.000000000000000	nan	nan	nan
13.000000000000000	nan	nan	nan
13.000000000000000	nan	nan	nan
13.000000000000000	nan	nan	nan
13.000000000000000	nan	nan	nan
13.000000000000000	nan	nan	nan
13.000000000000000	nan	nan	nan
13.000000000000000	nan	nan	nan
13.000000000000000	nan	nan	nan
13.000000000000000	nan	nan	nan
13.000000000000000	nan	nan	nan
13.000000000000000	nan	nan	nan
13.000000000000000	nan	nan	nan
13.000000000000000	nan	nan	nan
13.000000000000000	nan	nan	nan
13.000000000000000	nan	nan	nan
13.000000000000000	nan	nan	nan
13.000000000000000	nan	nan	nan
13.000000000000000	nan	nan	nan
13.000000000000000	nan	nan	nan
13.000000000000000	nan	nan	nan
13.000000000000000	nan	nan	nan
13.000000000000000	nan	nan	nan
13.000000000000000	nan	nan	nan
13.000000000000000	nan	nan	nan
13.000000000000000	nan	nan	nan
13.000000000000000	nan	nan	nan
13.000000000000000	nan	nan	nan
13.000000000000000	nan	nan	nan
13.000000000000000	nan	nan	nan
13.000000000000000	nan	nan	nan
13.000000000000000	nan	nan	nan
13.000000000000000	nan	nan	nan
13.000000000000000	nan	nan	nan
13.000000000000000	nan	nan	nan
13.000000000000000	nan	nan	nan
13.000000000000000	nan	nan	nan
13.000000000000000	nan	nan	nan
13.000000000000000	nan	nan	nan
13.000000000000000	nan	nan	nan
13.000000000000000	nan	nan	nan
13.000000000000000	nan	nan	nan
13.000000000000000	nan	nan	nan
13.000000000000000	nan	nan	nan
13.000000000000000	nan	nan	nan
13.000000000000000	nan	nan	nan
13.000000000000000	nan	nan	nan
13.000000000000000	nan	nan	nan
13.000000000000000	nan	nan	nan
13.000000000000000	nan	nan	nan
13.000000000000000	nan	nan	nan
13.000000000000000	nan	nan	nan
13.000000000000000	nan	nan	nan
13.000000000000000	nan	nan	nan
13.000000000000000	nan	nan	nan
13.000000000000000	nan	nan	nan
13.000000000000000	nan	nan	nan
13.000000000000000	nan	nan	nan
13.000000000000000	nan	nan	nan
13.000000000000000	nan	nan	nan
13.000000000000000	nan	nan	nan


14.000000000000000	nan	nan	nan
14.000000000000000	nan	nan	nan
14.000000000000000	nan	nan	nan
14.000000000000000	nan	nan	nan
14.000000000000000	nan	nan	nan
14.000000000000000	nan	nan	nan
14.000000000000000	nan	nan	nan
14.000000000000000	nan	nan	nan
14.000000000000000	nan	nan	nan
14.000000000000000	nan	nan	nan
14.000000000000000	nan	nan	nan
14.000000000000000	nan	nan	nan
14.000000000000000	nan	nan	nan
14.000000000000000	nan	nan	nan
14.000000000000000	nan	nan	nan
14.000000000000000	nan	nan	nan
14.000000000000000	nan	nan	nan
14.000000000000000	nan	nan	nan
14.000000000000000	nan	nan	nan
14.000000000000000	nan	nan	nan
14.000000000000000	nan	nan	nan
14.000000000000000	nan	nan	nan
14.000000000000000	nan	nan	nan
14.000000000000000	nan	nan	nan
14.000000000000000	nan	nan	nan
14.000000000000000	nan	nan	nan
14.000000000000000	nan	nan	nan
14.000000000000000	nan	nan	nan
14.000000000000000	nan	nan	nan
14.000000000000000	nan	nan	nan
14.000000000000000	nan	nan	nan
14.000000000000000	nan	nan	nan
14.000000000000000	nan	nan	nan
14.000000000000000	nan	nan	nan
14.000000000000000	nan	nan	nan
14.000000000000000	nan	nan	nan
14.000000000000000	nan	nan	nan
14.000000000000000	nan	nan	nan
14.000000000000000	nan	nan	nan
14.000000000000000	nan	nan	nan
14.000000000000000	nan	nan	nan
14.000000000000000	nan	nan	nan
14.000000000000000	nan	nan	nan
14.000000000000000	nan	nan	nan
14.000000000000000	nan	nan	nan
14.000000000000000	nan	nan	nan
14.000000000000000	nan	nan	nan
14.000000000000000	nan	nan	nan
14.000000000000000	nan	nan	nan
14.000000000000000	nan	nan	nan
14.000000000000000	nan	nan	nan
14.000000000000000	nan	nan	nan
14.000000000000000	nan	nan	nan
14.000000000000000	nan	nan	nan
14.000000000000000	nan	nan	nan
14.000000000000000	nan	nan	nan
14.000000000000000	nan	nan	nan
14.000000000000000	nan	nan	nan
14.000000000000000	nan	nan	nan
14.000000000000000	nan	nan	nan
14.000000000000000	nan	nan	nan
14.000000000000000	nan	nan	nan
14.000000000000000	nan	nan	nan
14.000000000000000	nan	nan	nan
14.000000000000000	nan	nan	nan
14.000000000000000	nan	nan	nan
14.000000000000000	nan	nan	nan
14.000000000000000	nan	nan	nan
14.000000000000000	nan	nan	nan
14.000000000000000	nan	nan	nan
14.000000000000000	nan	nan	nan
14.000000000000000	nan	nan	nan
14.000000000000000	nan	nan	nan
14.000000000000000	nan	nan	nan
14.000000000000000	nan	nan	nan
14.000000000000000	nan	nan	nan
14.000000000000000	nan	nan	nan
14.000000000000000	nan	nan	nan
14.000000000000000	nan	nan	nan
14.000000000000000	nan	nan	nan
14.000000000000000	nan	nan	nan
14.000000000000000	nan	nan	nan
14.000000000000000	nan	nan	nan
14.000000000000000	nan	nan	nan
14.000000000000000	nan	nan	nan
14.000000000000000	nan	nan	nan
14.000000000000000	nan	nan	nan
14.000000000000000	nan	nan	nan
14.000000000000000	nan	nan	nan
14.000000000000000	nan	nan	nan
14.000000000000000	nan	nan	nan
14.000000000000000	nan	nan	nan
14.000000000000000	nan	nan	nan
14.000000000000000	nan	nan	nan
14.000000000000000	nan	nan	nan
14.000000000000000	nan	nan	nan
14.000000000000000	nan	nan	nan
14.000000000000000	nan	nan	nan
14.000000000000000	nan	nan	nan
14.000000000000000	nan	nan	nan


15.000000000000000	1.361413341302488	-0.579621038252966	0.098862286205678
15.000000000000000	1.398997509987129	-0.482499176045244	0.100886839946436
15.000000000000000	1.430331246584408	-0.383171703167225	0.102460341231207
15.000000000000000	1.455288381196094	-0.282038576295176	0.103576454125675
15.000000000000000	1.473768420249572	-0.179507022836706	0.104230684437140
15.000000000000000	1.485696951149988	-0.075989901169717	0.104420397811043
15.000000000000000	1.491025941913506	0.028095961792560	0.104144830338586
15.000000000000000	1.489733934575157	0.132331449016432	0.103405091632720
15.000000000000000	1.481826131592485	0.236296840984115	0.102204160360129
15.000000000000000	1.467334374897092	0.339573505756093	0.100546872247185
15.000000000000000	1.446317017678415	0.441745584654184	0.098439900608191
15.000000000000000	1.418858689416029	0.542401666777663	0.095891729474292
15.000000000000000	1.385069955106600	0.641136445609757	0.092912619431286
15.000000000000000	1.345086870057669	0.737552351043934	0.089514566303856
15.000000000000000	1.299070432040947	0.831261150258403	0.085711252852625
15.000000000000000	1.247205933011114	0.921885510992664	0.081517993678506
15.000000000000000	1.189702213000509	1.009060520931345	0.076951673556207
15.000000000000000	1.126790819194036	1.092435157077297	0.072030679445208
15.000000000000000	1.058725073570370	1.171673699197321	0.066774826451958
15.000000000000000	0.985779052863756	1.246457081649048	0.061205278041442
15.000000000000000	0.908246484953735	1.316484178145674	0.055344460819370
15.000000000000000	0.826439566126646	1.381473014285235	0.049215974228158
15.000000000000000	0.740687703971363	1.441161902962001	0.042844495520296
15.000000000000000	0.651336190971199	1.495310498088092	0.036255680391769
15.000000000000000	0.558744814132946	1.543700762382345	0.029476059675616
15.000000000000000	0.463286406251582	1.586137845329489	0.022532932511638
15.000000000000000	0.365345344644197	1.622450867774400	0.015454256422390
15.000000000000000	0.265316003398194	1.652493609992146	0.008268534738108
15.000000000000000	0.163601165366039	1.676145100463218	0.001004701823861
15.000000000000000	0.060610400300870	1.693310102983131	-0.006307993428932
15.000000000000000	-0.043241584336346	1.703919500145022	-0.013640105377458
15.000000000000000	-0.147536613257384	1.707930571651038	-0.020962110194722
15.000000000000000	-0.251854727191061	1.705327166331908	-0.028244524751582
15.000000000000000	-0.355775873910994	1.696119767181996	-0.035458025334900
15.000000000000000	-0.458881599637663	1.680345449147985	-0.042573565723787
15.000000000000000	-0.560756734004090	1.658067729841150	-0.049562494148483
15.000000000000000	-0.660991061800374	1.629376313774359	-0.056396668660920
15.000000000000000	-0.759180974765563	1.594386731153655	-0.063048570452416
15.000000000000000	-0.854931096775663	1.553239872678896	-0.069491414662204
15.000000000000000	-0.947855875883748	1.506101422226634	-0.075699258230613
15.000000000000000	-1.037581136801572	1.453161189699617	-0.081647104362612
15.000000000000000	-1.123745587571391	1.394632346729307	-0.087311003181084
15.000000000000000	-1.206002274361160	1.330750568308954	-0.092668148164524
15.000000000000000	-1.284019978525162	1.261773083813581	-0.097696967980854
15.000000000000000	-1.357484550304592	1.187977641228079	-0.102377213347565
15.000000000000000	-1.426100173797756	1.109661388754096	-0.106690038568429
15.000000000000000	-1.489590558106304	1.027139678299114	-0.110618077418465
15.000000000000000	-1.547700049861161	0.940744795665609	-0.114145513071603
15.000000000000000	-1.600194662648413	0.850824622553412	-0.117258141789452
15.000000000000000	-1.646863019190013	0.757741235762882	-0.119943430114750
15.000000000000000	-1.687517202485473	0.661869449239421	-0.122190565339165
15.000000000000000	-1.721993512487302	0.563595304830012	-0.123990499042262
15.000000000000000	-1.750153125263323	0.463314517828942	-0.125335983526293
15.000000000000000	-1.771882651991647	0.361430883571988	-0.126221601000122
15.000000000000000	-1.787094595537438	0.258354651495106	-0.126643785394755
15.000000000000000	-1.795727702773000	0.154500873204759	-0.126600836722642
15.000000000000000	-1.797747211222496	0.050287731211575	-0.126092927922927
15.000000000000000	-1.793144989038172	-0.053865144943016	-0.125122104165083
15.000000000000000	-1.781939567744439	-0.157538368386849	-0.123692274613737
15.000000000000000	-1.764176067617965	-0.260314483639934	-0.121809196687843
15.000000000000000	-1.739926016004240	-0.361779647560336	-0.119480452877588
15.000000000000000	-1.709287059302210	-0.461525295744445	-0.116715420212380
15.000000000000000	-1.672382569776683	-0.559149787671629	-0.113525232502860
15.000000000000000	-1.629361148781771	-0.654260023968853	-0.109922735508979
15.000000000000000	-1.580396028395677	-0.746473029283113	-0.105922435214651
15.000000000000000	-1.525684373876261	-0.835417494388014	-0.101540439417281
15.000000000000000	-1.465446489746136	-0.920735271314975	-0.096794392867346
15.000000000000000	-1.399924932704108	-1.002082815488686	-0.091703406219217
15.000000000000000	-1.329383534934960	-1.079132569059870	-0.086287979079292
15.000000000000000	-1.254106341750362	-1.151574279865127	-0.080569917461323
15.000000000000000	-1.174396467838651	-1.219116250702894	-0.074572245981291
15.000000000000000	-1.090574876728967	-1.281486513895124	-0.068319115145406
15.000000000000000	-1.002979088384401	-1.338433926405138	-0.061835704104540
15.000000000000000	-0.911961820128227	-1.389729181101993	-0.055148119266675
15.000000000000000	-0.817889566375736	-1.435165730099367	-0.048283289175612
15.000000000000000	-0.721141122890574	-1.474560616450991	-0.041268856079229
15.000000000000000	-0.622106061507895	-1.507755210853709	-0.034133064623904
15.000000000000000	-0.521183161466080	-1.534615850391686	-0.026904648123295
15.000000000000000	-0.418778803663486	-1.555034376749798	-0.019612712859424
15.000000000000000	-0.315305334306007	-1.568928571728992	-0.012286620881958
15.000000000000000	-0.211179404534429	-1.576242488309956	-0.004955871777590
15.000000000000000	-0.106820292717342	-1.576946675932021	0.002350016114379
15.000000000000000	-0.002648216165138	-1.571038299080171	0.009601624561975
15.000000000000000	0.100917360936794	-1.558541148702664	0.016769753897390
15.000000000000000	0.203459416562290	-1.539505546413278	0.023825540593736
15.000000000000000	0.304565050044926	-1.514008141863935	0.030740573488284
15.000000000000000	0.403827144683270	-1.482151604103607	0.037487008184185
15.000000000000000	0.500846007056150	-1.444064208166286	0.044037679170030
15.000000000000000	0.595230976446995	-1.399899318552705	0.050366209205778
15.000000000000000	0.686601997896656	-1.349834771685612	0.056447115534591
15.000000000000000	0.774591152550584	-1.294072159825274	0.062255912492900
15.000000000000000	0.858844139138215	-1.232836019328585	0.067769210105532
15.000000000000000	0.939021700619125	-1.166372926520411	0.072964808268886
15.000000000000000	1.014800990251405	-1.094950504817755	0.077821786142912
15.000000000000000	1.085876871581528	-1.018856347104717	0.082320586391952
15.000000000000000	1.151963147121171	-0.938396857697448	0.086443093935225
15.000000000000000	1.212793710763475	-0.853896018562113	0.090172708889869
15.000000000000000	1.268123619298419	-0.765694084753869	0.093494413412805
15.000000000000000	1.317730078712680	-0.674146214329838	0.096394832172295
15.000000000000000	1.361413341302488	-0.579621038252967	0.098862286205678


16.000000000000000	nan	nan	nan
16.000000000000000	nan	nan	nan
16.000000000000000	nan	nan	nan
16.000000000000000	nan	nan	nan
16.000000000000000	nan	nan	nan
16.000000000000000	nan	nan	nan
16.000000000000000	nan	nan	nan
16.000000000000000	nan	nan	nan
16.000000000000000	nan	nan	nan
16.000000000000000	nan	nan	nan
16.000000000000000	nan	nan	nan
16.000000000000000	nan	nan	nan
16.000000000000000	nan	nan	nan
16.000000000000000	nan	nan	nan
16.000000000000000	nan	nan	nan
16.000000000000000	nan	nan	nan
16.000000000000000	nan	nan	nan
16.000000000000000	nan	nan	nan
16.000000000000000	nan	nan	nan
16.000000000000000	nan	nan	nan
16.000000000000000	nan	nan	nan
16.000000000000000	nan	nan	nan
16.000000000000000	nan	nan	nan
16.000000000000000	nan	nan	nan
16.000000000000000	nan	nan	nan
16.000000000000000	nan	nan	nan
16.000000000000000	nan	nan	nan
16.000000000000000	nan	nan	nan
16.000000000000000	nan	nan	nan
16.000000000000000	nan	nan	nan
16.000000000000000	nan	nan	nan
16.000000000000000	nan	nan	nan
16.000000000000000	nan	nan	nan
16.000000000000000	nan	nan	nan
16.000000000000000	nan	nan	nan
16.000000000000000	nan	nan	nan
16.000000000000000	nan	nan	nan
16.000000000000000	nan	nan	nan
16.000000000000000	nan	nan	nan
16.000000000000000	nan	nan	nan
16.000000000000000	nan	nan	nan
16.000000000000000	nan	nan	nan
16.000000000000000	nan	nan	nan
16.000000000000000	nan	nan	nan
16.000000000000000	nan	nan	nan
16.000000000000000	nan	nan	nan
16.000000000000000	nan	nan	nan
16.000000000000000	nan	nan	nan
16.000000000000000	nan	nan	nan
16.000000000000000	nan	nan	nan
16.000000000000000	nan	nan	nan
16.000000000000000	nan	nan	nan
16.000000000000000	nan	nan	nan
16.000000000000000	nan	nan	nan
16.000000000000000	nan	nan	nan
16.000000000000000	nan	nan	nan
16.000000000000000	nan	nan	nan
16.000000000000000	nan	nan	nan
16.000000000000000	nan	nan	nan
16.000000000000000	nan	nan	nan
16.000000000000000	nan	nan	nan
16.000000000000000	nan	nan	nan
16.000000000000000	nan	nan	nan
16.000000000000000	nan	nan	nan
16.000000000000000	nan	nan	nan
16.000000000000000	nan	nan	nan
16.000000000000000	nan	nan	nan
16.000000000000000	nan	nan	nan
16.000000000000000	nan	nan	nan
16.000000000000000	nan	nan	nan
16.000000000000000	nan	nan	nan
16.000000000000000	nan	nan	nan
16.000000000000000	nan	nan	nan
16.000000000000000	nan	nan	nan
16.000000000000000	nan	nan	nan
16.000000000000000	nan	nan	nan
16.000000000000000	nan	nan	nan
16.000000000000000	nan	nan	nan
16.000000000000000	nan	nan	nan
16.000000000000000	nan	nan	nan
16.000000000000000	nan	nan	nan
16.000000000000000	nan	nan	nan
16.000000000000000	nan	nan	nan
16.000000000000000	nan	nan	nan
16.000000000000000	nan	nan	nan
16.000000000000000	nan	nan	nan
16.000000000000000	nan	nan	nan
16.000000000000000	nan	nan	nan
16.000000000000000	nan	nan	nan
16.000000000000000	nan	nan	nan
16.000000000000000	nan	nan	nan
16.000000000000000	nan	nan	nan
16.000000000000000	nan	nan	nan
16.000000000000000	nan	nan	nan
16.000000000000000	nan	nan	nan
16.000000000000000	nan	nan	nan
16.000000000000000	nan	nan	nan
16.000000000000000	nan	nan	nan
16.000000000000000	nan	nan	nan
16.000000000000000	nan	nan	nan


