# n	x	y	z
1.000000000000000	-0.503041950231856	0.275381808915387	-0.032852832453834
1.000000000000000	-0.523844245770863	0.234097482474827	-0.034002780264717
1.000000000000000	-0.541920019919484	0.191532660330463	-0.034975503522832
1.000000000000000	-0.557196487914953	0.147858735998080	-0.035767085414935
1.000000000000000	-0.569612136812387	0.103251568956527	-0.036374338520130
1.000000000000000	-0.579116973175702	0.057890776523657	-0.036794817644488
1.000000000000000	-0.585672724383536	0.011959010600789	-0.037026829666983
1.000000000000000	-0.589252992739586	-0.034358777802037	-0.037069440357085
1.000000000000000	-0.589843361766816	-0.080876083298497	-0.036922478136586
1.000000000000000	-0.587441454257521	-0.127405597117349	-0.036586534770478
1.000000000000000	-0.582056941845502	-0.173759961328748	-0.036062962984127
1.000000000000000	-0.573711506061811	-0.219752523268498	-0.035353871016325
1.000000000000000	-0.562438751030881	-0.265198087122456	-0.034462114130157
1.000000000000000	-0.548284068158573	-0.309913659644711	-0.033391283115864
1.000000000000000	-0.531304453357005	-0.353719187006797	-0.032145689831997
1.000000000000000	-0.511568277542136	-0.396438279810917	-0.030730349843086
1.000000000000000	-0.489155011328210	-0.437898923347784	-0.029150962223730
1.000000000000000	-0.464154905027649	-0.477934170239153	-0.027413886610438
1.000000000000000	-0.436668625244893	-0.516382812675983	-0.025526117593615
1.000000000000000	-0.406806849527517	-0.553090031545388	-0.023495256552814
1.000000000000000	-0.374689820706806	-0.587908019832567	-0.021329481048668
1.000000000000000	-0.340446862722317	-0.620696577787479	-0.019037511894735
1.000000000000000	-0.304215859880013	-0.651323677459756	-0.016628578041861
1.000000000000000	-0.266142701640836	-0.679665994328662	-0.014112379416454
1.000000000000000	-0.226380695175329	-0.705609403887411	-0.011499047862302
1.000000000000000	-0.185089948049777	-0.729049441182274	-0.008799106343214
1.000000000000000	-0.142436723529542	-0.749891721456080	-0.006023426570759
1.000000000000000	-0.098592771095579	-0.768052320202318	-0.003183185227724
1.000000000000000	-0.053734634869888	-0.783458111099509	-0.000289818963550
1.000000000000000	-0.008042942734651	-0.796047060465087	0.002645021657012
1.000000000000000	0.038298320992502	-0.805768477043147	0.005609519066617
1.000000000000000	0.085102556398402	-0.812583216120245	0.008591736280497
1.000000000000000	0.132181299346332	-0.816463837147335	0.011579664962488
1.000000000000000	0.179344980354591	-0.817394714233183	0.014561273778356
1.000000000000000	0.226403687925884	-0.815372099064312	0.017524556841741
1.000000000000000	0.273167933253900	-0.810404135998136	0.020457582057620
1.000000000000000	0.319449413227853	-0.802510829268512	0.023348539168640
1.000000000000000	0.365061768662646	-0.791723962435747	0.026185787310862
1.000000000000000	0.409821334701542	-0.778086970405418	0.028957901887405
1.000000000000000	0.453547880369710	-0.761654764531341	0.031653720571269
1.000000000000000	0.496065334300758	-0.742493511506925	0.034262388252089
1.000000000000000	0.537202493713975	-0.720680366935256	0.036773400745825
1.000000000000000	0.576793713787508	-0.696303164650710	0.039176647091413
1.000000000000000	0.614679574651596	-0.669460063043104	0.041462450264028
1.000000000000000	0.650707523316117	-0.640259149808509	0.043621606141055
1.000000000000000	0.684732487947640	-0.608818006718237	0.045645420563839
1.000000000000000	0.716617462022492	-0.575263236158560	0.047525744345989
1.000000000000000	0.746234056003677	-0.539729951347573	0.049255006087286
1.000000000000000	0.773463014320226	-0.502361232281959	0.050826242661028
1.000000000000000	0.798194695567288	-0.463307549604338	0.052233127252092
1.000000000000000	0.820329513993374	-0.422726158711100	0.053469994832780
1.000000000000000	0.839778340497029	-0.380780466540422	0.054531864973890
1.000000000000000	0.856462861518265	-0.337639373590205	0.055414461899143
1.000000000000000	0.870315894379626	-0.293476593815380	0.056114231702229
1.000000000000000	0.881281657807123	-0.248469955143121	0.056628356657131
1.000000000000000	0.889315996541729	-0.202800683422550	0.056954766564111
1.000000000000000	0.894386559137031	-0.156652672692200	0.057092147085680
1.000000000000000	0.896472928227082	-0.110211744703630	0.057039945038964
1.000000000000000	0.895566702739925	-0.063664900682812	0.056798370623180
1.000000000000000	0.891671531725752	-0.017199568342202	0.056368396573240
1.000000000000000	0.884803099663459	0.028997152824516	0.055751754242886
1.000000000000000	0.874989063304793	0.074739244926047	0.054950926633141
1.000000000000000	0.862268940310365	0.119842520701886	0.053969138394143
1.000000000000000	0.846693950125987	0.164125365179403	0.052810342840615
1.000000000000000	0.828326807740035	0.207409466973241	0.051479206033261
1.000000000000000	0.807241471152329	0.249520536282330	0.049981087990188
1.000000000000000	0.783522843571370	0.290289006693403	0.048322021104004
1.000000000000000	0.757266431539083	0.329550717965091	0.046508685851501
1.000000000000000	0.728577960359687	0.367147577043280	0.044548383893738
1.000000000000000	0.697572948381204	0.402928194646038	0.042449008674820
1.000000000000000	0.664376241843844	0.436748494854827	0.040219013637794
1.000000000000000	0.629121512168264	0.468472295257368	0.037867378185610
1.000000000000000	0.591950717707930	0.497971855306159	0.035403571524239
1.000000000000000	0.553013532132932	0.525128390684570	0.032837514533522
1.000000000000000	0.512466741746945	0.549832551609360	0.030179539819287
1.000000000000000	0.470473614164117	0.571984863143666	0.027440350107591
1.000000000000000	0.427203240888010	0.591496125747460	0.024630975148625
1.000000000000000	0.382829856439798	0.608287774452614	0.021762727303796
1.000000000000000	0.337532136777345	0.622292195216301	0.018847155994845
1.000000000000000	0.291492479830185	0.633452997178878	0.015896001198401
1.000000000000000	0.244896271047432	0.641725239729978	0.012921146173237
1.000000000000000	0.197931136916014	0.647075613468483	0.009934569610583
1.000000000000000	0.150786189455026	0.649482574327730	0.006948297400163
1.000000000000000	0.103651264728379	0.648936430325861	0.003974354206184
1.000000000000000	0.056716158441968	0.645439380592012	0.001024715048251
1.000000000000000	0.010169861703356	0.639005506511200	-0.001888742917803
1.000000000000000	-0.035800199978716	0.629660715023554	-0.004754288225035
1.000000000000000	-0.081008921390702	0.617442634306207	-0.007560382333870
1.000000000000000	-0.125274262967612	0.602400462257913	-0.010295726093724
1.000000000000000	-0.168417983802092	0.584594768396469	-0.012949305240700
1.000000000000000	-0.210266359357649	0.564097249966648	-0.015510434748136
1.000000000000000	-0.250650880996044	0.540990443240694	-0.017968801851441
1.000000000000000	-0.289408934502105	0.515367391173889	-0.020314507573955
1.000000000000000	-0.326384454873777	0.487331268753409	-0.022538106586636
1.000000000000000	-0.361428554740801	0.456994967549069	-0.024630645241065
1.000000000000000	-0.394400123881611	0.424480641138808	-0.026583697622630
1.000000000000000	-0.425166397424386	0.389919213239351	-0.028389399478707
1.000000000000000	-0.453603490444334	0.353449850522611	-0.030040479885233
1.000000000000000	-0.479596896804558	0.315219402240612	-0.031530290524150
1.000000000000000	-0.503041950231856	0.275381808915387	-0.032852832453834


2.000000000000000	-0.304295961140823	0.159977836237636	-0.033512705714701
2.000000000000000	-0.315954336572551	0.136387960750218	-0.031484567523542
2.000000000000000	-0.326064951676347	0.112104047701992	-0.029299308127425
2.000000000000000	-0.334587094573666	0.087223879839948	-0.026965726794664
2.000000000000000	-0.341486449602897	0.061847640818765	-0.024493220033663
2.000000000000000	-0.346735235496423	0.036077511796596	-0.021891743756493
2.000000000000000	-0.350312317245976	0.010017259987608	-0.019171773189947
2.000000000000000	-0.352203291205860	-0.016228179171969	-0.016344260695501
2.000000000000000	-0.352400543091345	-0.042553124561802	-0.013420591668016
2.000000000000000	-0.350903278638708	-0.068851574918034	-0.010412538690774
2.000000000000000	-0.347717526803450	-0.095017635662952	-0.007332214131443
2.000000000000000	-0.342856115483818	-0.120945945305086	-0.004192021369841
2.000000000000000	-0.336338619867394	-0.146532099692742	-0.001004604853908
2.000000000000000	-0.328191283608715	-0.171673072412674	0.002217200815026
2.000000000000000	-0.318446913155342	-0.196267629641090	0.005460422562648
2.000000000000000	-0.307144745647877	-0.220216737776525	0.008712001079655
2.000000000000000	-0.294330290925843	-0.243423962213208	0.011958843406984
2.000000000000000	-0.280055148275624	-0.265795855649176	0.015187875656535
2.000000000000000	-0.264376798658348	-0.287242334365584	0.018386095655107
2.000000000000000	-0.247358373254350	-0.307677040962042	0.021540625299556
2.000000000000000	-0.229068399256184	-0.327017692087388	0.024638762412376
2.000000000000000	-0.209580523933808	-0.345186409765702	0.027668031888882
2.000000000000000	-0.188973218083021	-0.362110034983430	0.030616235930053
2.000000000000000	-0.167329460051264	-0.377720422274908	0.033471503158767
2.000000000000000	-0.144736401613102	-0.391954714120102	0.036222336421642
2.000000000000000	-0.121285017040786	-0.404755594049656	0.038857659084018
2.000000000000000	-0.097069736782968	-0.416071517438085	0.041366859631654
2.000000000000000	-0.072188067226614	-0.425856919055788	0.043739834399552
2.000000000000000	-0.046740198073198	-0.434072396544147	0.045967028255848
2.000000000000000	-0.020828598910134	-0.440684869074918	0.048039473076956
2.000000000000000	0.005442393398087	-0.445667710555051	0.049948823859039
2.000000000000000	0.031966994837622	-0.449000856840567	0.051687392320391
2.000000000000000	0.058638400200166	-0.450670886527789	0.053248177859434
2.000000000000000	0.085349213149832	-0.450671074996593	0.054624895743673
2.000000000000000	0.111991878670286	-0.449001421488081	0.055812002416092
2.000000000000000	0.138459116150839	-0.445668649107638	0.056804717817102
2.000000000000000	0.164644351367605	-0.440686177753359	0.057599044632158
2.000000000000000	0.190442145620280	-0.434074070078855	0.058191784387526
2.000000000000000	0.215748620296581	-0.425858950708030	0.058580550329416
2.000000000000000	0.240461875154748	-0.416073899027114	0.058763777034593
2.000000000000000	0.264482398639856	-0.404758315985654	0.058740726713783
2.000000000000000	0.287713468581725	-0.391957765442794	0.058511492182493
2.000000000000000	0.310061541660962	-0.377723790697693	0.058076996487274
2.000000000000000	0.331436630074888	-0.362113706942859	0.057438989188938
2.000000000000000	0.351752663886664	-0.345190370476091	0.056600039317694
2.000000000000000	0.370927837598550	-0.327021925600353	0.055563525028571
2.000000000000000	0.388884939553764	-0.307681530230721	0.054333619998782
2.000000000000000	0.405551662840581	-0.287247061313277	0.052915276621793
2.000000000000000	0.420860896446741	-0.265800801242133	0.051314206065787
2.000000000000000	0.434750995491810	-0.243429106537270	0.049536855276808
2.000000000000000	0.447166029449357	-0.220222060117317	0.047590381019175
2.000000000000000	0.458056007359445	-0.196273108567422	0.045482621057730
2.000000000000000	0.467377079124580	-0.171678685862845	0.043222062597916
2.000000000000000	0.475091712078576	-0.146537825063368	0.040817808110801
2.000000000000000	0.481168842117361	-0.120951759542122	0.038279538680638
2.000000000000000	0.485583998783154	-0.095023515354516	0.035617475022555
2.000000000000000	0.488319403798362	-0.068857496388684	0.032842336327345
2.000000000000000	0.489364042652434	-0.042559063967866	0.029965297099066
2.000000000000000	0.488713708953404	-0.016234112597554	0.026997942159256
2.000000000000000	0.486371021365547	0.010011356434311	0.023952219998950
2.000000000000000	0.482345413064940	0.036071661887114	0.020840394666317
2.000000000000000	0.476653093755399	0.061841868108618	0.017674996383674
2.000000000000000	0.469316984397713	0.087218207573803	0.014468771092696
2.000000000000000	0.460366624915032	0.112098498720063	0.011234629131014
2.000000000000000	0.449838055246020	0.136382557396296	0.007985593246836
2.000000000000000	0.437773670224739	0.159972600269121	0.004734746160941
2.000000000000000	0.424222048871622	0.182773638561846	0.001495177887179
2.000000000000000	0.409237758782897	0.204693860540752	-0.001720066976399
2.000000000000000	0.392881136406139	0.225645001208535	-0.004898041773527
2.000000000000000	0.375218044086692	0.245542697716301	-0.008025949921343
2.000000000000000	0.356319604863248	0.264306829062980	-0.011091196437712
2.000000000000000	0.336261916080473	0.281861838714324	-0.014081438656772
2.000000000000000	0.315125742971859	0.298137038842396	-0.016984635928495
2.000000000000000	0.292996193446635	0.313066894960513	-0.019789098102132
2.000000000000000	0.269962375390251	0.326591289807486	-0.022483532598327
2.000000000000000	0.246117037858378	0.338655765418616	-0.025057089880349
2.000000000000000	0.221556197609193	0.349211742408701	-0.027499407141344
2.000000000000000	0.196378752477785	0.358216715584066	-0.029800650031702
2.000000000000000	0.170686083149475	0.365634425095984	-0.031951552258513
2.000000000000000	0.144581644935581	0.371435002446285	-0.033943452897657
2.000000000000000	0.118170551195392	0.375595090757256	-0.035768331268290
2.000000000000000	0.091559150081767	0.378097938821547	-0.037418839229292
2.000000000000000	0.064854596314664	0.378933468553368	-0.038888330767641
2.000000000000000	0.038164419706897	0.378098315569383	-0.040170888759560
2.000000000000000	0.011596092179534	0.375595842735896	-0.041261348796686
2.000000000000000	-0.014743404989599	0.371436126627777	-0.042155319981321
2.000000000000000	-0.040748011941762	0.365635916953646	-0.042849202607026
2.000000000000000	-0.066313017302922	0.358218569110713	-0.043340202653368
2.000000000000000	-0.091335479819502	0.349213950140836	-0.043626343036457
2.000000000000000	-0.115714642866467	0.338658318466481	-0.043706471569961
2.000000000000000	-0.139352340158701	0.326594177890858	-0.043580265604557
2.000000000000000	-0.162153391031988	0.313070106450100	-0.043248233327124
2.000000000000000	-0.184025983701948	0.298140560806663	-0.042711711714453
2.000000000000000	-0.204882044957696	0.281865656971563	-0.041972861149718
2.000000000000000	-0.224637594801570	0.264310928238418	-0.041034656723371
2.000000000000000	-0.243213084606949	0.245547061304005	-0.039900876253501
2.000000000000000	-0.260533717432488	0.225649611637877	-0.038576085073902
2.000000000000000	-0.276529749203010	0.204698699247160	-0.037065617651076
2.000000000000000	-0.291136769544274	0.182778686061558	-0.035375556104225
2.000000000000000	-0.304295961140823	0.159977836237636	-0.033512705714701


3.000000000000000	0.380907332232526	-0.109180233686301	0.014455316217372
3.000000000000000	0.387609016028291	-0.082385082105256	0.016056852476651
3.000000000000000	0.392589568826163	-0.055212228762779	0.017587647606570
3.000000000000000	0.395828935697880	-0.027771089148790	0.019041537635426
3.000000000000000	0.397314072856364	-0.000172159047335	0.020412668261214
3.000000000000000	0.397039000178449	0.027473430390937	0.021695518424836
3.000000000000000	0.395004825284722	0.055054360134697	0.022884922541458
3.000000000000000	0.391219739079531	0.082459571514384	0.023976091300494
3.000000000000000	0.385698982769103	0.109578713416271	0.024964630950472
3.000000000000000	0.378464786490582	0.136302586627451	0.025846560991122
3.000000000000000	0.369546279799118	0.162523583542528	0.026618330201442
3.000000000000000	0.358979374373426	0.188136121461461	0.027276830939212
3.000000000000000	0.346806619412132	0.213037067733837	0.027819411654375
3.000000000000000	0.333077030303166	0.237126155037650	0.028243887565892
3.000000000000000	0.317845891256099	0.260306385120422	0.028548549459083
3.000000000000000	0.301174532692136	0.282484419376927	0.028732170568034
3.000000000000000	0.283130084288162	0.303570954690812	0.028794011515345
3.000000000000000	0.263785204669226	0.323481083026732	0.028733823289349
3.000000000000000	0.243217788837896	0.342134633325031	0.028551848246788
3.000000000000000	0.221510654518586	0.359456494322313	0.028248819136933
3.000000000000000	0.198751208679802	0.375376916997986	0.027825956151055
3.000000000000000	0.175031095577130	0.389831795428948	0.027284962009154
3.000000000000000	0.150445827734170	0.402762924921517	0.026628015103696
3.000000000000000	0.125094401347308	0.414118236381188	0.025857760728006
3.000000000000000	0.099078897662976	0.423852005976499	0.024977300424598
3.000000000000000	0.072504071932502	0.431925039252763	0.023990179496361
3.000000000000000	0.045476931599681	0.438304828954304	0.022900372730874
3.000000000000000	0.018106305419575	0.442965685919701	0.021712268395342
3.000000000000000	-0.009497594756482	0.445888842522974	0.020430650566589
3.000000000000000	-0.037223617765105	0.447062528244192	0.019060679867274
3.000000000000000	-0.064960120697366	0.446482017065200	0.017607872685879
3.000000000000000	-0.092595418445383	0.444149646499628	0.016078078964165
3.000000000000000	-0.120018233418829	0.440074808180550	0.014477458641518
3.000000000000000	-0.147118143620519	0.434273910043685	0.012812456851048
3.000000000000000	-0.173786027276815	0.426770310258442	0.011089777967314
3.000000000000000	-0.199914502232497	0.417594223172806	0.009316358610172
3.000000000000000	-0.225398358340800	0.406782597650828	0.007499339713455
3.000000000000000	-0.250134981107545	0.394378968292589	0.005646037770956
3.000000000000000	-0.274024764883486	0.380433280135732	0.003763915375484
3.000000000000000	-0.296971513941108	0.365001687544421	0.001860551169644
3.000000000000000	-0.318882829820869	0.348146328095535	-0.000056390670688
3.000000000000000	-0.339670483387182	0.329935072372582	-0.001979191297295
3.000000000000000	-0.359250770096010	0.310441250674810	-0.003900108270692
3.000000000000000	-0.377544847043516	0.289743357741970	-0.005811406736204
3.000000000000000	-0.394479050438612	0.267924736683713	-0.007705390569491
3.000000000000000	-0.409985192221048	0.245073243386293	-0.009574433366127
3.000000000000000	-0.424000834630663	0.221280892747927	-0.011411009150436
3.000000000000000	-0.436469541622207	0.196643488167274	-0.013207722679943
3.000000000000000	-0.447341106113377	0.171260235776961	-0.014957339223403
3.000000000000000	-0.456571752151018	0.145233344975503	-0.016652813692512
3.000000000000000	-0.464124311181435	0.118667616866130	-0.018287319009990
3.000000000000000	-0.469968371715042	0.091670022259729	-0.019854273599812
3.000000000000000	-0.474080401782695	0.064349270941147	-0.021347367888892
3.000000000000000	-0.476443843690626	0.036815373933256	-0.022760589713506
3.000000000000000	-0.477049180692435	0.009179200521389	-0.024088248528154
3.000000000000000	-0.475893975309665	-0.018447968178140	-0.025324998319378
3.000000000000000	-0.472982879146670	-0.045954887307814	-0.026465859132273
3.000000000000000	-0.468327614160245	-0.073230796212695	-0.027506237123004
3.000000000000000	-0.461946925459443	-0.100165864434485	-0.028441943056598
3.000000000000000	-0.453866505825639	-0.126651633960018	-0.029269209175511
3.000000000000000	-0.444118892256764	-0.152581455943403	-0.029984704371062
3.000000000000000	-0.432743334952300	-0.177850920143281	-0.030585547596627
3.000000000000000	-0.419785639266581	-0.202358275346020	-0.031069319468601
3.000000000000000	-0.405297981266795	-0.226004839081937	-0.031434072008400
3.000000000000000	-0.389338697638378	-0.248695394984775	-0.031678336486282
3.000000000000000	-0.371972050783772	-0.270338576194402	-0.031801129335408
3.000000000000000	-0.353267970060411	-0.290847233258915	-0.031801956112313
3.000000000000000	-0.333301770199880	-0.310138785054715	-0.031680813487857
3.000000000000000	-0.312153848042070	-0.328135551311556	-0.031438189260634
3.000000000000000	-0.289909358805484	-0.344765065403567	-0.031075060392773
3.000000000000000	-0.266657873197224	-0.359960366146784	-0.030592889076062
3.000000000000000	-0.242493016743368	-0.373660267428199	-0.029993616844213
3.000000000000000	-0.217512092792018	-0.385809604580647	-0.029279656754994
3.000000000000000	-0.191815690707067	-0.396359456511449	-0.028453883673698
3.000000000000000	-0.165507280830325	-0.405267342690384	-0.027519622697070
3.000000000000000	-0.138692797842977	-0.412497394203791	-0.026480635764323
3.000000000000000	-0.111480214204007	-0.418020498186028	-0.025341106509130
3.000000000000000	-0.083979105383219	-0.421814415046704	-0.024105623413613
3.000000000000000	-0.056300208639488	-0.423863868021660	-0.022779161332140
3.000000000000000	-0.028554977120908	-0.424160604687107	-0.021367061459349
3.000000000000000	-0.000855131082296	-0.422703430189225	-0.019875009823033
3.000000000000000	0.026687791972837	-0.419498212055417	-0.018309014388523
3.000000000000000	0.053962886414451	-0.414557856567846	-0.016675380866725
3.000000000000000	0.080860325063805	-0.407902256794391	-0.014980687323251
3.000000000000000	0.107271801428741	-0.399558212486290	-0.013231757690868
3.000000000000000	0.133090965815704	-0.389559322164991	-0.011435634291933
3.000000000000000	0.158213853562420	-0.377945847832772	-0.009599549481442
3.000000000000000	0.182539303666901	-0.364764552851867	-0.007730896524892
3.000000000000000	0.205969366127090	-0.350068513644907	-0.005837199828210
3.000000000000000	0.228409696350957	-0.333916905974903	-0.003926084639626
3.000000000000000	0.249769935048864	-0.316374766665333	-0.002005246345487
3.000000000000000	0.269964072078537	-0.297512731719809	-0.000082419483655
3.000000000000000	0.288910792777553	-0.277406751895817	0.001834653400745
3.000000000000000	0.306533805388784	-0.256137786877828	0.003738252931828
3.000000000000000	0.322762148260378	-0.233791479281223	0.005620713986146
3.000000000000000	0.337530475583282	-0.210457809799701	0.007474456557435
3.000000000000000	0.350779320515756	-0.186230734884792	0.009292016278629
3.000000000000000	0.362455334635356	-0.161207808416383	0.011066074478225
3.000000000000000	0.372511502754196	-0.135489788887677	0.012789487649998
3.000000000000000	0.380907332232526	-0.109180233686301	0.014455316217372


4.000000000000000	0.194525013803398	-0.905734329287926	0.148593298736669
4.000000000000000	0.261921984196292	-0.888554784575062	0.150967675140355
4.000000000000000	0.328120819918394	-0.867129340603381	0.152624566556080
4.000000000000000	0.392854961622716	-0.841544270073780	0.153557301266902
4.000000000000000	0.455863747768128	-0.811902595035189	0.153762123479344
4.000000000000000	0.516893464211380	-0.778323672051146	0.153238208446646
4.000000000000000	0.575698365824414	-0.740942711593036	0.151987665789732
4.000000000000000	0.632041666023257	-0.699910233595246	0.150015531002512
4.000000000000000	0.685696490224025	-0.655391461364516	0.147329745175720
4.000000000000000	0.736446789386798	-0.607565656283995	0.143941123020949
4.000000000000000	0.784088209968850	-0.556625395990923	0.139863309323625
4.000000000000000	0.828428916784238	-0.502775798934453	0.135112724000265
4.000000000000000	0.869290365456393	-0.446233698436052	0.129708495981280
4.000000000000000	0.906508021353307	-0.387226769578244	0.123672386185512
4.000000000000000	0.939932022110421	-0.325992612437412	0.117028699896701
4.000000000000000	0.969427781073481	-0.262777795352149	0.109804188894686
4.000000000000000	0.994876529231486	-0.197836862079579	0.102027943735424
4.000000000000000	1.016175793457580	-0.131431306837495	0.093731276613595
4.000000000000000	1.033239809132169	-0.063828521359430	0.084947595279442
4.000000000000000	1.045999865486768	0.004699281797479	0.075712268517552
4.000000000000000	1.054404582278020	0.073876165356379	0.066062483729244
4.000000000000000	1.058420116677799	0.143423578422730	0.056037097192028
4.000000000000000	1.058030299546335	0.213061478110438	0.045676477599093
4.000000000000000	1.053236700539632	0.282509457175724	0.035022343508823
4.000000000000000	1.044058621789020	0.351487873118124	0.024117595358890
4.000000000000000	1.030533020178283	0.419718974202140	0.013006142721330
4.000000000000000	1.012714358531328	0.486928017865448	0.001732727494196
4.000000000000000	0.990674386309624	0.552844377010229	-0.009657256258272
4.000000000000000	0.964501850702435	0.617202629722976	-0.021117945091528
4.000000000000000	0.934302139273220	0.679743628034858	-0.032603190856620
4.000000000000000	0.900196855601103	0.740215541419130	-0.044066746522496
4.000000000000000	0.862323329626184	0.798374870823778	-0.055462452396481
4.000000000000000	0.820834064670341	0.853987429156262	-0.066744421993063
4.000000000000000	0.775896123360171	0.906829284272283	-0.077867226802579
4.000000000000000	0.727690454924765	0.956687660671493	-0.088786079215785
4.000000000000000	0.676411166577023	1.003361796269336	-0.099457012867754
4.000000000000000	0.622264741912414	1.046663750795102	-0.109837059674909
4.000000000000000	0.565469209472421	1.086419162561074	-0.119884422852330
4.000000000000000	0.506253264820550	1.122467950555494	-0.129558645214656
4.000000000000000	0.444855349666015	1.154664959032304	-0.138820772082891
4.000000000000000	0.381522691743132	1.182880542002100	-0.147633508141145
4.000000000000000	0.316510309312489	1.207001085270779	-0.155961367611714
4.000000000000000	0.250079984292420	1.226929463923791	-0.163770817143774
4.000000000000000	0.182499208155611	1.242585433413900	-0.171030410840358
4.000000000000000	0.114040104835351	1.253905952677644	-0.177710916879876
4.000000000000000	0.044978334978497	1.260845437979456	-0.183785435222352
4.000000000000000	-0.024408014042659	1.263375946461274	-0.189229505926382
4.000000000000000	-0.093839547890089	1.261487288658567	-0.194021207640694
4.000000000000000	-0.163036690282416	1.255187069529718	-0.198141245873684
4.000000000000000	-0.231720808749925	1.244500657833536	-0.201573030685530
4.000000000000000	-0.299615336589181	1.229471083978218	-0.204302743490022
4.000000000000000	-0.366446886499525	1.210158866753086	-0.206319392697131
4.000000000000000	-0.431946351417247	1.186641769640778	-0.207614857972265
4.000000000000000	-0.495849988114752	1.159014487691153	-0.208183922933986
4.000000000000000	-0.557900479201448	1.127388266217744	-0.208024296158542
4.000000000000000	-0.617847969250065	1.091890452852149	-0.207136620406618
4.000000000000000	-0.675451070876269	1.052663984760057	-0.205524470035167
4.000000000000000	-0.730477836720468	1.009866813083738	-0.203194336604737
4.000000000000000	-0.782706693417961	0.963671266928537	-0.200155602740246
4.000000000000000	-0.831927333796676	0.914263359454393	-0.196420504350464
4.000000000000000	-0.877941563709927	0.861842038866488	-0.192004081358328
4.000000000000000	-0.920564100094290	0.806618387321054	-0.186924117140477
4.000000000000000	-0.959623317039102	0.748814770972019	-0.181201066919875
4.000000000000000	-0.994961936863434	0.688663944580995	-0.174857975399846
4.000000000000000	-1.026437663417800	0.626408114295999	-0.167920383971186
4.000000000000000	-1.053923755060526	0.562297962372782	-0.160416227865998
4.000000000000000	-1.077309535001613	0.496591637765858	-0.152375723672374
4.000000000000000	-1.096500836959101	0.429553716653784	-0.143831247662854
4.000000000000000	-1.111420384333460	0.361454137084261	-0.134817205426611
4.000000000000000	-1.122008101373174	0.292567112028893	-0.125369893330278
4.000000000000000	-1.128221355078593	0.223170025224330	-0.115527352365298
4.000000000000000	-1.130035126869974	0.153542314245868	-0.105329214970274
4.000000000000000	-1.127442113328472	0.083964345310948	-0.094816545445126
4.000000000000000	-1.120452755604432	0.014716284343362	-0.084031674599651
4.000000000000000	-1.109095197374558	-0.053923031156048	-0.073018029302290
4.000000000000000	-1.093415171517262	-0.121677214889581	-0.061819957615459
4.000000000000000	-1.073475815962504	-0.188273444672761	-0.050482550221551
4.000000000000000	-1.049357419457633	-0.253443560992975	-0.039051458858674
4.000000000000000	-1.021157098272933	-0.316925146793189	-0.027572712497213
4.000000000000000	-0.988988405148691	-0.378462584132814	-0.016092531997414
4.000000000000000	-0.952980872058376	-0.437808083470939	-0.004657143994292
4.000000000000000	-0.913279488629109	-0.494722681427355	0.006687405240714
4.000000000000000	-0.870044118319604	-0.548977203003741	0.017895435211821
4.000000000000000	-0.823448854706443	-0.600353184390507	0.028921815138142
4.000000000000000	-0.773681320470688	-0.648643752643440	0.039722145679405
4.000000000000000	-0.720941911907565	-0.693654458688042	0.050252937716429
4.000000000000000	-0.665442992001312	-0.735204060297317	0.060471787466458
4.000000000000000	-0.607408035314395	-0.773125251890259	0.070337547228229
4.000000000000000	-0.547070728134314	-0.807265338212371	0.079810491069240
4.000000000000000	-0.484674027501406	-0.837486849185565	0.088852474788059
4.000000000000000	-0.420469182906596	-0.863668093451646	0.097427089507563
4.000000000000000	-0.354714724598366	-0.885703648380461	0.105499808280632
4.000000000000000	-0.287675422572696	-0.903504784569624	0.113038125117984
4.000000000000000	-0.219621220437740	-0.916999823126502	0.120011685878316
4.000000000000000	-0.150826148446189	-0.926134424293814	0.126392410493721
4.000000000000000	-0.081567220072162	-0.930871806256662	0.132154606038210
4.000000000000000	-0.012123316575712	-0.931192893249909	0.137275070184057
4.000000000000000	0.057225935953572	-0.927096392369561	0.141733184629382
4.000000000000000	0.126201292552142	-0.918598798778828	0.145510998120777
4.000000000000000	0.194525013803397	-0.905734329287926	0.148593298736669


5.000000000000000	nan	nan	nan
5.000000000000000	nan	nan	nan
5.000000000000000	nan	nan	nan
5.000000000000000	nan	nan	nan
5.000000000000000	nan	nan	nan
5.000000000000000	nan	nan	nan
5.000000000000000	nan	nan	nan
5.000000000000000	nan	nan	nan
5.000000000000000	nan	nan	nan
5.000000000000000	nan	nan	nan
5.000000000000000	nan	nan	nan
5.000000000000000	nan	nan	nan
5.000000000000000	nan	nan	nan
5.000000000000000	nan	nan	nan
5.000000000000000	nan	nan	nan
5.000000000000000	nan	nan	nan
5.000000000000000	nan	nan	nan
5.000000000000000	nan	nan	nan
5.000000000000000	nan	nan	nan
5.000000000000000	nan	nan	nan
5.000000000000000	nan	nan	nan
5.000000000000000	nan	nan	nan
5.000000000000000	nan	nan	nan
5.000000000000000	nan	nan	nan
5.000000000000000	nan	nan	nan
5.000000000000000	nan	nan	nan
5.000000000000000	nan	nan	nan
5.000000000000000	nan	nan	nan
5.000000000000000	nan	nan	nan
5.000000000000000	nan	nan	nan
5.000000000000000	nan	nan	nan
5.000000000000000	nan	nan	nan
5.000000000000000	nan	nan	nan
5.000000000000000	nan	nan	nan
5.000000000000000	nan	nan	nan
5.000000000000000	nan	nan	nan
5.000000000000000	nan	nan	nan
5.000000000000000	nan	nan	nan
5.000000000000000	nan	nan	nan
5.000000000000000	nan	nan	nan
5.000000000000000	nan	nan	nan
5.000000000000000	nan	nan	nan
5.000000000000000	nan	nan	nan
5.000000000000000	nan	nan	nan
5.000000000000000	nan	nan	nan
5.000000000000000	nan	nan	nan
5.000000000000000	nan	nan	nan
5.000000000000000	nan	nan	nan
5.000000000000000	nan	nan	nan
5.000000000000000	nan	nan	nan
5.000000000000000	nan	nan	nan
5.000000000000000	nan	nan	nan
5.000000000000000	nan	nan	nan
5.000000000000000	nan	nan	nan
5.000000000000000	nan	nan	nan
5.000000000000000	nan	nan	nan
5.000000000000000	nan	nan	nan
5.000000000000000	nan	nan	nan
5.000000000000000	nan	nan	nan
5.000000000000000	nan	nan	nan
5.000000000000000	nan	nan	nan
5.000000000000000	nan	nan	nan
5.000000000000000	nan	nan	nan
5.000000000000000	nan	nan	nan
5.000000000000000	nan	nan	nan
5.000000000000000	nan	nan	nan
5.000000000000000	nan	nan	nan
5.000000000000000	nan	nan	nan
5.000000000000000	nan	nan	nan
5.000000000000000	nan	nan	nan
5.000000000000000	nan	nan	nan
5.000000000000000	nan	nan	nan
5.000000000000000	nan	nan	nan
5.000000000000000	nan	nan	nan
5.000000000000000	nan	nan	nan
5.000000000000000	nan	nan	nan
5.000000000000000	nan	nan	nan
5.000000000000000	nan	nan	nan
5.000000000000000	nan	nan	nan
5.000000000000000	nan	nan	nan
5.000000000000000	nan	nan	nan
5.000000000000000	nan	nan	nan
5.000000000000000	nan	nan	nan
5.000000000000000	nan	nan	nan
5.000000000000000	nan	nan	nan
5.000000000000000	nan	nan	nan
5.000000000000000	nan	nan	nan
5.000000000000000	nan	nan	nan
5.000000000000000	nan	nan	nan
5.000000000000000	nan	nan	nan
5.000000000000000	nan	nan	nan
5.000000000000000	nan	nan	nan
5.000000000000000	nan	nan	nan
5.000000000000000	nan	nan	nan
5.000000000000000	nan	nan	nan
5.000000000000000	nan	nan	nan
5.000000000000000	nan	nan	nan
5.000000000000000	nan	nan	nan
5.000000000000000	nan	nan	nan
5.000000000000000	nan	nan	nan


6.000000000000000	nan	nan	nan
6.000000000000000	nan	nan	nan
6.000000000000000	nan	nan	nan
6.000000000000000	nan	nan	nan
6.000000000000000	nan	nan	nan
6.000000000000000	nan	nan	nan
6.000000000000000	nan	nan	nan
6.000000000000000	nan	nan	nan
6.000000000000000	nan	nan	nan
6.000000000000000	nan	nan	nan
6.000000000000000	nan	nan	nan
6.000000000000000	nan	nan	nan
6.000000000000000	nan	nan	nan
6.000000000000000	nan	nan	nan
6.000000000000000	nan	nan	nan
6.000000000000000	nan	nan	nan
6.000000000000000	nan	nan	nan
6.000000000000000	nan	nan	nan
6.000000000000000	nan	nan	nan
6.000000000000000	nan	nan	nan
6.000000000000000	nan	nan	nan
6.000000000000000	nan	nan	nan
6.000000000000000	nan	nan	nan
6.000000000000000	nan	nan	nan
6.000000000000000	nan	nan	nan
6.000000000000000	nan	nan	nan
6.000000000000000	nan	nan	nan
6.000000000000000	nan	nan	nan
6.000000000000000	nan	nan	nan
6.000000000000000	nan	nan	nan
6.000000000000000	nan	nan	nan
6.000000000000000	nan	nan	nan
6.000000000000000	nan	nan	nan
6.000000000000000	nan	nan	nan
6.000000000000000	nan	nan	nan
6.000000000000000	nan	nan	nan
6.000000000000000	nan	nan	nan
6.000000000000000	nan	nan	nan
6.000000000000000	nan	nan	nan
6.000000000000000	nan	nan	nan
6.000000000000000	nan	nan	nan
6.000000000000000	nan	nan	nan
6.000000000000000	nan	nan	nan
6.000000000000000	nan	nan	nan
6.000000000000000	nan	nan	nan
6.000000000000000	nan	nan	nan
6.000000000000000	nan	nan	nan
6.000000000000000	nan	nan	nan
6.000000000000000	nan	nan	nan
6.000000000000000	nan	nan	nan
6.000000000000000	nan	nan	nan
6.000000000000000	nan	nan	nan
6.000000000000000	nan	nan	nan
6.000000000000000	nan	nan	nan
6.000000000000000	nan	nan	nan
6.000000000000000	nan	nan	nan
6.000000000000000	nan	nan	nan
6.000000000000000	nan	nan	nan
6.000000000000000	nan	nan	nan
6.000000000000000	nan	nan	nan
6.000000000000000	nan	nan	nan
6.000000000000000	nan	nan	nan
6.000000000000000	nan	nan	nan
6.000000000000000	nan	nan	nan
6.000000000000000	nan	nan	nan
6.000000000000000	nan	nan	nan
6.000000000000000	nan	nan	nan
6.000000000000000	nan	nan	nan
6.000000000000000	nan	nan	nan
6.000000000000000	nan	nan	nan
6.000000000000000	nan	nan	nan
6.000000000000000	nan	nan	nan
6.000000000000000	nan	nan	nan
6.000000000000000	nan	nan	nan
6.000000000000000	nan	nan	nan
6.000000000000000	nan	nan	nan
6.000000000000000	nan	nan	nan
6.000000000000000	nan	nan	nan
6.000000000000000	nan	nan	nan
6.000000000000000	nan	nan	nan
6.000000000000000	nan	nan	nan
6.000000000000000	nan	nan	nan
6.000000000000000	nan	nan	nan
6.000000000000000	nan	nan	nan
6.000000000000000	nan	nan	nan
6.000000000000000	nan	nan	nan
6.000000000000000	nan	nan	nan
6.000000000000000	nan	nan	nan
6.000000000000000	nan	nan	nan
6.000000000000000	nan	nan	nan
6.000000000000000	nan	nan	nan
6.000000000000000	nan	nan	nan
6.000000000000000	nan	nan	nan
6.000000000000000	nan	nan	nan
6.000000000000000	nan	nan	nan
6.000000000000000	nan	nan	nan
6.000000000000000	nan	nan	nan
6.000000000000000	nan	nan	nan
6.000000000000000	nan	nan	nan
6.000000000000000	nan	nan	nan


7.000000000000000	0.097079882105309	0.598192424249280	0.006519464097579
7.000000000000000	0.057741379790154	0.603270216602837	0.009089584868051
7.000000000000000	0.018157037326224	0.605836678229990	0.011622209500963
7.000000000000000	-0.021513753110429	0.605881474895584	0.014107140010795
7.000000000000000	-0.061111251248273	0.603404426219256	0.016534370459424
7.000000000000000	-0.100476011937997	0.598415506401768	0.018894127246509
7.000000000000000	-0.139449527181852	0.590934804062416	0.021176908464329
7.000000000000000	-0.177874864389409	0.580992441349253	0.023373522158614
7.000000000000000	-0.215597298289717	0.568628452647832	0.025475123341299
7.000000000000000	-0.252464933955357	0.553892623376859	0.027473249606167
7.000000000000000	-0.288329318429706	0.536844289519889	0.029359855203976
7.000000000000000	-0.323046038494598	0.517552098700262	0.031127343439850
7.000000000000000	-0.356475302171380	0.496093733761349	0.032768597262486
7.000000000000000	-0.388482501613876	0.472555599965163	0.034277007922012
7.000000000000000	-0.418938755126674	0.447032477068864	0.035646501581085
7.000000000000000	-0.447721426126221	0.419627137680129	0.036871563772094
7.000000000000000	-0.474714616955068	0.390449933428131	0.037947261601975
7.000000000000000	-0.499809635560825	0.359618350616481	0.038869263615228
7.000000000000000	-0.522905433160697	0.327256537147346	0.039633857235159
7.000000000000000	-0.543909011129267	0.293494802621667	0.040237963713120
7.000000000000000	-0.562735795471138	0.258469093628385	0.040679150525540
7.000000000000000	-0.579309977370561	0.222320446335509	0.040955641168839
7.000000000000000	-0.593564818446781	0.185194418587248	0.041066322312782
7.000000000000000	-0.605442919485943	0.147240503793945	0.041010748283468
7.000000000000000	-0.614896451567463	0.108611528974874	0.040789142857897
7.000000000000000	-0.621887348654213	0.069463039377775	0.040402398362904
7.000000000000000	-0.626387460871019	0.029952672153042	0.039852072082071
7.000000000000000	-0.628378667854271	-0.009760478395451	0.039140379985098
7.000000000000000	-0.627852951716232	-0.049516501426953	0.038270187804870
7.000000000000000	-0.624812429330240	-0.089155313468358	0.037244999498170
7.000000000000000	-0.619269343806810	-0.128517303013845	0.036068943136474
7.000000000000000	-0.611246015194949	-0.167443973224085	0.034746754283669
7.000000000000000	-0.600774750607192	-0.205778580137066	0.033283756927607
7.000000000000000	-0.587897714130267	-0.243366763820711	0.031685842042285
7.000000000000000	-0.572666757045196	-0.280057169925841	0.029959443866973
7.000000000000000	-0.555143209040490	-0.315702059136720	0.028111513997800
7.000000000000000	-0.535397631259136	-0.350157902065137	0.026149493396135
7.000000000000000	-0.513509532173781	-0.383285957192597	0.024081282426457
7.000000000000000	-0.489567047434174	-0.414952829533439	0.021915209044379
7.000000000000000	-0.463666584976010	-0.445031007769374	0.019659995262909
7.000000000000000	-0.435912436820203	-0.473399377692550	0.017324722031981
7.000000000000000	-0.406416359125720	-0.499943709889727	0.014918792672676
7.000000000000000	-0.375297122186982	-0.524557119703803	0.012451895013366
7.000000000000000	-0.342680032187799	-0.547140497620607	0.009933962380249
7.000000000000000	-0.308696426637601	-0.567602908347929	0.007375133599350
7.000000000000000	-0.273483145521635	-0.585861956979852	0.004785712171047
7.000000000000000	-0.237181980294647	-0.601844120771952	0.002176124781511
7.000000000000000	-0.199939102936737	-0.615485045191443	-0.000443120681878
7.000000000000000	-0.161904477370383	-0.626729803050168	-0.003061477442084
7.000000000000000	-0.123231255608658	-0.635533115676996	-0.005668402300567
7.000000000000000	-0.084075161066122	-0.641859535239054	-0.008253398091021
7.000000000000000	-0.044593861515599	-0.645683587477635	-0.010806055947754
7.000000000000000	-0.004946334215700	-0.646989874284051	-0.013316097218523
7.000000000000000	0.034707774234485	-0.645773135702377	-0.015773414853033
7.000000000000000	0.074208790735899	-0.642038271109442	-0.018168114100466
7.000000000000000	0.113397658636728	-0.635800319486764	-0.020490552352146
7.000000000000000	0.152116578197401	-0.627084398863882	-0.022731377968923
7.000000000000000	0.190209641994450	-0.615925605176914	-0.024881567936925
7.000000000000000	0.227523462704673	-0.602368870949611	-0.026932464200046
7.000000000000000	0.263907790741751	-0.586468784365941	-0.028875808522886
7.000000000000000	0.299216119258300	-0.568289369462740	-0.030703775743749
7.000000000000000	0.333306274077238	-0.547903828327512	-0.032409005283804
7.000000000000000	0.366040986177018	-0.525394246339460	-0.033984630785545
7.000000000000000	0.397288444425527	-0.500851261640632	-0.035424307761183
7.000000000000000	0.426922826336992	-0.474373700168116	-0.036722239139663
7.000000000000000	0.454824804714728	-0.446068177716874	-0.037873198609420
7.000000000000000	0.480882028139636	-0.416048670635556	-0.038872551662894
7.000000000000000	0.504989573369719	-0.384436056883983	-0.039716274258052
7.000000000000000	0.527050367828944	-0.351357629300257	-0.040400969021792
7.000000000000000	0.546975580484242	-0.316946583037433	-0.040923878929959
7.000000000000000	0.564684979536732	-0.281341479233646	-0.041282898408910
7.000000000000000	0.580107255486849	-0.244685687075315	-0.041476581813917
7.000000000000000	0.593180308272540	-0.207126806500029	-0.041504149250267
7.000000000000000	0.603851497324289	-0.168816073863690	-0.041365489713624
7.000000000000000	0.612077853530115	-0.129907752965091	-0.041061161537004
7.000000000000000	0.617826252257017	-0.090558513880042	-0.040592390142562
7.000000000000000	0.621073546732183	-0.050926802106269	-0.039961063107254
7.000000000000000	0.621806661246876	-0.011172200559320	-0.039169722562229
7.000000000000000	0.620022643807692	0.028545213011516	-0.038221554956562
7.000000000000000	0.615728678023201	0.068065510599802	-0.037120378226551
7.000000000000000	0.608942054178088	0.107229557915592	-0.035870626422236
7.000000000000000	0.599690099611282	0.145879655163053	-0.034477331853039
7.000000000000000	0.588010068678403	0.183860172041879	-0.032946104824437
7.000000000000000	0.573948992741624	0.221018174415586	-0.031283111047236
7.000000000000000	0.557563490790973	0.257204040123302	-0.029495046810434
7.000000000000000	0.538919541459644	0.292272061455397	-0.027589112017626
7.000000000000000	0.518092217351330	0.326081031867006	-0.025572981195535
7.000000000000000	0.495165382749339	0.358494814566946	-0.023454772591402
7.000000000000000	0.470231355924731	0.389382890692529	-0.021243015483666
7.000000000000000	0.443390537403219	0.418620884862951	-0.018946615837574
7.000000000000000	0.414751005687690	0.446091065995053	-0.016574820444001
7.000000000000000	0.384428082064217	0.471682821364848	-0.014137179685887
7.000000000000000	0.352543866243946	0.495293102005912	-0.011643509082214
7.000000000000000	0.319226744710649	0.516826837651204	-0.009103849764378
7.000000000000000	0.284610873753671	0.536197319547479	-0.006528428044095
7.000000000000000	0.248835639267899	0.553326549600830	-0.003927614235654
7.000000000000000	0.212045095495961	0.568145554447490	-0.001311880898319
7.000000000000000	0.174387384972635	0.580594663185214	0.001308239332965
7.000000000000000	0.136014142007142	0.590623747646953	0.003922196158784
7.000000000000000	0.097079882105309	0.598192424249280	0.006519464097579


8.000000000000000	nan	nan	nan
8.000000000000000	nan	nan	nan
8.000000000000000	nan	nan	nan
8.000000000000000	nan	nan	nan
8.000000000000000	nan	nan	nan
8.000000000000000	nan	nan	nan
8.000000000000000	nan	nan	nan
8.000000000000000	nan	nan	nan
8.000000000000000	nan	nan	nan
8.000000000000000	nan	nan	nan
8.000000000000000	nan	nan	nan
8.000000000000000	nan	nan	nan
8.000000000000000	nan	nan	nan
8.000000000000000	nan	nan	nan
8.000000000000000	nan	nan	nan
8.000000000000000	nan	nan	nan
8.000000000000000	nan	nan	nan
8.000000000000000	nan	nan	nan
8.000000000000000	nan	nan	nan
8.000000000000000	nan	nan	nan
8.000000000000000	nan	nan	nan
8.000000000000000	nan	nan	nan
8.000000000000000	nan	nan	nan
8.000000000000000	nan	nan	nan
8.000000000000000	nan	nan	nan
8.000000000000000	nan	nan	nan
8.000000000000000	nan	nan	nan
8.000000000000000	nan	nan	nan
8.000000000000000	nan	nan	nan
8.000000000000000	nan	nan	nan
8.000000000000000	nan	nan	nan
8.000000000000000	nan	nan	nan
8.000000000000000	nan	nan	nan
8.000000000000000	nan	nan	nan
8.000000000000000	nan	nan	nan
8.000000000000000	nan	nan	nan
8.000000000000000	nan	nan	nan
8.000000000000000	nan	nan	nan
8.000000000000000	nan	nan	nan
8.000000000000000	nan	nan	nan
8.000000000000000	nan	nan	nan
8.000000000000000	nan	nan	nan
8.000000000000000	nan	nan	nan
8.000000000000000	nan	nan	nan
8.000000000000000	nan	nan	nan
8.000000000000000	nan	nan	nan
8.000000000000000	nan	nan	nan
8.000000000000000	nan	nan	nan
8.000000000000000	nan	nan	nan
8.000000000000000	nan	nan	nan
8.000000000000000	nan	nan	nan
8.000000000000000	nan	nan	nan
8.000000000000000	nan	nan	nan
8.000000000000000	nan	nan	nan
8.000000000000000	nan	nan	nan
8.000000000000000	nan	nan	nan
8.000000000000000	nan	nan	nan
8.000000000000000	nan	nan	nan
8.000000000000000	nan	nan	nan
8.000000000000000	nan	nan	nan
8.000000000000000	nan	nan	nan
8.000000000000000	nan	nan	nan
8.000000000000000	nan	nan	nan
8.000000000000000	nan	nan	nan
8.000000000000000	nan	nan	nan
8.000000000000000	nan	nan	nan
8.000000000000000	nan	nan	nan
8.000000000000000	nan	nan	nan
8.000000000000000	nan	nan	nan
8.000000000000000	nan	nan	nan
8.000000000000000	nan	nan	nan
8.000000000000000	nan	nan	nan
8.000000000000000	nan	nan	nan
8.000000000000000	nan	nan	nan
8.000000000000000	nan	nan	nan
8.000000000000000	nan	nan	nan
8.000000000000000	nan	nan	nan
8.000000000000000	nan	nan	nan
8.000000000000000	nan	nan	nan
8.000000000000000	nan	nan	nan
8.000000000000000	nan	nan	nan
8.000000000000000	nan	nan	nan
8.000000000000000	nan	nan	nan
8.000000000000000	nan	nan	nan
8.000000000000000	nan	nan	nan
8.000000000000000	nan	nan	nan
8.000000000000000	nan	nan	nan
8.000000000000000	nan	nan	nan
8.000000000000000	nan	nan	nan
8.000000000000000	nan	nan	nan
8.000000000000000	nan	nan	nan
8.000000000000000	nan	nan	nan
8.000000000000000	nan	nan	nan
8.000000000000000	nan	nan	nan
8.000000000000000	nan	nan	nan
8.000000000000000	nan	nan	nan
8.000000000000000	nan	nan	nan
8.000000000000000	nan	nan	nan
8.000000000000000	nan	nan	nan
8.000000000000000	nan	nan	nan


9.000000000000000	nan	nan	nan
9.000000000000000	nan	nan	nan
9.000000000000000	nan	nan	nan
9.000000000000000	nan	nan	nan
9.000000000000000	nan	nan	nan
9.000000000000000	nan	nan	nan
9.000000000000000	nan	nan	nan
9.000000000000000	nan	nan	nan
9.000000000000000	nan	nan	nan
9.000000000000000	nan	nan	nan
9.000000000000000	nan	nan	nan
9.000000000000000	nan	nan	nan
9.000000000000000	nan	nan	nan
9.000000000000000	nan	nan	nan
9.000000000000000	nan	nan	nan
9.000000000000000	nan	nan	nan
9.000000000000000	nan	nan	nan
9.000000000000000	nan	nan	nan
9.000000000000000	nan	nan	nan
9.000000000000000	nan	nan	nan
9.000000000000000	nan	nan	nan
9.000000000000000	nan	nan	nan
9.000000000000000	nan	nan	nan
9.000000000000000	nan	nan	nan
9.000000000000000	nan	nan	nan
9.000000000000000	nan	nan	nan
9.000000000000000	nan	nan	nan
9.000000000000000	nan	nan	nan
9.000000000000000	nan	nan	nan
9.000000000000000	nan	nan	nan
9.000000000000000	nan	nan	nan
9.000000000000000	nan	nan	nan
9.000000000000000	nan	nan	nan
9.000000000000000	nan	nan	nan
9.000000000000000	nan	nan	nan
9.000000000000000	nan	nan	nan
9.000000000000000	nan	nan	nan
9.000000000000000	nan	nan	nan
9.000000000000000	nan	nan	nan
9.000000000000000	nan	nan	nan
9.000000000000000	nan	nan	nan
9.000000000000000	nan	nan	nan
9.000000000000000	nan	nan	nan
9.000000000000000	nan	nan	nan
9.000000000000000	nan	nan	nan
9.000000000000000	nan	nan	nan
9.000000000000000	nan	nan	nan
9.000000000000000	nan	nan	nan
9.000000000000000	nan	nan	nan
9.000000000000000	nan	nan	nan
9.000000000000000	nan	nan	nan
9.000000000000000	nan	nan	nan
9.000000000000000	nan	nan	nan
9.000000000000000	nan	nan	nan
9.000000000000000	nan	nan	nan
9.000000000000000	nan	nan	nan
9.000000000000000	nan	nan	nan
9.000000000000000	nan	nan	nan
9.000000000000000	nan	nan	nan
9.000000000000000	nan	nan	nan
9.000000000000000	nan	nan	nan
9.000000000000000	nan	nan	nan
9.000000000000000	nan	nan	nan
9.000000000000000	nan	nan	nan
9.000000000000000	nan	nan	nan
9.000000000000000	nan	nan	nan
9.000000000000000	nan	nan	nan
9.000000000000000	nan	nan	nan
9.000000000000000	nan	nan	nan
9.000000000000000	nan	nan	nan
9.000000000000000	nan	nan	nan
9.000000000000000	nan	nan	nan
9.000000000000000	nan	nan	nan
9.000000000000000	nan	nan	nan
9.000000000000000	nan	nan	nan
9.000000000000000	nan	nan	nan
9.000000000000000	nan	nan	nan
9.000000000000000	nan	nan	nan
9.000000000000000	nan	nan	nan
9.000000000000000	nan	nan	nan
9.000000000000000	nan	nan	nan
9.000000000000000	nan	nan	nan
9.000000000000000	nan	nan	nan
9.000000000000000	nan	nan	nan
9.000000000000000	nan	nan	nan
9.000000000000000	nan	nan	nan
9.000000000000000	nan	nan	nan
9.000000000000000	nan	nan	nan
9.000000000000000	nan	nan	nan
9.000000000000000	nan	nan	nan
9.000000000000000	nan	nan	nan
9.000000000000000	nan	nan	nan
9.000000000000000	nan	nan	nan
9.000000000000000	nan	nan	nan
9.000000000000000	nan	nan	nan
9.000000000000000	nan	nan	nan
9.000000000000000	nan	nan	nan
9.000000000000000	nan	nan	nan
9.000000000000000	nan	nan	nan
9.000000000000000	nan	nan	nan


10.000000000000000	nan	nan	nan
10.000000000000000	nan	nan	nan
10.000000000000000	nan	nan	nan
10.000000000000000	nan	nan	nan
10.000000000000000	nan	nan	nan
10.000000000000000	nan	nan	nan
10.000000000000000	nan	nan	nan
10.000000000000000	nan	nan	nan
10.000000000000000	nan	nan	nan
10.000000000000000	nan	nan	nan
10.000000000000000	nan	nan	nan
10.000000000000000	nan	nan	nan
10.000000000000000	nan	nan	nan
10.000000000000000	nan	nan	nan
10.000000000000000	nan	nan	nan
10.000000000000000	nan	nan	nan
10.000000000000000	nan	nan	nan
10.000000000000000	nan	nan	nan
10.000000000000000	nan	nan	nan
10.000000000000000	nan	nan	nan
10.000000000000000	nan	nan	nan
10.000000000000000	nan	nan	nan
10.000000000000000	nan	nan	nan
10.000000000000000	nan	nan	nan
10.000000000000000	nan	nan	nan
10.000000000000000	nan	nan	nan
10.000000000000000	nan	nan	nan
10.000000000000000	nan	nan	nan
10.000000000000000	nan	nan	nan
10.000000000000000	nan	nan	nan
10.000000000000000	nan	nan	nan
10.000000000000000	nan	nan	nan
10.000000000000000	nan	nan	nan
10.000000000000000	nan	nan	nan
10.000000000000000	nan	nan	nan
10.000000000000000	nan	nan	nan
10.000000000000000	nan	nan	nan
10.000000000000000	nan	nan	nan
10.000000000000000	nan	nan	nan
10.000000000000000	nan	nan	nan
10.000000000000000	nan	nan	nan
10.000000000000000	nan	nan	nan
10.000000000000000	nan	nan	nan
10.000000000000000	nan	nan	nan
10.000000000000000	nan	nan	nan
10.000000000000000	nan	nan	nan
10.000000000000000	nan	nan	nan
10.000000000000000	nan	nan	nan
10.000000000000000	nan	nan	nan
10.000000000000000	nan	nan	nan
10.000000000000000	nan	nan	nan
10.000000000000000	nan	nan	nan
10.000000000000000	nan	nan	nan
10.000000000000000	nan	nan	nan
10.000000000000000	nan	nan	nan
10.000000000000000	nan	nan	nan
10.000000000000000	nan	nan	nan
10.000000000000000	nan	nan	nan
10.000000000000000	nan	nan	nan
10.000000000000000	nan	nan	nan
10.000000000000000	nan	nan	nan
10.000000000000000	nan	nan	nan
10.000000000000000	nan	nan	nan
10.000000000000000	nan	nan	nan
10.000000000000000	nan	nan	nan
10.000000000000000	nan	nan	nan
10.000000000000000	nan	nan	nan
10.000000000000000	nan	nan	nan
10.000000000000000	nan	nan	nan
10.000000000000000	nan	nan	nan
10.000000000000000	nan	nan	nan
10.000000000000000	nan	nan	nan
10.000000000000000	nan	nan	nan
10.000000000000000	nan	nan	nan
10.000000000000000	nan	nan	nan
10.000000000000000	nan	nan	nan
10.000000000000000	nan	nan	nan
10.000000000000000	nan	nan	nan
10.000000000000000	nan	nan	nan
10.000000000000000	nan	nan	nan
10.000000000000000	nan	nan	nan
10.000000000000000	nan	nan	nan
10.000000000000000	nan	nan	nan
10.000000000000000	nan	nan	nan
10.000000000000000	nan	nan	nan
10.000000000000000	nan	nan	nan
10.000000000000000	nan	nan	nan
10.000000000000000	nan	nan	nan
10.000000000000000	nan	nan	nan
10.000000000000000	nan	nan	nan
10.000000000000000	nan	nan	nan
10.000000000000000	nan	nan	nan
10.000000000000000	nan	nan	nan
10.000000000000000	nan	nan	nan
10.000000000000000	nan	nan	nan
10.000000000000000	nan	nan	nan
10.000000000000000	nan	nan	nan
10.000000000000000	nan	nan	nan
10.000000000000000	nan	nan	nan
10.000000000000000	nan	nan	nan


11.000000000000000	-0.668596477202429	-0.351639680519830	-0.009835595419998
11.000000000000000	-0.641031899769227	-0.400072677511522	-0.014198742076004
11.000000000000000	-0.610402185396747	-0.446640207497140	-0.018497596440412
11.000000000000000	-0.576830669134200	-0.491154759469153	-0.022714848543953
11.000000000000000	-0.540452531628719	-0.533437089037902	-0.026833517000858
11.000000000000000	-0.501414254800601	-0.573316940185500	-0.030837017386909
11.000000000000000	-0.459873032012316	-0.610633730826720	-0.034709229019063
11.000000000000000	-0.415996135106317	-0.645237199416379	-0.038434559867749
11.000000000000000	-0.369960240860367	-0.676988009999544	-0.041998009340472
11.000000000000000	-0.321950719572512	-0.705758313268248	-0.045385228683904
11.000000000000000	-0.272160888640318	-0.731432261365526	-0.048582578761245
11.000000000000000	-0.220791234139937	-0.753906474363852	-0.051577184972219
11.000000000000000	-0.168048603539443	-0.773090456539615	-0.054356989094542
11.000000000000000	-0.114145372797083	-0.788906960767459	-0.056910797838128
11.000000000000000	-0.059298591198244	-0.801292299567196	-0.059228327916518
11.000000000000000	-0.003729107374597	-0.810196601550808	-0.061300247454044
11.000000000000000	0.052339319975404	-0.815584012236923	-0.063118213561998
11.000000000000000	0.108680923083822	-0.817432838424163	-0.064674905932505
11.000000000000000	0.165068834200358	-0.815735635542003	-0.065964056314813
11.000000000000000	0.221275999108707	-0.810499237627432	-0.066980473755330
11.000000000000000	0.277076091393752	-0.801744729806698	-0.067720065499762
11.000000000000000	0.332244423778156	-0.789507363392947	-0.068179853473187
11.000000000000000	0.386558852858726	-0.773836413941624	-0.068357986271716
11.000000000000000	0.439800673599493	-0.754794982835205	-0.068253746617441
11.000000000000000	0.491755499979705	-0.732459743196203	-0.067867554246658
11.000000000000000	0.542214128250659	-0.706920631151559	-0.067200964219741
11.000000000000000	0.590973379325368	-0.678280483691607	-0.066256660659458
11.000000000000000	0.637836916909026	-0.646654624581806	-0.065038445942961
11.000000000000000	0.682616038075978	-0.612170399994642	-0.063551225390953
11.000000000000000	0.725130433109798	-0.574966665731535	-0.061800987515690
11.000000000000000	0.765208911546873	-0.535193228099536	-0.059794779907361
11.000000000000000	0.802690091499988	-0.493010240694203	-0.057540680855927
11.000000000000000	0.837423049486221	-0.448587559517594	-0.055047766822697
11.000000000000000	0.869267928142541	-0.402104059028099	-0.052326075892624
11.000000000000000	0.898096499382051	-0.353746911876127	-0.049386567354481
11.000000000000000	0.923792680723235	-0.303710835225905	-0.046241077571668
11.000000000000000	0.946253002713138	-0.252197306698184	-0.042902272321360
11.000000000000000	0.965387025562337	-0.199413753090963	-0.039383595793891
11.000000000000000	0.981117703314054	-0.145572715144994	-0.035699216457740
11.000000000000000	0.993381694081027	-0.090890991717227	-0.031863970008116
11.000000000000000	1.002129615100935	-0.035588766808331	-0.027893299628846
11.000000000000000	1.007326241583357	0.020111277040562	-0.023803193808122
11.000000000000000	1.008950648547565	0.075984855411855	-0.019610121958509
11.000000000000000	1.006996295080038	0.131806985125679	-0.015330968100425
11.000000000000000	1.001471050672412	0.187352890167747	-0.010982962876156
11.000000000000000	0.992397163533817	0.242398906783039	-0.006583614168140
11.000000000000000	0.979811171005188	0.296723384090791	-0.002150636600901
11.000000000000000	0.963763752436290	0.350107576594372	0.002298119789491
11.000000000000000	0.944319525117863	0.402336524992187	0.006744741431210
11.000000000000000	0.921556784090601	0.453199921742921	0.011171323348315
11.000000000000000	0.895567186878652	0.502492957899778	0.015560041257759
11.000000000000000	0.866455384417122	0.550017147803822	0.019893223341491
11.000000000000000	0.834338599659695	0.595581128315679	0.024153421404630
11.000000000000000	0.799346155563170	0.639001429367349	0.028323481133186
11.000000000000000	0.761618954349559	0.680103212731423	0.032386611168428
11.000000000000000	0.721308910142567	0.718720976032910	0.036326450719761
11.000000000000000	0.678578337263038	0.754699219168896	0.040127135443855
11.000000000000000	0.633599296646468	0.787893070452567	0.043773361324752
11.000000000000000	0.586552903014347	0.818168869960369	0.047250446297743
11.000000000000000	0.537628595589102	0.845404707733338	0.050544389368858
11.000000000000000	0.487023375289204	0.869490914665480	0.053641926991925
11.000000000000000	0.434941011476004	0.890330504102558	0.056530586476193
11.000000000000000	0.381591221446431	0.907839562373111	0.059198736209454
11.000000000000000	0.327188825975458	0.921947586679197	0.061635632494438
11.000000000000000	0.271952884308661	0.932597768986274	0.063831462809893
11.000000000000000	0.216105812087951	0.939747224769107	0.065777385322144
11.000000000000000	0.159872485762284	0.943367165692615	0.067465564488034
11.000000000000000	0.103479337089571	0.943443015532335	0.068889202605896
11.000000000000000	0.047153441375908	0.939974468867732	0.070042567187492
11.000000000000000	-0.008878396876541	0.932975492312022	0.070921014040725
11.000000000000000	-0.064390557231223	0.922474268273552	0.071521005970161
11.000000000000000	-0.119159511811058	0.908513081475181	0.071840127020061
11.000000000000000	-0.172964725366315	0.891148148688634	0.071877092202591
11.000000000000000	-0.225589543292223	0.870449392369396	0.071631752672007
11.000000000000000	-0.276822064020595	0.846500159103668	0.071105096324007
11.000000000000000	-0.326455992272657	0.819396884001079	0.070299243817824
11.000000000000000	-0.374291469737324	0.789248702384534	0.069217440037081
11.000000000000000	-0.420135879830079	0.756177010340792	0.067864041023787
11.000000000000000	-0.463804623291978	0.720314975901263	0.066244496438094
11.000000000000000	-0.505121861505710	0.681807002821355	0.064365327614441
11.000000000000000	-0.543921224535650	0.640808149117511	0.062234101302439
11.000000000000000	-0.580046481040871	0.597483502703307	0.059859399198245
11.000000000000000	-0.613352167363610	0.552007516638688	0.057250783389095
11.000000000000000	-0.643704173260079	0.504563306669072	0.054418757850158
11.000000000000000	-0.670980281915085	0.455341913882867	0.051374726148734
11.000000000000000	-0.695070662066007	0.404541535456439	0.048130945526112
11.000000000000000	-0.715878310254527	0.352366726584035	0.044700477541988
11.000000000000000	-0.733319441425319	0.299027576806211	0.041097135480171
11.000000000000000	-0.747323826298897	0.244738864053400	0.037335428727367
11.000000000000000	-0.757835074160136	0.189719189810996	0.033430504348998
11.000000000000000	-0.764810859923777	0.134190098888322	0.029398086097318
11.000000000000000	-0.768223094562611	0.078375187335876	0.025254411097409
11.000000000000000	-0.768058038212074	0.022499202102956	0.021016164466012
11.000000000000000	-0.764316355495835	-0.033212863938988	0.016700412126448
11.000000000000000	-0.757013112849587	-0.088536677963230	0.012324532090171
11.000000000000000	-0.746177717853833	-0.143249470496890	0.007906144481648
11.000000000000000	-0.731853800819936	-0.197130932434975	0.003463040588335
11.000000000000000	-0.714099039106254	-0.249964102147385	-0.000986888778555
11.000000000000000	-0.692984924871776	-0.301536239106827	-0.005425725324035
11.000000000000000	-0.668596477202429	-0.351639680519830	-0.009835595419998


12.000000000000000	-0.030719524840023	-1.156313099458124	0.037751958450989
12.000000000000000	0.050755995640876	-1.155691659812694	0.043209363369613
12.000000000000000	0.132041759960685	-1.149866334561611	0.048474812172471
12.000000000000000	0.212810459035792	-1.138860580233649	0.053527102755642
12.000000000000000	0.292736865821831	-1.122718713117074	0.058345891328122
12.000000000000000	0.371499144888201	-1.101505730813594	0.062911774329091
12.000000000000000	0.448780148335759	-1.075307050515955	0.067206366559204
12.000000000000000	0.524268692839468	-1.044228165063054	0.071212375211300
12.000000000000000	0.597660812673824	-1.008394218157511	0.074913669502432
12.000000000000000	0.668660983675545	-0.967949500456147	0.078295345626840
12.000000000000000	0.736983313215076	-0.923056868562434	0.081343786768311
12.000000000000000	0.802352691385302	-0.873897089260433	0.084046717930297
12.000000000000000	0.864505898772045	-0.820668111630756	0.086393255362992
12.000000000000000	0.923192666345746	-0.763584269979481	0.088373950388349
12.000000000000000	0.978176683206515	-0.702875420789551	0.089980827446577
12.000000000000000	1.029236548124720	-0.638786017169845	0.091207416210897
12.000000000000000	1.076166661045596	-0.571574124528784	0.092048777641275
12.000000000000000	1.118778050968102	-0.501510381436014	0.092501523872181
12.000000000000000	1.156899136864445	-0.428876909856408	0.092563831854340
12.000000000000000	1.190376418576319	-0.353966179144487	0.092235450695497
12.000000000000000	1.219075094905869	-0.277079828373551	0.091517702670679
12.000000000000000	1.242879606412535	-0.198527451741597	0.090413477897858
12.000000000000000	1.261694100730133	-0.118625351944749	0.088927222700465
12.000000000000000	1.275442818530506	-0.037695266537942	0.087064921703614
12.000000000000000	1.284070398579594	0.043936927588661	0.084834073736133
12.000000000000000	1.287542100657592	0.125942526400886	0.082243661635423
12.000000000000000	1.285843945445546	0.207991322295682	0.079304116076743
12.000000000000000	1.278982770815142	0.289752933730591	0.076027273572564
12.000000000000000	1.266986204295009	0.370898135553616	0.072426328811110
12.000000000000000	1.249902551824409	0.451100184676709	0.068515781526003
12.000000000000000	1.227800603242272	0.530036135754866	0.064311378110957
12.000000000000000	1.200769355294794	0.607388141573046	0.059830048214607
12.000000000000000	1.168917653276949	0.682844732904728	0.055089836570789
12.000000000000000	1.132373752750904	0.756102072688553	0.050109830338762
12.000000000000000	1.091284803106133	0.826865179472933	0.044910082245963
12.000000000000000	1.045816255040769	0.894849115202246	0.039511529842741
12.000000000000000	0.996151194350029	0.959780132561815	0.033935911194239
12.000000000000000	0.942489604704342	1.021396777261732	0.028205677348875
12.000000000000000	0.885047562385686	1.079450940821000	0.022343901935893
12.000000000000000	0.824056366224669	1.133708859612823	0.016374188256005
12.000000000000000	0.759761606241769	1.183952056148219	0.010320574239226
12.000000000000000	0.692422174743000	1.229978218807765	0.004207435652617
12.000000000000000	0.622309223851977	1.271602016479076	-0.001940612052329
12.000000000000000	0.549705073676008	1.308655844819791	-0.008098812857418
12.000000000000000	0.474902075502669	1.340990501141099	-0.014242369861508
12.000000000000000	0.398201434604353	1.368475785194311	-0.020346545128872
12.000000000000000	0.319911997390944	1.391001023441303	-0.026386759300141
12.000000000000000	0.240349007794330	1.408475514697798	-0.032338690564701
12.000000000000000	0.159832837892356	1.420828895355018	-0.038178372596049
12.000000000000000	0.078687697883538	1.428011422709105	-0.043882291055722
12.000000000000000	-0.002759669392982	1.429994175257433	-0.049427478277246
12.000000000000000	-0.084181304135521	1.426769169155290	-0.054791605748821
12.000000000000000	-0.165249350158230	1.418349390364003	-0.059953074022352
12.000000000000000	-0.245637375052236	1.404768742361056	-0.064891099686810
12.000000000000000	-0.325021684613745	1.386081909622753	-0.069585799055690
12.000000000000000	-0.403082626246349	1.362364137429129	-0.074018268231599
12.000000000000000	-0.479505876089218	1.333710928877767	-0.078170659225577
12.000000000000000	-0.553983704688342	1.300237660326534	-0.082026251824653
12.000000000000000	-0.626216216114441	1.262079116813702	-0.085569520918236
12.000000000000000	-0.695912555538014	1.219388949326179	-0.088786199012263
12.000000000000000	-0.762792080399092	1.172339056101207	-0.091663333679354
12.000000000000000	-0.826585490455772	1.121118890452838	-0.094189339713673
12.000000000000000	-0.887035912161241	1.065934697910298	-0.096354045780456
12.000000000000000	-0.943899933002892	1.007008685740040	-0.098148735372394
12.000000000000000	-0.996948581638596	0.944578128195505	-0.099566181907923
12.000000000000000	-1.045968249883489	0.878894411097448	-0.100600677830123
12.000000000000000	-1.090761552834733	0.810222019591963	-0.101248057589036
12.000000000000000	-1.131148123670862	0.738837473162152	-0.101505714414860
12.000000000000000	-1.166965339925306	0.665028212181757	-0.101372610814496
12.000000000000000	-1.198068978309674	0.589091440494226	-0.100849282749165
12.000000000000000	-1.224333795450026	0.511332928677734	-0.099937837476281
12.000000000000000	-1.245654032197741	0.432065782814985	-0.098641945064268
12.000000000000000	-1.261943839484280	0.351609183725524	-0.096966823614493
12.000000000000000	-1.273137624005089	0.270287101737227	-0.094919218249810
12.000000000000000	-1.279190312340677	0.188426992172138	-0.092507373954334
12.000000000000000	-1.280077532451375	0.106358476799463	-0.089741002373795
12.000000000000000	-1.275795711814937	0.024412016565035	-0.086631242710177
12.000000000000000	-1.266362091811824	-0.057082419058274	-0.083190616868073
12.000000000000000	-1.251814658300251	-0.137796680741164	-0.079432979033404
12.000000000000000	-1.232211988660542	-0.217405760639431	-0.075373459887493
12.000000000000000	-1.207633015924698	-0.295589101085855	-0.071028405681160
12.000000000000000	-1.178176710940929	-0.372031885362782	-0.066415312414133
12.000000000000000	-1.143961683852987	-0.446426305357930	-0.061552755384837
12.000000000000000	-1.105125706498973	-0.518472800999028	-0.056460314394219
12.000000000000000	-1.061825157652777	-0.587881266476490	-0.051158494904803
12.000000000000000	-1.014234393341942	-0.654372218397125	-0.045668645472429
12.000000000000000	-0.962545044777486	-0.717677921165114	-0.040012871783154
12.000000000000000	-0.906965246722643	-0.777543465058765	-0.034213947641452
12.000000000000000	-0.847718799407637	-0.833727792661988	-0.028295223268150
12.000000000000000	-0.785044267365141	-0.886004669517434	-0.022280531277321
12.000000000000000	-0.719194018815104	-0.934163595092803	-0.016194090710764
12.000000000000000	-0.650433209467004	-0.978010650392196	-0.010060409516470
12.000000000000000	-0.579038714831385	-1.017369278799469	-0.003904185863764
12.000000000000000	-0.505298015339902	-1.052080997009406	0.002249791307506
12.000000000000000	-0.429508038763090	-1.082006033184062	0.008376742103279
12.000000000000000	-0.351973964587020	-1.107023889764616	0.014451995455170
12.000000000000000	-0.273007995163232	-1.127033828672514	0.020451088462153
12.000000000000000	-0.192928098580050	-1.141955276946159	0.026349864894031
12.000000000000000	-0.112056728317314	-1.151728151179783	0.032124572460050
12.000000000000000	-0.030719524840024	-1.156313099458124	0.037751958450989


13.000000000000000	-0.146341691616730	-1.167342025528316	0.021645550694831
13.000000000000000	-0.071208893298948	-1.174422955761181	0.017349766305309
13.000000000000000	0.004217949402990	-1.176716578269242	0.012983039107908
13.000000000000000	0.079635119214958	-1.174213657444179	0.008562952371841
13.000000000000000	0.154738937812143	-1.166924271664765	0.004107304226353
13.000000000000000	0.229226988624479	-1.154877772714789	-0.000365964006068
13.000000000000000	0.302799334561437	-1.138122667593787	-0.004838840053061
13.000000000000000	0.375159725752832	-1.116726423196470	-0.009293313221459
13.000000000000000	0.446016792442483	-1.090775194647357	-0.013711446919993
13.000000000000000	0.515085218231393	-1.060373478384489	-0.018075450883609
13.000000000000000	0.582086888946180	-1.025643691389161	-0.022367752808595
13.000000000000000	0.646752012506697	-0.986725678255941	-0.026571069110041
13.000000000000000	0.708820205283519	-0.943776148087847	-0.030668474516734
13.000000000000000	0.768041540570915	-0.896968043484096	-0.034643470223255
13.000000000000000	0.824177554953485	-0.846489844161298	-0.038480050324845
13.000000000000000	0.877002208514166	-0.792544808012162	-0.042162766267531
13.000000000000000	0.926302795017201	-0.735350152657694	-0.045676789054004
13.000000000000000	0.971880798401078	-0.675136180788510	-0.049007968954754
13.000000000000000	1.013552692132642	-0.612145352817182	-0.052142892484042
13.000000000000000	1.051150678203671	-0.546631310575729	-0.055068936411266
13.000000000000000	1.084523362794233	-0.478857855989485	-0.057774318590260
13.000000000000000	1.113536365882162	-0.409097888839850	-0.060248145401837
13.000000000000000	1.138072862343981	-0.337632307893190	-0.062480455618549
13.000000000000000	1.158034052368443	-0.264748879820646	-0.064462260515033
13.000000000000000	1.173339559288496	-0.190741080463314	-0.066185580062436
13.000000000000000	1.183927753229757	-0.115906913108615	-0.067643475061177
13.000000000000000	1.189755999272262	-0.040547708536232	-0.068830075082649
13.000000000000000	1.190800829126240	0.035033088334582	-0.069740602107370
13.000000000000000	1.187058035630635	0.110531140310601	-0.070371389764377
13.000000000000000	1.178542689693859	0.185642443383084	-0.070719898094406
13.000000000000000	1.165289079608561	0.260064550844625	-0.070784723777416
13.000000000000000	1.147350572984775	0.333497791135294	-0.070565605783263
13.000000000000000	1.124799401857392	0.405646474514246	-0.070063426422771
13.000000000000000	1.097726371833245	0.476220083697943	-0.069280207794986
13.000000000000000	1.066240496448985	0.544934443670717	-0.068219103644888
13.000000000000000	1.030468558212040	0.611512865957263	-0.066884386664380
13.000000000000000	0.990554598092209	0.675687262749471	-0.065281431287662
13.000000000000000	0.946659335519510	0.737199226401415	-0.063416692050284
13.000000000000000	0.898959521223763	0.795801069945730	-0.061297677599006
13.000000000000000	0.847647225521787	0.851256824441621	-0.058932920457131
13.000000000000000	0.792929064918017	0.903343189138494	-0.056331942667042
13.000000000000000	0.735025370132771	0.951850430629275	-0.053505217448301
13.000000000000000	0.674169298908202	0.996583227372806	-0.050464127025690
13.000000000000000	0.610605897164358	1.037361456184766	-0.047220916797006
13.000000000000000	0.544591112285757	1.074020917530149	-0.043788646025169
13.000000000000000	0.476390762511597	1.106413996696845	-0.040181135253179
13.000000000000000	0.406279466579530	1.134410258187987	-0.036412910653666
13.000000000000000	0.334539537932930	1.157896970939656	-0.032499145537121
13.000000000000000	0.261459847944296	1.176779562249089	-0.028455599254330
13.000000000000000	0.187334662732191	1.190981998585576	-0.024298553739028
13.000000000000000	0.112462458255442	1.200447091750651	-0.020044747946302
13.000000000000000	0.037144718455798	1.205136729154785	-0.015711310450727
13.000000000000000	-0.038315278711494	1.205032027283330	-0.011315690475635
13.000000000000000	-0.113613682470976	1.200133407733767	-0.006875587631261
13.000000000000000	-0.188447292726814	1.190460595518086	-0.002408880644652
13.000000000000000	-0.262514780942561	1.176052539637121	0.002066444631652
13.000000000000000	-0.335517903484833	1.156967256246669	0.006532367642304
13.000000000000000	-0.407162702545148	1.133281595046914	0.010970905691558
13.000000000000000	-0.477160689804276	1.105090929835800	0.015364186353245
13.000000000000000	-0.545230008072878	1.072508774472412	0.019694519436720
13.000000000000000	-0.611096566230928	1.035666325796730	0.023944468219022
13.000000000000000	-0.674495142895915	0.994711935346259	0.028096919656396
13.000000000000000	-0.735170454375741	0.949810511996745	0.032135153292485
13.000000000000000	-0.792878182606051	0.901142857932340	0.036042908585708
13.000000000000000	-0.847385958932843	0.848904940619014	0.039804450384716
13.000000000000000	-0.898474299779031	0.793307103712743	0.043404632288296
13.000000000000000	-0.945937490427337	0.734573220079837	0.046828957634586
13.000000000000000	-0.989584413360859	0.672939790339928	0.050063637874010
13.000000000000000	-1.029239317825853	0.608654990561444	0.053095648090903
13.000000000000000	-1.064742527517989	0.541977672944173	0.055912779450253
13.000000000000000	-1.095951083542475	0.473176323512814	0.058503688358363
13.000000000000000	-1.122739320059064	0.402527981018523	0.060857942139505
13.000000000000000	-1.144999370294046	0.330317121401630	0.062966061044623
13.000000000000000	-1.162641600881670	0.256834512307441	0.064819556422933
13.000000000000000	-1.175594972786077	0.182376042267547	0.066410964902725
13.000000000000000	-1.183807327350417	0.107241529261147	0.067733878443730
13.000000000000000	-1.187245596321360	0.031733513453860	0.068782970140032
13.000000000000000	-1.185895935003276	-0.043843961024742	0.069554015669641
13.000000000000000	-1.179763778005938	-0.119186570359534	0.070043910304344
13.000000000000000	-1.168873817361268	-0.193990936454427	0.070250681411352
13.000000000000000	-1.153269903097237	-0.267955848528893	0.070173496396397
13.000000000000000	-1.133014866669284	-0.340783475987463	0.069812666056292
13.000000000000000	-1.108190267960214	-0.412180567678418	0.069169643327463
13.000000000000000	-1.078896066867342	-0.481859632712677	0.068247017435488
13.000000000000000	-1.045250220799263	-0.549540098088139	0.067048503469200
13.000000000000000	-1.007388209703000	-0.614949438458137	0.065578927421332
13.000000000000000	-0.965462490534079	-0.677824273494818	0.063844206755952
13.000000000000000	-0.919641883366171	-0.737911428428771	0.061851326580921
13.000000000000000	-0.870110891612243	-0.794968953494465	0.059608311521328
13.000000000000000	-0.817068959094432	-0.848767098176559	0.057124193407160
13.000000000000000	-0.760729666954170	-0.899089236334135	0.054408974905309
13.000000000000000	-0.701319873636304	-0.945732738477720	0.051473589242363
13.000000000000000	-0.639078801410206	-0.988509787686715	0.048329856180360
13.000000000000000	-0.574257073106133	-1.027248135881848	0.044990434422780
13.000000000000000	-0.507115702945542	-1.061791797407395	0.041468770642412
13.000000000000000	-0.437925045528940	-1.092001677130364	0.037779045336352
13.000000000000000	-0.366963707213332	-1.117756130527499	0.033936115726140
13.000000000000000	-0.294517424262754	-1.138951453504844	0.029955455932979
13.000000000000000	-0.220877912289183	-1.155502299977525	0.025853094668907
13.000000000000000	-0.146341691616730	-1.167342025528316	0.021645550694831


14.000000000000000	0.096774880632360	1.068948867514892	0.000785261533346
14.000000000000000	0.027732539241302	1.072996441938269	-0.001143578690696
14.000000000000000	-0.041427695137708	1.072654691557678	-0.003067864629149
14.000000000000000	-0.110427338650500	1.067924992481284	-0.004979847861705
14.000000000000000	-0.178988554085640	1.058826389537949	-0.006871829506709
14.000000000000000	-0.246835269626827	1.045395519590431	-0.008736191221839
14.000000000000000	-0.313694290496651	1.027686464011668	-0.010565425880484
14.000000000000000	-0.379296399015544	1.005770530918172	-0.012352167800290
14.000000000000000	-0.443377438646355	0.979735968037421	-0.014089222402165
14.000000000000000	-0.505679377659496	0.949687607365399	-0.015769595180311
14.000000000000000	-0.565951348135642	0.915746443045149	-0.017386519866626
14.000000000000000	-0.623950656122301	0.878049144166067	-0.018933485676083
14.000000000000000	-0.679443758876706	0.836747504445712	-0.020404263523359
14.000000000000000	-0.732207205260009	0.792007831010082	-0.021792931105165
14.000000000000000	-0.782028535496154	0.744010274733513	-0.023093896747270
14.000000000000000	-0.828707136672410	0.692948104834693	-0.024301921920201
14.000000000000000	-0.872055050536759	0.639026930649729	-0.025412142332952
14.000000000000000	-0.911897730339447	0.582463873715921	-0.026420087519766
14.000000000000000	-0.948074743671133	0.523486693499965	-0.027321698841124
14.000000000000000	-0.980440418467583	0.462332870290960	-0.028113345826452
14.000000000000000	-1.008864429579654	0.399248648951110	-0.028791840792749
14.000000000000000	-1.033232323546677	0.334488047374566	-0.029354451680254
14.000000000000000	-1.053445979460141	0.268311833647026	-0.029798913053494
14.000000000000000	-1.069424004061966	0.200986476024690	-0.030123435223389
14.000000000000000	-1.081102059486428	0.132783069960637	-0.030326711453699
14.000000000000000	-1.088433122326026	0.063976246499119	-0.030407923222789
14.000000000000000	-1.091387672978159	-0.005156933566723	-0.030366743519529
14.000000000000000	-1.089953814510142	-0.074338095320890	-0.030203338160049
14.000000000000000	-1.084137320563954	-0.143288670642057	-0.029918365120059
14.000000000000000	-1.073961612107821	-0.211731019899082	-0.029512971885412
14.000000000000000	-1.059467663128242	-0.279389549907808	-0.028988790831582
14.000000000000000	-1.040713835642209	-0.345991823647546	-0.028347932650668
14.000000000000000	-1.017775644693963	-0.411269657268803	-0.027592977852375
14.000000000000000	-0.990745454282560	-0.474960199974992	-0.026726966373222
14.000000000000000	-0.959732105444650	-0.536806992429814	-0.025753385335780
14.000000000000000	-0.924860477990034	-0.596560999428495	-0.024676155007269
14.000000000000000	-0.886270987654750	-0.653981612674654	-0.023499613014019
14.000000000000000	-0.844119020696455	-0.708837619624998	-0.022228496875384
14.000000000000000	-0.798574308208819	-0.760908134500623	-0.020867924927422
14.000000000000000	-0.749820242674306	-0.809983487716089	-0.019423375713162
14.000000000000000	-0.698053139507380	-0.855866070144837	-0.017900665922445
14.000000000000000	-0.643481446561617	-0.898371128821399	-0.016305926970168
14.000000000000000	-0.586324904783772	-0.937327510876378	-0.014645580307237
14.000000000000000	-0.526813663394537	-0.972578352708653	-0.012926311563656
14.000000000000000	-0.465187353158867	-1.003981711619729	-0.011155043627850
14.000000000000000	-0.401694121477458	-1.031411137366892	-0.009338908770639
14.000000000000000	-0.336589633184750	-1.054756181333702	-0.007485219926098
14.000000000000000	-0.270136041076875	-1.073922841267594	-0.005601441244957
14.000000000000000	-0.202600930314869	-1.088833939793766	-0.003695158039097
14.000000000000000	-0.134256240953675	-1.099429435181232	-0.001774046238178
14.000000000000000	-0.065377172935519	-1.105666663109682	0.000154158518624
14.000000000000000	0.003758922043129	-1.107520508463639	0.002081692031300
14.000000000000000	0.072873657328944	-1.104983506462165	0.004000792802705
14.000000000000000	0.141688732276543	-1.098065872716901	0.005903733291369
14.000000000000000	0.209927052866967	-1.086795462097404	0.007782851027573
14.000000000000000	0.277313847467487	-1.071217656569417	0.009630579467417
14.000000000000000	0.343577773239995	-1.051395182457712	0.011439478460619
14.000000000000000	0.408452008742846	-1.027407857869318	0.013202264209371
14.000000000000000	0.471675328326628	-0.999352271294176	0.014911838597629
14.000000000000000	0.532993153997652	-0.967341392677379	0.016561317772714
14.000000000000000	0.592158580513686	-0.931504118529077	0.018144059864162
14.000000000000000	0.648933369584218	-0.891984752903723	0.019653691728189
14.000000000000000	0.703088909171970	-0.848942426338576	0.021084134610094
14.000000000000000	0.754407134032882	-0.802550455091193	0.022429628621257
14.000000000000000	0.802681403787887	-0.752995643256030	0.023684755932180
14.000000000000000	0.847717334990783	-0.700477530570286	0.024844462588170
14.000000000000000	0.889333583841770	-0.645207588937804	0.025904078859836
14.000000000000000	0.927362576394917	-0.587408370906358	0.026859338046435
14.000000000000000	0.961651183319312	-0.527312613527087	0.027706393656377
14.000000000000000	0.992061336496818	-0.465162301204533	0.028441834895683
14.000000000000000	1.018470584973665	-0.401207691310854	0.029062700402052
14.000000000000000	1.040772588027215	-0.335706306487711	0.029566490169221
14.000000000000000	1.058877543362525	-0.268921897693482	0.029951175613605
14.000000000000000	1.072712548714492	-0.201123382171239	0.030215207742694
14.000000000000000	1.082221895399542	-0.132583760613926	0.030357523392292
14.000000000000000	1.087367292634837	-0.063579017886924	0.030377549507508
14.000000000000000	1.088128021721749	0.005612988265601	0.030275205450242
14.000000000000000	1.084501019472737	0.074713646055759	0.030050903323893
14.000000000000000	1.076500890545733	0.143444711523277	0.029705546313958
14.000000000000000	1.064159848636328	0.211529428925717	0.029240525051222
14.000000000000000	1.047527586764598	0.278693645136177	0.028657712012187
14.000000000000000	1.026671077178848	0.344666913561170	0.027959453979258
14.000000000000000	1.001674301682003	0.409183583133600	0.027148562591089
14.000000000000000	0.972637913466535	0.471983867995858	0.026228303021102
14.000000000000000	0.939678831819574	0.532814893565771	0.025202380829784
14.000000000000000	0.902929771330209	0.591431714773302	0.024074927043707
14.000000000000000	0.862538707494680	0.647598302367889	0.022850481521340
14.000000000000000	0.818668280871279	0.701088493324935	0.021533974672641
14.000000000000000	0.771495142184223	0.751686901524487	0.020130707606037
14.000000000000000	0.721209241013540	0.799189785035119	0.018646330782730
14.000000000000000	0.668013060935150	0.843405866510778	0.017086821264288
14.000000000000000	0.612120804190967	0.884157103397153	0.015458458645120
14.000000000000000	0.553757529172077	0.921279404846199	0.013767799766775
14.000000000000000	0.493158244188026	0.954623292452064	0.012021652315847
14.000000000000000	0.430566961171305	0.984054502147877	0.010227047411830
14.000000000000000	0.366235713127420	1.009454524839754	0.008391211295278
14.000000000000000	0.300423539286928	1.030721083601097	0.006521536230285
14.000000000000000	0.233395442045892	1.047768545505672	0.004625550738447
14.000000000000000	0.165421319894749	1.060528266441185	0.002710889284165
14.000000000000000	0.096774880632360	1.068948867514892	0.000785261533346


15.000000000000000	-0.479861689192846	-1.267110652220225	-0.011154500827125
15.000000000000000	-0.387574581098956	-1.298684787146515	-0.015298157822890
15.000000000000000	-0.293447433547390	-1.324291764802635	-0.019373719504275
15.000000000000000	-0.197859263339745	-1.343828474927388	-0.023364775022833
15.000000000000000	-0.101194970300201	-1.357216250084460	-0.027255253806608
15.000000000000000	-0.003843787419766	-1.364401182428428	-0.031029490270659
15.000000000000000	0.093802286447592	-1.365354340772618	-0.034672286896838
15.000000000000000	0.191350065025984	-1.360071887084789	-0.038168975428834
15.000000000000000	0.288406757839955	-1.348575091941535	-0.041505475936063
15.000000000000000	0.384581551843097	-1.330910248879173	-0.044668353508579
15.000000000000000	0.479487185084255	-1.307148487986020	-0.047644872354716
15.000000000000000	0.572741506074718	-1.277385489486628	-0.050423047083625
15.000000000000000	0.663969012577390	-1.241741098471288	-0.052991690966210
15.000000000000000	0.752802363621762	-1.200358842322154	-0.055340460980145
15.000000000000000	0.838883858656359	-1.153405352779128	-0.057459899457567
15.000000000000000	0.921866877882603	-1.101069694972660	-0.059341472167769
15.000000000000000	1.001417277970409	-1.043562606125190	-0.060977602681537
15.000000000000000	1.077214737535442	-0.981115646986740	-0.062361702878754
15.000000000000000	1.148954046960273	-0.913980269421495	-0.063488199476436
15.000000000000000	1.216346337365793	-0.842426803899896	-0.064352556470374
15.000000000000000	1.279120243784227	-0.766743370973250	-0.064951293400022
15.000000000000000	1.337022997850086	-0.687234721113956	-0.065281999363085
15.000000000000000	1.389821445609164	-0.604221007592915	-0.065343342723371
15.000000000000000	1.437302986347218	-0.518036497335303	-0.065135076472819
15.000000000000000	1.479276428658010	-0.429028224945642	-0.064658039226112
15.000000000000000	1.515572760303620	-0.337554595321930	-0.063914151843877
15.000000000000000	1.546045828767074	-0.243983940485614	-0.062906409698051
15.000000000000000	1.570572929756950	-0.148693036438540	-0.061638870610580
15.000000000000000	1.589055301294248	-0.052065586018975	-0.060116638513997
15.000000000000000	1.601418521392027	0.045509326134298	-0.058345842899695
15.000000000000000	1.607612807726474	0.143638800288496	-0.056333614136620
15.000000000000000	1.607613218092755	0.241927703685384	-0.054088054759797
15.000000000000000	1.601419750838470	0.339980261601441	-0.051618206844282
15.000000000000000	1.589057344870305	0.437401650992977	-0.048934015595912
15.000000000000000	1.570575779233862	0.533799590309185	-0.046046289305476
15.000000000000000	1.546049472671003	0.628785919071492	-0.042966655827541
15.000000000000000	1.515577183961852	0.721978160858802	-0.039707515759185
15.000000000000000	1.479281614258034	0.813001063405062	-0.036281992507169
15.000000000000000	1.437308913008453	0.901488109607682	-0.032703879444613
15.000000000000000	1.389828089467037	0.987082993362557	-0.028987584369947
15.000000000000000	1.337030332152126	1.069441054282986	-0.025148071491793
15.000000000000000	1.279128238997788	1.148230665525407	-0.021200801173380
15.000000000000000	1.216354961296973	1.223134569133649	-0.017161667679115
15.000000000000000	1.148963264883544	1.293851153524750	-0.013046935173993
15.000000000000000	1.077224512333480	1.360095667972341	-0.008873172233542
15.000000000000000	1.001427570283553	1.421601369197333	-0.004657185128021
15.000000000000000	0.921877646267341	1.478120595448946	-0.000415950149497
15.000000000000000	0.838895059752205	1.529425763751174	0.003833454745690
15.000000000000000	0.752813952325857	1.575310286299102	0.008073918703827
15.000000000000000	0.663980942226112	1.615589402315087	0.012288366873200
15.000000000000000	0.572753728631584	1.650100922015195	0.016459829158494
15.000000000000000	0.479499651333341	1.678705879690220	0.020571508553379
15.000000000000000	0.384594211587218	1.701289093271546	0.024606848776122
15.000000000000000	0.288419560102790	1.717759628128686	0.028549600935894
15.000000000000000	0.191362958257339	1.728051163230942	0.032383888961319
15.000000000000000	0.093815218730975	1.732122258198791	0.036094273527805
15.000000000000000	-0.003830868158097	1.729956520169665	0.039665814226261
15.000000000000000	-0.101182116081552	1.721562669806224	0.043084129722847
15.000000000000000	-0.197846525923518	1.706974506181323	0.046335455667531
15.000000000000000	-0.293434864222664	1.686250770681079	0.049406700118269
15.000000000000000	-0.387562230477966	1.659474910474039	0.052285496257636
15.000000000000000	-0.479849607007183	1.626754742498882	0.054960252189630
15.000000000000000	-0.569925385117285	1.588222019323666	0.057420197616152
15.000000000000000	-0.657426861441508	1.544031898624733	0.059655427205192
15.000000000000000	-0.742001698417795	1.494362318421508	0.061656940476106
15.000000000000000	-0.823309343027804	1.439413280582903	0.063416678041372
15.000000000000000	-0.901022398083717	1.379406045490370	0.064927554058904
15.000000000000000	-0.974827940541163	1.314582241100452	0.066183484764233
15.000000000000000	-1.044428781529871	1.245202889994266	0.067179412967683
15.000000000000000	-1.109544663028363	1.171547358331708	0.067911328417884
15.000000000000000	-1.169913386364091	1.093912230942521	0.068376283949643
15.000000000000000	-1.225291867994944	1.012610117083869	0.068572407351138
15.000000000000000	-1.275457118320886	0.927968391673184	0.068498908902651
15.000000000000000	-1.320207139584367	0.840327877064927	0.068156084556493
15.000000000000000	-1.359361739244000	0.750041470679250	0.067545314745309
15.000000000000000	-1.392763255546327	0.657472724008645	0.066669058823561
15.000000000000000	-1.420277192374056	0.562994378724393	0.065530845164576
15.000000000000000	-1.441792760814455	0.466986865777409	0.064135256953033
15.000000000000000	-1.457223325267200	0.369836773537077	0.062487913730098
15.000000000000000	-1.466506752295360	0.271935291136330	0.060595448765508
15.000000000000000	-1.469605660814822	0.173676633291077	0.058465482347743
15.000000000000000	-1.466507572614718	0.075456452936679	0.056106591099808
15.000000000000000	-1.457224962602778	-0.022329751926775	0.053528273444203
15.000000000000000	-1.441795208573283	-0.119288230765333	0.050740911356126
15.000000000000000	-1.420280440699872	-0.215028566005602	0.047755728558924
15.000000000000000	-1.392767291359268	-0.309165245108528	0.044584745330119
15.000000000000000	-1.359366546293273	-0.401319212892313	0.041240730099994
15.000000000000000	-1.320212698513682	-0.491119397853863	0.037737148037633
15.000000000000000	-1.275463406746396	-0.578204206342753	0.034088106831433
15.000000000000000	-1.225298860595378	-0.662222978571239	0.030308299882424
15.000000000000000	-1.169921054982715	-0.742837400597459	0.026412947139132
15.000000000000000	-1.109552976786359	-0.819722866596270	0.022417733812213
15.000000000000000	-1.044437706950667	-0.892569785932342	0.018338747215648
15.000000000000000	-0.974837441685240	-0.961084829772377	0.014192411988810
15.000000000000000	-0.901032436693323	-1.024992112216785	0.009995423960234
15.000000000000000	-0.823319878681000	-1.084034301194842	0.005764682919409
15.000000000000000	-0.742012688691223	-1.137973654650105	0.001517224567294
15.000000000000000	-0.657438262081217	-1.186592977843769	-0.002729848080442
15.000000000000000	-0.569937150216923	-1.229696497921220	-0.006959433561223
15.000000000000000	-0.479861689192846	-1.267110652220225	-0.011154500827125


16.000000000000000	nan	nan	nan
16.000000000000000	nan	nan	nan
16.000000000000000	nan	nan	nan
16.000000000000000	nan	nan	nan
16.000000000000000	nan	nan	nan
16.000000000000000	nan	nan	nan
16.000000000000000	nan	nan	nan
16.000000000000000	nan	nan	nan
16.000000000000000	nan	nan	nan
16.000000000000000	nan	nan	nan
16.000000000000000	nan	nan	nan
16.000000000000000	nan	nan	nan
16.000000000000000	nan	nan	nan
16.000000000000000	nan	nan	nan
16.000000000000000	nan	nan	nan
16.000000000000000	nan	nan	nan
16.000000000000000	nan	nan	nan
16.000000000000000	nan	nan	nan
16.000000000000000	nan	nan	nan
16.000000000000000	nan	nan	nan
16.000000000000000	nan	nan	nan
16.000000000000000	nan	nan	nan
16.000000000000000	nan	nan	nan
16.000000000000000	nan	nan	nan
16.000000000000000	nan	nan	nan
16.000000000000000	nan	nan	nan
16.000000000000000	nan	nan	nan
16.000000000000000	nan	nan	nan
16.000000000000000	nan	nan	nan
16.000000000000000	nan	nan	nan
16.000000000000000	nan	nan	nan
16.000000000000000	nan	nan	nan
16.000000000000000	nan	nan	nan
16.000000000000000	nan	nan	nan
16.000000000000000	nan	nan	nan
16.000000000000000	nan	nan	nan
16.000000000000000	nan	nan	nan
16.000000000000000	nan	nan	nan
16.000000000000000	nan	nan	nan
16.000000000000000	nan	nan	nan
16.000000000000000	nan	nan	nan
16.000000000000000	nan	nan	nan
16.000000000000000	nan	nan	nan
16.000000000000000	nan	nan	nan
16.000000000000000	nan	nan	nan
16.000000000000000	nan	nan	nan
16.000000000000000	nan	nan	nan
16.000000000000000	nan	nan	nan
16.000000000000000	nan	nan	nan
16.000000000000000	nan	nan	nan
16.000000000000000	nan	nan	nan
16.000000000000000	nan	nan	nan
16.000000000000000	nan	nan	nan
16.000000000000000	nan	nan	nan
16.000000000000000	nan	nan	nan
16.000000000000000	nan	nan	nan
16.000000000000000	nan	nan	nan
16.000000000000000	nan	nan	nan
16.000000000000000	nan	nan	nan
16.000000000000000	nan	nan	nan
16.000000000000000	nan	nan	nan
16.000000000000000	nan	nan	nan
16.000000000000000	nan	nan	nan
16.000000000000000	nan	nan	nan
16.000000000000000	nan	nan	nan
16.000000000000000	nan	nan	nan
16.000000000000000	nan	nan	nan
16.000000000000000	nan	nan	nan
16.000000000000000	nan	nan	nan
16.000000000000000	nan	nan	nan
16.000000000000000	nan	nan	nan
16.000000000000000	nan	nan	nan
16.000000000000000	nan	nan	nan
16.000000000000000	nan	nan	nan
16.000000000000000	nan	nan	nan
16.000000000000000	nan	nan	nan
16.000000000000000	nan	nan	nan
16.000000000000000	nan	nan	nan
16.000000000000000	nan	nan	nan
16.000000000000000	nan	nan	nan
16.000000000000000	nan	nan	nan
16.000000000000000	nan	nan	nan
16.000000000000000	nan	nan	nan
16.000000000000000	nan	nan	nan
16.000000000000000	nan	nan	nan
16.000000000000000	nan	nan	nan
16.000000000000000	nan	nan	nan
16.000000000000000	nan	nan	nan
16.000000000000000	nan	nan	nan
16.000000000000000	nan	nan	nan
16.000000000000000	nan	nan	nan
16.000000000000000	nan	nan	nan
16.000000000000000	nan	nan	nan
16.000000000000000	nan	nan	nan
16.000000000000000	nan	nan	nan
16.000000000000000	nan	nan	nan
16.000000000000000	nan	nan	nan
16.000000000000000	nan	nan	nan
16.000000000000000	nan	nan	nan
16.000000000000000	nan	nan	nan


