# n	x	y	z
1.000000000000000	-0.287815787372578	0.991890790048342	0.011227606365403
1.000000000000000	-0.355637186061325	0.969835159906444	0.012208182895380
1.000000000000000	-0.421919797054668	0.943506414320580	0.013135436618059
1.000000000000000	-0.486396723672173	0.913010569856658	0.014005633809966
1.000000000000000	-0.548808340087081	0.878470422517016	0.014815270494141
1.000000000000000	-0.608903336747879	0.840025053284261	0.015561086549413
1.000000000000000	-0.666439732313169	0.797829268091239	0.016240078837758
1.000000000000000	-0.721185848025122	0.752052974472184	0.016849513296877
1.000000000000000	-0.772921240598066	0.702880497405041	0.017386935949299
1.000000000000000	-0.821437589865796	0.650509837099841	0.017850182783683
1.000000000000000	-0.866539537613351	0.595151871721735	0.018237388468527
1.000000000000000	-0.908045474215605	0.537029508259051	0.018546993863200
1.000000000000000	-0.945788269915123	0.476376784955528	0.018777752296051
1.000000000000000	-0.979615947794706	0.413437928920908	0.018928734584316
1.000000000000000	-1.009392295734801	0.348466372714565	0.018999332775607
1.000000000000000	-1.034997414891631	0.281723733862036	0.018989262595927
1.000000000000000	-1.056328202487518	0.213478761413583	0.018898564594333
1.000000000000000	-1.073298766969382	0.144006253786616	0.018727603979668
1.000000000000000	-1.085840773863709	0.073585952249463	0.018477069149987
1.000000000000000	-1.093903720935360	0.002501414502005	0.018147968920625
1.000000000000000	-1.097455141542243	-0.068961127111093	0.017741628462051
1.000000000000000	-1.096480735367027	-0.140513918157014	0.017259683963876
1.000000000000000	-1.090984425999468	-0.211868840800327	0.016704076046496
1.000000000000000	-1.080988345137502	-0.282738573951823	0.016077041946896
1.000000000000000	-1.066532743470704	-0.352837750209132	0.015381106510086
1.000000000000000	-1.047675828604974	-0.421884104930532	0.014619072022445
1.000000000000000	-1.024493530681045	-0.489599612815043	0.013794006927898
1.000000000000000	-0.997079196630607	-0.555711607412179	0.012909233472382
1.000000000000000	-0.965543214301166	-0.619953879053514	0.011968314326324
1.000000000000000	-0.930012567963131	-0.682067746785057	0.010975038239035
1.000000000000000	-0.890630326988988	-0.741803099984158	0.009933404782749
1.000000000000000	-0.847555069763421	-0.798919405466703	0.008847608247754
1.000000000000000	-0.800960245144135	-0.853186676029358	0.007722020753474
1.000000000000000	-0.751033474044518	-0.904386396526863	0.006561174643477
1.000000000000000	-0.697975793950446	-0.952312403755396	0.005369744235335
1.000000000000000	-0.642000849413280	-0.996771716599034	0.004152526998795
1.000000000000000	-0.583334031778664	-1.037585313096593	0.002914424238058
1.000000000000000	-0.522211571615124	-1.074588851299882	0.001660421355962
1.000000000000000	-0.458879587496948	-1.107633331020724	0.000395567779520
1.000000000000000	-0.393593094971549	-1.136585693802127	-0.000875043372339
1.000000000000000	-0.326614979701869	-1.161329358697725	-0.002146295796958
1.000000000000000	-0.258214938918587	-1.181764691702108	-0.003413070609506
1.000000000000000	-0.188668395444572	-1.197809406941789	-0.004670266954913
1.000000000000000	-0.118255388664373	-1.209398898011381	-0.005912822547214
1.000000000000000	-0.047259446904463	-1.216486498120785	-0.007135734053593
1.000000000000000	0.024033554235267	-1.219043668005885	-0.008334077241032
1.000000000000000	0.095336543001647	-1.217060110846090	-0.009503026804462
1.000000000000000	0.166362407424861	-1.210543813726000	-0.010637875796566
1.000000000000000	0.236825151417013	-1.199521015474230	-0.011734054580991
1.000000000000000	0.306441046377433	-1.184036101008912	-0.012787149232659
1.000000000000000	0.374929773667611	-1.164151422615293	-0.013792919311094
1.000000000000000	0.442015553355420	-1.139947048875093	-0.014747314935168
1.000000000000000	0.507428254683565	-1.111520442258578	-0.015646493090553
1.000000000000000	0.570904483790801	-1.078986066677602	-0.016486833104174
1.000000000000000	0.632188644306056	-1.042474926579823	-0.017264951223392
1.000000000000000	0.691033966544795	-1.002134039440035	-0.017977714241170
1.000000000000000	0.747203501163453	-0.958125843772685	-0.018622252112403
1.000000000000000	0.800471073270808	-0.910627545049308	-0.019195969510567
1.000000000000000	0.850622193154442	-0.859830402154634	-0.019696556278191
1.000000000000000	0.897454919955109	-0.805938957254565	-0.020121996729041
1.000000000000000	0.940780674811300	-0.749170212177064	-0.020470577764577
1.000000000000000	0.980425000199766	-0.689752754622383	-0.020740895771999
1.000000000000000	1.016228262414385	-0.627925837721072	-0.020931862276098
1.000000000000000	1.048046294354757	-0.563938416646070	-0.021042708322162
1.000000000000000	1.075750976036234	-0.498048146158083	-0.021072987572287
1.000000000000000	1.099230750483879	-0.430520343120807	-0.021022578102618
1.000000000000000	1.118391072933032	-0.361626918163553	-0.020891682894299
1.000000000000000	1.133154791527706	-0.291645280793122	-0.020680829016135
1.000000000000000	1.143462457983885	-0.220857222363620	-0.020390865502274
1.000000000000000	1.149272566966773	-0.149547781402140	-0.020022959933445
1.000000000000000	1.150561723218141	-0.078004095859208	-0.019578593735523
1.000000000000000	1.147324735760762	-0.006514246905611	-0.019059556214353
1.000000000000000	1.139574638800654	0.064633901068813	-0.018467937350839
1.000000000000000	1.127342639242926	0.135153859583467	-0.017806119385338
1.000000000000000	1.110677991032589	0.204761669654993	-0.017076767225212
1.000000000000000	1.089647796826303	0.273177045199873	-0.016282817714190
1.000000000000000	1.064336737793660	0.340124501647571	-0.015427467806733
1.000000000000000	1.034846732636004	0.405334465219659	-0.014514161695027
1.000000000000000	1.001296527195791	0.468544358408283	-0.013546576940439
1.000000000000000	0.963821216308994	0.529499657283108	-0.012528609665273
1.000000000000000	0.922571699825876	0.587954916369361	-0.011464358864461
1.000000000000000	0.877714074990553	0.643674756970119	-0.010358109900356
1.000000000000000	0.829428967626020	0.696434814953255	-0.009214317247094
1.000000000000000	0.777910804817706	0.746022644186602	-0.008037586553995
1.000000000000000	0.723367032024225	0.792238571983555	-0.006832656100239
1.000000000000000	0.666017277767731	0.834896503114500	-0.005604377715492
1.000000000000000	0.606092469267377	0.873824669146621	-0.004357697243296
1.000000000000000	0.543833902576907	0.908866320094762	-0.003097634625905
1.000000000000000	0.479492270970609	0.939880355598287	-0.001829263690746
1.000000000000000	0.413326655489984	0.966741893082433	-0.000557691719913
1.000000000000000	0.345603481715832	0.989342770616365	0.000711961115061
1.000000000000000	0.276595446966468	1.007591982443092	0.001974582370327
1.000000000000000	0.206580422241872	1.021416045427533	0.003225087915723
1.000000000000000	0.135840333335242	1.030759294947168	0.004458442406776
1.000000000000000	0.064660025617335	1.035584109033821	0.005669679560255
1.000000000000000	-0.006673882935318	1.035871059864055	0.006853922151642
1.000000000000000	-0.077874155849834	1.031618991988153	0.008006401653993
1.000000000000000	-0.148654094756877	1.022845026982711	0.009122477439112
1.000000000000000	-0.218728693823809	1.009584494508090	0.010197655463725
1.000000000000000	-0.287815787372578	0.991890790048342	0.011227606365403


2.000000000000000	0.607302926100586	0.193559768218247	0.039415344041509
2.000000000000000	0.591864672776874	0.237700984731467	0.036164138968315
2.000000000000000	0.573629894026237	0.280753337678914	0.032740489865469
2.000000000000000	0.552672014866852	0.322543470430327	0.029158182559551
2.000000000000000	0.529075425281140	0.362903108870685	0.025431641737730
2.000000000000000	0.502935140407094	0.401669738980669	0.021575872864636
2.000000000000000	0.474356417945852	0.438687261223269	0.017606401760652
2.000000000000000	0.443454334326082	0.473806619101517	0.013539212084912
2.000000000000000	0.410353321331825	0.506886399356395	0.009390680974752
2.000000000000000	0.375186665059610	0.537793401388120	0.005177513100755
2.000000000000000	0.338095969222395	0.566403173607944	0.000916673402937
2.000000000000000	0.299230584961385	0.592600514560778	-0.003374681221075
2.000000000000000	0.258747009461705	0.616279936800793	-0.007679271000817
2.000000000000000	0.216808255793466	0.637346091652134	-0.011979762872524
2.000000000000000	0.173583196515669	0.655714153144382	-0.016258840273261
2.000000000000000	0.129245883686009	0.671310159576800	-0.020499272868609
2.000000000000000	0.083974848014674	0.684071311336000	-0.024683985933140
2.000000000000000	0.037952379984182	0.693946223767814	-0.028796129104312
2.000000000000000	-0.008636204170052	0.700895134085170	-0.032819144232930
2.000000000000000	-0.055603308662789	0.704890061478794	-0.036736832056969
2.000000000000000	-0.102759813540983	0.705914919786057	-0.040533417430285
2.000000000000000	-0.149915836203085	0.703965582264271	-0.044193612843562
2.000000000000000	-0.196881495989258	0.699049898207632	-0.047702679981712
2.000000000000000	-0.243467678763781	0.691187661340876	-0.051046489069875
2.000000000000000	-0.289486798410924	0.680410530116936	-0.054211575769027
2.000000000000000	-0.334753552178029	0.666761900239531	-0.057185195392131
2.000000000000000	-0.379085666824294	0.650296729923978	-0.059955374222483
2.000000000000000	-0.422304632570783	0.631081318599858	-0.062510957727652
2.000000000000000	-0.464236421896300	0.609193039946615	-0.064841655474840
2.000000000000000	-0.504712190284794	0.584720030337053	-0.066938082566823
2.000000000000000	-0.543568956102634	0.557760833943273	-0.068791797431624
2.000000000000000	-0.580650256868127	0.528424005934073	-0.070395335813738
2.000000000000000	-0.615806779270703	0.496827675361596	-0.071742240830060
2.000000000000000	-0.648896960402922	0.463099069497329	-0.072827088969471
2.000000000000000	-0.679787557784339	0.427374001532785	-0.073645511931404
2.000000000000000	-0.708354185881943	0.389796323707718	-0.074194214215448
2.000000000000000	-0.734481816966797	0.350517348067923	-0.074470986391167
2.000000000000000	-0.758065244290107	0.309695237185030	-0.074474713994694
2.000000000000000	-0.779009505713667	0.267494367291656	-0.074205382016286
2.000000000000000	-0.797230266088870	0.224084666396328	-0.073664074960760
2.000000000000000	-0.812654156844589	0.179640930043367	-0.072852972480577
2.000000000000000	-0.825219071416517	0.134342117472927	-0.071775340599153
2.000000000000000	-0.834874415328381	0.088370631015295	-0.070435518559730
2.000000000000000	-0.841581309918042	0.041911581621087	-0.068838901352779
2.000000000000000	-0.845312748888143	-0.004847956515218	-0.066991917992276
2.000000000000000	-0.846053707050940	-0.051719699237035	-0.064902005628333
2.000000000000000	-0.843801200829428	-0.098514910579510	-0.062577579600418
2.000000000000000	-0.838564300271153	-0.145045162742647	-0.060027999551753
2.000000000000000	-0.830364092526332	-0.191123094823548	-0.057263531741337
2.000000000000000	-0.819233596937342	-0.236563167252640	-0.054295307705340
2.000000000000000	-0.805217632081478	-0.281182408896043	-0.051135279434338
2.000000000000000	-0.788372635302370	-0.324801153815742	-0.047796171246867
2.000000000000000	-0.768766435456710	-0.367243764720910	-0.044291428553081
2.000000000000000	-0.746477979791389	-0.408339340197286	-0.040635163714830
2.000000000000000	-0.721597016050802	-0.447922402866855	-0.036842099220162
2.000000000000000	-0.694223731094350	-0.485833565706842	-0.032927508401058
2.000000000000000	-0.664468347479321	-0.521920173844998	-0.028907153933117
2.000000000000000	-0.632450679633558	-0.556036919246894	-0.024797224364821
2.000000000000000	-0.598299651405038	-0.588046425820090	-0.020614268931969
2.000000000000000	-0.562152776931045	-0.617819802579172	-0.016375130919741
2.000000000000000	-0.524155606917272	-0.645237162644259	-0.012096879840734
2.000000000000000	-0.484461142556499	-0.670188105983154	-0.007796742702061
2.000000000000000	-0.443229219446794	-0.692572163953313	-0.003492034638273
2.000000000000000	-0.400625863989970	-0.712299203853602	0.000799910810576
2.000000000000000	-0.356822624861861	-0.729289791856880	0.005061811494980
2.000000000000000	-0.311995882246357	-0.743475512861979	0.009276506245094
2.000000000000000	-0.266326137614650	-0.754799245977173	0.013427023972709
2.000000000000000	-0.219997286909521	-0.763215394525850	0.017496652007836
2.000000000000000	-0.173195880061280	-0.768690069648230	0.021469003394727
2.000000000000000	-0.126110369817041	-0.771201226759848	0.025328082876364
2.000000000000000	-0.078930352908018	-0.770738754317313	0.029058351301712
2.000000000000000	-0.031845806610413	-0.767304514533923	0.032644788196397
2.000000000000000	0.014953676226032	-0.760912335881195	0.036072952244855
2.000000000000000	0.061279650601520	-0.751587957406482	0.039329039440412
2.000000000000000	0.106945578167707	-0.739368925090920	0.042399938669148
2.000000000000000	0.151767578351785	-0.724304440665013	0.045273284503722
2.000000000000000	0.195565168778661	-0.706455163490629	0.047937506994589
2.000000000000000	0.238161992009771	-0.685892966307157	0.050381878258098
2.000000000000000	0.279386525672249	-0.662700645825356	0.052596555673897
2.000000000000000	0.319072773118976	-0.636971589334221	0.054572621517689
2.000000000000000	0.357060931838498	-0.608809398663332	0.056302118869762
2.000000000000000	0.393198036923338	-0.578327473014850	0.057778083654693
2.000000000000000	0.427338577005682	-0.545648552344957	0.058994572683227
2.000000000000000	0.459345080180311	-0.510904223133369	0.059946687583397
2.000000000000000	0.489088667555436	-0.474234388531026	0.060630594524545
2.000000000000000	0.516449572202513	-0.435786705019482	0.061043539654798
2.000000000000000	0.541317621415386	-0.395715987850368	0.061183860189863
2.000000000000000	0.563592680336900	-0.354183587659014	0.061050991108471
2.000000000000000	0.583185055166621	-0.311356740762389	0.060645467427518
2.000000000000000	0.600015854326116	-0.267407895757476	0.059968922047739
2.000000000000000	0.614017306127496	-0.222514019131640	0.059024079178596
2.000000000000000	0.625133031666081	-0.176855882681039	0.057814743368848
2.000000000000000	0.633318271838353	-0.130617335606404	0.056345784186972
2.000000000000000	0.638540067571069	-0.083984564217197	0.054623116613133
2.000000000000000	0.640777392535813	-0.037145342225059	0.052653677221648
2.000000000000000	0.640021237814602	0.009711725354662	0.050445396249844
2.000000000000000	0.636274648175618	0.056397961648731	0.048007165665795
2.000000000000000	0.629552709813001	0.102725377661208	0.045348803363505
2.000000000000000	0.619882489600073	0.148507429238785	0.042481013629713
2.000000000000000	0.607302926100586	0.193559768218247	0.039415344041509


3.000000000000000	-0.388717045455354	0.289987440093081	0.016730610783545
3.000000000000000	-0.407011452255129	0.263789904815269	0.016328780610177
3.000000000000000	-0.423606724318232	0.236485238512746	0.015858607294553
3.000000000000000	-0.438436038341262	0.208183387439703	0.015321984058671
3.000000000000000	-0.451439681910564	0.178998313161447	0.014721071694904
3.000000000000000	-0.462565293943038	0.149047533671408	0.014058289865252
3.000000000000000	-0.471768075525746	0.118451650187650	0.013336307358220
3.000000000000000	-0.479010970305317	0.087333861534337	0.012558031342542
3.000000000000000	-0.484264813700809	0.055819468063546	0.011726595661048
3.000000000000000	-0.487508450339181	0.024035367114974	0.010845348211775
3.000000000000000	-0.488728819240509	-0.007890457954858	0.009917837467173
3.000000000000000	-0.487921006409951	-0.039829453116416	0.008947798185649
3.000000000000000	-0.485088264624663	-0.071653011308853	0.007939136373022
3.000000000000000	-0.480242000336015	-0.103232990295255	0.006895913554409
3.000000000000000	-0.473401727739839	-0.134442228646201	0.005822330419903
3.000000000000000	-0.464594990199648	-0.165155057773956	0.004722709909872
3.000000000000000	-0.453857249339234	-0.195247807955527	0.003601479808005
3.000000000000000	-0.441231742251222	-0.224599306306979	0.002463154912191
3.000000000000000	-0.426769307396562	-0.253091364703881	0.001312318855022
3.000000000000000	-0.410528179895987	-0.280609255683162	0.000153605647118
3.000000000000000	-0.392573757037738	-0.307042174410116	-0.001008318982392
3.000000000000000	-0.372978334945763	-0.332283684850366	-0.002168776373119
3.000000000000000	-0.351820817468743	-0.356232148350200	-0.003323093772728
3.000000000000000	-0.329186398462147	-0.378791132899567	-0.004466623152458
3.000000000000000	-0.305166218742634	-0.399869801429740	-0.005594759923100
3.000000000000000	-0.279856999096164	-0.419383277582131	-0.006702961476048
3.000000000000000	-0.253360650817521	-0.437252987475435	-0.007786765474779
3.000000000000000	-0.225783865349503	-0.453406976094915	-0.008841807823113
3.000000000000000	-0.197237684674134	-0.467780197029850	-0.009863840237884
3.000000000000000	-0.167837054185798	-0.480314774392472	-0.010848747355278
3.000000000000000	-0.137700359846701	-0.490960235863745	-0.011792563301950
3.000000000000000	-0.106948951488389	-0.499673715927572	-0.012691487664196
3.000000000000000	-0.075706654178804	-0.506420128475105	-0.013541900790879
3.000000000000000	-0.044099269622435	-0.511172308084119	-0.014340378368487
3.000000000000000	-0.012254069601263	-0.513911119404581	-0.015083705209631
3.000000000000000	0.019700716503792	-0.514625534209949	-0.015768888199476
3.000000000000000	0.051636418047328	-0.513312675803952	-0.016393168347952
3.000000000000000	0.083424441230736	-0.509977830604024	-0.016954031899237
3.000000000000000	0.114936786904041	-0.504634426854774	-0.017449220453763
3.000000000000000	0.146046565973303	-0.497303980557177	-0.017876740061996
3.000000000000000	0.176628510338212	-0.488016008831239	-0.018234869253362
3.000000000000000	0.206559477302517	-0.476807911060969	-0.018522165968008
3.000000000000000	0.235718945426202	-0.463724818300260	-0.018737473363464
3.000000000000000	0.263989499822785	-0.448819411546062	-0.018879924472839
3.000000000000000	0.291257304947627	-0.432151709610605	-0.018948945695793
3.000000000000000	0.317412562973493	-0.413788827446820	-0.018944259108223
3.000000000000000	0.342349955907647	-0.393804705900117	-0.018865883581361
3.000000000000000	0.365969069670241	-0.372279813974693	-0.018714134705793
3.000000000000000	0.388174798426372	-0.349300824813256	-0.018489623520681
3.000000000000000	0.408877727543713	-0.324960266694866	-0.018193254053329
3.000000000000000	0.427994493633677	-0.299356150456220	-0.017826219678980
3.000000000000000	0.445448120226365	-0.272591574836596	-0.017389998315515
3.000000000000000	0.461168327727637	-0.244774311335624	-0.016886346472406
3.000000000000000	0.475091816410233	-0.216016370255494	-0.016317292177862
3.000000000000000	0.487162521299438	-0.186433549674998	-0.015685126812685
3.000000000000000	0.497331837926942	-0.156144969171543	-0.014992395883680
3.000000000000000	0.505558818043885	-0.125272590168649	-0.014241888773804
3.000000000000000	0.511810334504996	-0.093940724840349	-0.013436627510302
3.000000000000000	0.516061214659920	-0.062275535549931	-0.012579854596069
3.000000000000000	0.518294341714595	-0.030404526838638	-0.011675019953238
3.000000000000000	0.518500723654540	0.001543967990125	-0.010725767031561
3.000000000000000	0.516679529452524	0.033441303623703	-0.009735918137520
3.000000000000000	0.512838092414820	0.065159040749467	-0.008709459043251
3.000000000000000	0.506991880652567	0.096569463234588	-0.007650522937244
3.000000000000000	0.499164434797147	0.127546092393832	-0.006563373781452
3.000000000000000	0.489387273210373	0.157964196274583	-0.005452389141824
3.000000000000000	0.477699765071165	0.187701291908393	-0.004322042561388
3.000000000000000	0.464148971849768	0.216637638506668	-0.003176885546875
3.000000000000000	0.448789457807816	0.244656719614559	-0.002021529241406
3.000000000000000	0.431683070287310	0.271645712281605	-0.000860625857048
3.000000000000000	0.412898690673204	0.297495941359933	0.000301150058004
3.000000000000000	0.392511957032373	0.322103317100721	0.001459120442182
3.000000000000000	0.370604959545819	0.345368754286882	0.002608622557447
3.000000000000000	0.347265909960482	0.367198571214258	0.003745027764490
3.000000000000000	0.322588786391669	0.387504866914779	0.004863760160631
3.000000000000000	0.296672954906355	0.406205875102641	0.005960315005359
3.000000000000000	0.269622769411100	0.423226293418276	0.007030276859337
3.000000000000000	0.241547151455701	0.438497586644376	0.008069337363815
3.000000000000000	0.212559151644546	0.451958262673029	0.009073312588872
3.000000000000000	0.182775494421745	0.463554120112728	0.010038159880622
3.000000000000000	0.152316108062975	0.473238466538249	0.010959994139560
3.000000000000000	0.121303641766653	0.480972306504568	0.011835103464480
3.000000000000000	0.089862971788898	0.486724498567749	0.012659964098995
3.000000000000000	0.058120698610921	0.490471880680554	0.013431254620459
3.000000000000000	0.026204637163573	0.492199363457832	0.014145869314164
3.000000000000000	-0.005756697838273	0.491899990936142	0.014800930678958
3.000000000000000	-0.037634609379119	0.489574968582966	0.015393801013925
3.000000000000000	-0.069300736360299	0.485233658442720	0.015922093039474
3.000000000000000	-0.100627570464822	0.478893541439099	0.016383679510078
3.000000000000000	-0.131488969588362	0.470580146985573	0.016776701779933
3.000000000000000	-0.161760665768985	0.460326950187444	0.017099577287072
3.000000000000000	-0.191320765570379	0.448175237049418	0.017351005925787
3.000000000000000	-0.220050240903697	0.434173938231429	0.017529975281687
3.000000000000000	-0.247833408311661	0.418379432022146	0.017635764708345
3.000000000000000	-0.274558394785014	0.400855317323502	0.017667948229075
3.000000000000000	-0.300117588235646	0.381672157560361	0.017626396252200
3.000000000000000	-0.324408070812489	0.360907196546512	0.017511276092864
3.000000000000000	-0.347332033315381	0.338644047451095	0.017323051299318
3.000000000000000	-0.368797169038193	0.314972356117877	0.017062479786373
3.000000000000000	-0.388717045455354	0.289987440093081	0.016730610783545


4.000000000000000	nan	nan	nan
4.000000000000000	nan	nan	nan
4.000000000000000	nan	nan	nan
4.000000000000000	nan	nan	nan
4.000000000000000	nan	nan	nan
4.000000000000000	nan	nan	nan
4.000000000000000	nan	nan	nan
4.000000000000000	nan	nan	nan
4.000000000000000	nan	nan	nan
4.000000000000000	nan	nan	nan
4.000000000000000	nan	nan	nan
4.000000000000000	nan	nan	nan
4.000000000000000	nan	nan	nan
4.000000000000000	nan	nan	nan
4.000000000000000	nan	nan	nan
4.000000000000000	nan	nan	nan
4.000000000000000	nan	nan	nan
4.000000000000000	nan	nan	nan
4.000000000000000	nan	nan	nan
4.000000000000000	nan	nan	nan
4.000000000000000	nan	nan	nan
4.000000000000000	nan	nan	nan
4.000000000000000	nan	nan	nan
4.000000000000000	nan	nan	nan
4.000000000000000	nan	nan	nan
4.000000000000000	nan	nan	nan
4.000000000000000	nan	nan	nan
4.000000000000000	nan	nan	nan
4.000000000000000	nan	nan	nan
4.000000000000000	nan	nan	nan
4.000000000000000	nan	nan	nan
4.000000000000000	nan	nan	nan
4.000000000000000	nan	nan	nan
4.000000000000000	nan	nan	nan
4.000000000000000	nan	nan	nan
4.000000000000000	nan	nan	nan
4.000000000000000	nan	nan	nan
4.000000000000000	nan	nan	nan
4.000000000000000	nan	nan	nan
4.000000000000000	nan	nan	nan
4.000000000000000	nan	nan	nan
4.000000000000000	nan	nan	nan
4.000000000000000	nan	nan	nan
4.000000000000000	nan	nan	nan
4.000000000000000	nan	nan	nan
4.000000000000000	nan	nan	nan
4.000000000000000	nan	nan	nan
4.000000000000000	nan	nan	nan
4.000000000000000	nan	nan	nan
4.000000000000000	nan	nan	nan
4.000000000000000	nan	nan	nan
4.000000000000000	nan	nan	nan
4.000000000000000	nan	nan	nan
4.000000000000000	nan	nan	nan
4.000000000000000	nan	nan	nan
4.000000000000000	nan	nan	nan
4.000000000000000	nan	nan	nan
4.000000000000000	nan	nan	nan
4.000000000000000	nan	nan	nan
4.000000000000000	nan	nan	nan
4.000000000000000	nan	nan	nan
4.000000000000000	nan	nan	nan
4.000000000000000	nan	nan	nan
4.000000000000000	nan	nan	nan
4.000000000000000	nan	nan	nan
4.000000000000000	nan	nan	nan
4.000000000000000	nan	nan	nan
4.000000000000000	nan	nan	nan
4.000000000000000	nan	nan	nan
4.000000000000000	nan	nan	nan
4.000000000000000	nan	nan	nan
4.000000000000000	nan	nan	nan
4.000000000000000	nan	nan	nan
4.000000000000000	nan	nan	nan
4.000000000000000	nan	nan	nan
4.000000000000000	nan	nan	nan
4.000000000000000	nan	nan	nan
4.000000000000000	nan	nan	nan
4.000000000000000	nan	nan	nan
4.000000000000000	nan	nan	nan
4.000000000000000	nan	nan	nan
4.000000000000000	nan	nan	nan
4.000000000000000	nan	nan	nan
4.000000000000000	nan	nan	nan
4.000000000000000	nan	nan	nan
4.000000000000000	nan	nan	nan
4.000000000000000	nan	nan	nan
4.000000000000000	nan	nan	nan
4.000000000000000	nan	nan	nan
4.000000000000000	nan	nan	nan
4.000000000000000	nan	nan	nan
4.000000000000000	nan	nan	nan
4.000000000000000	nan	nan	nan
4.000000000000000	nan	nan	nan
4.000000000000000	nan	nan	nan
4.000000000000000	nan	nan	nan
4.000000000000000	nan	nan	nan
4.000000000000000	nan	nan	nan
4.000000000000000	nan	nan	nan
4.000000000000000	nan	nan	nan


5.000000000000000	nan	nan	nan
5.000000000000000	nan	nan	nan
5.000000000000000	nan	nan	nan
5.000000000000000	nan	nan	nan
5.000000000000000	nan	nan	nan
5.000000000000000	nan	nan	nan
5.000000000000000	nan	nan	nan
5.000000000000000	nan	nan	nan
5.000000000000000	nan	nan	nan
5.000000000000000	nan	nan	nan
5.000000000000000	nan	nan	nan
5.000000000000000	nan	nan	nan
5.000000000000000	nan	nan	nan
5.000000000000000	nan	nan	nan
5.000000000000000	nan	nan	nan
5.000000000000000	nan	nan	nan
5.000000000000000	nan	nan	nan
5.000000000000000	nan	nan	nan
5.000000000000000	nan	nan	nan
5.000000000000000	nan	nan	nan
5.000000000000000	nan	nan	nan
5.000000000000000	nan	nan	nan
5.000000000000000	nan	nan	nan
5.000000000000000	nan	nan	nan
5.000000000000000	nan	nan	nan
5.000000000000000	nan	nan	nan
5.000000000000000	nan	nan	nan
5.000000000000000	nan	nan	nan
5.000000000000000	nan	nan	nan
5.000000000000000	nan	nan	nan
5.000000000000000	nan	nan	nan
5.000000000000000	nan	nan	nan
5.000000000000000	nan	nan	nan
5.000000000000000	nan	nan	nan
5.000000000000000	nan	nan	nan
5.000000000000000	nan	nan	nan
5.000000000000000	nan	nan	nan
5.000000000000000	nan	nan	nan
5.000000000000000	nan	nan	nan
5.000000000000000	nan	nan	nan
5.000000000000000	nan	nan	nan
5.000000000000000	nan	nan	nan
5.000000000000000	nan	nan	nan
5.000000000000000	nan	nan	nan
5.000000000000000	nan	nan	nan
5.000000000000000	nan	nan	nan
5.000000000000000	nan	nan	nan
5.000000000000000	nan	nan	nan
5.000000000000000	nan	nan	nan
5.000000000000000	nan	nan	nan
5.000000000000000	nan	nan	nan
5.000000000000000	nan	nan	nan
5.000000000000000	nan	nan	nan
5.000000000000000	nan	nan	nan
5.000000000000000	nan	nan	nan
5.000000000000000	nan	nan	nan
5.000000000000000	nan	nan	nan
5.000000000000000	nan	nan	nan
5.000000000000000	nan	nan	nan
5.000000000000000	nan	nan	nan
5.000000000000000	nan	nan	nan
5.000000000000000	nan	nan	nan
5.000000000000000	nan	nan	nan
5.000000000000000	nan	nan	nan
5.000000000000000	nan	nan	nan
5.000000000000000	nan	nan	nan
5.000000000000000	nan	nan	nan
5.000000000000000	nan	nan	nan
5.000000000000000	nan	nan	nan
5.000000000000000	nan	nan	nan
5.000000000000000	nan	nan	nan
5.000000000000000	nan	nan	nan
5.000000000000000	nan	nan	nan
5.000000000000000	nan	nan	nan
5.000000000000000	nan	nan	nan
5.000000000000000	nan	nan	nan
5.000000000000000	nan	nan	nan
5.000000000000000	nan	nan	nan
5.000000000000000	nan	nan	nan
5.000000000000000	nan	nan	nan
5.000000000000000	nan	nan	nan
5.000000000000000	nan	nan	nan
5.000000000000000	nan	nan	nan
5.000000000000000	nan	nan	nan
5.000000000000000	nan	nan	nan
5.000000000000000	nan	nan	nan
5.000000000000000	nan	nan	nan
5.000000000000000	nan	nan	nan
5.000000000000000	nan	nan	nan
5.000000000000000	nan	nan	nan
5.000000000000000	nan	nan	nan
5.000000000000000	nan	nan	nan
5.000000000000000	nan	nan	nan
5.000000000000000	nan	nan	nan
5.000000000000000	nan	nan	nan
5.000000000000000	nan	nan	nan
5.000000000000000	nan	nan	nan
5.000000000000000	nan	nan	nan
5.000000000000000	nan	nan	nan
5.000000000000000	nan	nan	nan


6.000000000000000	nan	nan	nan
6.000000000000000	nan	nan	nan
6.000000000000000	nan	nan	nan
6.000000000000000	nan	nan	nan
6.000000000000000	nan	nan	nan
6.000000000000000	nan	nan	nan
6.000000000000000	nan	nan	nan
6.000000000000000	nan	nan	nan
6.000000000000000	nan	nan	nan
6.000000000000000	nan	nan	nan
6.000000000000000	nan	nan	nan
6.000000000000000	nan	nan	nan
6.000000000000000	nan	nan	nan
6.000000000000000	nan	nan	nan
6.000000000000000	nan	nan	nan
6.000000000000000	nan	nan	nan
6.000000000000000	nan	nan	nan
6.000000000000000	nan	nan	nan
6.000000000000000	nan	nan	nan
6.000000000000000	nan	nan	nan
6.000000000000000	nan	nan	nan
6.000000000000000	nan	nan	nan
6.000000000000000	nan	nan	nan
6.000000000000000	nan	nan	nan
6.000000000000000	nan	nan	nan
6.000000000000000	nan	nan	nan
6.000000000000000	nan	nan	nan
6.000000000000000	nan	nan	nan
6.000000000000000	nan	nan	nan
6.000000000000000	nan	nan	nan
6.000000000000000	nan	nan	nan
6.000000000000000	nan	nan	nan
6.000000000000000	nan	nan	nan
6.000000000000000	nan	nan	nan
6.000000000000000	nan	nan	nan
6.000000000000000	nan	nan	nan
6.000000000000000	nan	nan	nan
6.000000000000000	nan	nan	nan
6.000000000000000	nan	nan	nan
6.000000000000000	nan	nan	nan
6.000000000000000	nan	nan	nan
6.000000000000000	nan	nan	nan
6.000000000000000	nan	nan	nan
6.000000000000000	nan	nan	nan
6.000000000000000	nan	nan	nan
6.000000000000000	nan	nan	nan
6.000000000000000	nan	nan	nan
6.000000000000000	nan	nan	nan
6.000000000000000	nan	nan	nan
6.000000000000000	nan	nan	nan
6.000000000000000	nan	nan	nan
6.000000000000000	nan	nan	nan
6.000000000000000	nan	nan	nan
6.000000000000000	nan	nan	nan
6.000000000000000	nan	nan	nan
6.000000000000000	nan	nan	nan
6.000000000000000	nan	nan	nan
6.000000000000000	nan	nan	nan
6.000000000000000	nan	nan	nan
6.000000000000000	nan	nan	nan
6.000000000000000	nan	nan	nan
6.000000000000000	nan	nan	nan
6.000000000000000	nan	nan	nan
6.000000000000000	nan	nan	nan
6.000000000000000	nan	nan	nan
6.000000000000000	nan	nan	nan
6.000000000000000	nan	nan	nan
6.000000000000000	nan	nan	nan
6.000000000000000	nan	nan	nan
6.000000000000000	nan	nan	nan
6.000000000000000	nan	nan	nan
6.000000000000000	nan	nan	nan
6.000000000000000	nan	nan	nan
6.000000000000000	nan	nan	nan
6.000000000000000	nan	nan	nan
6.000000000000000	nan	nan	nan
6.000000000000000	nan	nan	nan
6.000000000000000	nan	nan	nan
6.000000000000000	nan	nan	nan
6.000000000000000	nan	nan	nan
6.000000000000000	nan	nan	nan
6.000000000000000	nan	nan	nan
6.000000000000000	nan	nan	nan
6.000000000000000	nan	nan	nan
6.000000000000000	nan	nan	nan
6.000000000000000	nan	nan	nan
6.000000000000000	nan	nan	nan
6.000000000000000	nan	nan	nan
6.000000000000000	nan	nan	nan
6.000000000000000	nan	nan	nan
6.000000000000000	nan	nan	nan
6.000000000000000	nan	nan	nan
6.000000000000000	nan	nan	nan
6.000000000000000	nan	nan	nan
6.000000000000000	nan	nan	nan
6.000000000000000	nan	nan	nan
6.000000000000000	nan	nan	nan
6.000000000000000	nan	nan	nan
6.000000000000000	nan	nan	nan
6.000000000000000	nan	nan	nan


7.000000000000000	nan	nan	nan
7.000000000000000	nan	nan	nan
7.000000000000000	nan	nan	nan
7.000000000000000	nan	nan	nan
7.000000000000000	nan	nan	nan
7.000000000000000	nan	nan	nan
7.000000000000000	nan	nan	nan
7.000000000000000	nan	nan	nan
7.000000000000000	nan	nan	nan
7.000000000000000	nan	nan	nan
7.000000000000000	nan	nan	nan
7.000000000000000	nan	nan	nan
7.000000000000000	nan	nan	nan
7.000000000000000	nan	nan	nan
7.000000000000000	nan	nan	nan
7.000000000000000	nan	nan	nan
7.000000000000000	nan	nan	nan
7.000000000000000	nan	nan	nan
7.000000000000000	nan	nan	nan
7.000000000000000	nan	nan	nan
7.000000000000000	nan	nan	nan
7.000000000000000	nan	nan	nan
7.000000000000000	nan	nan	nan
7.000000000000000	nan	nan	nan
7.000000000000000	nan	nan	nan
7.000000000000000	nan	nan	nan
7.000000000000000	nan	nan	nan
7.000000000000000	nan	nan	nan
7.000000000000000	nan	nan	nan
7.000000000000000	nan	nan	nan
7.000000000000000	nan	nan	nan
7.000000000000000	nan	nan	nan
7.000000000000000	nan	nan	nan
7.000000000000000	nan	nan	nan
7.000000000000000	nan	nan	nan
7.000000000000000	nan	nan	nan
7.000000000000000	nan	nan	nan
7.000000000000000	nan	nan	nan
7.000000000000000	nan	nan	nan
7.000000000000000	nan	nan	nan
7.000000000000000	nan	nan	nan
7.000000000000000	nan	nan	nan
7.000000000000000	nan	nan	nan
7.000000000000000	nan	nan	nan
7.000000000000000	nan	nan	nan
7.000000000000000	nan	nan	nan
7.000000000000000	nan	nan	nan
7.000000000000000	nan	nan	nan
7.000000000000000	nan	nan	nan
7.000000000000000	nan	nan	nan
7.000000000000000	nan	nan	nan
7.000000000000000	nan	nan	nan
7.000000000000000	nan	nan	nan
7.000000000000000	nan	nan	nan
7.000000000000000	nan	nan	nan
7.000000000000000	nan	nan	nan
7.000000000000000	nan	nan	nan
7.000000000000000	nan	nan	nan
7.000000000000000	nan	nan	nan
7.000000000000000	nan	nan	nan
7.000000000000000	nan	nan	nan
7.000000000000000	nan	nan	nan
7.000000000000000	nan	nan	nan
7.000000000000000	nan	nan	nan
7.000000000000000	nan	nan	nan
7.000000000000000	nan	nan	nan
7.000000000000000	nan	nan	nan
7.000000000000000	nan	nan	nan
7.000000000000000	nan	nan	nan
7.000000000000000	nan	nan	nan
7.000000000000000	nan	nan	nan
7.000000000000000	nan	nan	nan
7.000000000000000	nan	nan	nan
7.000000000000000	nan	nan	nan
7.000000000000000	nan	nan	nan
7.000000000000000	nan	nan	nan
7.000000000000000	nan	nan	nan
7.000000000000000	nan	nan	nan
7.000000000000000	nan	nan	nan
7.000000000000000	nan	nan	nan
7.000000000000000	nan	nan	nan
7.000000000000000	nan	nan	nan
7.000000000000000	nan	nan	nan
7.000000000000000	nan	nan	nan
7.000000000000000	nan	nan	nan
7.000000000000000	nan	nan	nan
7.000000000000000	nan	nan	nan
7.000000000000000	nan	nan	nan
7.000000000000000	nan	nan	nan
7.000000000000000	nan	nan	nan
7.000000000000000	nan	nan	nan
7.000000000000000	nan	nan	nan
7.000000000000000	nan	nan	nan
7.000000000000000	nan	nan	nan
7.000000000000000	nan	nan	nan
7.000000000000000	nan	nan	nan
7.000000000000000	nan	nan	nan
7.000000000000000	nan	nan	nan
7.000000000000000	nan	nan	nan
7.000000000000000	nan	nan	nan


8.000000000000000	nan	nan	nan
8.000000000000000	nan	nan	nan
8.000000000000000	nan	nan	nan
8.000000000000000	nan	nan	nan
8.000000000000000	nan	nan	nan
8.000000000000000	nan	nan	nan
8.000000000000000	nan	nan	nan
8.000000000000000	nan	nan	nan
8.000000000000000	nan	nan	nan
8.000000000000000	nan	nan	nan
8.000000000000000	nan	nan	nan
8.000000000000000	nan	nan	nan
8.000000000000000	nan	nan	nan
8.000000000000000	nan	nan	nan
8.000000000000000	nan	nan	nan
8.000000000000000	nan	nan	nan
8.000000000000000	nan	nan	nan
8.000000000000000	nan	nan	nan
8.000000000000000	nan	nan	nan
8.000000000000000	nan	nan	nan
8.000000000000000	nan	nan	nan
8.000000000000000	nan	nan	nan
8.000000000000000	nan	nan	nan
8.000000000000000	nan	nan	nan
8.000000000000000	nan	nan	nan
8.000000000000000	nan	nan	nan
8.000000000000000	nan	nan	nan
8.000000000000000	nan	nan	nan
8.000000000000000	nan	nan	nan
8.000000000000000	nan	nan	nan
8.000000000000000	nan	nan	nan
8.000000000000000	nan	nan	nan
8.000000000000000	nan	nan	nan
8.000000000000000	nan	nan	nan
8.000000000000000	nan	nan	nan
8.000000000000000	nan	nan	nan
8.000000000000000	nan	nan	nan
8.000000000000000	nan	nan	nan
8.000000000000000	nan	nan	nan
8.000000000000000	nan	nan	nan
8.000000000000000	nan	nan	nan
8.000000000000000	nan	nan	nan
8.000000000000000	nan	nan	nan
8.000000000000000	nan	nan	nan
8.000000000000000	nan	nan	nan
8.000000000000000	nan	nan	nan
8.000000000000000	nan	nan	nan
8.000000000000000	nan	nan	nan
8.000000000000000	nan	nan	nan
8.000000000000000	nan	nan	nan
8.000000000000000	nan	nan	nan
8.000000000000000	nan	nan	nan
8.000000000000000	nan	nan	nan
8.000000000000000	nan	nan	nan
8.000000000000000	nan	nan	nan
8.000000000000000	nan	nan	nan
8.000000000000000	nan	nan	nan
8.000000000000000	nan	nan	nan
8.000000000000000	nan	nan	nan
8.000000000000000	nan	nan	nan
8.000000000000000	nan	nan	nan
8.000000000000000	nan	nan	nan
8.000000000000000	nan	nan	nan
8.000000000000000	nan	nan	nan
8.000000000000000	nan	nan	nan
8.000000000000000	nan	nan	nan
8.000000000000000	nan	nan	nan
8.000000000000000	nan	nan	nan
8.000000000000000	nan	nan	nan
8.000000000000000	nan	nan	nan
8.000000000000000	nan	nan	nan
8.000000000000000	nan	nan	nan
8.000000000000000	nan	nan	nan
8.000000000000000	nan	nan	nan
8.000000000000000	nan	nan	nan
8.000000000000000	nan	nan	nan
8.000000000000000	nan	nan	nan
8.000000000000000	nan	nan	nan
8.000000000000000	nan	nan	nan
8.000000000000000	nan	nan	nan
8.000000000000000	nan	nan	nan
8.000000000000000	nan	nan	nan
8.000000000000000	nan	nan	nan
8.000000000000000	nan	nan	nan
8.000000000000000	nan	nan	nan
8.000000000000000	nan	nan	nan
8.000000000000000	nan	nan	nan
8.000000000000000	nan	nan	nan
8.000000000000000	nan	nan	nan
8.000000000000000	nan	nan	nan
8.000000000000000	nan	nan	nan
8.000000000000000	nan	nan	nan
8.000000000000000	nan	nan	nan
8.000000000000000	nan	nan	nan
8.000000000000000	nan	nan	nan
8.000000000000000	nan	nan	nan
8.000000000000000	nan	nan	nan
8.000000000000000	nan	nan	nan
8.000000000000000	nan	nan	nan
8.000000000000000	nan	nan	nan


9.000000000000000	nan	nan	nan
9.000000000000000	nan	nan	nan
9.000000000000000	nan	nan	nan
9.000000000000000	nan	nan	nan
9.000000000000000	nan	nan	nan
9.000000000000000	nan	nan	nan
9.000000000000000	nan	nan	nan
9.000000000000000	nan	nan	nan
9.000000000000000	nan	nan	nan
9.000000000000000	nan	nan	nan
9.000000000000000	nan	nan	nan
9.000000000000000	nan	nan	nan
9.000000000000000	nan	nan	nan
9.000000000000000	nan	nan	nan
9.000000000000000	nan	nan	nan
9.000000000000000	nan	nan	nan
9.000000000000000	nan	nan	nan
9.000000000000000	nan	nan	nan
9.000000000000000	nan	nan	nan
9.000000000000000	nan	nan	nan
9.000000000000000	nan	nan	nan
9.000000000000000	nan	nan	nan
9.000000000000000	nan	nan	nan
9.000000000000000	nan	nan	nan
9.000000000000000	nan	nan	nan
9.000000000000000	nan	nan	nan
9.000000000000000	nan	nan	nan
9.000000000000000	nan	nan	nan
9.000000000000000	nan	nan	nan
9.000000000000000	nan	nan	nan
9.000000000000000	nan	nan	nan
9.000000000000000	nan	nan	nan
9.000000000000000	nan	nan	nan
9.000000000000000	nan	nan	nan
9.000000000000000	nan	nan	nan
9.000000000000000	nan	nan	nan
9.000000000000000	nan	nan	nan
9.000000000000000	nan	nan	nan
9.000000000000000	nan	nan	nan
9.000000000000000	nan	nan	nan
9.000000000000000	nan	nan	nan
9.000000000000000	nan	nan	nan
9.000000000000000	nan	nan	nan
9.000000000000000	nan	nan	nan
9.000000000000000	nan	nan	nan
9.000000000000000	nan	nan	nan
9.000000000000000	nan	nan	nan
9.000000000000000	nan	nan	nan
9.000000000000000	nan	nan	nan
9.000000000000000	nan	nan	nan
9.000000000000000	nan	nan	nan
9.000000000000000	nan	nan	nan
9.000000000000000	nan	nan	nan
9.000000000000000	nan	nan	nan
9.000000000000000	nan	nan	nan
9.000000000000000	nan	nan	nan
9.000000000000000	nan	nan	nan
9.000000000000000	nan	nan	nan
9.000000000000000	nan	nan	nan
9.000000000000000	nan	nan	nan
9.000000000000000	nan	nan	nan
9.000000000000000	nan	nan	nan
9.000000000000000	nan	nan	nan
9.000000000000000	nan	nan	nan
9.000000000000000	nan	nan	nan
9.000000000000000	nan	nan	nan
9.000000000000000	nan	nan	nan
9.000000000000000	nan	nan	nan
9.000000000000000	nan	nan	nan
9.000000000000000	nan	nan	nan
9.000000000000000	nan	nan	nan
9.000000000000000	nan	nan	nan
9.000000000000000	nan	nan	nan
9.000000000000000	nan	nan	nan
9.000000000000000	nan	nan	nan
9.000000000000000	nan	nan	nan
9.000000000000000	nan	nan	nan
9.000000000000000	nan	nan	nan
9.000000000000000	nan	nan	nan
9.000000000000000	nan	nan	nan
9.000000000000000	nan	nan	nan
9.000000000000000	nan	nan	nan
9.000000000000000	nan	nan	nan
9.000000000000000	nan	nan	nan
9.000000000000000	nan	nan	nan
9.000000000000000	nan	nan	nan
9.000000000000000	nan	nan	nan
9.000000000000000	nan	nan	nan
9.000000000000000	nan	nan	nan
9.000000000000000	nan	nan	nan
9.000000000000000	nan	nan	nan
9.000000000000000	nan	nan	nan
9.000000000000000	nan	nan	nan
9.000000000000000	nan	nan	nan
9.000000000000000	nan	nan	nan
9.000000000000000	nan	nan	nan
9.000000000000000	nan	nan	nan
9.000000000000000	nan	nan	nan
9.000000000000000	nan	nan	nan
9.000000000000000	nan	nan	nan


10.000000000000000	nan	nan	nan
10.000000000000000	nan	nan	nan
10.000000000000000	nan	nan	nan
10.000000000000000	nan	nan	nan
10.000000000000000	nan	nan	nan
10.000000000000000	nan	nan	nan
10.000000000000000	nan	nan	nan
10.000000000000000	nan	nan	nan
10.000000000000000	nan	nan	nan
10.000000000000000	nan	nan	nan
10.000000000000000	nan	nan	nan
10.000000000000000	nan	nan	nan
10.000000000000000	nan	nan	nan
10.000000000000000	nan	nan	nan
10.000000000000000	nan	nan	nan
10.000000000000000	nan	nan	nan
10.000000000000000	nan	nan	nan
10.000000000000000	nan	nan	nan
10.000000000000000	nan	nan	nan
10.000000000000000	nan	nan	nan
10.000000000000000	nan	nan	nan
10.000000000000000	nan	nan	nan
10.000000000000000	nan	nan	nan
10.000000000000000	nan	nan	nan
10.000000000000000	nan	nan	nan
10.000000000000000	nan	nan	nan
10.000000000000000	nan	nan	nan
10.000000000000000	nan	nan	nan
10.000000000000000	nan	nan	nan
10.000000000000000	nan	nan	nan
10.000000000000000	nan	nan	nan
10.000000000000000	nan	nan	nan
10.000000000000000	nan	nan	nan
10.000000000000000	nan	nan	nan
10.000000000000000	nan	nan	nan
10.000000000000000	nan	nan	nan
10.000000000000000	nan	nan	nan
10.000000000000000	nan	nan	nan
10.000000000000000	nan	nan	nan
10.000000000000000	nan	nan	nan
10.000000000000000	nan	nan	nan
10.000000000000000	nan	nan	nan
10.000000000000000	nan	nan	nan
10.000000000000000	nan	nan	nan
10.000000000000000	nan	nan	nan
10.000000000000000	nan	nan	nan
10.000000000000000	nan	nan	nan
10.000000000000000	nan	nan	nan
10.000000000000000	nan	nan	nan
10.000000000000000	nan	nan	nan
10.000000000000000	nan	nan	nan
10.000000000000000	nan	nan	nan
10.000000000000000	nan	nan	nan
10.000000000000000	nan	nan	nan
10.000000000000000	nan	nan	nan
10.000000000000000	nan	nan	nan
10.000000000000000	nan	nan	nan
10.000000000000000	nan	nan	nan
10.000000000000000	nan	nan	nan
10.000000000000000	nan	nan	nan
10.000000000000000	nan	nan	nan
10.000000000000000	nan	nan	nan
10.000000000000000	nan	nan	nan
10.000000000000000	nan	nan	nan
10.000000000000000	nan	nan	nan
10.000000000000000	nan	nan	nan
10.000000000000000	nan	nan	nan
10.000000000000000	nan	nan	nan
10.000000000000000	nan	nan	nan
10.000000000000000	nan	nan	nan
10.000000000000000	nan	nan	nan
10.000000000000000	nan	nan	nan
10.000000000000000	nan	nan	nan
10.000000000000000	nan	nan	nan
10.000000000000000	nan	nan	nan
10.000000000000000	nan	nan	nan
10.000000000000000	nan	nan	nan
10.000000000000000	nan	nan	nan
10.000000000000000	nan	nan	nan
10.000000000000000	nan	nan	nan
10.000000000000000	nan	nan	nan
10.000000000000000	nan	nan	nan
10.000000000000000	nan	nan	nan
10.000000000000000	nan	nan	nan
10.000000000000000	nan	nan	nan
10.000000000000000	nan	nan	nan
10.000000000000000	nan	nan	nan
10.000000000000000	nan	nan	nan
10.000000000000000	nan	nan	nan
10.000000000000000	nan	nan	nan
10.000000000000000	nan	nan	nan
10.000000000000000	nan	nan	nan
10.000000000000000	nan	nan	nan
10.000000000000000	nan	nan	nan
10.000000000000000	nan	nan	nan
10.000000000000000	nan	nan	nan
10.000000000000000	nan	nan	nan
10.000000000000000	nan	nan	nan
10.000000000000000	nan	nan	nan
10.000000000000000	nan	nan	nan


11.000000000000000	nan	nan	nan
11.000000000000000	nan	nan	nan
11.000000000000000	nan	nan	nan
11.000000000000000	nan	nan	nan
11.000000000000000	nan	nan	nan
11.000000000000000	nan	nan	nan
11.000000000000000	nan	nan	nan
11.000000000000000	nan	nan	nan
11.000000000000000	nan	nan	nan
11.000000000000000	nan	nan	nan
11.000000000000000	nan	nan	nan
11.000000000000000	nan	nan	nan
11.000000000000000	nan	nan	nan
11.000000000000000	nan	nan	nan
11.000000000000000	nan	nan	nan
11.000000000000000	nan	nan	nan
11.000000000000000	nan	nan	nan
11.000000000000000	nan	nan	nan
11.000000000000000	nan	nan	nan
11.000000000000000	nan	nan	nan
11.000000000000000	nan	nan	nan
11.000000000000000	nan	nan	nan
11.000000000000000	nan	nan	nan
11.000000000000000	nan	nan	nan
11.000000000000000	nan	nan	nan
11.000000000000000	nan	nan	nan
11.000000000000000	nan	nan	nan
11.000000000000000	nan	nan	nan
11.000000000000000	nan	nan	nan
11.000000000000000	nan	nan	nan
11.000000000000000	nan	nan	nan
11.000000000000000	nan	nan	nan
11.000000000000000	nan	nan	nan
11.000000000000000	nan	nan	nan
11.000000000000000	nan	nan	nan
11.000000000000000	nan	nan	nan
11.000000000000000	nan	nan	nan
11.000000000000000	nan	nan	nan
11.000000000000000	nan	nan	nan
11.000000000000000	nan	nan	nan
11.000000000000000	nan	nan	nan
11.000000000000000	nan	nan	nan
11.000000000000000	nan	nan	nan
11.000000000000000	nan	nan	nan
11.000000000000000	nan	nan	nan
11.000000000000000	nan	nan	nan
11.000000000000000	nan	nan	nan
11.000000000000000	nan	nan	nan
11.000000000000000	nan	nan	nan
11.000000000000000	nan	nan	nan
11.000000000000000	nan	nan	nan
11.000000000000000	nan	nan	nan
11.000000000000000	nan	nan	nan
11.000000000000000	nan	nan	nan
11.000000000000000	nan	nan	nan
11.000000000000000	nan	nan	nan
11.000000000000000	nan	nan	nan
11.000000000000000	nan	nan	nan
11.000000000000000	nan	nan	nan
11.000000000000000	nan	nan	nan
11.000000000000000	nan	nan	nan
11.000000000000000	nan	nan	nan
11.000000000000000	nan	nan	nan
11.000000000000000	nan	nan	nan
11.000000000000000	nan	nan	nan
11.000000000000000	nan	nan	nan
11.000000000000000	nan	nan	nan
11.000000000000000	nan	nan	nan
11.000000000000000	nan	nan	nan
11.000000000000000	nan	nan	nan
11.000000000000000	nan	nan	nan
11.000000000000000	nan	nan	nan
11.000000000000000	nan	nan	nan
11.000000000000000	nan	nan	nan
11.000000000000000	nan	nan	nan
11.000000000000000	nan	nan	nan
11.000000000000000	nan	nan	nan
11.000000000000000	nan	nan	nan
11.000000000000000	nan	nan	nan
11.000000000000000	nan	nan	nan
11.000000000000000	nan	nan	nan
11.000000000000000	nan	nan	nan
11.000000000000000	nan	nan	nan
11.000000000000000	nan	nan	nan
11.000000000000000	nan	nan	nan
11.000000000000000	nan	nan	nan
11.000000000000000	nan	nan	nan
11.000000000000000	nan	nan	nan
11.000000000000000	nan	nan	nan
11.000000000000000	nan	nan	nan
11.000000000000000	nan	nan	nan
11.000000000000000	nan	nan	nan
11.000000000000000	nan	nan	nan
11.000000000000000	nan	nan	nan
11.000000000000000	nan	nan	nan
11.000000000000000	nan	nan	nan
11.000000000000000	nan	nan	nan
11.000000000000000	nan	nan	nan
11.000000000000000	nan	nan	nan
11.000000000000000	nan	nan	nan


12.000000000000000	nan	nan	nan
12.000000000000000	nan	nan	nan
12.000000000000000	nan	nan	nan
12.000000000000000	nan	nan	nan
12.000000000000000	nan	nan	nan
12.000000000000000	nan	nan	nan
12.000000000000000	nan	nan	nan
12.000000000000000	nan	nan	nan
12.000000000000000	nan	nan	nan
12.000000000000000	nan	nan	nan
12.000000000000000	nan	nan	nan
12.000000000000000	nan	nan	nan
12.000000000000000	nan	nan	nan
12.000000000000000	nan	nan	nan
12.000000000000000	nan	nan	nan
12.000000000000000	nan	nan	nan
12.000000000000000	nan	nan	nan
12.000000000000000	nan	nan	nan
12.000000000000000	nan	nan	nan
12.000000000000000	nan	nan	nan
12.000000000000000	nan	nan	nan
12.000000000000000	nan	nan	nan
12.000000000000000	nan	nan	nan
12.000000000000000	nan	nan	nan
12.000000000000000	nan	nan	nan
12.000000000000000	nan	nan	nan
12.000000000000000	nan	nan	nan
12.000000000000000	nan	nan	nan
12.000000000000000	nan	nan	nan
12.000000000000000	nan	nan	nan
12.000000000000000	nan	nan	nan
12.000000000000000	nan	nan	nan
12.000000000000000	nan	nan	nan
12.000000000000000	nan	nan	nan
12.000000000000000	nan	nan	nan
12.000000000000000	nan	nan	nan
12.000000000000000	nan	nan	nan
12.000000000000000	nan	nan	nan
12.000000000000000	nan	nan	nan
12.000000000000000	nan	nan	nan
12.000000000000000	nan	nan	nan
12.000000000000000	nan	nan	nan
12.000000000000000	nan	nan	nan
12.000000000000000	nan	nan	nan
12.000000000000000	nan	nan	nan
12.000000000000000	nan	nan	nan
12.000000000000000	nan	nan	nan
12.000000000000000	nan	nan	nan
12.000000000000000	nan	nan	nan
12.000000000000000	nan	nan	nan
12.000000000000000	nan	nan	nan
12.000000000000000	nan	nan	nan
12.000000000000000	nan	nan	nan
12.000000000000000	nan	nan	nan
12.000000000000000	nan	nan	nan
12.000000000000000	nan	nan	nan
12.000000000000000	nan	nan	nan
12.000000000000000	nan	nan	nan
12.000000000000000	nan	nan	nan
12.000000000000000	nan	nan	nan
12.000000000000000	nan	nan	nan
12.000000000000000	nan	nan	nan
12.000000000000000	nan	nan	nan
12.000000000000000	nan	nan	nan
12.000000000000000	nan	nan	nan
12.000000000000000	nan	nan	nan
12.000000000000000	nan	nan	nan
12.000000000000000	nan	nan	nan
12.000000000000000	nan	nan	nan
12.000000000000000	nan	nan	nan
12.000000000000000	nan	nan	nan
12.000000000000000	nan	nan	nan
12.000000000000000	nan	nan	nan
12.000000000000000	nan	nan	nan
12.000000000000000	nan	nan	nan
12.000000000000000	nan	nan	nan
12.000000000000000	nan	nan	nan
12.000000000000000	nan	nan	nan
12.000000000000000	nan	nan	nan
12.000000000000000	nan	nan	nan
12.000000000000000	nan	nan	nan
12.000000000000000	nan	nan	nan
12.000000000000000	nan	nan	nan
12.000000000000000	nan	nan	nan
12.000000000000000	nan	nan	nan
12.000000000000000	nan	nan	nan
12.000000000000000	nan	nan	nan
12.000000000000000	nan	nan	nan
12.000000000000000	nan	nan	nan
12.000000000000000	nan	nan	nan
12.000000000000000	nan	nan	nan
12.000000000000000	nan	nan	nan
12.000000000000000	nan	nan	nan
12.000000000000000	nan	nan	nan
12.000000000000000	nan	nan	nan
12.000000000000000	nan	nan	nan
12.000000000000000	nan	nan	nan
12.000000000000000	nan	nan	nan
12.000000000000000	nan	nan	nan
12.000000000000000	nan	nan	nan


13.000000000000000	nan	nan	nan
13.000000000000000	nan	nan	nan
13.000000000000000	nan	nan	nan
13.000000000000000	nan	nan	nan
13.000000000000000	nan	nan	nan
13.000000000000000	nan	nan	nan
13.000000000000000	nan	nan	nan
13.000000000000000	nan	nan	nan
13.000000000000000	nan	nan	nan
13.000000000000000	nan	nan	nan
13.000000000000000	nan	nan	nan
13.000000000000000	nan	nan	nan
13.000000000000000	nan	nan	nan
13.000000000000000	nan	nan	nan
13.000000000000000	nan	nan	nan
13.000000000000000	nan	nan	nan
13.000000000000000	nan	nan	nan
13.000000000000000	nan	nan	nan
13.000000000000000	nan	nan	nan
13.000000000000000	nan	nan	nan
13.000000000000000	nan	nan	nan
13.000000000000000	nan	nan	nan
13.000000000000000	nan	nan	nan
13.000000000000000	nan	nan	nan
13.000000000000000	nan	nan	nan
13.000000000000000	nan	nan	nan
13.000000000000000	nan	nan	nan
13.000000000000000	nan	nan	nan
13.000000000000000	nan	nan	nan
13.000000000000000	nan	nan	nan
13.000000000000000	nan	nan	nan
13.000000000000000	nan	nan	nan
13.000000000000000	nan	nan	nan
13.000000000000000	nan	nan	nan
13.000000000000000	nan	nan	nan
13.000000000000000	nan	nan	nan
13.000000000000000	nan	nan	nan
13.000000000000000	nan	nan	nan
13.000000000000000	nan	nan	nan
13.000000000000000	nan	nan	nan
13.000000000000000	nan	nan	nan
13.000000000000000	nan	nan	nan
13.000000000000000	nan	nan	nan
13.000000000000000	nan	nan	nan
13.000000000000000	nan	nan	nan
13.000000000000000	nan	nan	nan
13.000000000000000	nan	nan	nan
13.000000000000000	nan	nan	nan
13.000000000000000	nan	nan	nan
13.000000000000000	nan	nan	nan
13.000000000000000	nan	nan	nan
13.000000000000000	nan	nan	nan
13.000000000000000	nan	nan	nan
13.000000000000000	nan	nan	nan
13.000000000000000	nan	nan	nan
13.000000000000000	nan	nan	nan
13.000000000000000	nan	nan	nan
13.000000000000000	nan	nan	nan
13.000000000000000	nan	nan	nan
13.000000000000000	nan	nan	nan
13.000000000000000	nan	nan	nan
13.000000000000000	nan	nan	nan
13.000000000000000	nan	nan	nan
13.000000000000000	nan	nan	nan
13.000000000000000	nan	nan	nan
13.000000000000000	nan	nan	nan
13.000000000000000	nan	nan	nan
13.000000000000000	nan	nan	nan
13.000000000000000	nan	nan	nan
13.000000000000000	nan	nan	nan
13.000000000000000	nan	nan	nan
13.000000000000000	nan	nan	nan
13.000000000000000	nan	nan	nan
13.000000000000000	nan	nan	nan
13.000000000000000	nan	nan	nan
13.000000000000000	nan	nan	nan
13.000000000000000	nan	nan	nan
13.000000000000000	nan	nan	nan
13.000000000000000	nan	nan	nan
13.000000000000000	nan	nan	nan
13.000000000000000	nan	nan	nan
13.000000000000000	nan	nan	nan
13.000000000000000	nan	nan	nan
13.000000000000000	nan	nan	nan
13.000000000000000	nan	nan	nan
13.000000000000000	nan	nan	nan
13.000000000000000	nan	nan	nan
13.000000000000000	nan	nan	nan
13.000000000000000	nan	nan	nan
13.000000000000000	nan	nan	nan
13.000000000000000	nan	nan	nan
13.000000000000000	nan	nan	nan
13.000000000000000	nan	nan	nan
13.000000000000000	nan	nan	nan
13.000000000000000	nan	nan	nan
13.000000000000000	nan	nan	nan
13.000000000000000	nan	nan	nan
13.000000000000000	nan	nan	nan
13.000000000000000	nan	nan	nan
13.000000000000000	nan	nan	nan


14.000000000000000	nan	nan	nan
14.000000000000000	nan	nan	nan
14.000000000000000	nan	nan	nan
14.000000000000000	nan	nan	nan
14.000000000000000	nan	nan	nan
14.000000000000000	nan	nan	nan
14.000000000000000	nan	nan	nan
14.000000000000000	nan	nan	nan
14.000000000000000	nan	nan	nan
14.000000000000000	nan	nan	nan
14.000000000000000	nan	nan	nan
14.000000000000000	nan	nan	nan
14.000000000000000	nan	nan	nan
14.000000000000000	nan	nan	nan
14.000000000000000	nan	nan	nan
14.000000000000000	nan	nan	nan
14.000000000000000	nan	nan	nan
14.000000000000000	nan	nan	nan
14.000000000000000	nan	nan	nan
14.000000000000000	nan	nan	nan
14.000000000000000	nan	nan	nan
14.000000000000000	nan	nan	nan
14.000000000000000	nan	nan	nan
14.000000000000000	nan	nan	nan
14.000000000000000	nan	nan	nan
14.000000000000000	nan	nan	nan
14.000000000000000	nan	nan	nan
14.000000000000000	nan	nan	nan
14.000000000000000	nan	nan	nan
14.000000000000000	nan	nan	nan
14.000000000000000	nan	nan	nan
14.000000000000000	nan	nan	nan
14.000000000000000	nan	nan	nan
14.000000000000000	nan	nan	nan
14.000000000000000	nan	nan	nan
14.000000000000000	nan	nan	nan
14.000000000000000	nan	nan	nan
14.000000000000000	nan	nan	nan
14.000000000000000	nan	nan	nan
14.000000000000000	nan	nan	nan
14.000000000000000	nan	nan	nan
14.000000000000000	nan	nan	nan
14.000000000000000	nan	nan	nan
14.000000000000000	nan	nan	nan
14.000000000000000	nan	nan	nan
14.000000000000000	nan	nan	nan
14.000000000000000	nan	nan	nan
14.000000000000000	nan	nan	nan
14.000000000000000	nan	nan	nan
14.000000000000000	nan	nan	nan
14.000000000000000	nan	nan	nan
14.000000000000000	nan	nan	nan
14.000000000000000	nan	nan	nan
14.000000000000000	nan	nan	nan
14.000000000000000	nan	nan	nan
14.000000000000000	nan	nan	nan
14.000000000000000	nan	nan	nan
14.000000000000000	nan	nan	nan
14.000000000000000	nan	nan	nan
14.000000000000000	nan	nan	nan
14.000000000000000	nan	nan	nan
14.000000000000000	nan	nan	nan
14.000000000000000	nan	nan	nan
14.000000000000000	nan	nan	nan
14.000000000000000	nan	nan	nan
14.000000000000000	nan	nan	nan
14.000000000000000	nan	nan	nan
14.000000000000000	nan	nan	nan
14.000000000000000	nan	nan	nan
14.000000000000000	nan	nan	nan
14.000000000000000	nan	nan	nan
14.000000000000000	nan	nan	nan
14.000000000000000	nan	nan	nan
14.000000000000000	nan	nan	nan
14.000000000000000	nan	nan	nan
14.000000000000000	nan	nan	nan
14.000000000000000	nan	nan	nan
14.000000000000000	nan	nan	nan
14.000000000000000	nan	nan	nan
14.000000000000000	nan	nan	nan
14.000000000000000	nan	nan	nan
14.000000000000000	nan	nan	nan
14.000000000000000	nan	nan	nan
14.000000000000000	nan	nan	nan
14.000000000000000	nan	nan	nan
14.000000000000000	nan	nan	nan
14.000000000000000	nan	nan	nan
14.000000000000000	nan	nan	nan
14.000000000000000	nan	nan	nan
14.000000000000000	nan	nan	nan
14.000000000000000	nan	nan	nan
14.000000000000000	nan	nan	nan
14.000000000000000	nan	nan	nan
14.000000000000000	nan	nan	nan
14.000000000000000	nan	nan	nan
14.000000000000000	nan	nan	nan
14.000000000000000	nan	nan	nan
14.000000000000000	nan	nan	nan
14.000000000000000	nan	nan	nan
14.000000000000000	nan	nan	nan


15.000000000000000	-1.240131442593433	0.815996335426403	-0.096795557455355
15.000000000000000	-1.294662885744541	0.727224268499752	-0.095449102131607
15.000000000000000	-1.343436433647758	0.635165488527693	-0.093675788185138
15.000000000000000	-1.386255692439995	0.540190683725600	-0.091482756125330
15.000000000000000	-1.422948244078887	0.442682284111645	-0.088878836518271
15.000000000000000	-1.453366340609392	0.343032921596093	-0.085874514429181
15.000000000000000	-1.477387499092660	0.241643848991172	-0.082481887202757
15.000000000000000	-1.494914994801595	0.138923324307620	-0.078714615751431
15.000000000000000	-1.505878250697200	0.035284966843768	-0.074587869547705
15.000000000000000	-1.510233121617394	-0.068853908313387	-0.070118265542031
15.000000000000000	-1.507962072034007	-0.173073970668757	-0.065323801252220
15.000000000000000	-1.499074246662159	-0.276955562815057	-0.060223782293792
15.000000000000000	-1.483605433637719	-0.380080390245075	-0.054838744643073
15.000000000000000	-1.461617920411116	-0.482033205676015	-0.049190371946066
15.000000000000000	-1.433200242937757	-0.582403481103748	-0.043301408206064
15.000000000000000	-1.398466829174985	-0.680787060854190	-0.037195566201576
15.000000000000000	-1.357557538321081	-0.776787788975558	-0.030897432003333
15.000000000000000	-1.310637097651635	-0.870019104418564	-0.024432365974867
15.000000000000000	-1.257894439220945	-0.960105597581332	-0.017826400655267
15.000000000000000	-1.199541939099319	-1.046684521951363	-0.011106135935343
15.000000000000000	-1.135814562209595	-1.129407254757709	-0.004298631949245
15.000000000000000	-1.066968916206327	-1.207940700751832	0.002568699887140
15.000000000000000	-0.993282218207330	-1.281968633464606	0.009468207252290
15.000000000000000	-0.915051178538184	-1.351192968538692	0.016372108265182
15.000000000000000	-0.832590805984479	-1.415334964009046	0.023252603353127
15.000000000000000	-0.746233139362614	-1.474136342698426	0.030081987190835
15.000000000000000	-0.656325910516674	-1.527360332208429	0.036832760259977
15.000000000000000	-0.563231144125027	-1.574792618318375	0.043477739580049
15.000000000000000	-0.467323699954714	-1.616242207953029	0.049990168164633
15.000000000000000	-0.368989763433473	-1.651542198244306	0.056343822762340
15.000000000000000	-0.268625290617326	-1.680550448590215	0.062513119448586
15.000000000000000	-0.166634413815288	-1.703150153004894	0.068473216643033
15.000000000000000	-0.063427814291196	-1.719250310455090	0.074200115137856
15.000000000000000	0.040578931404792	-1.728786091289201	0.079670754734091
15.000000000000000	0.144967024816291	-1.731719098283403	0.084863107096911
15.000000000000000	0.249316131934261	-1.728037521253718	0.089756264455960
15.000000000000000	0.353206075733704	-1.717756184611452	0.094330523793563
15.000000000000000	0.456218528078249	-1.700916487670532	0.098567466181822
15.000000000000000	0.557938694179906	-1.677586237947072	0.102450030949143
15.000000000000000	0.657956982831285	-1.647859378122443	0.105962584377536
15.000000000000000	0.755870655684816	-1.611855607769248	0.109090982654077
15.000000000000000	0.851285448937940	-1.569719901363392	0.111822628823056
15.000000000000000	0.943817160894283	-1.521621924523039	0.114146523509468
15.000000000000000	1.033093199008288	-1.467755350825042	0.116053309209615
15.000000000000000	1.118754080183891	-1.408337081949812	0.117535307970470
15.000000000000000	1.200454878286073	-1.343606374294800	0.118586552306085
15.000000000000000	1.277866613036663	-1.273823875573436	0.119202809226552
15.000000000000000	1.350677574701811	-1.199270575278770	0.119381597282756
15.000000000000000	1.418594579237066	-1.120246673237968	0.119122196558296
15.000000000000000	1.481344148836047	-1.037070370813553	0.118425651568336
15.000000000000000	1.538673613129050	-0.950076589618830	0.117294767053709
15.000000000000000	1.590352126597444	-0.859615622906760	0.115734096687218
15.000000000000000	1.636171598107100	-0.766051725062655	0.113749924737598
15.000000000000000	1.675947528817947	-0.669761644880340	0.111350240764991
15.000000000000000	1.709519755095679	-0.571133108527724	0.108544707449799
15.000000000000000	1.736753093434183	-0.470563258310374	0.105344621684489
15.000000000000000	1.757537884791808	-0.368457053519611	0.101762869084986
15.000000000000000	1.771790436149618	-0.265225639804380	0.097813872104852
15.000000000000000	1.779453357513645	-0.161284693632827	0.093513531961151
15.000000000000000	1.780495793004136	-0.057052748509878	0.088879164605865
15.000000000000000	1.774913545101293	0.047050490309477	0.083929431000661
15.000000000000000	1.762729091547201	0.150605835825097	0.078684261975790
15.000000000000000	1.743991494835894	0.253196307209807	0.073164777975666
15.000000000000000	1.718776204656011	0.354408808844008	0.067393204014290
15.000000000000000	1.687184754081528	0.453835793705942	0.061392780182963
15.000000000000000	1.649344350733902	0.551076904419703	0.055187668070641
15.000000000000000	1.605407364561878	0.645740585353092	0.048802853473746
15.000000000000000	1.555550714301488	0.737445659273945	0.042264045787178
15.000000000000000	1.499975155086734	0.825822862216318	0.035597574481660
15.000000000000000	1.438904470079528	0.910516330376146	0.028830283084250
15.000000000000000	1.372584569373875	0.991185033049181	0.021989421088932
15.000000000000000	1.301282499802723	1.067504145841273	0.015102534232520
15.000000000000000	1.225285369634612	1.139166358621564	0.008197353577703
15.000000000000000	1.144899192490017	1.205883112951921	0.001301683849837
15.000000000000000	1.060447655132497	1.267385764009918	-0.005556708522869
15.000000000000000	0.972270814096348	1.323426662326720	-0.012350207214955
15.000000000000000	0.880723726398957	1.373780150984092	-0.019051457204912
15.000000000000000	0.786175019851506	1.418243474255162	-0.025633474924195
15.000000000000000	0.689005408724883	1.456637594030169	-0.032069756910530
15.000000000000000	0.589606160747690	1.488807910739745	-0.038334386528004
15.000000000000000	0.488377521609183	1.514624885872812	-0.044402138324209
15.000000000000000	0.385727103311156	1.533984563582452	-0.050248579604238
15.000000000000000	0.282068242858271	1.546808989279404	-0.055850168812520
15.000000000000000	0.177818337895823	1.553046523527688	-0.061184350326360
15.000000000000000	0.073397165996739	1.552672049978386	-0.066229645279468
15.000000000000000	-0.030774805634545	1.545687076504311	-0.070965738049773
15.000000000000000	-0.134278113235116	1.532119729128342	-0.075373558063263
15.000000000000000	-0.236695985516114	1.512024638769851	-0.079435356584457
15.000000000000000	-0.337616021853615	1.485482721265274	-0.083134778184296
15.000000000000000	-0.436631852880387	1.452600851548597	-0.086456926597686
15.000000000000000	-0.533344776791902	1.413511433303720	-0.089388424705497
15.000000000000000	-0.627365364777793	1.368371865821547	-0.091917468399504
15.000000000000000	-0.718315029114224	1.317363910208600	-0.094033874113360
15.000000000000000	-0.805827547603029	1.260692957499192	-0.095729119828228
15.000000000000000	-0.889550538219250	1.198587201618226	-0.096996379387941
15.000000000000000	-0.969146878029183	1.131296720524792	-0.097830549985524
15.000000000000000	-1.044296060665449	1.059092469236499	-0.098228272710394
15.000000000000000	-1.114695486893003	0.982265188789245	-0.098187946073514
15.000000000000000	-1.180061683069468	0.901124235525680	-0.097709732456015
15.000000000000000	-1.240131442593432	0.815996335426404	-0.096795557455355


16.000000000000000	nan	nan	nan
16.000000000000000	nan	nan	nan
16.000000000000000	nan	nan	nan
16.000000000000000	nan	nan	nan
16.000000000000000	nan	nan	nan
16.000000000000000	nan	nan	nan
16.000000000000000	nan	nan	nan
16.000000000000000	nan	nan	nan
16.000000000000000	nan	nan	nan
16.000000000000000	nan	nan	nan
16.000000000000000	nan	nan	nan
16.000000000000000	nan	nan	nan
16.000000000000000	nan	nan	nan
16.000000000000000	nan	nan	nan
16.000000000000000	nan	nan	nan
16.000000000000000	nan	nan	nan
16.000000000000000	nan	nan	nan
16.000000000000000	nan	nan	nan
16.000000000000000	nan	nan	nan
16.000000000000000	nan	nan	nan
16.000000000000000	nan	nan	nan
16.000000000000000	nan	nan	nan
16.000000000000000	nan	nan	nan
16.000000000000000	nan	nan	nan
16.000000000000000	nan	nan	nan
16.000000000000000	nan	nan	nan
16.000000000000000	nan	nan	nan
16.000000000000000	nan	nan	nan
16.000000000000000	nan	nan	nan
16.000000000000000	nan	nan	nan
16.000000000000000	nan	nan	nan
16.000000000000000	nan	nan	nan
16.000000000000000	nan	nan	nan
16.000000000000000	nan	nan	nan
16.000000000000000	nan	nan	nan
16.000000000000000	nan	nan	nan
16.000000000000000	nan	nan	nan
16.000000000000000	nan	nan	nan
16.000000000000000	nan	nan	nan
16.000000000000000	nan	nan	nan
16.000000000000000	nan	nan	nan
16.000000000000000	nan	nan	nan
16.000000000000000	nan	nan	nan
16.000000000000000	nan	nan	nan
16.000000000000000	nan	nan	nan
16.000000000000000	nan	nan	nan
16.000000000000000	nan	nan	nan
16.000000000000000	nan	nan	nan
16.000000000000000	nan	nan	nan
16.000000000000000	nan	nan	nan
16.000000000000000	nan	nan	nan
16.000000000000000	nan	nan	nan
16.000000000000000	nan	nan	nan
16.000000000000000	nan	nan	nan
16.000000000000000	nan	nan	nan
16.000000000000000	nan	nan	nan
16.000000000000000	nan	nan	nan
16.000000000000000	nan	nan	nan
16.000000000000000	nan	nan	nan
16.000000000000000	nan	nan	nan
16.000000000000000	nan	nan	nan
16.000000000000000	nan	nan	nan
16.000000000000000	nan	nan	nan
16.000000000000000	nan	nan	nan
16.000000000000000	nan	nan	nan
16.000000000000000	nan	nan	nan
16.000000000000000	nan	nan	nan
16.000000000000000	nan	nan	nan
16.000000000000000	nan	nan	nan
16.000000000000000	nan	nan	nan
16.000000000000000	nan	nan	nan
16.000000000000000	nan	nan	nan
16.000000000000000	nan	nan	nan
16.000000000000000	nan	nan	nan
16.000000000000000	nan	nan	nan
16.000000000000000	nan	nan	nan
16.000000000000000	nan	nan	nan
16.000000000000000	nan	nan	nan
16.000000000000000	nan	nan	nan
16.000000000000000	nan	nan	nan
16.000000000000000	nan	nan	nan
16.000000000000000	nan	nan	nan
16.000000000000000	nan	nan	nan
16.000000000000000	nan	nan	nan
16.000000000000000	nan	nan	nan
16.000000000000000	nan	nan	nan
16.000000000000000	nan	nan	nan
16.000000000000000	nan	nan	nan
16.000000000000000	nan	nan	nan
16.000000000000000	nan	nan	nan
16.000000000000000	nan	nan	nan
16.000000000000000	nan	nan	nan
16.000000000000000	nan	nan	nan
16.000000000000000	nan	nan	nan
16.000000000000000	nan	nan	nan
16.000000000000000	nan	nan	nan
16.000000000000000	nan	nan	nan
16.000000000000000	nan	nan	nan
16.000000000000000	nan	nan	nan
16.000000000000000	nan	nan	nan


