# n	x	y	z
1.000000000000000	0.807034107718614	-0.618094627772886	-0.002303317656551
1.000000000000000	0.848735764563539	-0.559884733035884	-0.003280212430357
1.000000000000000	0.886642105724125	-0.499131062513245	-0.004242820810103
1.000000000000000	0.920600495743323	-0.436078249793534	-0.005187266711591
1.000000000000000	0.950474196169929	-0.370980186299477	-0.006109747184512
1.000000000000000	0.976142916156062	-0.304098998956807	-0.007006547725585
1.000000000000000	0.997503296825951	-0.235703994701657	-0.007874057235551
1.000000000000000	1.014469327465653	-0.166070576076570	-0.008708782559796
1.000000000000000	1.026972691857837	-0.095479132281669	-0.009507362554051
1.000000000000000	1.034963043367078	-0.024213910146306	-0.010266581618531
1.000000000000000	1.038408207667995	0.047438130432598	-0.010983382646027
1.000000000000000	1.037294312299898	0.119188471976770	-0.011654879331790
1.000000000000000	1.031625842526290	0.190748201184650	-0.012278367795669
1.000000000000000	1.021425623274300	0.261829172283276	-0.012851337469674
1.000000000000000	1.006734727226750	0.332145167289622	-0.013371481207156
1.000000000000000	0.987612309436965	0.401413048509389	-0.013836704572864
1.000000000000000	0.964135369132245	0.469353898632572	-0.014245134276503
1.000000000000000	0.936398439665159	0.535694143835024	-0.014595125715809
1.000000000000000	0.904513207861092	0.600166655363691	-0.014885269598783
1.000000000000000	0.868608064294828	0.662511825169819	-0.015114397618413
1.000000000000000	0.828827586307009	0.722478611258938	-0.015281587157033
1.000000000000000	0.785331955842222	0.779825548548370	-0.015386165001379
1.000000000000000	0.738296314452837	0.834321721161894	-0.015427710053383
1.000000000000000	0.687910058065791	0.885747692246482	-0.015406055025783
1.000000000000000	0.634376074352040	0.933896387567050	-0.015321287115733
1.000000000000000	0.577909925769514	0.978573929321325	-0.015173747653687
1.000000000000000	0.518738981569179	1.019600416817324	-0.014964030728986
1.000000000000000	0.457101502259313	1.056810650869941	-0.014692980797668
1.000000000000000	0.393245680214534	1.090054798999768	-0.014361689282141
1.000000000000000	0.327428640292702	1.119198998755601	-0.013971490176410
1.000000000000000	0.259915404483866	1.144125896731287	-0.013523954674556
1.000000000000000	0.190977824760254	1.164735121106471	-0.013020884844090
1.000000000000000	0.120893488424324	1.180943685808492	-0.012464306369664
1.000000000000000	0.049944600362670	1.192686324668006	-0.011856460396354
1.000000000000000	-0.021583153293452	1.199915754222817	-0.011199794505359
1.000000000000000	-0.093401755525343	1.202602864111690	-0.010496952858455
1.000000000000000	-0.165222018169742	1.200736834291502	-0.009750765550891
1.000000000000000	-0.236754746377497	1.194325178605734	-0.008964237215592
1.000000000000000	-0.307711903099144	1.183393714528880	-0.008140534924565
1.000000000000000	-0.377807768908452	1.167986459208585	-0.007282975436215
1.000000000000000	-0.446760092493705	1.148165452224128	-0.006395011839931
1.000000000000000	-0.514291227184120	1.124010505774936	-0.005480219651714
1.000000000000000	-0.580129248934991	1.095618883305021	-0.004542282416836
1.000000000000000	-0.644009051269846	1.063104907857424	-0.003584976877503
1.000000000000000	-0.705673412770661	1.026599501735666	-0.002612157765246
1.000000000000000	-0.764874032817725	0.986249659325845	-0.001627742279280
1.000000000000000	-0.821372531408599	0.942217855202120	-0.000635694313324
1.000000000000000	-0.874941409030249	0.894681389898945	0.000359991505600
1.000000000000000	-0.925364962719295	0.843831675984398	0.001355305902122
1.000000000000000	-0.972440154621710	0.789873467309323	0.002346241096455
1.000000000000000	-1.015977429554598	0.733024034535841	0.003328806942317
1.000000000000000	-1.055801478278016	0.673512290265077	0.004299046993837
1.000000000000000	-1.091751943403403	0.611577867286910	0.005253054436767
1.000000000000000	-1.123684065096193	0.547470153663306	0.006186987819847
1.000000000000000	-1.151469263972572	0.481447288530607	0.007097086522968
1.000000000000000	-1.174995658843276	0.413775122664346	0.007979685899867
1.000000000000000	-1.194168517219658	0.344726147991995	0.008831232034360
1.000000000000000	-1.208910636767975	0.274578400364156	0.009648296050712
1.000000000000000	-1.219162656175946	0.203614340002314	0.010427587920507
1.000000000000000	-1.224883294179802	0.132119714131225	0.011165969710431
1.000000000000000	-1.226049515789364	0.060382406375688	0.011860468217624
1.000000000000000	-1.222656625041821	-0.011308722445201	0.012508286941716
1.000000000000000	-1.214718283910714	-0.082664997458617	0.013106817345349
1.000000000000000	-1.202266457293991	-0.153399092129834	0.013653649357834
1.000000000000000	-1.185351284302642	-0.223226185224770	0.014146581079659
1.000000000000000	-1.164040876368197	-0.291865107684567	0.014583627648757
1.000000000000000	-1.138421042982034	-0.359039474794160	0.014963029232847
1.000000000000000	-1.108594946170838	-0.424478799085974	0.015283258115657
1.000000000000000	-1.074682685099533	-0.487919579497486	0.015543024848499
1.000000000000000	-1.036820812474332	-0.549106362397008	0.015741283442423
1.000000000000000	-0.995161784693183	-0.607792770205299	0.015877235580046
1.000000000000000	-0.949873347957669	-0.663742493471114	0.015950333830092
1.000000000000000	-0.901137862818251	-0.716730242405969	0.015960283851708
1.000000000000000	-0.849151569872699	-0.766542654046599	0.015907045579669
1.000000000000000	-0.794123799574467	-0.812979151392308	0.015790833385706
1.000000000000000	-0.736276129332839	-0.855852751057757	0.015612115215309
1.000000000000000	-0.675841491298901	-0.894990816189062	0.015371610703471
1.000000000000000	-0.613063234429988	-0.930235751611477	0.015070288276977
1.000000000000000	-0.548194144609316	-0.961445638409536	0.014709361254890
1.000000000000000	-0.481495426766452	-0.988494805384437	0.014290282962940
1.000000000000000	-0.413235653097253	-1.011274335087609	0.013814740881497
1.000000000000000	-0.343689681618421	-1.029692502392829	0.013284649850684
1.000000000000000	-0.273137549411287	-1.043675143840936	0.012702144359990
1.000000000000000	-0.201863345011311	-1.053165956269905	0.012069569953434
1.000000000000000	-0.130154064483828	-1.058126723527809	0.011389473784888
1.000000000000000	-0.058298455792175	-1.058537470355771	0.010664594361587
1.000000000000000	0.013414143888433	-1.054396542821285	0.009897850517127
1.000000000000000	0.084694973229598	-1.045720614978018	0.009092329658353
1.000000000000000	0.155257009489688	-1.032544621725282	0.008251275333458
1.000000000000000	0.224816124253116	-1.014921618137518	0.007378074171365
1.000000000000000	0.293092227515184	-0.992922565830247	0.006476242244962
1.000000000000000	0.359810395505681	-0.966636047222681	0.005549410913121
1.000000000000000	0.424701977709871	-0.936167908847589	0.004601312198496
1.000000000000000	0.487505678629299	-0.901640835144670	0.003635763759985
1.000000000000000	0.547968609926536	-0.863193854453608	0.002656653520366
1.000000000000000	0.605847308717262	-0.820981779196025	0.001667924011002
1.000000000000000	0.660908717909374	-0.775174582500493	0.000673556496663
1.000000000000000	0.712931124641636	-0.725956713780742	-0.000322445055628
1.000000000000000	0.761705053043122	-0.673526356022966	-0.001316070099151
1.000000000000000	0.807034107718613	-0.618094627772887	-0.002303317656551


2.000000000000000	0.762259571681198	0.113153174126186	0.025129074779406
2.000000000000000	0.753399089572629	0.164039396496006	0.012929346599904
2.000000000000000	0.741233747633352	0.214224833828248	0.000668616382942
2.000000000000000	0.725812531401673	0.263507407079414	-0.011603746238244
2.000000000000000	0.707197536672536	0.311688672720997	-0.023838324790835
2.000000000000000	0.685463719459669	0.358574621801537	-0.035985854945115
2.000000000000000	0.660698594174172	0.403976461152190	-0.047997422884550
2.000000000000000	0.633001881234873	0.447711373590186	-0.059824662264455
2.000000000000000	0.602485105529397	0.489603254059104	-0.071419948966197
2.000000000000000	0.569271147342804	0.529483418741772	-0.082736592862714
2.000000000000000	0.533493747562052	0.567191284290470	-0.093729025823172
2.000000000000000	0.495296969148648	0.602575014439389	-0.104352985199751
2.000000000000000	0.454834617047946	0.635492131395686	-0.114565692057701
2.000000000000000	0.412269618870923	0.665810089547270	-0.124326023431016
2.000000000000000	0.367773368842185	0.693406809177198	-0.133594677910105
2.000000000000000	0.321525037655924	0.718171168035611	-0.142334333894695
2.000000000000000	0.273710851018768	0.740003448789813	-0.150509799874741
2.000000000000000	0.224523339784584	0.758815740550774	-0.158088156134222
2.000000000000000	0.174160564700688	0.774532292859253	-0.165038887307216
2.000000000000000	0.122825318887114	0.787089820706164	-0.171334005252505
2.000000000000000	0.070724311260299	0.796437759358967	-0.176948161751947
2.000000000000000	0.018067334189229	0.802538467968006	-0.181858750578800
2.000000000000000	-0.034933581264382	0.805367381132918	-0.186045998525019
2.000000000000000	-0.088065019120345	0.804913107818836	-0.189493045020989
2.000000000000000	-0.141113037830824	0.801177477224062	-0.192186010027084
2.000000000000000	-0.193864031747440	0.794175531414535	-0.194114049923689
2.000000000000000	-0.246105591235825	0.783935464754735	-0.195269401174631
2.000000000000000	-0.297627357974252	0.770498510378935	-0.195647411588196
2.000000000000000	-0.348221871992353	0.753918774159916	-0.195246559049865
2.000000000000000	-0.397685407039194	0.734263016843718	-0.194068457651331
2.000000000000000	-0.445818790916988	0.711610385227675	-0.192117851191123
2.000000000000000	-0.492428207477238	0.686052093464202	-0.189402594073002
2.000000000000000	-0.537325977049959	0.657691055773588	-0.185933619679049
2.000000000000000	-0.580331312163469	0.626641472044764	-0.181724896344796
2.000000000000000	-0.621271045511731	0.593028367992647	-0.176793371113667
2.000000000000000	-0.659980327237976	0.556987091723720	-0.171158901497217
2.000000000000000	-0.696303288726891	0.518662768736974	-0.164844175515940
2.000000000000000	-0.730093670232524	0.478209717554746	-0.157874620342620
2.000000000000000	-0.761215409814656	0.435790828336494	-0.150278299916079
2.000000000000000	-0.789543191212215	0.391576906977618	-0.142085801937600
2.000000000000000	-0.814962948447625	0.345745987334401	-0.133330114705051
2.000000000000000	-0.837372325130245	0.298482614344509	-0.124046494280654
2.000000000000000	-0.856681086609424	0.249977100929661	-0.114272322527260
2.000000000000000	-0.872811483317593	0.200424761672657	-0.104046956584788
2.000000000000000	-0.885698563840329	0.150025126354498	-0.093411570392909
2.000000000000000	-0.895290436452784	0.098981136518372	-0.082408988898124
2.000000000000000	-0.901548478069338	0.047498328295691	-0.071083515612821
2.000000000000000	-0.904447489765139	-0.004215995215369	-0.059480754220663
2.000000000000000	-0.903975798243275	-0.055953598686276	-0.047647424946656
2.000000000000000	-0.900135302839025	-0.107506153048318	-0.035631176431284
2.000000000000000	-0.892941467871902	-0.158666074360233	-0.023480393866261
2.000000000000000	-0.882423260376300	-0.209227359675472	-0.011244004164432
2.000000000000000	-0.868623033461468	-0.258986416543362	0.001028721051632
2.000000000000000	-0.851596355770488	-0.307742882804044	0.013288363849066
2.000000000000000	-0.831411787724961	-0.355300433376178	0.025485558973291
2.000000000000000	-0.808150605456389	-0.401467570788751	0.037571192624464
2.000000000000000	-0.781906473535879	-0.446058396273807	0.049496600221422
2.000000000000000	-0.752785067819972	-0.488893358315169	0.061213762356770
2.000000000000000	-0.720903649931267	-0.529799975639032	0.072675498154089
2.000000000000000	-0.686390595087254	-0.568613531735167	0.083835655248670
2.000000000000000	-0.649384875178621	-0.605177738112179	0.094649295626802
2.000000000000000	-0.610035499178504	-0.639345363616095	0.105072876575290
2.000000000000000	-0.568500913135937	-0.670978827278263	0.115064426012591
2.000000000000000	-0.524948362169541	-0.699950752305347	0.124583711495576
2.000000000000000	-0.479553217030455	-0.726144478980726	0.133592402221379
2.000000000000000	-0.432498267946222	-0.749454534411989	0.142054223372007
2.000000000000000	-0.383972988589051	-0.769787057233053	0.149935102180234
2.000000000000000	-0.334172773132220	-0.787060175550756	0.157203305128606
2.000000000000000	-0.283298149466698	-0.801204336614072	0.163829565729118
2.000000000000000	-0.231553971746104	-0.812162586878492	0.169787202369028
2.000000000000000	-0.179148595511334	-0.819890801337847	0.175052225748298
2.000000000000000	-0.126293038716334	-0.824357861200135	0.179603435476038
2.000000000000000	-0.073200132033279	-0.825545779191911	0.183422505436993
2.000000000000000	-0.020083661858570	-0.823449771986690	0.186494057584350
2.000000000000000	0.032842490529526	-0.818078279465717	0.188805723861695
2.000000000000000	0.085365210195298	-0.809452930733536	0.190348196004817
2.000000000000000	0.137273006684218	-0.797608457025231	0.191115263022803
2.000000000000000	0.188356865620360	-0.782592551855990	0.191103836207503
2.000000000000000	0.238411090333516	-0.764465678976161	0.190313961570669
2.000000000000000	0.287234130127094	-0.743300828905064	0.188748819658681
2.000000000000000	0.334629391851632	-0.719183225023933	0.186414712745612
2.000000000000000	0.380406031516029	-0.692209980411439	0.183321039456194
2.000000000000000	0.424379722748935	-0.662489706803598	0.179480256920869
2.000000000000000	0.466373399015996	-0.630142077252644	0.174907830615327
2.000000000000000	0.506217966604290	-0.595297344245884	0.169622172086491
2.000000000000000	0.543752985503032	-0.558095815224905	0.163644564815717
2.000000000000000	0.578827315438867	-0.518687287617026	0.156999078517724
2.000000000000000	0.611299724464410	-0.477230445653931	0.149712472220353
2.000000000000000	0.641039457649449	-0.433892221406270	0.141814086515399
2.000000000000000	0.667926763584903	-0.388847122607133	0.133335725414411
2.000000000000000	0.691853376579475	-0.342276529970996	0.124311528285157
2.000000000000000	0.712722952607385	-0.294367966837606	0.114777832384444
2.000000000000000	0.730451457251757	-0.245314344081671	0.104773026540804
2.000000000000000	0.744967504081552	-0.195313183328859	0.094337396576237
2.000000000000000	0.756212642099535	-0.144565821605924	0.083512963089419
2.000000000000000	0.764141591103809	-0.093276600627559	0.072343312253584
2.000000000000000	0.768722424015207	-0.041652043984431	0.060873420310391
2.000000000000000	0.769936695436371	0.010099974454421	0.049149472466467
2.000000000000000	0.767779515924858	0.061771067576297	0.037218676921886
2.000000000000000	0.762259571681198	0.113153174126186	0.025129074779406


3.000000000000000	0.074279449395364	-0.474856508183652	-0.015925701020561
3.000000000000000	0.105474613678861	-0.468983337796673	-0.015101605834676
3.000000000000000	0.136232685497892	-0.461142571820171	-0.014214046775294
3.000000000000000	0.166429812953112	-0.451365782251386	-0.013266597729488
3.000000000000000	0.195944402870146	-0.439692336771252	-0.012263073740170
3.000000000000000	0.224657610412389	-0.426169240224649	-0.011207515644257
3.000000000000000	0.252453817627216	-0.410850945348477	-0.010104173801648
3.000000000000000	0.279221098998671	-0.393799133509706	-0.008957490980527
3.000000000000000	0.304851672132016	-0.375082466336280	-0.007772084467899
3.000000000000000	0.329242331755395	-0.354776309240975	-0.006552727477409
3.000000000000000	0.352294865291035	-0.332962427951482	-0.005304329929292
3.000000000000000	0.373916448322637	-0.309728659268681	-0.004031918679862
3.000000000000000	0.394020018366535	-0.285168557378843	-0.002740617280130
3.000000000000000	0.412524625441592	-0.259381017143945	-0.001435625345076
3.000000000000000	0.429355758026203	-0.232469875886959	-0.000122197616634
3.000000000000000	0.444445643089893	-0.204543495275609	0.001194377195301
3.000000000000000	0.457733518991392	-0.175714324988175	0.002508797708637
3.000000000000000	0.469165880144316	-0.146098449918327	0.003815771215883
3.000000000000000	0.478696692465284	-0.115815122742233	0.005110034996015
3.000000000000000	0.486287578736920	-0.084986283730121	0.006386377505591
3.000000000000000	0.491907973139365	-0.053736069735845	0.007639659363803
3.000000000000000	0.495535244328042	-0.022190314341591	0.008864834046947
3.000000000000000	0.497154786562097	0.009523958829544	0.010056968208989
3.000000000000000	0.496760078516563	0.041279047592857	0.011211261546418
3.000000000000000	0.494352709541427	0.072947085413658	0.012323066127362
3.000000000000000	0.489942373261888	0.104400556280680	0.013387905107180
3.000000000000000	0.483546828545541	0.135512808168046	0.014401490755128
3.000000000000000	0.475191827993693	0.166158563018284	0.015359741719540
3.000000000000000	0.464911014244720	0.196214421192837	0.016258799461991
3.000000000000000	0.452745784507040	0.225559358358867	0.017095043794269
3.000000000000000	0.438745123867165	0.254075212811517	0.017865107455596
3.000000000000000	0.422965408044045	0.281647161269401	0.018565889671397
3.000000000000000	0.405470176383948	0.308164181227425	0.019194568639024
3.000000000000000	0.386329876009936	0.333519498005235	0.019748612890165
3.000000000000000	0.365621578156166	0.357611014691169	0.020225791484165
3.000000000000000	0.343428667829229	0.380341723250483	0.020624182991244
3.000000000000000	0.319840508046163	0.401620095142470	0.020942183229414
3.000000000000000	0.294952080001121	0.421360449873591	0.021178511723950
3.000000000000000	0.268863600609624	0.439483300002577	0.021332216863416
3.000000000000000	0.241680118970416	0.455915671208307	0.021402679731466
3.000000000000000	0.213511093369817	0.470591396131639	0.021389616598997
3.000000000000000	0.184469950531839	0.483451380808011	0.021293080066636
3.000000000000000	0.154673628888799	0.494443842617984	0.021113458852925
3.000000000000000	0.124242107711529	0.503524518797569	0.020851476229095
3.000000000000000	0.093297923995193	0.510656844668760	0.020508187106708
3.000000000000000	0.061965679046061	0.515812100872582	0.020084973789899
3.000000000000000	0.030371536756022	0.518969529011820	0.019583540409322
3.000000000000000	-0.001357284414879	0.520116415237751	0.019005906060224
3.000000000000000	-0.033093023702275	0.519248141444328	0.018354396672257
3.000000000000000	-0.064707892484987	0.516368203863667	0.017631635643780
3.000000000000000	-0.096074588844698	0.511488198987950	0.016840533278359
3.000000000000000	-0.127066810165849	0.504627776874442	0.015984275066007
3.000000000000000	-0.157559761711689	0.495814562021652	0.015066308856332
3.000000000000000	-0.187430659128641	0.485084042135223	0.014090330975272
3.000000000000000	-0.216559222855555	0.472479425231467	0.013060271341288
3.000000000000000	-0.244828162447046	0.458051465653935	0.011980277640973
3.000000000000000	-0.272123648860727	0.441858259703587	0.010854698627781
3.000000000000000	-0.298335772806581	0.423965011705495	0.009688066611131
3.000000000000000	-0.323358987312883	0.404443771454035	0.008485079206400
3.000000000000000	-0.347092532726605	0.383373144093801	0.007250580419279
3.000000000000000	-0.369440842436973	0.360837973604425	0.005989541140676
3.000000000000000	-0.390313927688479	0.336929001163820	0.004707039130690
3.000000000000000	-0.409627739933842	0.311742499765482	0.003408238572263
3.000000000000000	-0.427304509267838	0.285379886561123	0.002098369276841
3.000000000000000	-0.443273057579265	0.257947314489597	0.000782705625766
3.000000000000000	-0.457469085160073	0.229555244836481	-0.000533454667794
3.000000000000000	-0.469835429617594	0.200318002445463	-0.001844811890867
3.000000000000000	-0.480322296047321	0.170353315372550	-0.003146085670753
3.000000000000000	-0.488887457539415	0.139781840836735	-0.004432036237214
3.000000000000000	-0.495496425211569	0.108726679375962	-0.005697485521189
3.000000000000000	-0.500122587083561	0.077312879164707	-0.006937338005043
3.000000000000000	-0.502747315234307	0.045666932489118	-0.008146601240423
3.000000000000000	-0.503360040809926	0.013916266407216	-0.009320405951081
3.000000000000000	-0.501958296580782	-0.017811270354887	-0.010454025639734
3.000000000000000	-0.498547726876149	-0.049387922204686	-0.011542895620000
3.000000000000000	-0.493142064856488	-0.080686541109963	-0.012582631396779
3.000000000000000	-0.485763077214858	-0.111581098579041	-0.013569046321066
3.000000000000000	-0.476440476530124	-0.141947193133033	-0.014498168448110
3.000000000000000	-0.465211801624890	-0.171662551226693	-0.015366256531032
3.000000000000000	-0.452122266409908	-0.200607519600829	-0.016169815085509
3.000000000000000	-0.437224577823619	-0.228665547083745	-0.016905608464854
3.000000000000000	-0.420578723599913	-0.255723653901673	-0.017570673888822
3.000000000000000	-0.402251730718699	-0.281672886608447	-0.018162333373680
3.000000000000000	-0.382317395511912	-0.306408756802577	-0.018678204515506
3.000000000000000	-0.360855986511730	-0.329831661865163	-0.019116210083285
3.000000000000000	-0.337953921237525	-0.351847286024485	-0.019474586383187
3.000000000000000	-0.313703418223017	-0.372366980132332	-0.019751890360339
3.000000000000000	-0.288202125684781	-0.391308118622830	-0.019947005409498
3.000000000000000	-0.261552728327345	-0.408594432216434	-0.020059145871226
3.000000000000000	-0.233862533868130	-0.424156315029399	-0.020087860195462
3.000000000000000	-0.205243040947140	-0.437931104852107	-0.020033032759757
3.000000000000000	-0.175809490161299	-0.449863335467668	-0.019894884334844
3.000000000000000	-0.145680400031230	-0.459904959994801	-0.019673971195671
3.000000000000000	-0.114977089769014	-0.468015544355662	-0.019371182881480
3.000000000000000	-0.083823190768535	-0.474162430089611	-0.018987738613944
3.000000000000000	-0.052344148785493	-0.478320865857303	-0.018525182387796
3.000000000000000	-0.020666718811621	-0.480474107105594	-0.017985376753701
3.000000000000000	0.011081545322926	-0.480613483491951	-0.017370495318426
3.000000000000000	0.042772804563831	-0.478738433796859	-0.016683013992494
3.000000000000000	0.074279449395364	-0.474856508183652	-0.015925701020561


4.000000000000000	nan	nan	nan
4.000000000000000	nan	nan	nan
4.000000000000000	nan	nan	nan
4.000000000000000	nan	nan	nan
4.000000000000000	nan	nan	nan
4.000000000000000	nan	nan	nan
4.000000000000000	nan	nan	nan
4.000000000000000	nan	nan	nan
4.000000000000000	nan	nan	nan
4.000000000000000	nan	nan	nan
4.000000000000000	nan	nan	nan
4.000000000000000	nan	nan	nan
4.000000000000000	nan	nan	nan
4.000000000000000	nan	nan	nan
4.000000000000000	nan	nan	nan
4.000000000000000	nan	nan	nan
4.000000000000000	nan	nan	nan
4.000000000000000	nan	nan	nan
4.000000000000000	nan	nan	nan
4.000000000000000	nan	nan	nan
4.000000000000000	nan	nan	nan
4.000000000000000	nan	nan	nan
4.000000000000000	nan	nan	nan
4.000000000000000	nan	nan	nan
4.000000000000000	nan	nan	nan
4.000000000000000	nan	nan	nan
4.000000000000000	nan	nan	nan
4.000000000000000	nan	nan	nan
4.000000000000000	nan	nan	nan
4.000000000000000	nan	nan	nan
4.000000000000000	nan	nan	nan
4.000000000000000	nan	nan	nan
4.000000000000000	nan	nan	nan
4.000000000000000	nan	nan	nan
4.000000000000000	nan	nan	nan
4.000000000000000	nan	nan	nan
4.000000000000000	nan	nan	nan
4.000000000000000	nan	nan	nan
4.000000000000000	nan	nan	nan
4.000000000000000	nan	nan	nan
4.000000000000000	nan	nan	nan
4.000000000000000	nan	nan	nan
4.000000000000000	nan	nan	nan
4.000000000000000	nan	nan	nan
4.000000000000000	nan	nan	nan
4.000000000000000	nan	nan	nan
4.000000000000000	nan	nan	nan
4.000000000000000	nan	nan	nan
4.000000000000000	nan	nan	nan
4.000000000000000	nan	nan	nan
4.000000000000000	nan	nan	nan
4.000000000000000	nan	nan	nan
4.000000000000000	nan	nan	nan
4.000000000000000	nan	nan	nan
4.000000000000000	nan	nan	nan
4.000000000000000	nan	nan	nan
4.000000000000000	nan	nan	nan
4.000000000000000	nan	nan	nan
4.000000000000000	nan	nan	nan
4.000000000000000	nan	nan	nan
4.000000000000000	nan	nan	nan
4.000000000000000	nan	nan	nan
4.000000000000000	nan	nan	nan
4.000000000000000	nan	nan	nan
4.000000000000000	nan	nan	nan
4.000000000000000	nan	nan	nan
4.000000000000000	nan	nan	nan
4.000000000000000	nan	nan	nan
4.000000000000000	nan	nan	nan
4.000000000000000	nan	nan	nan
4.000000000000000	nan	nan	nan
4.000000000000000	nan	nan	nan
4.000000000000000	nan	nan	nan
4.000000000000000	nan	nan	nan
4.000000000000000	nan	nan	nan
4.000000000000000	nan	nan	nan
4.000000000000000	nan	nan	nan
4.000000000000000	nan	nan	nan
4.000000000000000	nan	nan	nan
4.000000000000000	nan	nan	nan
4.000000000000000	nan	nan	nan
4.000000000000000	nan	nan	nan
4.000000000000000	nan	nan	nan
4.000000000000000	nan	nan	nan
4.000000000000000	nan	nan	nan
4.000000000000000	nan	nan	nan
4.000000000000000	nan	nan	nan
4.000000000000000	nan	nan	nan
4.000000000000000	nan	nan	nan
4.000000000000000	nan	nan	nan
4.000000000000000	nan	nan	nan
4.000000000000000	nan	nan	nan
4.000000000000000	nan	nan	nan
4.000000000000000	nan	nan	nan
4.000000000000000	nan	nan	nan
4.000000000000000	nan	nan	nan
4.000000000000000	nan	nan	nan
4.000000000000000	nan	nan	nan
4.000000000000000	nan	nan	nan
4.000000000000000	nan	nan	nan


5.000000000000000	nan	nan	nan
5.000000000000000	nan	nan	nan
5.000000000000000	nan	nan	nan
5.000000000000000	nan	nan	nan
5.000000000000000	nan	nan	nan
5.000000000000000	nan	nan	nan
5.000000000000000	nan	nan	nan
5.000000000000000	nan	nan	nan
5.000000000000000	nan	nan	nan
5.000000000000000	nan	nan	nan
5.000000000000000	nan	nan	nan
5.000000000000000	nan	nan	nan
5.000000000000000	nan	nan	nan
5.000000000000000	nan	nan	nan
5.000000000000000	nan	nan	nan
5.000000000000000	nan	nan	nan
5.000000000000000	nan	nan	nan
5.000000000000000	nan	nan	nan
5.000000000000000	nan	nan	nan
5.000000000000000	nan	nan	nan
5.000000000000000	nan	nan	nan
5.000000000000000	nan	nan	nan
5.000000000000000	nan	nan	nan
5.000000000000000	nan	nan	nan
5.000000000000000	nan	nan	nan
5.000000000000000	nan	nan	nan
5.000000000000000	nan	nan	nan
5.000000000000000	nan	nan	nan
5.000000000000000	nan	nan	nan
5.000000000000000	nan	nan	nan
5.000000000000000	nan	nan	nan
5.000000000000000	nan	nan	nan
5.000000000000000	nan	nan	nan
5.000000000000000	nan	nan	nan
5.000000000000000	nan	nan	nan
5.000000000000000	nan	nan	nan
5.000000000000000	nan	nan	nan
5.000000000000000	nan	nan	nan
5.000000000000000	nan	nan	nan
5.000000000000000	nan	nan	nan
5.000000000000000	nan	nan	nan
5.000000000000000	nan	nan	nan
5.000000000000000	nan	nan	nan
5.000000000000000	nan	nan	nan
5.000000000000000	nan	nan	nan
5.000000000000000	nan	nan	nan
5.000000000000000	nan	nan	nan
5.000000000000000	nan	nan	nan
5.000000000000000	nan	nan	nan
5.000000000000000	nan	nan	nan
5.000000000000000	nan	nan	nan
5.000000000000000	nan	nan	nan
5.000000000000000	nan	nan	nan
5.000000000000000	nan	nan	nan
5.000000000000000	nan	nan	nan
5.000000000000000	nan	nan	nan
5.000000000000000	nan	nan	nan
5.000000000000000	nan	nan	nan
5.000000000000000	nan	nan	nan
5.000000000000000	nan	nan	nan
5.000000000000000	nan	nan	nan
5.000000000000000	nan	nan	nan
5.000000000000000	nan	nan	nan
5.000000000000000	nan	nan	nan
5.000000000000000	nan	nan	nan
5.000000000000000	nan	nan	nan
5.000000000000000	nan	nan	nan
5.000000000000000	nan	nan	nan
5.000000000000000	nan	nan	nan
5.000000000000000	nan	nan	nan
5.000000000000000	nan	nan	nan
5.000000000000000	nan	nan	nan
5.000000000000000	nan	nan	nan
5.000000000000000	nan	nan	nan
5.000000000000000	nan	nan	nan
5.000000000000000	nan	nan	nan
5.000000000000000	nan	nan	nan
5.000000000000000	nan	nan	nan
5.000000000000000	nan	nan	nan
5.000000000000000	nan	nan	nan
5.000000000000000	nan	nan	nan
5.000000000000000	nan	nan	nan
5.000000000000000	nan	nan	nan
5.000000000000000	nan	nan	nan
5.000000000000000	nan	nan	nan
5.000000000000000	nan	nan	nan
5.000000000000000	nan	nan	nan
5.000000000000000	nan	nan	nan
5.000000000000000	nan	nan	nan
5.000000000000000	nan	nan	nan
5.000000000000000	nan	nan	nan
5.000000000000000	nan	nan	nan
5.000000000000000	nan	nan	nan
5.000000000000000	nan	nan	nan
5.000000000000000	nan	nan	nan
5.000000000000000	nan	nan	nan
5.000000000000000	nan	nan	nan
5.000000000000000	nan	nan	nan
5.000000000000000	nan	nan	nan
5.000000000000000	nan	nan	nan


6.000000000000000	nan	nan	nan
6.000000000000000	nan	nan	nan
6.000000000000000	nan	nan	nan
6.000000000000000	nan	nan	nan
6.000000000000000	nan	nan	nan
6.000000000000000	nan	nan	nan
6.000000000000000	nan	nan	nan
6.000000000000000	nan	nan	nan
6.000000000000000	nan	nan	nan
6.000000000000000	nan	nan	nan
6.000000000000000	nan	nan	nan
6.000000000000000	nan	nan	nan
6.000000000000000	nan	nan	nan
6.000000000000000	nan	nan	nan
6.000000000000000	nan	nan	nan
6.000000000000000	nan	nan	nan
6.000000000000000	nan	nan	nan
6.000000000000000	nan	nan	nan
6.000000000000000	nan	nan	nan
6.000000000000000	nan	nan	nan
6.000000000000000	nan	nan	nan
6.000000000000000	nan	nan	nan
6.000000000000000	nan	nan	nan
6.000000000000000	nan	nan	nan
6.000000000000000	nan	nan	nan
6.000000000000000	nan	nan	nan
6.000000000000000	nan	nan	nan
6.000000000000000	nan	nan	nan
6.000000000000000	nan	nan	nan
6.000000000000000	nan	nan	nan
6.000000000000000	nan	nan	nan
6.000000000000000	nan	nan	nan
6.000000000000000	nan	nan	nan
6.000000000000000	nan	nan	nan
6.000000000000000	nan	nan	nan
6.000000000000000	nan	nan	nan
6.000000000000000	nan	nan	nan
6.000000000000000	nan	nan	nan
6.000000000000000	nan	nan	nan
6.000000000000000	nan	nan	nan
6.000000000000000	nan	nan	nan
6.000000000000000	nan	nan	nan
6.000000000000000	nan	nan	nan
6.000000000000000	nan	nan	nan
6.000000000000000	nan	nan	nan
6.000000000000000	nan	nan	nan
6.000000000000000	nan	nan	nan
6.000000000000000	nan	nan	nan
6.000000000000000	nan	nan	nan
6.000000000000000	nan	nan	nan
6.000000000000000	nan	nan	nan
6.000000000000000	nan	nan	nan
6.000000000000000	nan	nan	nan
6.000000000000000	nan	nan	nan
6.000000000000000	nan	nan	nan
6.000000000000000	nan	nan	nan
6.000000000000000	nan	nan	nan
6.000000000000000	nan	nan	nan
6.000000000000000	nan	nan	nan
6.000000000000000	nan	nan	nan
6.000000000000000	nan	nan	nan
6.000000000000000	nan	nan	nan
6.000000000000000	nan	nan	nan
6.000000000000000	nan	nan	nan
6.000000000000000	nan	nan	nan
6.000000000000000	nan	nan	nan
6.000000000000000	nan	nan	nan
6.000000000000000	nan	nan	nan
6.000000000000000	nan	nan	nan
6.000000000000000	nan	nan	nan
6.000000000000000	nan	nan	nan
6.000000000000000	nan	nan	nan
6.000000000000000	nan	nan	nan
6.000000000000000	nan	nan	nan
6.000000000000000	nan	nan	nan
6.000000000000000	nan	nan	nan
6.000000000000000	nan	nan	nan
6.000000000000000	nan	nan	nan
6.000000000000000	nan	nan	nan
6.000000000000000	nan	nan	nan
6.000000000000000	nan	nan	nan
6.000000000000000	nan	nan	nan
6.000000000000000	nan	nan	nan
6.000000000000000	nan	nan	nan
6.000000000000000	nan	nan	nan
6.000000000000000	nan	nan	nan
6.000000000000000	nan	nan	nan
6.000000000000000	nan	nan	nan
6.000000000000000	nan	nan	nan
6.000000000000000	nan	nan	nan
6.000000000000000	nan	nan	nan
6.000000000000000	nan	nan	nan
6.000000000000000	nan	nan	nan
6.000000000000000	nan	nan	nan
6.000000000000000	nan	nan	nan
6.000000000000000	nan	nan	nan
6.000000000000000	nan	nan	nan
6.000000000000000	nan	nan	nan
6.000000000000000	nan	nan	nan
6.000000000000000	nan	nan	nan


7.000000000000000	nan	nan	nan
7.000000000000000	nan	nan	nan
7.000000000000000	nan	nan	nan
7.000000000000000	nan	nan	nan
7.000000000000000	nan	nan	nan
7.000000000000000	nan	nan	nan
7.000000000000000	nan	nan	nan
7.000000000000000	nan	nan	nan
7.000000000000000	nan	nan	nan
7.000000000000000	nan	nan	nan
7.000000000000000	nan	nan	nan
7.000000000000000	nan	nan	nan
7.000000000000000	nan	nan	nan
7.000000000000000	nan	nan	nan
7.000000000000000	nan	nan	nan
7.000000000000000	nan	nan	nan
7.000000000000000	nan	nan	nan
7.000000000000000	nan	nan	nan
7.000000000000000	nan	nan	nan
7.000000000000000	nan	nan	nan
7.000000000000000	nan	nan	nan
7.000000000000000	nan	nan	nan
7.000000000000000	nan	nan	nan
7.000000000000000	nan	nan	nan
7.000000000000000	nan	nan	nan
7.000000000000000	nan	nan	nan
7.000000000000000	nan	nan	nan
7.000000000000000	nan	nan	nan
7.000000000000000	nan	nan	nan
7.000000000000000	nan	nan	nan
7.000000000000000	nan	nan	nan
7.000000000000000	nan	nan	nan
7.000000000000000	nan	nan	nan
7.000000000000000	nan	nan	nan
7.000000000000000	nan	nan	nan
7.000000000000000	nan	nan	nan
7.000000000000000	nan	nan	nan
7.000000000000000	nan	nan	nan
7.000000000000000	nan	nan	nan
7.000000000000000	nan	nan	nan
7.000000000000000	nan	nan	nan
7.000000000000000	nan	nan	nan
7.000000000000000	nan	nan	nan
7.000000000000000	nan	nan	nan
7.000000000000000	nan	nan	nan
7.000000000000000	nan	nan	nan
7.000000000000000	nan	nan	nan
7.000000000000000	nan	nan	nan
7.000000000000000	nan	nan	nan
7.000000000000000	nan	nan	nan
7.000000000000000	nan	nan	nan
7.000000000000000	nan	nan	nan
7.000000000000000	nan	nan	nan
7.000000000000000	nan	nan	nan
7.000000000000000	nan	nan	nan
7.000000000000000	nan	nan	nan
7.000000000000000	nan	nan	nan
7.000000000000000	nan	nan	nan
7.000000000000000	nan	nan	nan
7.000000000000000	nan	nan	nan
7.000000000000000	nan	nan	nan
7.000000000000000	nan	nan	nan
7.000000000000000	nan	nan	nan
7.000000000000000	nan	nan	nan
7.000000000000000	nan	nan	nan
7.000000000000000	nan	nan	nan
7.000000000000000	nan	nan	nan
7.000000000000000	nan	nan	nan
7.000000000000000	nan	nan	nan
7.000000000000000	nan	nan	nan
7.000000000000000	nan	nan	nan
7.000000000000000	nan	nan	nan
7.000000000000000	nan	nan	nan
7.000000000000000	nan	nan	nan
7.000000000000000	nan	nan	nan
7.000000000000000	nan	nan	nan
7.000000000000000	nan	nan	nan
7.000000000000000	nan	nan	nan
7.000000000000000	nan	nan	nan
7.000000000000000	nan	nan	nan
7.000000000000000	nan	nan	nan
7.000000000000000	nan	nan	nan
7.000000000000000	nan	nan	nan
7.000000000000000	nan	nan	nan
7.000000000000000	nan	nan	nan
7.000000000000000	nan	nan	nan
7.000000000000000	nan	nan	nan
7.000000000000000	nan	nan	nan
7.000000000000000	nan	nan	nan
7.000000000000000	nan	nan	nan
7.000000000000000	nan	nan	nan
7.000000000000000	nan	nan	nan
7.000000000000000	nan	nan	nan
7.000000000000000	nan	nan	nan
7.000000000000000	nan	nan	nan
7.000000000000000	nan	nan	nan
7.000000000000000	nan	nan	nan
7.000000000000000	nan	nan	nan
7.000000000000000	nan	nan	nan
7.000000000000000	nan	nan	nan


8.000000000000000	nan	nan	nan
8.000000000000000	nan	nan	nan
8.000000000000000	nan	nan	nan
8.000000000000000	nan	nan	nan
8.000000000000000	nan	nan	nan
8.000000000000000	nan	nan	nan
8.000000000000000	nan	nan	nan
8.000000000000000	nan	nan	nan
8.000000000000000	nan	nan	nan
8.000000000000000	nan	nan	nan
8.000000000000000	nan	nan	nan
8.000000000000000	nan	nan	nan
8.000000000000000	nan	nan	nan
8.000000000000000	nan	nan	nan
8.000000000000000	nan	nan	nan
8.000000000000000	nan	nan	nan
8.000000000000000	nan	nan	nan
8.000000000000000	nan	nan	nan
8.000000000000000	nan	nan	nan
8.000000000000000	nan	nan	nan
8.000000000000000	nan	nan	nan
8.000000000000000	nan	nan	nan
8.000000000000000	nan	nan	nan
8.000000000000000	nan	nan	nan
8.000000000000000	nan	nan	nan
8.000000000000000	nan	nan	nan
8.000000000000000	nan	nan	nan
8.000000000000000	nan	nan	nan
8.000000000000000	nan	nan	nan
8.000000000000000	nan	nan	nan
8.000000000000000	nan	nan	nan
8.000000000000000	nan	nan	nan
8.000000000000000	nan	nan	nan
8.000000000000000	nan	nan	nan
8.000000000000000	nan	nan	nan
8.000000000000000	nan	nan	nan
8.000000000000000	nan	nan	nan
8.000000000000000	nan	nan	nan
8.000000000000000	nan	nan	nan
8.000000000000000	nan	nan	nan
8.000000000000000	nan	nan	nan
8.000000000000000	nan	nan	nan
8.000000000000000	nan	nan	nan
8.000000000000000	nan	nan	nan
8.000000000000000	nan	nan	nan
8.000000000000000	nan	nan	nan
8.000000000000000	nan	nan	nan
8.000000000000000	nan	nan	nan
8.000000000000000	nan	nan	nan
8.000000000000000	nan	nan	nan
8.000000000000000	nan	nan	nan
8.000000000000000	nan	nan	nan
8.000000000000000	nan	nan	nan
8.000000000000000	nan	nan	nan
8.000000000000000	nan	nan	nan
8.000000000000000	nan	nan	nan
8.000000000000000	nan	nan	nan
8.000000000000000	nan	nan	nan
8.000000000000000	nan	nan	nan
8.000000000000000	nan	nan	nan
8.000000000000000	nan	nan	nan
8.000000000000000	nan	nan	nan
8.000000000000000	nan	nan	nan
8.000000000000000	nan	nan	nan
8.000000000000000	nan	nan	nan
8.000000000000000	nan	nan	nan
8.000000000000000	nan	nan	nan
8.000000000000000	nan	nan	nan
8.000000000000000	nan	nan	nan
8.000000000000000	nan	nan	nan
8.000000000000000	nan	nan	nan
8.000000000000000	nan	nan	nan
8.000000000000000	nan	nan	nan
8.000000000000000	nan	nan	nan
8.000000000000000	nan	nan	nan
8.000000000000000	nan	nan	nan
8.000000000000000	nan	nan	nan
8.000000000000000	nan	nan	nan
8.000000000000000	nan	nan	nan
8.000000000000000	nan	nan	nan
8.000000000000000	nan	nan	nan
8.000000000000000	nan	nan	nan
8.000000000000000	nan	nan	nan
8.000000000000000	nan	nan	nan
8.000000000000000	nan	nan	nan
8.000000000000000	nan	nan	nan
8.000000000000000	nan	nan	nan
8.000000000000000	nan	nan	nan
8.000000000000000	nan	nan	nan
8.000000000000000	nan	nan	nan
8.000000000000000	nan	nan	nan
8.000000000000000	nan	nan	nan
8.000000000000000	nan	nan	nan
8.000000000000000	nan	nan	nan
8.000000000000000	nan	nan	nan
8.000000000000000	nan	nan	nan
8.000000000000000	nan	nan	nan
8.000000000000000	nan	nan	nan
8.000000000000000	nan	nan	nan
8.000000000000000	nan	nan	nan


9.000000000000000	nan	nan	nan
9.000000000000000	nan	nan	nan
9.000000000000000	nan	nan	nan
9.000000000000000	nan	nan	nan
9.000000000000000	nan	nan	nan
9.000000000000000	nan	nan	nan
9.000000000000000	nan	nan	nan
9.000000000000000	nan	nan	nan
9.000000000000000	nan	nan	nan
9.000000000000000	nan	nan	nan
9.000000000000000	nan	nan	nan
9.000000000000000	nan	nan	nan
9.000000000000000	nan	nan	nan
9.000000000000000	nan	nan	nan
9.000000000000000	nan	nan	nan
9.000000000000000	nan	nan	nan
9.000000000000000	nan	nan	nan
9.000000000000000	nan	nan	nan
9.000000000000000	nan	nan	nan
9.000000000000000	nan	nan	nan
9.000000000000000	nan	nan	nan
9.000000000000000	nan	nan	nan
9.000000000000000	nan	nan	nan
9.000000000000000	nan	nan	nan
9.000000000000000	nan	nan	nan
9.000000000000000	nan	nan	nan
9.000000000000000	nan	nan	nan
9.000000000000000	nan	nan	nan
9.000000000000000	nan	nan	nan
9.000000000000000	nan	nan	nan
9.000000000000000	nan	nan	nan
9.000000000000000	nan	nan	nan
9.000000000000000	nan	nan	nan
9.000000000000000	nan	nan	nan
9.000000000000000	nan	nan	nan
9.000000000000000	nan	nan	nan
9.000000000000000	nan	nan	nan
9.000000000000000	nan	nan	nan
9.000000000000000	nan	nan	nan
9.000000000000000	nan	nan	nan
9.000000000000000	nan	nan	nan
9.000000000000000	nan	nan	nan
9.000000000000000	nan	nan	nan
9.000000000000000	nan	nan	nan
9.000000000000000	nan	nan	nan
9.000000000000000	nan	nan	nan
9.000000000000000	nan	nan	nan
9.000000000000000	nan	nan	nan
9.000000000000000	nan	nan	nan
9.000000000000000	nan	nan	nan
9.000000000000000	nan	nan	nan
9.000000000000000	nan	nan	nan
9.000000000000000	nan	nan	nan
9.000000000000000	nan	nan	nan
9.000000000000000	nan	nan	nan
9.000000000000000	nan	nan	nan
9.000000000000000	nan	nan	nan
9.000000000000000	nan	nan	nan
9.000000000000000	nan	nan	nan
9.000000000000000	nan	nan	nan
9.000000000000000	nan	nan	nan
9.000000000000000	nan	nan	nan
9.000000000000000	nan	nan	nan
9.000000000000000	nan	nan	nan
9.000000000000000	nan	nan	nan
9.000000000000000	nan	nan	nan
9.000000000000000	nan	nan	nan
9.000000000000000	nan	nan	nan
9.000000000000000	nan	nan	nan
9.000000000000000	nan	nan	nan
9.000000000000000	nan	nan	nan
9.000000000000000	nan	nan	nan
9.000000000000000	nan	nan	nan
9.000000000000000	nan	nan	nan
9.000000000000000	nan	nan	nan
9.000000000000000	nan	nan	nan
9.000000000000000	nan	nan	nan
9.000000000000000	nan	nan	nan
9.000000000000000	nan	nan	nan
9.000000000000000	nan	nan	nan
9.000000000000000	nan	nan	nan
9.000000000000000	nan	nan	nan
9.000000000000000	nan	nan	nan
9.000000000000000	nan	nan	nan
9.000000000000000	nan	nan	nan
9.000000000000000	nan	nan	nan
9.000000000000000	nan	nan	nan
9.000000000000000	nan	nan	nan
9.000000000000000	nan	nan	nan
9.000000000000000	nan	nan	nan
9.000000000000000	nan	nan	nan
9.000000000000000	nan	nan	nan
9.000000000000000	nan	nan	nan
9.000000000000000	nan	nan	nan
9.000000000000000	nan	nan	nan
9.000000000000000	nan	nan	nan
9.000000000000000	nan	nan	nan
9.000000000000000	nan	nan	nan
9.000000000000000	nan	nan	nan
9.000000000000000	nan	nan	nan


10.000000000000000	nan	nan	nan
10.000000000000000	nan	nan	nan
10.000000000000000	nan	nan	nan
10.000000000000000	nan	nan	nan
10.000000000000000	nan	nan	nan
10.000000000000000	nan	nan	nan
10.000000000000000	nan	nan	nan
10.000000000000000	nan	nan	nan
10.000000000000000	nan	nan	nan
10.000000000000000	nan	nan	nan
10.000000000000000	nan	nan	nan
10.000000000000000	nan	nan	nan
10.000000000000000	nan	nan	nan
10.000000000000000	nan	nan	nan
10.000000000000000	nan	nan	nan
10.000000000000000	nan	nan	nan
10.000000000000000	nan	nan	nan
10.000000000000000	nan	nan	nan
10.000000000000000	nan	nan	nan
10.000000000000000	nan	nan	nan
10.000000000000000	nan	nan	nan
10.000000000000000	nan	nan	nan
10.000000000000000	nan	nan	nan
10.000000000000000	nan	nan	nan
10.000000000000000	nan	nan	nan
10.000000000000000	nan	nan	nan
10.000000000000000	nan	nan	nan
10.000000000000000	nan	nan	nan
10.000000000000000	nan	nan	nan
10.000000000000000	nan	nan	nan
10.000000000000000	nan	nan	nan
10.000000000000000	nan	nan	nan
10.000000000000000	nan	nan	nan
10.000000000000000	nan	nan	nan
10.000000000000000	nan	nan	nan
10.000000000000000	nan	nan	nan
10.000000000000000	nan	nan	nan
10.000000000000000	nan	nan	nan
10.000000000000000	nan	nan	nan
10.000000000000000	nan	nan	nan
10.000000000000000	nan	nan	nan
10.000000000000000	nan	nan	nan
10.000000000000000	nan	nan	nan
10.000000000000000	nan	nan	nan
10.000000000000000	nan	nan	nan
10.000000000000000	nan	nan	nan
10.000000000000000	nan	nan	nan
10.000000000000000	nan	nan	nan
10.000000000000000	nan	nan	nan
10.000000000000000	nan	nan	nan
10.000000000000000	nan	nan	nan
10.000000000000000	nan	nan	nan
10.000000000000000	nan	nan	nan
10.000000000000000	nan	nan	nan
10.000000000000000	nan	nan	nan
10.000000000000000	nan	nan	nan
10.000000000000000	nan	nan	nan
10.000000000000000	nan	nan	nan
10.000000000000000	nan	nan	nan
10.000000000000000	nan	nan	nan
10.000000000000000	nan	nan	nan
10.000000000000000	nan	nan	nan
10.000000000000000	nan	nan	nan
10.000000000000000	nan	nan	nan
10.000000000000000	nan	nan	nan
10.000000000000000	nan	nan	nan
10.000000000000000	nan	nan	nan
10.000000000000000	nan	nan	nan
10.000000000000000	nan	nan	nan
10.000000000000000	nan	nan	nan
10.000000000000000	nan	nan	nan
10.000000000000000	nan	nan	nan
10.000000000000000	nan	nan	nan
10.000000000000000	nan	nan	nan
10.000000000000000	nan	nan	nan
10.000000000000000	nan	nan	nan
10.000000000000000	nan	nan	nan
10.000000000000000	nan	nan	nan
10.000000000000000	nan	nan	nan
10.000000000000000	nan	nan	nan
10.000000000000000	nan	nan	nan
10.000000000000000	nan	nan	nan
10.000000000000000	nan	nan	nan
10.000000000000000	nan	nan	nan
10.000000000000000	nan	nan	nan
10.000000000000000	nan	nan	nan
10.000000000000000	nan	nan	nan
10.000000000000000	nan	nan	nan
10.000000000000000	nan	nan	nan
10.000000000000000	nan	nan	nan
10.000000000000000	nan	nan	nan
10.000000000000000	nan	nan	nan
10.000000000000000	nan	nan	nan
10.000000000000000	nan	nan	nan
10.000000000000000	nan	nan	nan
10.000000000000000	nan	nan	nan
10.000000000000000	nan	nan	nan
10.000000000000000	nan	nan	nan
10.000000000000000	nan	nan	nan
10.000000000000000	nan	nan	nan


11.000000000000000	-0.041307607666115	0.590856734458505	-0.021738615979328
11.000000000000000	-0.087002496202099	0.586295840037492	-0.018213423272937
11.000000000000000	-0.132305510170564	0.578779869361998	-0.014593027349593
11.000000000000000	-0.177034230323677	0.568339086593218	-0.010892006265884
11.000000000000000	-0.221008549892103	0.555015533078352	-0.007125262727461
11.000000000000000	-0.264051399811403	0.538862858064940	-0.003307964081105
11.000000000000000	-0.305989461716658	0.519946102674275	0.000544518758828
11.000000000000000	-0.346653865834352	0.498341438003764	0.004416673203650
11.000000000000000	-0.385880870961352	0.474135858412804	0.008292907454064
11.000000000000000	-0.423512523792938	0.447426831227198	0.012157613282839
11.000000000000000	-0.459397294945015	0.418321904272638	0.015995228883623
11.000000000000000	-0.493390689109460	0.386938272817569	0.019790301532857
11.000000000000000	-0.525355826885729	0.353402307669202	0.023527549812428
11.000000000000000	-0.555163995945894	0.317849046322879	0.027191925142554
11.000000000000000	-0.582695169313756	0.280421649213741	0.030768672377097
11.000000000000000	-0.607838488671120	0.241270823260180	0.034243389217337
11.000000000000000	-0.630492710745111	0.200554215020269	0.037602084204935
11.000000000000000	-0.650566614979104	0.158435775904719	0.040831233060609
11.000000000000000	-0.667979370845707	0.115085102002406	0.043917833141623
11.000000000000000	-0.682660863322770	0.070676751176786	0.046849455798848
11.000000000000000	-0.694551975221829	0.025389540182982	0.049614296422542
11.000000000000000	-0.703604825232161	-0.020594175364172	0.052201221975346
11.000000000000000	-0.709782960721920	-0.067089235271834	0.054599815821098
11.000000000000000	-0.713061504520023	-0.113908420343898	0.056800419668950
11.000000000000000	-0.713427255087739	-0.160863206246618	0.058794172463896
11.000000000000000	-0.710878739676618	-0.207764522629563	0.060573046067113
11.000000000000000	-0.705426220258741	-0.254423514445186	0.062129877582444
11.000000000000000	-0.697091652205369	-0.300652302401445	0.063458398198851
11.000000000000000	-0.685908595880419	-0.346264739485405	0.064553258432704
11.000000000000000	-0.671922081504723	-0.391077160511552	0.065410049668265
11.000000000000000	-0.655188427835218	-0.434909121676681	0.066025321909629
11.000000000000000	-0.635775015389192	-0.477584127143395	0.066396597672635
11.000000000000000	-0.613760015126723	-0.518930339726558	0.066522381960826
11.000000000000000	-0.589232073683810	-0.558781272820986	0.066402168285268
11.000000000000000	-0.562289956423659	-0.596976460784246	0.066036440704003
11.000000000000000	-0.533042149743426	-0.633362105075163	0.065426671872920
11.000000000000000	-0.501606424237781	-0.667791693546265	0.064575317115888
11.000000000000000	-0.468109360478290	-0.700126590396487	0.063485804538033
11.000000000000000	-0.432685839318134	-0.730236594408613	0.062162521221969
11.000000000000000	-0.395478498774513	-0.758000463223625	0.060610795562565
11.000000000000000	-0.356637159675698	-0.783306401540889	0.058836875811381
11.000000000000000	-0.316318222385431	-0.806052511278376	0.056847904917159
11.000000000000000	-0.274684037033862	-0.826147201880269	0.054651891763697
11.000000000000000	-0.231902249790875	-0.843509559119811	0.052257678920893
11.000000000000000	-0.188145127814134	-0.858069670912334	0.049674907038845
11.000000000000000	-0.143588865590035	-0.869768908826551	0.046913976028346
11.000000000000000	-0.098412875460698	-0.878560164160553	0.043986003184124
11.000000000000000	-0.052799065193791	-0.884408037631929	0.040902778419412
11.000000000000000	-0.006931105504149	-0.887288981918182	0.037676716792132
11.000000000000000	0.039006309523369	-0.887191396473481	0.034320808513840
11.000000000000000	0.084828206131772	-0.884115674239970	0.030848566642724
11.000000000000000	0.130350075715970	-0.878074200065527	0.027273972671295
11.000000000000000	0.175388617773809	-0.869091300834350	0.023611420227844
11.000000000000000	0.219762477992492	-0.857203147511187	0.019875657118385
11.000000000000000	0.263292978498399	-0.842457609493619	0.016081725942448
11.000000000000000	0.305804837329810	-0.824914061858898	0.012244903521831
11.000000000000000	0.347126874235507	-0.804643146281463	0.008380639386242
11.000000000000000	0.387092699957226	-0.781726486583850	0.004504493563485
11.000000000000000	0.425541386220475	-0.756256360066370	0.000632073924728
11.000000000000000	0.462318113735895	-0.728335325938987	-0.003221026662891
11.000000000000000	0.497274795601901	-0.698075812351576	-0.007039293123233
11.000000000000000	0.530270673598358	-0.665599663685447	-0.010807350644895
11.000000000000000	0.561172884970267	-0.631037649929024	-0.014510026590151
11.000000000000000	0.589856997419174	-0.594528940113257	-0.018132411589804
11.000000000000000	0.616207510148128	-0.556220541927052	-0.021659919577961
11.000000000000000	0.640118318942617	-0.516266709769195	-0.025078346524964
11.000000000000000	0.661493143414797	-0.474828323620329	-0.028373927632010
11.000000000000000	0.680245914690631	-0.432072241236057	-0.031533392757136
11.000000000000000	0.696301121978863	-0.388170626269645	-0.034544019849397
11.000000000000000	0.709594116626330	-0.343300255029763	-0.037393686176074
11.000000000000000	0.720071372435265	-0.297641804664675	-0.040070917136642
11.000000000000000	0.727690701194409	-0.251379125639138	-0.042564932466934
11.000000000000000	0.732421422556043	-0.204698501433461	-0.044865689647463
11.000000000000000	0.734244487574922	-0.157787898445685	-0.046963924341100
11.000000000000000	0.733152555411655	-0.110836209117238	-0.048851187697294
11.000000000000000	0.729150022891672	-0.064032491329739	-0.050519880372606
11.000000000000000	0.722253006800763	-0.017565207135638	-0.051963283130587
11.000000000000000	0.712489278988467	0.028378536111955	-0.053175583897772
11.000000000000000	0.699898154540636	0.073613739174539	-0.054151901166845
11.000000000000000	0.684530333471464	0.117958255854863	-0.054888303652748
11.000000000000000	0.666447696572420	0.161233526435378	-0.055381826122579
11.000000000000000	0.645723056240141	0.203265296675192	-0.055630481335539
11.000000000000000	0.622439863286614	0.243884319470402	-0.055633268044845
11.000000000000000	0.596691870912204	0.282927036352441	-0.055390175029403
11.000000000000000	0.568582757194609	0.320236236080310	-0.054902181138988
11.000000000000000	0.538225707613834	0.355661687674754	-0.054171251352762
11.000000000000000	0.505742959294209	0.389060745345394	-0.053200328866998
11.000000000000000	0.471265308798634	0.420298922874981	-0.051993323243864
11.000000000000000	0.434931585456982	0.449250435147922	-0.050555094668999
11.000000000000000	0.396888092349389	0.475798704642551	-0.048891434381262
11.000000000000000	0.357288017195385	0.499836830847658	-0.047009041353451
11.000000000000000	0.316290815521016	0.521268020713123	-0.044915495317911
11.000000000000000	0.274061568587718	0.540005978401362	-0.042619226245624
11.000000000000000	0.230770318668340	0.555975252770211	-0.040129480401689
11.000000000000000	0.186591384346933	0.569111541188041	-0.037456283113879
11.000000000000000	0.141702658599328	0.579361948457766	-0.034610398404185
11.000000000000000	0.096284892480915	0.586685199807127	-0.031603285645895
11.000000000000000	0.050520967305936	0.591051807087637	-0.028447053420745
11.000000000000000	0.004595158248978	0.592444187512943	-0.025154410761933
11.000000000000000	-0.041307607666115	0.590856734458505	-0.021738615979328


12.000000000000000	nan	nan	nan
12.000000000000000	nan	nan	nan
12.000000000000000	nan	nan	nan
12.000000000000000	nan	nan	nan
12.000000000000000	nan	nan	nan
12.000000000000000	nan	nan	nan
12.000000000000000	nan	nan	nan
12.000000000000000	nan	nan	nan
12.000000000000000	nan	nan	nan
12.000000000000000	nan	nan	nan
12.000000000000000	nan	nan	nan
12.000000000000000	nan	nan	nan
12.000000000000000	nan	nan	nan
12.000000000000000	nan	nan	nan
12.000000000000000	nan	nan	nan
12.000000000000000	nan	nan	nan
12.000000000000000	nan	nan	nan
12.000000000000000	nan	nan	nan
12.000000000000000	nan	nan	nan
12.000000000000000	nan	nan	nan
12.000000000000000	nan	nan	nan
12.000000000000000	nan	nan	nan
12.000000000000000	nan	nan	nan
12.000000000000000	nan	nan	nan
12.000000000000000	nan	nan	nan
12.000000000000000	nan	nan	nan
12.000000000000000	nan	nan	nan
12.000000000000000	nan	nan	nan
12.000000000000000	nan	nan	nan
12.000000000000000	nan	nan	nan
12.000000000000000	nan	nan	nan
12.000000000000000	nan	nan	nan
12.000000000000000	nan	nan	nan
12.000000000000000	nan	nan	nan
12.000000000000000	nan	nan	nan
12.000000000000000	nan	nan	nan
12.000000000000000	nan	nan	nan
12.000000000000000	nan	nan	nan
12.000000000000000	nan	nan	nan
12.000000000000000	nan	nan	nan
12.000000000000000	nan	nan	nan
12.000000000000000	nan	nan	nan
12.000000000000000	nan	nan	nan
12.000000000000000	nan	nan	nan
12.000000000000000	nan	nan	nan
12.000000000000000	nan	nan	nan
12.000000000000000	nan	nan	nan
12.000000000000000	nan	nan	nan
12.000000000000000	nan	nan	nan
12.000000000000000	nan	nan	nan
12.000000000000000	nan	nan	nan
12.000000000000000	nan	nan	nan
12.000000000000000	nan	nan	nan
12.000000000000000	nan	nan	nan
12.000000000000000	nan	nan	nan
12.000000000000000	nan	nan	nan
12.000000000000000	nan	nan	nan
12.000000000000000	nan	nan	nan
12.000000000000000	nan	nan	nan
12.000000000000000	nan	nan	nan
12.000000000000000	nan	nan	nan
12.000000000000000	nan	nan	nan
12.000000000000000	nan	nan	nan
12.000000000000000	nan	nan	nan
12.000000000000000	nan	nan	nan
12.000000000000000	nan	nan	nan
12.000000000000000	nan	nan	nan
12.000000000000000	nan	nan	nan
12.000000000000000	nan	nan	nan
12.000000000000000	nan	nan	nan
12.000000000000000	nan	nan	nan
12.000000000000000	nan	nan	nan
12.000000000000000	nan	nan	nan
12.000000000000000	nan	nan	nan
12.000000000000000	nan	nan	nan
12.000000000000000	nan	nan	nan
12.000000000000000	nan	nan	nan
12.000000000000000	nan	nan	nan
12.000000000000000	nan	nan	nan
12.000000000000000	nan	nan	nan
12.000000000000000	nan	nan	nan
12.000000000000000	nan	nan	nan
12.000000000000000	nan	nan	nan
12.000000000000000	nan	nan	nan
12.000000000000000	nan	nan	nan
12.000000000000000	nan	nan	nan
12.000000000000000	nan	nan	nan
12.000000000000000	nan	nan	nan
12.000000000000000	nan	nan	nan
12.000000000000000	nan	nan	nan
12.000000000000000	nan	nan	nan
12.000000000000000	nan	nan	nan
12.000000000000000	nan	nan	nan
12.000000000000000	nan	nan	nan
12.000000000000000	nan	nan	nan
12.000000000000000	nan	nan	nan
12.000000000000000	nan	nan	nan
12.000000000000000	nan	nan	nan
12.000000000000000	nan	nan	nan
12.000000000000000	nan	nan	nan


13.000000000000000	nan	nan	nan
13.000000000000000	nan	nan	nan
13.000000000000000	nan	nan	nan
13.000000000000000	nan	nan	nan
13.000000000000000	nan	nan	nan
13.000000000000000	nan	nan	nan
13.000000000000000	nan	nan	nan
13.000000000000000	nan	nan	nan
13.000000000000000	nan	nan	nan
13.000000000000000	nan	nan	nan
13.000000000000000	nan	nan	nan
13.000000000000000	nan	nan	nan
13.000000000000000	nan	nan	nan
13.000000000000000	nan	nan	nan
13.000000000000000	nan	nan	nan
13.000000000000000	nan	nan	nan
13.000000000000000	nan	nan	nan
13.000000000000000	nan	nan	nan
13.000000000000000	nan	nan	nan
13.000000000000000	nan	nan	nan
13.000000000000000	nan	nan	nan
13.000000000000000	nan	nan	nan
13.000000000000000	nan	nan	nan
13.000000000000000	nan	nan	nan
13.000000000000000	nan	nan	nan
13.000000000000000	nan	nan	nan
13.000000000000000	nan	nan	nan
13.000000000000000	nan	nan	nan
13.000000000000000	nan	nan	nan
13.000000000000000	nan	nan	nan
13.000000000000000	nan	nan	nan
13.000000000000000	nan	nan	nan
13.000000000000000	nan	nan	nan
13.000000000000000	nan	nan	nan
13.000000000000000	nan	nan	nan
13.000000000000000	nan	nan	nan
13.000000000000000	nan	nan	nan
13.000000000000000	nan	nan	nan
13.000000000000000	nan	nan	nan
13.000000000000000	nan	nan	nan
13.000000000000000	nan	nan	nan
13.000000000000000	nan	nan	nan
13.000000000000000	nan	nan	nan
13.000000000000000	nan	nan	nan
13.000000000000000	nan	nan	nan
13.000000000000000	nan	nan	nan
13.000000000000000	nan	nan	nan
13.000000000000000	nan	nan	nan
13.000000000000000	nan	nan	nan
13.000000000000000	nan	nan	nan
13.000000000000000	nan	nan	nan
13.000000000000000	nan	nan	nan
13.000000000000000	nan	nan	nan
13.000000000000000	nan	nan	nan
13.000000000000000	nan	nan	nan
13.000000000000000	nan	nan	nan
13.000000000000000	nan	nan	nan
13.000000000000000	nan	nan	nan
13.000000000000000	nan	nan	nan
13.000000000000000	nan	nan	nan
13.000000000000000	nan	nan	nan
13.000000000000000	nan	nan	nan
13.000000000000000	nan	nan	nan
13.000000000000000	nan	nan	nan
13.000000000000000	nan	nan	nan
13.000000000000000	nan	nan	nan
13.000000000000000	nan	nan	nan
13.000000000000000	nan	nan	nan
13.000000000000000	nan	nan	nan
13.000000000000000	nan	nan	nan
13.000000000000000	nan	nan	nan
13.000000000000000	nan	nan	nan
13.000000000000000	nan	nan	nan
13.000000000000000	nan	nan	nan
13.000000000000000	nan	nan	nan
13.000000000000000	nan	nan	nan
13.000000000000000	nan	nan	nan
13.000000000000000	nan	nan	nan
13.000000000000000	nan	nan	nan
13.000000000000000	nan	nan	nan
13.000000000000000	nan	nan	nan
13.000000000000000	nan	nan	nan
13.000000000000000	nan	nan	nan
13.000000000000000	nan	nan	nan
13.000000000000000	nan	nan	nan
13.000000000000000	nan	nan	nan
13.000000000000000	nan	nan	nan
13.000000000000000	nan	nan	nan
13.000000000000000	nan	nan	nan
13.000000000000000	nan	nan	nan
13.000000000000000	nan	nan	nan
13.000000000000000	nan	nan	nan
13.000000000000000	nan	nan	nan
13.000000000000000	nan	nan	nan
13.000000000000000	nan	nan	nan
13.000000000000000	nan	nan	nan
13.000000000000000	nan	nan	nan
13.000000000000000	nan	nan	nan
13.000000000000000	nan	nan	nan
13.000000000000000	nan	nan	nan


14.000000000000000	nan	nan	nan
14.000000000000000	nan	nan	nan
14.000000000000000	nan	nan	nan
14.000000000000000	nan	nan	nan
14.000000000000000	nan	nan	nan
14.000000000000000	nan	nan	nan
14.000000000000000	nan	nan	nan
14.000000000000000	nan	nan	nan
14.000000000000000	nan	nan	nan
14.000000000000000	nan	nan	nan
14.000000000000000	nan	nan	nan
14.000000000000000	nan	nan	nan
14.000000000000000	nan	nan	nan
14.000000000000000	nan	nan	nan
14.000000000000000	nan	nan	nan
14.000000000000000	nan	nan	nan
14.000000000000000	nan	nan	nan
14.000000000000000	nan	nan	nan
14.000000000000000	nan	nan	nan
14.000000000000000	nan	nan	nan
14.000000000000000	nan	nan	nan
14.000000000000000	nan	nan	nan
14.000000000000000	nan	nan	nan
14.000000000000000	nan	nan	nan
14.000000000000000	nan	nan	nan
14.000000000000000	nan	nan	nan
14.000000000000000	nan	nan	nan
14.000000000000000	nan	nan	nan
14.000000000000000	nan	nan	nan
14.000000000000000	nan	nan	nan
14.000000000000000	nan	nan	nan
14.000000000000000	nan	nan	nan
14.000000000000000	nan	nan	nan
14.000000000000000	nan	nan	nan
14.000000000000000	nan	nan	nan
14.000000000000000	nan	nan	nan
14.000000000000000	nan	nan	nan
14.000000000000000	nan	nan	nan
14.000000000000000	nan	nan	nan
14.000000000000000	nan	nan	nan
14.000000000000000	nan	nan	nan
14.000000000000000	nan	nan	nan
14.000000000000000	nan	nan	nan
14.000000000000000	nan	nan	nan
14.000000000000000	nan	nan	nan
14.000000000000000	nan	nan	nan
14.000000000000000	nan	nan	nan
14.000000000000000	nan	nan	nan
14.000000000000000	nan	nan	nan
14.000000000000000	nan	nan	nan
14.000000000000000	nan	nan	nan
14.000000000000000	nan	nan	nan
14.000000000000000	nan	nan	nan
14.000000000000000	nan	nan	nan
14.000000000000000	nan	nan	nan
14.000000000000000	nan	nan	nan
14.000000000000000	nan	nan	nan
14.000000000000000	nan	nan	nan
14.000000000000000	nan	nan	nan
14.000000000000000	nan	nan	nan
14.000000000000000	nan	nan	nan
14.000000000000000	nan	nan	nan
14.000000000000000	nan	nan	nan
14.000000000000000	nan	nan	nan
14.000000000000000	nan	nan	nan
14.000000000000000	nan	nan	nan
14.000000000000000	nan	nan	nan
14.000000000000000	nan	nan	nan
14.000000000000000	nan	nan	nan
14.000000000000000	nan	nan	nan
14.000000000000000	nan	nan	nan
14.000000000000000	nan	nan	nan
14.000000000000000	nan	nan	nan
14.000000000000000	nan	nan	nan
14.000000000000000	nan	nan	nan
14.000000000000000	nan	nan	nan
14.000000000000000	nan	nan	nan
14.000000000000000	nan	nan	nan
14.000000000000000	nan	nan	nan
14.000000000000000	nan	nan	nan
14.000000000000000	nan	nan	nan
14.000000000000000	nan	nan	nan
14.000000000000000	nan	nan	nan
14.000000000000000	nan	nan	nan
14.000000000000000	nan	nan	nan
14.000000000000000	nan	nan	nan
14.000000000000000	nan	nan	nan
14.000000000000000	nan	nan	nan
14.000000000000000	nan	nan	nan
14.000000000000000	nan	nan	nan
14.000000000000000	nan	nan	nan
14.000000000000000	nan	nan	nan
14.000000000000000	nan	nan	nan
14.000000000000000	nan	nan	nan
14.000000000000000	nan	nan	nan
14.000000000000000	nan	nan	nan
14.000000000000000	nan	nan	nan
14.000000000000000	nan	nan	nan
14.000000000000000	nan	nan	nan
14.000000000000000	nan	nan	nan


15.000000000000000	-0.780979492559519	-1.209429367603804	-0.070735332702951
15.000000000000000	-0.691984618642098	-1.262854186198400	-0.072206480719187
15.000000000000000	-0.599750353405205	-1.310492397383187	-0.073345848118684
15.000000000000000	-0.504648091681440	-1.352152178895334	-0.074148847071056
15.000000000000000	-0.407060776713013	-1.387665781498252	-0.074612244182936
15.000000000000000	-0.307381358174469	-1.416890204448564	-0.074734173517707
15.000000000000000	-0.206011209903032	-1.439707771309627	-0.074514144108971
15.000000000000000	-0.103358513707828	-1.456026603793009	-0.073953041937501
15.000000000000000	0.000163384234192	-1.465780991719930	-0.073053126363703
15.000000000000000	0.104137637777426	-1.468931657612959	-0.071818021029973
15.000000000000000	0.208145579299921	-1.465465914852553	-0.070252699269567
15.000000000000000	0.311768405530119	-1.455397718761595	-0.068363464080744
15.000000000000000	0.414588863919823	-1.438767610412236	-0.066157922746816
15.000000000000000	0.516192932772936	-1.415642553381306	-0.063644956204302
15.000000000000000	0.616171488364712	-1.386115664111625	-0.060834683282533
15.000000000000000	0.714121952338590	-1.350305836964949	-0.057738419958697
15.000000000000000	0.809649912747153	-1.308357265476342	-0.054368633792391
15.000000000000000	0.902370712209834	-1.260438861737703	-0.050738893723163
15.000000000000000	0.991910996792425	-1.206743576248385	-0.046863815433178
15.000000000000000	1.077910219371598	-1.147487620971638	-0.042759002495024
15.000000000000000	1.160022091430916	-1.082909598725339	-0.038440983541634
15.000000000000000	1.237915977442470	-1.013269542412665	-0.033927145711318
15.000000000000000	1.311278226219453	-0.938847867961363	-0.029235664635885
15.000000000000000	1.379813433878789	-0.859944245187781	-0.024385431253799
15.000000000000000	1.443245633328308	-0.776876391132288	-0.019395975743028
15.000000000000000	1.501319405488826	-0.689978790724883	-0.014287388879918
15.000000000000000	1.553800907776629	-0.599601349932440	-0.009080241140723
15.000000000000000	1.600478815705023	-0.506107986810876	-0.003795499871557
15.000000000000000	1.641165173813458	-0.409875166135581	0.001545555139704
15.000000000000000	1.675696152497826	-0.311290383510641	0.006921417349623
15.000000000000000	1.703932707694461	-0.210750605060801	0.012310440058456
15.000000000000000	1.725761140761501	-0.108660668988990	0.017690923573779
15.000000000000000	1.741093556303195	-0.005431655435764	0.023041202587482
15.000000000000000	1.749868216093637	0.098520768795338	0.028339733414325
15.000000000000000	1.752049787674812	0.202778023981295	0.033565180740752
15.000000000000000	1.747629486627935	0.306920302952423	0.038696503534668
15.000000000000000	1.736625111945204	0.410528261507673	0.043713039770251
15.000000000000000	1.719080974359541	0.513184706965728	0.048594589626635
15.000000000000000	1.695067717920910	0.614476278052680	0.053321496825461
15.000000000000000	1.664682035537659	0.713995109361991	0.057874727779772
15.000000000000000	1.628046279628309	0.811340473684528	0.062235948235549
15.000000000000000	1.585307969451544	0.906120395595607	0.066387597097283
15.000000000000000	1.536639197098228	0.997953229801672	0.070312957140306
15.000000000000000	1.482235934537285	1.086469197891205	0.073996222325156
15.000000000000000	1.422317244505757	1.171311877301865	0.077422561442919
15.000000000000000	1.357124398420472	1.252139636508364	0.080578177835273
15.000000000000000	1.286919904863207	1.328627010652029	0.083450364948761
15.000000000000000	1.211986452551278	1.400466012072926	0.086027557499597
15.000000000000000	1.132625772049852	1.467367370467462	0.088299378042984
15.000000000000000	1.049157420809448	1.529061697677798	0.090256678759418
15.000000000000000	0.961917496420878	1.585300572422888	0.091891578289732
15.000000000000000	0.871257283268868	1.635857540603293	0.093197493470543
15.000000000000000	0.777541838033822	1.680529027151917	0.094169165842334
15.000000000000000	0.681148519737420	1.719135155758953	0.094802682823410
15.000000000000000	0.582465470251020	1.751520473170292	0.095095493464482
15.000000000000000	0.481890051385337	1.777554575142914	0.095046418720446
15.000000000000000	0.379827244854675	1.797132631536750	0.094655656197975
15.000000000000000	0.276688021558503	1.810175808428656	0.093924779359830
15.000000000000000	0.172887686746686	1.816631585548794	0.092856731189079
15.000000000000000	0.068844207731832	1.816473967761230	0.091455812338745
15.000000000000000	-0.035023469117565	1.809703589737163	0.089727663814594
15.000000000000000	-0.138297105326281	1.796347713399333	0.087679244260791
15.000000000000000	-0.240560854411091	1.776460118147879	0.085318801939905
15.000000000000000	-0.341402936347782	1.750120884309677	0.082655841520057
15.000000000000000	-0.440417295663981	1.717436070683124	0.079701085802982
15.000000000000000	-0.537205236481221	1.678537287476792	0.076466432547092
15.000000000000000	-0.631377027922534	1.633581166361571	0.072964906559396
15.000000000000000	-0.722553473421130	1.582748729770210	0.069210607249206
15.000000000000000	-0.810367437611146	1.526244661983869	0.065218651854787
15.000000000000000	-0.894465324652180	1.464296484940766	0.061005114571576
15.000000000000000	-0.974508502034944	1.397153642085629	0.056586961827072
15.000000000000000	-1.050174664134857	1.325086493948989	0.051981983963016
15.000000000000000	-1.121159130023043	1.248385229500742	0.047208723599970
15.000000000000000	-1.187176070308896	1.167358697661587	0.042286400972722
15.000000000000000	-1.247959658074153	1.082333163677429	0.037234836537190
15.000000000000000	-1.303265139264070	0.993650995364392	0.032074371160437
15.000000000000000	-1.352869818225621	0.901669284514454	0.026825784215182
15.000000000000000	-1.396573954424291	0.806758409012835	0.021510209908596
15.000000000000000	-1.434201566728710	0.709300541456977	0.016149052182314
15.000000000000000	-1.465601142024559	0.609688110282383	0.010763898526312
15.000000000000000	-1.490646245304407	0.508322219591804	0.005376433053706
15.000000000000000	-1.509236028776858	0.405611034050592	0.000008349186483
15.000000000000000	-1.521295637945017	0.301968135351649	-0.005318737696257
15.000000000000000	-1.526776513019128	0.197810856867921	-0.010583377295798
15.000000000000000	-1.525656584449709	0.093558603198199	-0.015764370766595
15.000000000000000	-1.517940361793836	-0.010368838627175	-0.020840856076540
15.000000000000000	-1.503658915556752	-0.113552989480509	-0.025792392011005
15.000000000000000	-1.482869752081906	-0.215578363204521	-0.030599040482394
15.000000000000000	-1.455656581993206	-0.316034139628445	-0.035241446813791
15.000000000000000	-1.422128983121880	-0.414515818795864	-0.039700917673406
15.000000000000000	-1.382421959275226	-0.510626849743262	-0.043959496346031
15.000000000000000	-1.336695396623928	-0.603980227270806	-0.048000035038390
15.000000000000000	-1.285133419896877	-0.694200050275684	-0.051806263927252
15.000000000000000	-1.227943650975874	-0.780923035373182	-0.055362856672266
15.000000000000000	-1.165356372875593	-0.863799979710646	-0.058655492129725
15.000000000000000	-1.097623602475152	-0.942497167084132	-0.061670912018757
15.000000000000000	-1.025018075735094	-1.016697711695771	-0.064396974307742
15.000000000000000	-0.947832149485936	-1.086102834141028	-0.066822702105990
15.000000000000000	-0.866376624210390	-1.150433064487923	-0.068938327863803
15.000000000000000	-0.780979492559520	-1.209429367603803	-0.070735332702951


16.000000000000000	nan	nan	nan
16.000000000000000	nan	nan	nan
16.000000000000000	nan	nan	nan
16.000000000000000	nan	nan	nan
16.000000000000000	nan	nan	nan
16.000000000000000	nan	nan	nan
16.000000000000000	nan	nan	nan
16.000000000000000	nan	nan	nan
16.000000000000000	nan	nan	nan
16.000000000000000	nan	nan	nan
16.000000000000000	nan	nan	nan
16.000000000000000	nan	nan	nan
16.000000000000000	nan	nan	nan
16.000000000000000	nan	nan	nan
16.000000000000000	nan	nan	nan
16.000000000000000	nan	nan	nan
16.000000000000000	nan	nan	nan
16.000000000000000	nan	nan	nan
16.000000000000000	nan	nan	nan
16.000000000000000	nan	nan	nan
16.000000000000000	nan	nan	nan
16.000000000000000	nan	nan	nan
16.000000000000000	nan	nan	nan
16.000000000000000	nan	nan	nan
16.000000000000000	nan	nan	nan
16.000000000000000	nan	nan	nan
16.000000000000000	nan	nan	nan
16.000000000000000	nan	nan	nan
16.000000000000000	nan	nan	nan
16.000000000000000	nan	nan	nan
16.000000000000000	nan	nan	nan
16.000000000000000	nan	nan	nan
16.000000000000000	nan	nan	nan
16.000000000000000	nan	nan	nan
16.000000000000000	nan	nan	nan
16.000000000000000	nan	nan	nan
16.000000000000000	nan	nan	nan
16.000000000000000	nan	nan	nan
16.000000000000000	nan	nan	nan
16.000000000000000	nan	nan	nan
16.000000000000000	nan	nan	nan
16.000000000000000	nan	nan	nan
16.000000000000000	nan	nan	nan
16.000000000000000	nan	nan	nan
16.000000000000000	nan	nan	nan
16.000000000000000	nan	nan	nan
16.000000000000000	nan	nan	nan
16.000000000000000	nan	nan	nan
16.000000000000000	nan	nan	nan
16.000000000000000	nan	nan	nan
16.000000000000000	nan	nan	nan
16.000000000000000	nan	nan	nan
16.000000000000000	nan	nan	nan
16.000000000000000	nan	nan	nan
16.000000000000000	nan	nan	nan
16.000000000000000	nan	nan	nan
16.000000000000000	nan	nan	nan
16.000000000000000	nan	nan	nan
16.000000000000000	nan	nan	nan
16.000000000000000	nan	nan	nan
16.000000000000000	nan	nan	nan
16.000000000000000	nan	nan	nan
16.000000000000000	nan	nan	nan
16.000000000000000	nan	nan	nan
16.000000000000000	nan	nan	nan
16.000000000000000	nan	nan	nan
16.000000000000000	nan	nan	nan
16.000000000000000	nan	nan	nan
16.000000000000000	nan	nan	nan
16.000000000000000	nan	nan	nan
16.000000000000000	nan	nan	nan
16.000000000000000	nan	nan	nan
16.000000000000000	nan	nan	nan
16.000000000000000	nan	nan	nan
16.000000000000000	nan	nan	nan
16.000000000000000	nan	nan	nan
16.000000000000000	nan	nan	nan
16.000000000000000	nan	nan	nan
16.000000000000000	nan	nan	nan
16.000000000000000	nan	nan	nan
16.000000000000000	nan	nan	nan
16.000000000000000	nan	nan	nan
16.000000000000000	nan	nan	nan
16.000000000000000	nan	nan	nan
16.000000000000000	nan	nan	nan
16.000000000000000	nan	nan	nan
16.000000000000000	nan	nan	nan
16.000000000000000	nan	nan	nan
16.000000000000000	nan	nan	nan
16.000000000000000	nan	nan	nan
16.000000000000000	nan	nan	nan
16.000000000000000	nan	nan	nan
16.000000000000000	nan	nan	nan
16.000000000000000	nan	nan	nan
16.000000000000000	nan	nan	nan
16.000000000000000	nan	nan	nan
16.000000000000000	nan	nan	nan
16.000000000000000	nan	nan	nan
16.000000000000000	nan	nan	nan
16.000000000000000	nan	nan	nan


