# n	x	y	z
1.000000000000000	-0.401837911676231	-0.937875819412609	-0.038898264678286
1.000000000000000	-0.335486694501098	-0.963851735681784	-0.038418898595472
1.000000000000000	-0.267615152113596	-0.985551097114323	-0.037768431351799
1.000000000000000	-0.198496579260082	-1.002886528040394	-0.036949482149277
1.000000000000000	-0.128409292038465	-1.015788224798089	-0.035965348607304
1.000000000000000	-0.057635507217518	-1.024204236808137	-0.034819993484307
1.000000000000000	0.013539794150453	-1.028100675760555	-0.033518028721122
1.000000000000000	0.084830014247718	-1.027461852070904	-0.032064696870330
1.000000000000000	0.155948092519384	-1.022290338056713	-0.030465849986349
1.000000000000000	0.226607661564933	-1.012606957579664	-0.028727926061279
1.000000000000000	0.296524200238675	-0.998450702195250	-0.026857923101375
1.000000000000000	0.365416179315976	-0.979878574147540	-0.024863370948552
1.000000000000000	0.433006195112087	-0.956965356841267	-0.022752300960364
1.000000000000000	0.499022086488871	-0.929803313715446	-0.020533213670565
1.000000000000000	0.563198030751653	-0.898501816731071	-0.018215044560458
1.000000000000000	0.625275614023385	-0.863186905968828	-0.015807128078865
1.000000000000000	0.685004871786128	-0.824000782110181	-0.013319160055599
1.000000000000000	0.742145295399942	-0.781101233845409	-0.010761158659778
1.000000000000000	0.796466800546289	-0.734661002514246	-0.008143424060190
1.000000000000000	0.847750653696382	-0.684867086537474	-0.005476496950156
1.000000000000000	0.895790352873903	-0.631919988440277	-0.002771116103873
1.000000000000000	0.940392459165575	-0.576032907499345	-0.000038175135160
1.000000000000000	0.981377375631398	-0.517430881264631	0.002711321367274
1.000000000000000	1.018580070478135	-0.456349879412561	0.005466302151434
1.000000000000000	1.051850741584097	-0.393035853579434	0.008215673882053
1.000000000000000	1.081055419699416	-0.327743747000991	0.010948365809548
1.000000000000000	1.106076507892932	-0.260736467945979	0.013653374348011
1.000000000000000	1.126813255073526	-0.192283831077352	0.016319807382775
1.000000000000000	1.143182161679208	-0.122661471003849	0.018936928129110
1.000000000000000	1.155117315900380	-0.052149732396707	0.021494198365467
1.000000000000000	1.162570659083431	0.018967458859382	0.023981320867176
1.000000000000000	1.165512179245976	0.090403738935599	0.026388280869737
1.000000000000000	1.163930031924509	0.161871459145067	0.028705386394742
1.000000000000000	1.157830587867887	0.233082844202589	0.030923307276049
1.000000000000000	1.147238407384564	0.303751150994153	0.033033112729071
1.000000000000000	1.132196141446902	0.373591823190248	0.035026307311891
1.000000000000000	1.112764359950758	0.442323637053769	0.036894865133410
1.000000000000000	1.089021307821891	0.509669833828756	0.038631262170776
1.000000000000000	1.061062589951262	0.575359234150214	0.040228506565970
1.000000000000000	1.029000786227880	0.639127329987713	0.041680166779551
1.000000000000000	0.992964998219327	0.700717349725869	0.042980397488192
1.000000000000000	0.953100329325304	0.759881292093010	0.044123963121739
1.000000000000000	0.909567300497462	0.816380924774767	0.045106258944999
1.000000000000000	0.862541203878180	0.869988743691526	0.045923329599387
1.000000000000000	0.812211396960976	0.920488889077052	0.046571885029758
1.000000000000000	0.758780540114713	0.967678014669591	0.047049313732298
1.000000000000000	0.702463780541823	1.011366106515490	0.047353693270127
1.000000000000000	0.643487885956457	1.051377248088324	0.047483798014275
1.000000000000000	0.582090331470936	1.087550328642663	0.047439104078856
1.000000000000000	0.518518343367289	1.119739691950178	0.047219791430575
1.000000000000000	0.453027903604271	1.147815722805865	0.046826743164061
1.000000000000000	0.385882719068367	1.171665368942728	0.046261541945959
1.000000000000000	0.317353159719228	1.191192596253358	0.045526463642091
1.000000000000000	0.247715169905271	1.206318775485388	0.044624468153344
1.000000000000000	0.177249157233183	1.216982998853742	0.043559187497198
1.000000000000000	0.106238863465454	1.223142325294787	0.042334911182872
1.000000000000000	0.034970221992446	1.224771953374839	0.040956568938983
1.000000000000000	-0.036269793520451	1.221865321156788	0.039429710863268
1.000000000000000	-0.107194324674487	1.214434132622699	0.037760485074305
1.000000000000000	-0.177517783415076	1.202508310546006	0.035955612955202
1.000000000000000	-0.246957001994097	1.186135876003068	0.034022362088965
1.000000000000000	-0.315232373186470	1.165382755009240	0.031968516994503
1.000000000000000	-0.382068976169772	1.140332513058080	0.029802347781119
1.000000000000000	-0.447197683533350	1.111086018632598	0.027532576847701
1.000000000000000	-0.510356244959425	1.077761037043478	0.025168343760696
1.000000000000000	-0.571290343212551	1.040491756229734	0.022719168452303
1.000000000000000	-0.629754618185377	0.999428246431242	0.020194912887068
1.000000000000000	-0.685513654877186	0.954735855908853	0.017605741351232
1.000000000000000	-0.738342931327026	0.906594545145298	0.014962079524739
1.000000000000000	-0.788029722684396	0.855198162207847	0.012274572500699
1.000000000000000	-0.834373957777146	0.800753662190555	0.009554041921359
1.000000000000000	-0.877189024727464	0.743480273879146	0.006811442403168
1.000000000000000	-0.916302522372053	0.683608616994064	0.004057817426402
1.000000000000000	-0.951556954460764	0.621379773566257	0.001304254866969
1.000000000000000	-0.982810363838408	0.557044317184925	-0.001438157650558
1.000000000000000	-1.009936904056116	0.490861304026119	-0.004158377398889
1.000000000000000	-1.032827346110575	0.423097229724947	-0.006845451013181
1.000000000000000	-1.051389518270672	0.354024956291711	-0.009488558596375
1.000000000000000	-1.065548677220520	0.283922613392899	-0.012077057287103
1.000000000000000	-1.075247809024414	0.213072478421179	-0.014600524114731
1.000000000000000	-1.080447858701830	0.141759839863970	-0.017048797968986
1.000000000000000	-1.081127887488041	0.070271848547387	-0.019412020515160
1.000000000000000	-1.077285157147138	-0.001103638618775	-0.021680675890145
1.000000000000000	-1.068935140997934	-0.072079217739234	-0.023845629019452
1.000000000000000	-1.056111461608377	-0.142369095207259	-0.025898162400938
1.000000000000000	-1.038865755409331	-0.211690238494662	-0.027830011207103
1.000000000000000	-1.017267464772894	-0.279763515823889	-0.029633396564640
1.000000000000000	-0.991403558392479	-0.346314820133174	-0.031301056877207
1.000000000000000	-0.961378181090573	-0.411076172808933	-0.032826277065315
1.000000000000000	-0.927312234464302	-0.473786802741056	-0.034202915605585
1.000000000000000	-0.889342890057367	-0.534194196356132	-0.035425429260490
1.000000000000000	-0.847623037018650	-0.592055114400486	-0.036488895399021
1.000000000000000	-0.802320666471577	-0.647136571378804	-0.037389031818382
1.000000000000000	-0.753618195073150	-0.699216773704493	-0.038122213986909
1.000000000000000	-0.701711730486458	-0.748086012784168	-0.038685489638782
1.000000000000000	-0.646810281724328	-0.793547509440150	-0.039076590661755
1.000000000000000	-0.589134917543801	-0.835418206270758	-0.039293942230046
1.000000000000000	-0.528917876280271	-0.873529504757854	-0.039336669145601
1.000000000000000	-0.466401630705678	-0.907727944153578	-0.039204599362213
1.000000000000000	-0.401837911676231	-0.937875819412609	-0.038898264678286


2.000000000000000	-0.635616882862001	-0.169407580385907	0.021212622031171
2.000000000000000	-0.622072236710540	-0.214455809613991	0.020665013885691
2.000000000000000	-0.605678696091715	-0.258548808737916	0.020022713641520
2.000000000000000	-0.586502272007598	-0.301509030812557	0.019288307615046
2.000000000000000	-0.564620181149777	-0.343163490186163	0.018464753000134
2.000000000000000	-0.540120534974989	-0.383344459052518	0.017555365960549
2.000000000000000	-0.513101984911383	-0.421890142831621	0.016563808276937
2.000000000000000	-0.483673325124035	-0.458645331659351	0.015494072602127
2.000000000000000	-0.451953054439248	-0.493462025362815	0.014350466384123
2.000000000000000	-0.418068899191597	-0.526200029404803	0.013137594521538
2.000000000000000	-0.382157298915062	-0.556727519397713	0.011860340821286
2.000000000000000	-0.344362856949183	-0.584921571913831	0.010523848333220
2.000000000000000	-0.304837758172441	-0.610668659454589	0.009133498640881
2.000000000000000	-0.263741156207476	-0.633865107585735	0.007694890191767
2.000000000000000	-0.221238532565609	-0.654417512397688	0.006213815754353
2.000000000000000	-0.177501030311210	-0.672243116610111	0.004696239092664
2.000000000000000	-0.132704764928979	-0.687270142806278	0.003148270952296
2.000000000000000	-0.087030115169048	-0.699438082455392	0.001576144454605
2.000000000000000	-0.040660996725416	-0.708697939559085	-0.000013810001874
2.000000000000000	0.006215878327635	-0.715012427941009	-0.001615190231711
2.000000000000000	0.053411753359168	-0.718356121385108	-0.003221548041917
2.000000000000000	0.100736587237921	-0.718715556018021	-0.004826415196544
2.000000000000000	0.147999819560868	-0.716089284523339	-0.006423329461988
2.000000000000000	0.195011137972710	-0.710487881969446	-0.008005860628123
2.000000000000000	0.241581244486553	-0.701933903227447	-0.009567636400488
2.000000000000000	0.287522617720095	-0.690461792150661	-0.011102368059267
2.000000000000000	0.332650267978047	-0.676117742881386	-0.012603875781743
2.000000000000000	0.376782482140341	-0.658959513843384	-0.014066113526266
2.000000000000000	0.419741555356737	-0.639056195169104	-0.015483193377526
2.000000000000000	0.461354506601529	-0.616487930498093	-0.016849409255113
2.000000000000000	0.501453775207087	-0.591345594266853	-0.018159259889884
2.000000000000000	0.539877895571522	-0.563730425789557	-0.019407470975636
2.000000000000000	0.576472147323682	-0.533753621603061	-0.020589016406876
2.000000000000000	0.611089178327473	-0.501535887717698	-0.021699138517171
2.000000000000000	0.643589598016908	-0.467206953576775	-0.022733367236594
2.000000000000000	0.673842538672720	-0.430905049681896	-0.023687538091116
2.000000000000000	0.701726182380472	-0.392776350987513	-0.024557808971475
2.000000000000000	0.727128251548314	-0.352974388305982	-0.025340675603991
2.000000000000000	0.749946461009207	-0.311659430093168	-0.026032985661045
2.000000000000000	0.770088929887199	-0.268997837103936	-0.026631951454382
2.000000000000000	0.787474551569275	-0.225161392516111	-0.027135161160155
2.000000000000000	0.802033320293069	-0.180326610220247	-0.027540588530482
2.000000000000000	0.813706613035358	-0.134674024060493	-0.027846601052436
2.000000000000000	0.822447425566283	-0.088387460888519	-0.028051966521598
2.000000000000000	0.828220561718798	-0.041653300357664	-0.028155858003704
2.000000000000000	0.831002775111210	0.005340275562145	-0.028157857164424
2.000000000000000	0.830782862752152	0.052404040326769	-0.028057955953845
2.000000000000000	0.827561710151076	0.099348484766363	-0.027856556638880
2.000000000000000	0.821352287752623	0.145984580171918	-0.027554470183489
2.000000000000000	0.812179598709214	0.192124539447155	-0.027152912983209
2.000000000000000	0.800080578202182	0.237582573260884	-0.026653501967157
2.000000000000000	0.785103944716836	0.282175638155066	-0.026058248087232
2.000000000000000	0.767310003870313	0.325724173596218	-0.025369548220716
2.000000000000000	0.746770405582139	0.368052825002301	-0.024590175518900
2.000000000000000	0.723567855565300	0.408991149833738	-0.023723268240579
2.000000000000000	0.697795782299516	0.448374303905358	-0.022772317115393
2.000000000000000	0.669557960827737	0.486043705155755	-0.021741151287892
2.000000000000000	0.638968094890666	0.521847672201273	-0.020633922898919
2.000000000000000	0.606149359081929	0.555642035103408	-0.019455090366407
2.000000000000000	0.571233902867461	0.587290715890261	-0.018209400432903
2.000000000000000	0.534362318466243	0.616666276494509	-0.016901869052111
2.000000000000000	0.495683074735063	0.643650431901520	-0.015537761191416
2.000000000000000	0.455351919336830	0.668134526441360	-0.014122569631720
2.000000000000000	0.413531251599701	0.690019971306824	-0.012661992849950
2.000000000000000	0.370389468592310	0.709218641535771	-0.011161912073306
2.000000000000000	0.326100287048204	0.725653230859241	-0.009628367597630
2.000000000000000	0.280842043869871	0.739257562986513	-0.008067534465272
2.000000000000000	0.234796978028975	0.749976858073675	-0.006485697600369
2.000000000000000	0.188150496754338	0.757767953302719	-0.004889226501676
2.000000000000000	0.141090428962469	0.762599476682977	-0.003284549594843
2.000000000000000	0.093806268936806	0.764451973375053	-0.001678128347414
2.000000000000000	0.046488413301125	0.763317984028595	-0.000076431250776
2.000000000000000	-0.000672605640472	0.759202074818465	0.001514092226173
2.000000000000000	-0.047486887109896	0.752120819058370	0.003087037606756
2.000000000000000	-0.093765926518478	0.742102730465970	0.004636071195087
2.000000000000000	-0.139323374508418	0.729188148348204	0.006154955579627
2.000000000000000	-0.183975787315878	0.713429075169140	0.007637574749040
2.000000000000000	-0.227543365434272	0.694888967154402	0.009077958719213
2.000000000000000	-0.269850677603425	0.673642478775351	0.010470307572272
2.000000000000000	-0.310727367209332	0.649775162141874	0.011809014810806
2.000000000000000	-0.350008838250124	0.623383122514232	0.013088689933255
2.000000000000000	-0.387536918106070	0.594572631321101	0.014304180139554
2.000000000000000	-0.423160494444891	0.563459698242031	0.015450591079641
2.000000000000000	-0.456736123697791	0.530169604077417	0.016523306561280
2.000000000000000	-0.488128608656077	0.494836396286927	0.017518007137834
2.000000000000000	-0.517211542862605	0.457602349227699	0.018430687501155
2.000000000000000	-0.543867819605965	0.418617391265715	0.019257672609545
2.000000000000000	-0.567990103467877	0.378038501067191	0.019995632485850
2.000000000000000	-0.589481262525041	0.336029075500889	0.020641595626109
2.000000000000000	-0.608254759465104	0.292758271696598	0.021192960964743
2.000000000000000	-0.624235000041876	0.248400325909081	0.021647508348135
2.000000000000000	-0.637357637466682	0.203133851930161	0.022003407474402
2.000000000000000	-0.647569831510164	0.157141121874032	0.022259225263374
2.000000000000000	-0.654830461271240	0.110607332231783	0.022413931627105
2.000000000000000	-0.659110290756457	0.063719858150491	0.022466903617671
2.000000000000000	-0.660392086603016	0.016667498939641	0.022417927935561
2.000000000000000	-0.658670687471444	-0.030360282157063	0.022267201788562
2.000000000000000	-0.653953024828489	-0.077174120863307	0.022015332097670
2.000000000000000	-0.646258095036543	-0.123585514373272	0.021663333053235
2.000000000000000	-0.635616882862001	-0.169407580385907	0.021212622031171


3.000000000000000	-0.203134696455899	0.430015810167092	-0.019184014871936
3.000000000000000	-0.231552166163349	0.415538368392267	-0.017620346096009
3.000000000000000	-0.258989118484485	0.399285795805181	-0.015981180207937
3.000000000000000	-0.285335074496011	0.381323535779399	-0.014273117550220
3.000000000000000	-0.310483948331709	0.361723915996376	-0.012503035888329
3.000000000000000	-0.334334474352781	0.340565857207417	-0.010678062716378
3.000000000000000	-0.356790614908835	0.317934555447657	-0.008805546557217
3.000000000000000	-0.377761947047606	0.293921138981708	-0.006893027372526
3.000000000000000	-0.397164026616273	0.268622301362291	-0.004948206202050
3.000000000000000	-0.414918728288256	0.242139912079434	-0.002978914154231
3.000000000000000	-0.430954560146333	0.214580606367983	-0.000993080873095
3.000000000000000	-0.445206951555359	0.186055355825154	0.001001297391621
3.000000000000000	-0.457618513165421	0.156679021567073	0.002996189982550
3.000000000000000	-0.468139267998500	0.126569891723604	0.004983564171313
3.000000000000000	-0.476726852688118	0.095849205133796	0.006955417503482
3.000000000000000	-0.483346688061665	0.064640663159871	0.008903810021642
3.000000000000000	-0.487972118378519	0.033069931585498	0.010820896236797
3.000000000000000	-0.490584518663313	0.001264134604035	0.012698956719380
3.000000000000000	-0.491173369702130	-0.030648657065733	0.014530429182678
3.000000000000000	-0.489736300399668	-0.062539941875172	0.016307938933489
3.000000000000000	-0.486279097326803	-0.094281304876185	0.018024328567407
3.000000000000000	-0.480815681420111	-0.125744934802883	0.019672686789165
3.000000000000000	-0.473368051927170	-0.156804138722444	0.021246376241982
3.000000000000000	-0.463966197823355	-0.187333852182835	0.022739060233855
3.000000000000000	-0.452647977056813	-0.217211142803225	0.024144728253183
3.000000000000000	-0.439458964107879	-0.246315705279287	0.025457720170973
3.000000000000000	-0.424452266476716	-0.274530345810206	0.026672749032185
3.000000000000000	-0.407688310838165	-0.301741453996744	0.027784922344432
3.000000000000000	-0.389234599724849	-0.327839460310225	0.028789761778320
3.000000000000000	-0.369165439718298	-0.352719277290355	0.029683221200099
3.000000000000000	-0.347561642242575	-0.376280722695329	0.030461702964021
3.000000000000000	-0.324510198165188	-0.398428922900368	0.031122072398781
3.000000000000000	-0.300103927515573	-0.419074694920316	0.031661670429740
3.000000000000000	-0.274441105731595	-0.438134905518044	0.032078324286074
3.000000000000000	-0.247625067939045	-0.455532805952658	0.032370356249759
3.000000000000000	-0.219763792857561	-0.471198341019589	0.032536590411149
3.000000000000000	-0.190969468008432	-0.485068431138174	0.032576357403947
3.000000000000000	-0.161358037975047	-0.497087226350869	0.032489497100507
3.000000000000000	-0.131048737534982	-0.507206331211310	0.032276359256617
3.000000000000000	-0.100163611543631	-0.515384999655699	0.031937802103146
3.000000000000000	-0.068827023502647	-0.521590299072822	0.031475188890261
3.000000000000000	-0.037165154792017	-0.525797242912047	0.030890382398093
3.000000000000000	-0.005305496582182	-0.527988891295347	0.030185737435983
3.000000000000000	0.026623663527917	-0.528156419228213	0.029364091360493
3.000000000000000	0.058493758079714	-0.526299152134787	0.028428752650373
3.000000000000000	0.090176457450801	-0.522424568574142	0.027383487584489
3.000000000000000	0.121544186593020	-0.516548270126768	0.026232505076339
3.000000000000000	0.152470638732162	-0.508693918572509	0.024980439726253
3.000000000000000	0.182831283960760	-0.498893140612930	0.023632333159487
3.000000000000000	0.212503870676079	-0.487185400521750	0.022193613725378
3.000000000000000	0.241368917844172	-0.473617841236143	0.020670074639302
3.000000000000000	0.269310196107830	-0.458245094528766	0.019067850655434
3.000000000000000	0.296215195801187	-0.441129061024895	0.017393393364262
3.000000000000000	0.321975579986429	-0.422338660950452	0.015653445214309
3.000000000000000	0.346487620688409	-0.401949556614583	0.013855012362671
3.000000000000000	0.369652616570593	-0.380043847744241	0.012005336463695
3.000000000000000	0.391377290370503	-0.356709740897563	0.010111865509395
3.000000000000000	0.411574164494335	-0.332041194287193	0.008182223839015
3.000000000000000	0.430161913258355	-0.306137539443722	0.006224181438507
3.000000000000000	0.447065690358719	-0.279103081242670	0.004245622653539
3.000000000000000	0.462217430251127	-0.251046677905570	0.002254514442018
3.000000000000000	0.475556122226745	-0.222081302666327	0.000258874293962
3.000000000000000	0.487028056080794	-0.192323588867881	-0.001733262052101
3.000000000000000	0.496587038384593	-0.161893360320899	-0.003713872966217
3.000000000000000	0.504194578490186	-0.130913148815579	-0.005674983227281
3.000000000000000	0.509820043518603	-0.099507700729382	-0.007608696136431
3.000000000000000	0.513440781707647	-0.067803474717393	-0.009507225314275
3.000000000000000	0.515042213622548	-0.035928132507954	-0.011362926053888
3.000000000000000	0.514617890862200	-0.004010024853937	-0.013168326103349
3.000000000000000	0.512169522024596	0.027822325290430	-0.014916155753864
3.000000000000000	0.507706965826909	0.059440740286147	-0.016599377112315
3.000000000000000	0.501248191407917	0.090717903935548	-0.018211212440376
3.000000000000000	0.492819205972619	0.121527874139697	-0.019745171446066
3.000000000000000	0.482453950070406	0.151746590022769	-0.021195077417872
3.000000000000000	0.470194160928444	0.181252371481410	-0.022555092096180
3.000000000000000	0.456089204390592	0.209926409147569	-0.023819739181889
3.000000000000000	0.440195876138570	0.237653242791885	-0.024983926387534
3.000000000000000	0.422578172995798	0.264321226241288	-0.026042965942131
3.000000000000000	0.403307035234774	0.289822976938724	-0.026992593467176
3.000000000000000	0.382460060925634	0.314055808334819	-0.027828985147789
3.000000000000000	0.360121193476110	0.336922143370368	-0.028548773129872
3.000000000000000	0.336380383621058	0.358329907384714	-0.029149059081266
3.000000000000000	0.311333227222593	0.378192898867907	-0.029627425862312
3.000000000000000	0.285080580339295	0.396431136563763	-0.029981947258819
3.000000000000000	0.257728153114453	0.412971181526154	-0.030211195738249
3.000000000000000	0.229386084118634	0.427746432831722	-0.030314248197889
3.000000000000000	0.200168496860527	0.440697395758293	-0.030290689681853
3.000000000000000	0.170193040251855	0.451771921349122	-0.030140615051973
3.000000000000000	0.139580414876732	0.460925416398340	-0.029864628605814
3.000000000000000	0.108453886973005	0.468121023012053	-0.029463841643387
3.000000000000000	0.076938792082631	0.473329767022073	-0.028939867992335
3.000000000000000	0.045162030369677	0.476530674654664	-0.028294817509617
3.000000000000000	0.013251555638150	0.477710856984531	-0.027531287585861
3.000000000000000	-0.018664139892809	0.476865561833968	-0.026652352686586
3.000000000000000	-0.050456542981743	0.473998192908207	-0.025661551972418
3.000000000000000	-0.081997636842343	0.469120296089891	-0.024562875048135
3.000000000000000	-0.113160416621865	0.462251512947883	-0.023360745897940
3.000000000000000	-0.143819400804845	0.453419501647603	-0.022060005071638
3.000000000000000	-0.173851136482877	0.442659825581353	-0.020665890193446
3.000000000000000	-0.203134696455899	0.430015810167092	-0.019184014871936


4.000000000000000	nan	nan	nan
4.000000000000000	nan	nan	nan
4.000000000000000	nan	nan	nan
4.000000000000000	nan	nan	nan
4.000000000000000	nan	nan	nan
4.000000000000000	nan	nan	nan
4.000000000000000	nan	nan	nan
4.000000000000000	nan	nan	nan
4.000000000000000	nan	nan	nan
4.000000000000000	nan	nan	nan
4.000000000000000	nan	nan	nan
4.000000000000000	nan	nan	nan
4.000000000000000	nan	nan	nan
4.000000000000000	nan	nan	nan
4.000000000000000	nan	nan	nan
4.000000000000000	nan	nan	nan
4.000000000000000	nan	nan	nan
4.000000000000000	nan	nan	nan
4.000000000000000	nan	nan	nan
4.000000000000000	nan	nan	nan
4.000000000000000	nan	nan	nan
4.000000000000000	nan	nan	nan
4.000000000000000	nan	nan	nan
4.000000000000000	nan	nan	nan
4.000000000000000	nan	nan	nan
4.000000000000000	nan	nan	nan
4.000000000000000	nan	nan	nan
4.000000000000000	nan	nan	nan
4.000000000000000	nan	nan	nan
4.000000000000000	nan	nan	nan
4.000000000000000	nan	nan	nan
4.000000000000000	nan	nan	nan
4.000000000000000	nan	nan	nan
4.000000000000000	nan	nan	nan
4.000000000000000	nan	nan	nan
4.000000000000000	nan	nan	nan
4.000000000000000	nan	nan	nan
4.000000000000000	nan	nan	nan
4.000000000000000	nan	nan	nan
4.000000000000000	nan	nan	nan
4.000000000000000	nan	nan	nan
4.000000000000000	nan	nan	nan
4.000000000000000	nan	nan	nan
4.000000000000000	nan	nan	nan
4.000000000000000	nan	nan	nan
4.000000000000000	nan	nan	nan
4.000000000000000	nan	nan	nan
4.000000000000000	nan	nan	nan
4.000000000000000	nan	nan	nan
4.000000000000000	nan	nan	nan
4.000000000000000	nan	nan	nan
4.000000000000000	nan	nan	nan
4.000000000000000	nan	nan	nan
4.000000000000000	nan	nan	nan
4.000000000000000	nan	nan	nan
4.000000000000000	nan	nan	nan
4.000000000000000	nan	nan	nan
4.000000000000000	nan	nan	nan
4.000000000000000	nan	nan	nan
4.000000000000000	nan	nan	nan
4.000000000000000	nan	nan	nan
4.000000000000000	nan	nan	nan
4.000000000000000	nan	nan	nan
4.000000000000000	nan	nan	nan
4.000000000000000	nan	nan	nan
4.000000000000000	nan	nan	nan
4.000000000000000	nan	nan	nan
4.000000000000000	nan	nan	nan
4.000000000000000	nan	nan	nan
4.000000000000000	nan	nan	nan
4.000000000000000	nan	nan	nan
4.000000000000000	nan	nan	nan
4.000000000000000	nan	nan	nan
4.000000000000000	nan	nan	nan
4.000000000000000	nan	nan	nan
4.000000000000000	nan	nan	nan
4.000000000000000	nan	nan	nan
4.000000000000000	nan	nan	nan
4.000000000000000	nan	nan	nan
4.000000000000000	nan	nan	nan
4.000000000000000	nan	nan	nan
4.000000000000000	nan	nan	nan
4.000000000000000	nan	nan	nan
4.000000000000000	nan	nan	nan
4.000000000000000	nan	nan	nan
4.000000000000000	nan	nan	nan
4.000000000000000	nan	nan	nan
4.000000000000000	nan	nan	nan
4.000000000000000	nan	nan	nan
4.000000000000000	nan	nan	nan
4.000000000000000	nan	nan	nan
4.000000000000000	nan	nan	nan
4.000000000000000	nan	nan	nan
4.000000000000000	nan	nan	nan
4.000000000000000	nan	nan	nan
4.000000000000000	nan	nan	nan
4.000000000000000	nan	nan	nan
4.000000000000000	nan	nan	nan
4.000000000000000	nan	nan	nan
4.000000000000000	nan	nan	nan


5.000000000000000	nan	nan	nan
5.000000000000000	nan	nan	nan
5.000000000000000	nan	nan	nan
5.000000000000000	nan	nan	nan
5.000000000000000	nan	nan	nan
5.000000000000000	nan	nan	nan
5.000000000000000	nan	nan	nan
5.000000000000000	nan	nan	nan
5.000000000000000	nan	nan	nan
5.000000000000000	nan	nan	nan
5.000000000000000	nan	nan	nan
5.000000000000000	nan	nan	nan
5.000000000000000	nan	nan	nan
5.000000000000000	nan	nan	nan
5.000000000000000	nan	nan	nan
5.000000000000000	nan	nan	nan
5.000000000000000	nan	nan	nan
5.000000000000000	nan	nan	nan
5.000000000000000	nan	nan	nan
5.000000000000000	nan	nan	nan
5.000000000000000	nan	nan	nan
5.000000000000000	nan	nan	nan
5.000000000000000	nan	nan	nan
5.000000000000000	nan	nan	nan
5.000000000000000	nan	nan	nan
5.000000000000000	nan	nan	nan
5.000000000000000	nan	nan	nan
5.000000000000000	nan	nan	nan
5.000000000000000	nan	nan	nan
5.000000000000000	nan	nan	nan
5.000000000000000	nan	nan	nan
5.000000000000000	nan	nan	nan
5.000000000000000	nan	nan	nan
5.000000000000000	nan	nan	nan
5.000000000000000	nan	nan	nan
5.000000000000000	nan	nan	nan
5.000000000000000	nan	nan	nan
5.000000000000000	nan	nan	nan
5.000000000000000	nan	nan	nan
5.000000000000000	nan	nan	nan
5.000000000000000	nan	nan	nan
5.000000000000000	nan	nan	nan
5.000000000000000	nan	nan	nan
5.000000000000000	nan	nan	nan
5.000000000000000	nan	nan	nan
5.000000000000000	nan	nan	nan
5.000000000000000	nan	nan	nan
5.000000000000000	nan	nan	nan
5.000000000000000	nan	nan	nan
5.000000000000000	nan	nan	nan
5.000000000000000	nan	nan	nan
5.000000000000000	nan	nan	nan
5.000000000000000	nan	nan	nan
5.000000000000000	nan	nan	nan
5.000000000000000	nan	nan	nan
5.000000000000000	nan	nan	nan
5.000000000000000	nan	nan	nan
5.000000000000000	nan	nan	nan
5.000000000000000	nan	nan	nan
5.000000000000000	nan	nan	nan
5.000000000000000	nan	nan	nan
5.000000000000000	nan	nan	nan
5.000000000000000	nan	nan	nan
5.000000000000000	nan	nan	nan
5.000000000000000	nan	nan	nan
5.000000000000000	nan	nan	nan
5.000000000000000	nan	nan	nan
5.000000000000000	nan	nan	nan
5.000000000000000	nan	nan	nan
5.000000000000000	nan	nan	nan
5.000000000000000	nan	nan	nan
5.000000000000000	nan	nan	nan
5.000000000000000	nan	nan	nan
5.000000000000000	nan	nan	nan
5.000000000000000	nan	nan	nan
5.000000000000000	nan	nan	nan
5.000000000000000	nan	nan	nan
5.000000000000000	nan	nan	nan
5.000000000000000	nan	nan	nan
5.000000000000000	nan	nan	nan
5.000000000000000	nan	nan	nan
5.000000000000000	nan	nan	nan
5.000000000000000	nan	nan	nan
5.000000000000000	nan	nan	nan
5.000000000000000	nan	nan	nan
5.000000000000000	nan	nan	nan
5.000000000000000	nan	nan	nan
5.000000000000000	nan	nan	nan
5.000000000000000	nan	nan	nan
5.000000000000000	nan	nan	nan
5.000000000000000	nan	nan	nan
5.000000000000000	nan	nan	nan
5.000000000000000	nan	nan	nan
5.000000000000000	nan	nan	nan
5.000000000000000	nan	nan	nan
5.000000000000000	nan	nan	nan
5.000000000000000	nan	nan	nan
5.000000000000000	nan	nan	nan
5.000000000000000	nan	nan	nan
5.000000000000000	nan	nan	nan


6.000000000000000	nan	nan	nan
6.000000000000000	nan	nan	nan
6.000000000000000	nan	nan	nan
6.000000000000000	nan	nan	nan
6.000000000000000	nan	nan	nan
6.000000000000000	nan	nan	nan
6.000000000000000	nan	nan	nan
6.000000000000000	nan	nan	nan
6.000000000000000	nan	nan	nan
6.000000000000000	nan	nan	nan
6.000000000000000	nan	nan	nan
6.000000000000000	nan	nan	nan
6.000000000000000	nan	nan	nan
6.000000000000000	nan	nan	nan
6.000000000000000	nan	nan	nan
6.000000000000000	nan	nan	nan
6.000000000000000	nan	nan	nan
6.000000000000000	nan	nan	nan
6.000000000000000	nan	nan	nan
6.000000000000000	nan	nan	nan
6.000000000000000	nan	nan	nan
6.000000000000000	nan	nan	nan
6.000000000000000	nan	nan	nan
6.000000000000000	nan	nan	nan
6.000000000000000	nan	nan	nan
6.000000000000000	nan	nan	nan
6.000000000000000	nan	nan	nan
6.000000000000000	nan	nan	nan
6.000000000000000	nan	nan	nan
6.000000000000000	nan	nan	nan
6.000000000000000	nan	nan	nan
6.000000000000000	nan	nan	nan
6.000000000000000	nan	nan	nan
6.000000000000000	nan	nan	nan
6.000000000000000	nan	nan	nan
6.000000000000000	nan	nan	nan
6.000000000000000	nan	nan	nan
6.000000000000000	nan	nan	nan
6.000000000000000	nan	nan	nan
6.000000000000000	nan	nan	nan
6.000000000000000	nan	nan	nan
6.000000000000000	nan	nan	nan
6.000000000000000	nan	nan	nan
6.000000000000000	nan	nan	nan
6.000000000000000	nan	nan	nan
6.000000000000000	nan	nan	nan
6.000000000000000	nan	nan	nan
6.000000000000000	nan	nan	nan
6.000000000000000	nan	nan	nan
6.000000000000000	nan	nan	nan
6.000000000000000	nan	nan	nan
6.000000000000000	nan	nan	nan
6.000000000000000	nan	nan	nan
6.000000000000000	nan	nan	nan
6.000000000000000	nan	nan	nan
6.000000000000000	nan	nan	nan
6.000000000000000	nan	nan	nan
6.000000000000000	nan	nan	nan
6.000000000000000	nan	nan	nan
6.000000000000000	nan	nan	nan
6.000000000000000	nan	nan	nan
6.000000000000000	nan	nan	nan
6.000000000000000	nan	nan	nan
6.000000000000000	nan	nan	nan
6.000000000000000	nan	nan	nan
6.000000000000000	nan	nan	nan
6.000000000000000	nan	nan	nan
6.000000000000000	nan	nan	nan
6.000000000000000	nan	nan	nan
6.000000000000000	nan	nan	nan
6.000000000000000	nan	nan	nan
6.000000000000000	nan	nan	nan
6.000000000000000	nan	nan	nan
6.000000000000000	nan	nan	nan
6.000000000000000	nan	nan	nan
6.000000000000000	nan	nan	nan
6.000000000000000	nan	nan	nan
6.000000000000000	nan	nan	nan
6.000000000000000	nan	nan	nan
6.000000000000000	nan	nan	nan
6.000000000000000	nan	nan	nan
6.000000000000000	nan	nan	nan
6.000000000000000	nan	nan	nan
6.000000000000000	nan	nan	nan
6.000000000000000	nan	nan	nan
6.000000000000000	nan	nan	nan
6.000000000000000	nan	nan	nan
6.000000000000000	nan	nan	nan
6.000000000000000	nan	nan	nan
6.000000000000000	nan	nan	nan
6.000000000000000	nan	nan	nan
6.000000000000000	nan	nan	nan
6.000000000000000	nan	nan	nan
6.000000000000000	nan	nan	nan
6.000000000000000	nan	nan	nan
6.000000000000000	nan	nan	nan
6.000000000000000	nan	nan	nan
6.000000000000000	nan	nan	nan
6.000000000000000	nan	nan	nan
6.000000000000000	nan	nan	nan


7.000000000000000	nan	nan	nan
7.000000000000000	nan	nan	nan
7.000000000000000	nan	nan	nan
7.000000000000000	nan	nan	nan
7.000000000000000	nan	nan	nan
7.000000000000000	nan	nan	nan
7.000000000000000	nan	nan	nan
7.000000000000000	nan	nan	nan
7.000000000000000	nan	nan	nan
7.000000000000000	nan	nan	nan
7.000000000000000	nan	nan	nan
7.000000000000000	nan	nan	nan
7.000000000000000	nan	nan	nan
7.000000000000000	nan	nan	nan
7.000000000000000	nan	nan	nan
7.000000000000000	nan	nan	nan
7.000000000000000	nan	nan	nan
7.000000000000000	nan	nan	nan
7.000000000000000	nan	nan	nan
7.000000000000000	nan	nan	nan
7.000000000000000	nan	nan	nan
7.000000000000000	nan	nan	nan
7.000000000000000	nan	nan	nan
7.000000000000000	nan	nan	nan
7.000000000000000	nan	nan	nan
7.000000000000000	nan	nan	nan
7.000000000000000	nan	nan	nan
7.000000000000000	nan	nan	nan
7.000000000000000	nan	nan	nan
7.000000000000000	nan	nan	nan
7.000000000000000	nan	nan	nan
7.000000000000000	nan	nan	nan
7.000000000000000	nan	nan	nan
7.000000000000000	nan	nan	nan
7.000000000000000	nan	nan	nan
7.000000000000000	nan	nan	nan
7.000000000000000	nan	nan	nan
7.000000000000000	nan	nan	nan
7.000000000000000	nan	nan	nan
7.000000000000000	nan	nan	nan
7.000000000000000	nan	nan	nan
7.000000000000000	nan	nan	nan
7.000000000000000	nan	nan	nan
7.000000000000000	nan	nan	nan
7.000000000000000	nan	nan	nan
7.000000000000000	nan	nan	nan
7.000000000000000	nan	nan	nan
7.000000000000000	nan	nan	nan
7.000000000000000	nan	nan	nan
7.000000000000000	nan	nan	nan
7.000000000000000	nan	nan	nan
7.000000000000000	nan	nan	nan
7.000000000000000	nan	nan	nan
7.000000000000000	nan	nan	nan
7.000000000000000	nan	nan	nan
7.000000000000000	nan	nan	nan
7.000000000000000	nan	nan	nan
7.000000000000000	nan	nan	nan
7.000000000000000	nan	nan	nan
7.000000000000000	nan	nan	nan
7.000000000000000	nan	nan	nan
7.000000000000000	nan	nan	nan
7.000000000000000	nan	nan	nan
7.000000000000000	nan	nan	nan
7.000000000000000	nan	nan	nan
7.000000000000000	nan	nan	nan
7.000000000000000	nan	nan	nan
7.000000000000000	nan	nan	nan
7.000000000000000	nan	nan	nan
7.000000000000000	nan	nan	nan
7.000000000000000	nan	nan	nan
7.000000000000000	nan	nan	nan
7.000000000000000	nan	nan	nan
7.000000000000000	nan	nan	nan
7.000000000000000	nan	nan	nan
7.000000000000000	nan	nan	nan
7.000000000000000	nan	nan	nan
7.000000000000000	nan	nan	nan
7.000000000000000	nan	nan	nan
7.000000000000000	nan	nan	nan
7.000000000000000	nan	nan	nan
7.000000000000000	nan	nan	nan
7.000000000000000	nan	nan	nan
7.000000000000000	nan	nan	nan
7.000000000000000	nan	nan	nan
7.000000000000000	nan	nan	nan
7.000000000000000	nan	nan	nan
7.000000000000000	nan	nan	nan
7.000000000000000	nan	nan	nan
7.000000000000000	nan	nan	nan
7.000000000000000	nan	nan	nan
7.000000000000000	nan	nan	nan
7.000000000000000	nan	nan	nan
7.000000000000000	nan	nan	nan
7.000000000000000	nan	nan	nan
7.000000000000000	nan	nan	nan
7.000000000000000	nan	nan	nan
7.000000000000000	nan	nan	nan
7.000000000000000	nan	nan	nan
7.000000000000000	nan	nan	nan


8.000000000000000	nan	nan	nan
8.000000000000000	nan	nan	nan
8.000000000000000	nan	nan	nan
8.000000000000000	nan	nan	nan
8.000000000000000	nan	nan	nan
8.000000000000000	nan	nan	nan
8.000000000000000	nan	nan	nan
8.000000000000000	nan	nan	nan
8.000000000000000	nan	nan	nan
8.000000000000000	nan	nan	nan
8.000000000000000	nan	nan	nan
8.000000000000000	nan	nan	nan
8.000000000000000	nan	nan	nan
8.000000000000000	nan	nan	nan
8.000000000000000	nan	nan	nan
8.000000000000000	nan	nan	nan
8.000000000000000	nan	nan	nan
8.000000000000000	nan	nan	nan
8.000000000000000	nan	nan	nan
8.000000000000000	nan	nan	nan
8.000000000000000	nan	nan	nan
8.000000000000000	nan	nan	nan
8.000000000000000	nan	nan	nan
8.000000000000000	nan	nan	nan
8.000000000000000	nan	nan	nan
8.000000000000000	nan	nan	nan
8.000000000000000	nan	nan	nan
8.000000000000000	nan	nan	nan
8.000000000000000	nan	nan	nan
8.000000000000000	nan	nan	nan
8.000000000000000	nan	nan	nan
8.000000000000000	nan	nan	nan
8.000000000000000	nan	nan	nan
8.000000000000000	nan	nan	nan
8.000000000000000	nan	nan	nan
8.000000000000000	nan	nan	nan
8.000000000000000	nan	nan	nan
8.000000000000000	nan	nan	nan
8.000000000000000	nan	nan	nan
8.000000000000000	nan	nan	nan
8.000000000000000	nan	nan	nan
8.000000000000000	nan	nan	nan
8.000000000000000	nan	nan	nan
8.000000000000000	nan	nan	nan
8.000000000000000	nan	nan	nan
8.000000000000000	nan	nan	nan
8.000000000000000	nan	nan	nan
8.000000000000000	nan	nan	nan
8.000000000000000	nan	nan	nan
8.000000000000000	nan	nan	nan
8.000000000000000	nan	nan	nan
8.000000000000000	nan	nan	nan
8.000000000000000	nan	nan	nan
8.000000000000000	nan	nan	nan
8.000000000000000	nan	nan	nan
8.000000000000000	nan	nan	nan
8.000000000000000	nan	nan	nan
8.000000000000000	nan	nan	nan
8.000000000000000	nan	nan	nan
8.000000000000000	nan	nan	nan
8.000000000000000	nan	nan	nan
8.000000000000000	nan	nan	nan
8.000000000000000	nan	nan	nan
8.000000000000000	nan	nan	nan
8.000000000000000	nan	nan	nan
8.000000000000000	nan	nan	nan
8.000000000000000	nan	nan	nan
8.000000000000000	nan	nan	nan
8.000000000000000	nan	nan	nan
8.000000000000000	nan	nan	nan
8.000000000000000	nan	nan	nan
8.000000000000000	nan	nan	nan
8.000000000000000	nan	nan	nan
8.000000000000000	nan	nan	nan
8.000000000000000	nan	nan	nan
8.000000000000000	nan	nan	nan
8.000000000000000	nan	nan	nan
8.000000000000000	nan	nan	nan
8.000000000000000	nan	nan	nan
8.000000000000000	nan	nan	nan
8.000000000000000	nan	nan	nan
8.000000000000000	nan	nan	nan
8.000000000000000	nan	nan	nan
8.000000000000000	nan	nan	nan
8.000000000000000	nan	nan	nan
8.000000000000000	nan	nan	nan
8.000000000000000	nan	nan	nan
8.000000000000000	nan	nan	nan
8.000000000000000	nan	nan	nan
8.000000000000000	nan	nan	nan
8.000000000000000	nan	nan	nan
8.000000000000000	nan	nan	nan
8.000000000000000	nan	nan	nan
8.000000000000000	nan	nan	nan
8.000000000000000	nan	nan	nan
8.000000000000000	nan	nan	nan
8.000000000000000	nan	nan	nan
8.000000000000000	nan	nan	nan
8.000000000000000	nan	nan	nan
8.000000000000000	nan	nan	nan


9.000000000000000	nan	nan	nan
9.000000000000000	nan	nan	nan
9.000000000000000	nan	nan	nan
9.000000000000000	nan	nan	nan
9.000000000000000	nan	nan	nan
9.000000000000000	nan	nan	nan
9.000000000000000	nan	nan	nan
9.000000000000000	nan	nan	nan
9.000000000000000	nan	nan	nan
9.000000000000000	nan	nan	nan
9.000000000000000	nan	nan	nan
9.000000000000000	nan	nan	nan
9.000000000000000	nan	nan	nan
9.000000000000000	nan	nan	nan
9.000000000000000	nan	nan	nan
9.000000000000000	nan	nan	nan
9.000000000000000	nan	nan	nan
9.000000000000000	nan	nan	nan
9.000000000000000	nan	nan	nan
9.000000000000000	nan	nan	nan
9.000000000000000	nan	nan	nan
9.000000000000000	nan	nan	nan
9.000000000000000	nan	nan	nan
9.000000000000000	nan	nan	nan
9.000000000000000	nan	nan	nan
9.000000000000000	nan	nan	nan
9.000000000000000	nan	nan	nan
9.000000000000000	nan	nan	nan
9.000000000000000	nan	nan	nan
9.000000000000000	nan	nan	nan
9.000000000000000	nan	nan	nan
9.000000000000000	nan	nan	nan
9.000000000000000	nan	nan	nan
9.000000000000000	nan	nan	nan
9.000000000000000	nan	nan	nan
9.000000000000000	nan	nan	nan
9.000000000000000	nan	nan	nan
9.000000000000000	nan	nan	nan
9.000000000000000	nan	nan	nan
9.000000000000000	nan	nan	nan
9.000000000000000	nan	nan	nan
9.000000000000000	nan	nan	nan
9.000000000000000	nan	nan	nan
9.000000000000000	nan	nan	nan
9.000000000000000	nan	nan	nan
9.000000000000000	nan	nan	nan
9.000000000000000	nan	nan	nan
9.000000000000000	nan	nan	nan
9.000000000000000	nan	nan	nan
9.000000000000000	nan	nan	nan
9.000000000000000	nan	nan	nan
9.000000000000000	nan	nan	nan
9.000000000000000	nan	nan	nan
9.000000000000000	nan	nan	nan
9.000000000000000	nan	nan	nan
9.000000000000000	nan	nan	nan
9.000000000000000	nan	nan	nan
9.000000000000000	nan	nan	nan
9.000000000000000	nan	nan	nan
9.000000000000000	nan	nan	nan
9.000000000000000	nan	nan	nan
9.000000000000000	nan	nan	nan
9.000000000000000	nan	nan	nan
9.000000000000000	nan	nan	nan
9.000000000000000	nan	nan	nan
9.000000000000000	nan	nan	nan
9.000000000000000	nan	nan	nan
9.000000000000000	nan	nan	nan
9.000000000000000	nan	nan	nan
9.000000000000000	nan	nan	nan
9.000000000000000	nan	nan	nan
9.000000000000000	nan	nan	nan
9.000000000000000	nan	nan	nan
9.000000000000000	nan	nan	nan
9.000000000000000	nan	nan	nan
9.000000000000000	nan	nan	nan
9.000000000000000	nan	nan	nan
9.000000000000000	nan	nan	nan
9.000000000000000	nan	nan	nan
9.000000000000000	nan	nan	nan
9.000000000000000	nan	nan	nan
9.000000000000000	nan	nan	nan
9.000000000000000	nan	nan	nan
9.000000000000000	nan	nan	nan
9.000000000000000	nan	nan	nan
9.000000000000000	nan	nan	nan
9.000000000000000	nan	nan	nan
9.000000000000000	nan	nan	nan
9.000000000000000	nan	nan	nan
9.000000000000000	nan	nan	nan
9.000000000000000	nan	nan	nan
9.000000000000000	nan	nan	nan
9.000000000000000	nan	nan	nan
9.000000000000000	nan	nan	nan
9.000000000000000	nan	nan	nan
9.000000000000000	nan	nan	nan
9.000000000000000	nan	nan	nan
9.000000000000000	nan	nan	nan
9.000000000000000	nan	nan	nan
9.000000000000000	nan	nan	nan


10.000000000000000	nan	nan	nan
10.000000000000000	nan	nan	nan
10.000000000000000	nan	nan	nan
10.000000000000000	nan	nan	nan
10.000000000000000	nan	nan	nan
10.000000000000000	nan	nan	nan
10.000000000000000	nan	nan	nan
10.000000000000000	nan	nan	nan
10.000000000000000	nan	nan	nan
10.000000000000000	nan	nan	nan
10.000000000000000	nan	nan	nan
10.000000000000000	nan	nan	nan
10.000000000000000	nan	nan	nan
10.000000000000000	nan	nan	nan
10.000000000000000	nan	nan	nan
10.000000000000000	nan	nan	nan
10.000000000000000	nan	nan	nan
10.000000000000000	nan	nan	nan
10.000000000000000	nan	nan	nan
10.000000000000000	nan	nan	nan
10.000000000000000	nan	nan	nan
10.000000000000000	nan	nan	nan
10.000000000000000	nan	nan	nan
10.000000000000000	nan	nan	nan
10.000000000000000	nan	nan	nan
10.000000000000000	nan	nan	nan
10.000000000000000	nan	nan	nan
10.000000000000000	nan	nan	nan
10.000000000000000	nan	nan	nan
10.000000000000000	nan	nan	nan
10.000000000000000	nan	nan	nan
10.000000000000000	nan	nan	nan
10.000000000000000	nan	nan	nan
10.000000000000000	nan	nan	nan
10.000000000000000	nan	nan	nan
10.000000000000000	nan	nan	nan
10.000000000000000	nan	nan	nan
10.000000000000000	nan	nan	nan
10.000000000000000	nan	nan	nan
10.000000000000000	nan	nan	nan
10.000000000000000	nan	nan	nan
10.000000000000000	nan	nan	nan
10.000000000000000	nan	nan	nan
10.000000000000000	nan	nan	nan
10.000000000000000	nan	nan	nan
10.000000000000000	nan	nan	nan
10.000000000000000	nan	nan	nan
10.000000000000000	nan	nan	nan
10.000000000000000	nan	nan	nan
10.000000000000000	nan	nan	nan
10.000000000000000	nan	nan	nan
10.000000000000000	nan	nan	nan
10.000000000000000	nan	nan	nan
10.000000000000000	nan	nan	nan
10.000000000000000	nan	nan	nan
10.000000000000000	nan	nan	nan
10.000000000000000	nan	nan	nan
10.000000000000000	nan	nan	nan
10.000000000000000	nan	nan	nan
10.000000000000000	nan	nan	nan
10.000000000000000	nan	nan	nan
10.000000000000000	nan	nan	nan
10.000000000000000	nan	nan	nan
10.000000000000000	nan	nan	nan
10.000000000000000	nan	nan	nan
10.000000000000000	nan	nan	nan
10.000000000000000	nan	nan	nan
10.000000000000000	nan	nan	nan
10.000000000000000	nan	nan	nan
10.000000000000000	nan	nan	nan
10.000000000000000	nan	nan	nan
10.000000000000000	nan	nan	nan
10.000000000000000	nan	nan	nan
10.000000000000000	nan	nan	nan
10.000000000000000	nan	nan	nan
10.000000000000000	nan	nan	nan
10.000000000000000	nan	nan	nan
10.000000000000000	nan	nan	nan
10.000000000000000	nan	nan	nan
10.000000000000000	nan	nan	nan
10.000000000000000	nan	nan	nan
10.000000000000000	nan	nan	nan
10.000000000000000	nan	nan	nan
10.000000000000000	nan	nan	nan
10.000000000000000	nan	nan	nan
10.000000000000000	nan	nan	nan
10.000000000000000	nan	nan	nan
10.000000000000000	nan	nan	nan
10.000000000000000	nan	nan	nan
10.000000000000000	nan	nan	nan
10.000000000000000	nan	nan	nan
10.000000000000000	nan	nan	nan
10.000000000000000	nan	nan	nan
10.000000000000000	nan	nan	nan
10.000000000000000	nan	nan	nan
10.000000000000000	nan	nan	nan
10.000000000000000	nan	nan	nan
10.000000000000000	nan	nan	nan
10.000000000000000	nan	nan	nan
10.000000000000000	nan	nan	nan


11.000000000000000	nan	nan	nan
11.000000000000000	nan	nan	nan
11.000000000000000	nan	nan	nan
11.000000000000000	nan	nan	nan
11.000000000000000	nan	nan	nan
11.000000000000000	nan	nan	nan
11.000000000000000	nan	nan	nan
11.000000000000000	nan	nan	nan
11.000000000000000	nan	nan	nan
11.000000000000000	nan	nan	nan
11.000000000000000	nan	nan	nan
11.000000000000000	nan	nan	nan
11.000000000000000	nan	nan	nan
11.000000000000000	nan	nan	nan
11.000000000000000	nan	nan	nan
11.000000000000000	nan	nan	nan
11.000000000000000	nan	nan	nan
11.000000000000000	nan	nan	nan
11.000000000000000	nan	nan	nan
11.000000000000000	nan	nan	nan
11.000000000000000	nan	nan	nan
11.000000000000000	nan	nan	nan
11.000000000000000	nan	nan	nan
11.000000000000000	nan	nan	nan
11.000000000000000	nan	nan	nan
11.000000000000000	nan	nan	nan
11.000000000000000	nan	nan	nan
11.000000000000000	nan	nan	nan
11.000000000000000	nan	nan	nan
11.000000000000000	nan	nan	nan
11.000000000000000	nan	nan	nan
11.000000000000000	nan	nan	nan
11.000000000000000	nan	nan	nan
11.000000000000000	nan	nan	nan
11.000000000000000	nan	nan	nan
11.000000000000000	nan	nan	nan
11.000000000000000	nan	nan	nan
11.000000000000000	nan	nan	nan
11.000000000000000	nan	nan	nan
11.000000000000000	nan	nan	nan
11.000000000000000	nan	nan	nan
11.000000000000000	nan	nan	nan
11.000000000000000	nan	nan	nan
11.000000000000000	nan	nan	nan
11.000000000000000	nan	nan	nan
11.000000000000000	nan	nan	nan
11.000000000000000	nan	nan	nan
11.000000000000000	nan	nan	nan
11.000000000000000	nan	nan	nan
11.000000000000000	nan	nan	nan
11.000000000000000	nan	nan	nan
11.000000000000000	nan	nan	nan
11.000000000000000	nan	nan	nan
11.000000000000000	nan	nan	nan
11.000000000000000	nan	nan	nan
11.000000000000000	nan	nan	nan
11.000000000000000	nan	nan	nan
11.000000000000000	nan	nan	nan
11.000000000000000	nan	nan	nan
11.000000000000000	nan	nan	nan
11.000000000000000	nan	nan	nan
11.000000000000000	nan	nan	nan
11.000000000000000	nan	nan	nan
11.000000000000000	nan	nan	nan
11.000000000000000	nan	nan	nan
11.000000000000000	nan	nan	nan
11.000000000000000	nan	nan	nan
11.000000000000000	nan	nan	nan
11.000000000000000	nan	nan	nan
11.000000000000000	nan	nan	nan
11.000000000000000	nan	nan	nan
11.000000000000000	nan	nan	nan
11.000000000000000	nan	nan	nan
11.000000000000000	nan	nan	nan
11.000000000000000	nan	nan	nan
11.000000000000000	nan	nan	nan
11.000000000000000	nan	nan	nan
11.000000000000000	nan	nan	nan
11.000000000000000	nan	nan	nan
11.000000000000000	nan	nan	nan
11.000000000000000	nan	nan	nan
11.000000000000000	nan	nan	nan
11.000000000000000	nan	nan	nan
11.000000000000000	nan	nan	nan
11.000000000000000	nan	nan	nan
11.000000000000000	nan	nan	nan
11.000000000000000	nan	nan	nan
11.000000000000000	nan	nan	nan
11.000000000000000	nan	nan	nan
11.000000000000000	nan	nan	nan
11.000000000000000	nan	nan	nan
11.000000000000000	nan	nan	nan
11.000000000000000	nan	nan	nan
11.000000000000000	nan	nan	nan
11.000000000000000	nan	nan	nan
11.000000000000000	nan	nan	nan
11.000000000000000	nan	nan	nan
11.000000000000000	nan	nan	nan
11.000000000000000	nan	nan	nan
11.000000000000000	nan	nan	nan


12.000000000000000	nan	nan	nan
12.000000000000000	nan	nan	nan
12.000000000000000	nan	nan	nan
12.000000000000000	nan	nan	nan
12.000000000000000	nan	nan	nan
12.000000000000000	nan	nan	nan
12.000000000000000	nan	nan	nan
12.000000000000000	nan	nan	nan
12.000000000000000	nan	nan	nan
12.000000000000000	nan	nan	nan
12.000000000000000	nan	nan	nan
12.000000000000000	nan	nan	nan
12.000000000000000	nan	nan	nan
12.000000000000000	nan	nan	nan
12.000000000000000	nan	nan	nan
12.000000000000000	nan	nan	nan
12.000000000000000	nan	nan	nan
12.000000000000000	nan	nan	nan
12.000000000000000	nan	nan	nan
12.000000000000000	nan	nan	nan
12.000000000000000	nan	nan	nan
12.000000000000000	nan	nan	nan
12.000000000000000	nan	nan	nan
12.000000000000000	nan	nan	nan
12.000000000000000	nan	nan	nan
12.000000000000000	nan	nan	nan
12.000000000000000	nan	nan	nan
12.000000000000000	nan	nan	nan
12.000000000000000	nan	nan	nan
12.000000000000000	nan	nan	nan
12.000000000000000	nan	nan	nan
12.000000000000000	nan	nan	nan
12.000000000000000	nan	nan	nan
12.000000000000000	nan	nan	nan
12.000000000000000	nan	nan	nan
12.000000000000000	nan	nan	nan
12.000000000000000	nan	nan	nan
12.000000000000000	nan	nan	nan
12.000000000000000	nan	nan	nan
12.000000000000000	nan	nan	nan
12.000000000000000	nan	nan	nan
12.000000000000000	nan	nan	nan
12.000000000000000	nan	nan	nan
12.000000000000000	nan	nan	nan
12.000000000000000	nan	nan	nan
12.000000000000000	nan	nan	nan
12.000000000000000	nan	nan	nan
12.000000000000000	nan	nan	nan
12.000000000000000	nan	nan	nan
12.000000000000000	nan	nan	nan
12.000000000000000	nan	nan	nan
12.000000000000000	nan	nan	nan
12.000000000000000	nan	nan	nan
12.000000000000000	nan	nan	nan
12.000000000000000	nan	nan	nan
12.000000000000000	nan	nan	nan
12.000000000000000	nan	nan	nan
12.000000000000000	nan	nan	nan
12.000000000000000	nan	nan	nan
12.000000000000000	nan	nan	nan
12.000000000000000	nan	nan	nan
12.000000000000000	nan	nan	nan
12.000000000000000	nan	nan	nan
12.000000000000000	nan	nan	nan
12.000000000000000	nan	nan	nan
12.000000000000000	nan	nan	nan
12.000000000000000	nan	nan	nan
12.000000000000000	nan	nan	nan
12.000000000000000	nan	nan	nan
12.000000000000000	nan	nan	nan
12.000000000000000	nan	nan	nan
12.000000000000000	nan	nan	nan
12.000000000000000	nan	nan	nan
12.000000000000000	nan	nan	nan
12.000000000000000	nan	nan	nan
12.000000000000000	nan	nan	nan
12.000000000000000	nan	nan	nan
12.000000000000000	nan	nan	nan
12.000000000000000	nan	nan	nan
12.000000000000000	nan	nan	nan
12.000000000000000	nan	nan	nan
12.000000000000000	nan	nan	nan
12.000000000000000	nan	nan	nan
12.000000000000000	nan	nan	nan
12.000000000000000	nan	nan	nan
12.000000000000000	nan	nan	nan
12.000000000000000	nan	nan	nan
12.000000000000000	nan	nan	nan
12.000000000000000	nan	nan	nan
12.000000000000000	nan	nan	nan
12.000000000000000	nan	nan	nan
12.000000000000000	nan	nan	nan
12.000000000000000	nan	nan	nan
12.000000000000000	nan	nan	nan
12.000000000000000	nan	nan	nan
12.000000000000000	nan	nan	nan
12.000000000000000	nan	nan	nan
12.000000000000000	nan	nan	nan
12.000000000000000	nan	nan	nan
12.000000000000000	nan	nan	nan


13.000000000000000	nan	nan	nan
13.000000000000000	nan	nan	nan
13.000000000000000	nan	nan	nan
13.000000000000000	nan	nan	nan
13.000000000000000	nan	nan	nan
13.000000000000000	nan	nan	nan
13.000000000000000	nan	nan	nan
13.000000000000000	nan	nan	nan
13.000000000000000	nan	nan	nan
13.000000000000000	nan	nan	nan
13.000000000000000	nan	nan	nan
13.000000000000000	nan	nan	nan
13.000000000000000	nan	nan	nan
13.000000000000000	nan	nan	nan
13.000000000000000	nan	nan	nan
13.000000000000000	nan	nan	nan
13.000000000000000	nan	nan	nan
13.000000000000000	nan	nan	nan
13.000000000000000	nan	nan	nan
13.000000000000000	nan	nan	nan
13.000000000000000	nan	nan	nan
13.000000000000000	nan	nan	nan
13.000000000000000	nan	nan	nan
13.000000000000000	nan	nan	nan
13.000000000000000	nan	nan	nan
13.000000000000000	nan	nan	nan
13.000000000000000	nan	nan	nan
13.000000000000000	nan	nan	nan
13.000000000000000	nan	nan	nan
13.000000000000000	nan	nan	nan
13.000000000000000	nan	nan	nan
13.000000000000000	nan	nan	nan
13.000000000000000	nan	nan	nan
13.000000000000000	nan	nan	nan
13.000000000000000	nan	nan	nan
13.000000000000000	nan	nan	nan
13.000000000000000	nan	nan	nan
13.000000000000000	nan	nan	nan
13.000000000000000	nan	nan	nan
13.000000000000000	nan	nan	nan
13.000000000000000	nan	nan	nan
13.000000000000000	nan	nan	nan
13.000000000000000	nan	nan	nan
13.000000000000000	nan	nan	nan
13.000000000000000	nan	nan	nan
13.000000000000000	nan	nan	nan
13.000000000000000	nan	nan	nan
13.000000000000000	nan	nan	nan
13.000000000000000	nan	nan	nan
13.000000000000000	nan	nan	nan
13.000000000000000	nan	nan	nan
13.000000000000000	nan	nan	nan
13.000000000000000	nan	nan	nan
13.000000000000000	nan	nan	nan
13.000000000000000	nan	nan	nan
13.000000000000000	nan	nan	nan
13.000000000000000	nan	nan	nan
13.000000000000000	nan	nan	nan
13.000000000000000	nan	nan	nan
13.000000000000000	nan	nan	nan
13.000000000000000	nan	nan	nan
13.000000000000000	nan	nan	nan
13.000000000000000	nan	nan	nan
13.000000000000000	nan	nan	nan
13.000000000000000	nan	nan	nan
13.000000000000000	nan	nan	nan
13.000000000000000	nan	nan	nan
13.000000000000000	nan	nan	nan
13.000000000000000	nan	nan	nan
13.000000000000000	nan	nan	nan
13.000000000000000	nan	nan	nan
13.000000000000000	nan	nan	nan
13.000000000000000	nan	nan	nan
13.000000000000000	nan	nan	nan
13.000000000000000	nan	nan	nan
13.000000000000000	nan	nan	nan
13.000000000000000	nan	nan	nan
13.000000000000000	nan	nan	nan
13.000000000000000	nan	nan	nan
13.000000000000000	nan	nan	nan
13.000000000000000	nan	nan	nan
13.000000000000000	nan	nan	nan
13.000000000000000	nan	nan	nan
13.000000000000000	nan	nan	nan
13.000000000000000	nan	nan	nan
13.000000000000000	nan	nan	nan
13.000000000000000	nan	nan	nan
13.000000000000000	nan	nan	nan
13.000000000000000	nan	nan	nan
13.000000000000000	nan	nan	nan
13.000000000000000	nan	nan	nan
13.000000000000000	nan	nan	nan
13.000000000000000	nan	nan	nan
13.000000000000000	nan	nan	nan
13.000000000000000	nan	nan	nan
13.000000000000000	nan	nan	nan
13.000000000000000	nan	nan	nan
13.000000000000000	nan	nan	nan
13.000000000000000	nan	nan	nan
13.000000000000000	nan	nan	nan


14.000000000000000	nan	nan	nan
14.000000000000000	nan	nan	nan
14.000000000000000	nan	nan	nan
14.000000000000000	nan	nan	nan
14.000000000000000	nan	nan	nan
14.000000000000000	nan	nan	nan
14.000000000000000	nan	nan	nan
14.000000000000000	nan	nan	nan
14.000000000000000	nan	nan	nan
14.000000000000000	nan	nan	nan
14.000000000000000	nan	nan	nan
14.000000000000000	nan	nan	nan
14.000000000000000	nan	nan	nan
14.000000000000000	nan	nan	nan
14.000000000000000	nan	nan	nan
14.000000000000000	nan	nan	nan
14.000000000000000	nan	nan	nan
14.000000000000000	nan	nan	nan
14.000000000000000	nan	nan	nan
14.000000000000000	nan	nan	nan
14.000000000000000	nan	nan	nan
14.000000000000000	nan	nan	nan
14.000000000000000	nan	nan	nan
14.000000000000000	nan	nan	nan
14.000000000000000	nan	nan	nan
14.000000000000000	nan	nan	nan
14.000000000000000	nan	nan	nan
14.000000000000000	nan	nan	nan
14.000000000000000	nan	nan	nan
14.000000000000000	nan	nan	nan
14.000000000000000	nan	nan	nan
14.000000000000000	nan	nan	nan
14.000000000000000	nan	nan	nan
14.000000000000000	nan	nan	nan
14.000000000000000	nan	nan	nan
14.000000000000000	nan	nan	nan
14.000000000000000	nan	nan	nan
14.000000000000000	nan	nan	nan
14.000000000000000	nan	nan	nan
14.000000000000000	nan	nan	nan
14.000000000000000	nan	nan	nan
14.000000000000000	nan	nan	nan
14.000000000000000	nan	nan	nan
14.000000000000000	nan	nan	nan
14.000000000000000	nan	nan	nan
14.000000000000000	nan	nan	nan
14.000000000000000	nan	nan	nan
14.000000000000000	nan	nan	nan
14.000000000000000	nan	nan	nan
14.000000000000000	nan	nan	nan
14.000000000000000	nan	nan	nan
14.000000000000000	nan	nan	nan
14.000000000000000	nan	nan	nan
14.000000000000000	nan	nan	nan
14.000000000000000	nan	nan	nan
14.000000000000000	nan	nan	nan
14.000000000000000	nan	nan	nan
14.000000000000000	nan	nan	nan
14.000000000000000	nan	nan	nan
14.000000000000000	nan	nan	nan
14.000000000000000	nan	nan	nan
14.000000000000000	nan	nan	nan
14.000000000000000	nan	nan	nan
14.000000000000000	nan	nan	nan
14.000000000000000	nan	nan	nan
14.000000000000000	nan	nan	nan
14.000000000000000	nan	nan	nan
14.000000000000000	nan	nan	nan
14.000000000000000	nan	nan	nan
14.000000000000000	nan	nan	nan
14.000000000000000	nan	nan	nan
14.000000000000000	nan	nan	nan
14.000000000000000	nan	nan	nan
14.000000000000000	nan	nan	nan
14.000000000000000	nan	nan	nan
14.000000000000000	nan	nan	nan
14.000000000000000	nan	nan	nan
14.000000000000000	nan	nan	nan
14.000000000000000	nan	nan	nan
14.000000000000000	nan	nan	nan
14.000000000000000	nan	nan	nan
14.000000000000000	nan	nan	nan
14.000000000000000	nan	nan	nan
14.000000000000000	nan	nan	nan
14.000000000000000	nan	nan	nan
14.000000000000000	nan	nan	nan
14.000000000000000	nan	nan	nan
14.000000000000000	nan	nan	nan
14.000000000000000	nan	nan	nan
14.000000000000000	nan	nan	nan
14.000000000000000	nan	nan	nan
14.000000000000000	nan	nan	nan
14.000000000000000	nan	nan	nan
14.000000000000000	nan	nan	nan
14.000000000000000	nan	nan	nan
14.000000000000000	nan	nan	nan
14.000000000000000	nan	nan	nan
14.000000000000000	nan	nan	nan
14.000000000000000	nan	nan	nan
14.000000000000000	nan	nan	nan


15.000000000000000	-0.799266459589572	-1.325150654810882	-0.021273581909290
15.000000000000000	-0.708124914133252	-1.376254193697111	-0.020593795228220
15.000000000000000	-0.613919490025844	-1.421463710661525	-0.019825428366719
15.000000000000000	-0.517029519261012	-1.460597162935725	-0.018971575266948
15.000000000000000	-0.417845143554314	-1.493496973919312	-0.018035674093978
15.000000000000000	-0.316765743380214	-1.520030667685237	-0.017021493391512
15.000000000000000	-0.214198329807867	-1.540091402413608	-0.015933116907289
15.000000000000000	-0.110555905611202	-1.553598400605984	-0.014774927149276
15.000000000000000	-0.006255802252509	-1.560497274347856	-0.013551587738853
15.000000000000000	0.098282000564058	-1.560760244309579	-0.012268024632056
15.000000000000000	0.202636566002521	-1.554386251603932	-0.010929406284489
15.000000000000000	0.306387695059155	-1.541400962049878	-0.009541122839782
15.000000000000000	0.409117618555563	-1.521856662825375	-0.008108764425381
15.000000000000000	0.510412679347710	-1.495832051925362	-0.006638098643077
15.000000000000000	0.609864997977248	-1.463431921272708	-0.005135047344915
15.000000000000000	0.707074115058131	-1.424786734758128	-0.003605662787980
15.000000000000000	0.801648603785227	-1.380052102908139	-0.002056103264094
15.000000000000000	0.893207646071908	-1.329408156296389	-0.000492608302555
15.000000000000000	0.981382565970080	-1.273058820221420	0.001078526454255
15.000000000000000	1.065818314198100	-1.211230993571458	0.002650974601191
15.000000000000000	1.146174897798927	-1.144173635182677	0.004218404444552
15.000000000000000	1.222128749171754	-1.072156761369832	0.005774504497573
15.000000000000000	1.293374028964542	-0.995470358665860	0.007313008894556
15.000000000000000	1.359623857581143	-0.914423216148461	0.008827722621300
15.000000000000000	1.420611470344183	-0.829341682055469	0.010312546460237
15.000000000000000	1.476091291662262	-0.740568349695681	0.011761501549826
15.000000000000000	1.525839923876189	-0.648460677946513	0.013168753459321
15.000000000000000	1.569657046802509	-0.553389551893272	0.014528635681963
15.000000000000000	1.607366224352178	-0.455737789405811	0.015835672452005
15.000000000000000	1.638815614976423	-0.355898599666088	0.017084600793682
15.000000000000000	1.663878583079067	-0.254273999853563	0.018270391713366
15.000000000000000	1.682454208933378	-0.151273196363913	0.019388270449539
15.000000000000000	1.694467695050192	-0.047310937079299	0.020433735699080
15.000000000000000	1.699870667361003	0.057194158674972	0.021402577742419
15.000000000000000	1.698641370003260	0.161821285762720	0.022290895394595
15.000000000000000	1.690784752923549	0.266149147670654	0.023095111713947
15.000000000000000	1.676332451945908	0.369757652920741	0.023811988405202
15.000000000000000	1.655342661385522	0.472229606630315	0.024438638858941
15.000000000000000	1.627899899720763	0.573152390408624	0.024972539774959
15.000000000000000	1.594114669267104	0.672119623825461	0.025411541322704
15.000000000000000	1.554123011223295	0.768732800761725	0.025753875797886
15.000000000000000	1.508085957881470	0.862602894052912	0.025998164740399
15.000000000000000	1.456188884206949	0.953351921964203	0.026143424484891
15.000000000000000	1.398640761398666	1.040614470189505	0.026189070121640
15.000000000000000	1.335673315435923	1.124039163245884	0.026134917851777
15.000000000000000	1.267540093999641	1.203290079338630	0.025981185727379
15.000000000000000	1.194515445525351	1.278048102999753	0.025728492773454
15.000000000000000	1.116893414498861	1.348012210053349	0.025377856495340
15.000000000000000	1.034986557442904	1.412900679733710	0.024930688781574
15.000000000000000	0.949124684362331	1.472452229075412	0.024388790218715
15.000000000000000	0.859653530715622	1.526427065007606	0.023754342841015
15.000000000000000	0.766933365260227	1.574607849916073	0.023029901344140
15.000000000000000	0.671337539377431	1.616800576785097	0.022218382798311
15.000000000000000	0.573250983718113	1.652835350395235	0.021323054902292
15.000000000000000	0.473068658222872	1.682567071431408	0.020347522825519
15.000000000000000	0.371193961757753	1.705876020746628	0.019295714691358
15.000000000000000	0.268037107769380	1.722668341428753	0.018171865759935
15.000000000000000	0.164013472500195	1.732876416729140	0.016980501374243
15.000000000000000	0.059541922414935	1.736459142331431	0.015726418738178
15.000000000000000	-0.044956872426791	1.733402091864126	0.014414667599894
15.000000000000000	-0.149062132260354	1.723717574990490	0.013050529918251
15.000000000000000	-0.252354661947705	1.707444587841883	0.011639498594229
15.000000000000000	-0.354418538928250	1.684648655994104	0.010187255352955
15.000000000000000	-0.454842787992197	1.655421570619021	0.008699647865402
15.000000000000000	-0.553223036132678	1.619881018873923	0.007182666201880
15.000000000000000	-0.649163140813127	1.578170110016870	0.005642418712139
15.000000000000000	-0.742276785093458	1.530456799156223	0.004085107429199
15.000000000000000	-0.832189033192035	1.476933210954705	0.002517003095954
15.000000000000000	-0.918537840219732	1.417814866011184	0.000944419915101
15.000000000000000	-1.000975510006922	1.353339813035298	-0.000626309875925
15.000000000000000	-1.079170095153235	1.283767670309311	-0.002188861502634
15.000000000000000	-1.152806733662576	1.209378580296927	-0.003736943121118
15.000000000000000	-1.221588916781263	1.130472081608461	-0.005264321153086
15.000000000000000	-1.285239682934119	1.047365902864573	-0.006764845386281
15.000000000000000	-1.343502732950989	0.960394683315257	-0.008232473739216
15.000000000000000	-1.396143462093033	0.869908625365689	-0.009661296590506
15.000000000000000	-1.442949904723214	0.776272084434741	-0.011045560574821
15.000000000000000	-1.483733587817104	0.679862101824308	-0.012379691749665
15.000000000000000	-1.518330289877231	0.581066886507059	-0.013658318039669
15.000000000000000	-1.546600702195087	0.480284251945922	-0.014876290868047
15.000000000000000	-1.568430989798135	0.377920014239673	-0.016028705888095
15.000000000000000	-1.583733249823062	0.274386358044732	-0.017110922731265
15.000000000000000	-1.592445865469584	0.170100176853040	-0.018118583692291
15.000000000000000	-1.594533754109557	0.065481394309097	-0.019047631276131
15.000000000000000	-1.589988508552334	-0.039048726674339	-0.019894324536066
15.000000000000000	-1.578828430897558	-0.143069280193325	-0.020655254137173
15.000000000000000	-1.561098458839066	-0.246161412192244	-0.021327356084515
15.000000000000000	-1.536869984716653	-0.347910007041261	-0.021907924060763
15.000000000000000	-1.506240568044322	-0.447905359060454	-0.022394620323585
15.000000000000000	-1.469333542672550	-0.545744822259979	-0.022785485118907
15.000000000000000	-1.426297520166405	-0.641034431653357	-0.023078944572151
15.000000000000000	-1.377305791399223	-0.733390489615436	-0.023273817025675
15.000000000000000	-1.322555628771424	-0.822441110897298	-0.023369317796886
15.000000000000000	-1.262267491864181	-0.907827720076904	-0.023365062337885
15.000000000000000	-1.196684139726499	-0.989206495415758	-0.023261067783905
15.000000000000000	-1.126069653370199	-1.066249753307702	-0.023057752884309
15.000000000000000	-1.050708372408896	-1.138647267745145	-0.022755936316439
15.000000000000000	-0.970903750122726	-1.206107519489696	-0.022356833389090
15.000000000000000	-0.886977131559092	-1.268358869917257	-0.021862051148890
15.000000000000000	-0.799266459589572	-1.325150654810882	-0.021273581909290


16.000000000000000	nan	nan	nan
16.000000000000000	nan	nan	nan
16.000000000000000	nan	nan	nan
16.000000000000000	nan	nan	nan
16.000000000000000	nan	nan	nan
16.000000000000000	nan	nan	nan
16.000000000000000	nan	nan	nan
16.000000000000000	nan	nan	nan
16.000000000000000	nan	nan	nan
16.000000000000000	nan	nan	nan
16.000000000000000	nan	nan	nan
16.000000000000000	nan	nan	nan
16.000000000000000	nan	nan	nan
16.000000000000000	nan	nan	nan
16.000000000000000	nan	nan	nan
16.000000000000000	nan	nan	nan
16.000000000000000	nan	nan	nan
16.000000000000000	nan	nan	nan
16.000000000000000	nan	nan	nan
16.000000000000000	nan	nan	nan
16.000000000000000	nan	nan	nan
16.000000000000000	nan	nan	nan
16.000000000000000	nan	nan	nan
16.000000000000000	nan	nan	nan
16.000000000000000	nan	nan	nan
16.000000000000000	nan	nan	nan
16.000000000000000	nan	nan	nan
16.000000000000000	nan	nan	nan
16.000000000000000	nan	nan	nan
16.000000000000000	nan	nan	nan
16.000000000000000	nan	nan	nan
16.000000000000000	nan	nan	nan
16.000000000000000	nan	nan	nan
16.000000000000000	nan	nan	nan
16.000000000000000	nan	nan	nan
16.000000000000000	nan	nan	nan
16.000000000000000	nan	nan	nan
16.000000000000000	nan	nan	nan
16.000000000000000	nan	nan	nan
16.000000000000000	nan	nan	nan
16.000000000000000	nan	nan	nan
16.000000000000000	nan	nan	nan
16.000000000000000	nan	nan	nan
16.000000000000000	nan	nan	nan
16.000000000000000	nan	nan	nan
16.000000000000000	nan	nan	nan
16.000000000000000	nan	nan	nan
16.000000000000000	nan	nan	nan
16.000000000000000	nan	nan	nan
16.000000000000000	nan	nan	nan
16.000000000000000	nan	nan	nan
16.000000000000000	nan	nan	nan
16.000000000000000	nan	nan	nan
16.000000000000000	nan	nan	nan
16.000000000000000	nan	nan	nan
16.000000000000000	nan	nan	nan
16.000000000000000	nan	nan	nan
16.000000000000000	nan	nan	nan
16.000000000000000	nan	nan	nan
16.000000000000000	nan	nan	nan
16.000000000000000	nan	nan	nan
16.000000000000000	nan	nan	nan
16.000000000000000	nan	nan	nan
16.000000000000000	nan	nan	nan
16.000000000000000	nan	nan	nan
16.000000000000000	nan	nan	nan
16.000000000000000	nan	nan	nan
16.000000000000000	nan	nan	nan
16.000000000000000	nan	nan	nan
16.000000000000000	nan	nan	nan
16.000000000000000	nan	nan	nan
16.000000000000000	nan	nan	nan
16.000000000000000	nan	nan	nan
16.000000000000000	nan	nan	nan
16.000000000000000	nan	nan	nan
16.000000000000000	nan	nan	nan
16.000000000000000	nan	nan	nan
16.000000000000000	nan	nan	nan
16.000000000000000	nan	nan	nan
16.000000000000000	nan	nan	nan
16.000000000000000	nan	nan	nan
16.000000000000000	nan	nan	nan
16.000000000000000	nan	nan	nan
16.000000000000000	nan	nan	nan
16.000000000000000	nan	nan	nan
16.000000000000000	nan	nan	nan
16.000000000000000	nan	nan	nan
16.000000000000000	nan	nan	nan
16.000000000000000	nan	nan	nan
16.000000000000000	nan	nan	nan
16.000000000000000	nan	nan	nan
16.000000000000000	nan	nan	nan
16.000000000000000	nan	nan	nan
16.000000000000000	nan	nan	nan
16.000000000000000	nan	nan	nan
16.000000000000000	nan	nan	nan
16.000000000000000	nan	nan	nan
16.000000000000000	nan	nan	nan
16.000000000000000	nan	nan	nan
16.000000000000000	nan	nan	nan


