# n	x	y	z
1.000000000000000	-0.356855163222100	-0.260632934443448	0.061039471678471
1.000000000000000	-0.339348389505701	-0.283538922925673	0.058877587774461
1.000000000000000	-0.320444212060997	-0.305280582772822	0.056473327660570
1.000000000000000	-0.300218751338447	-0.325770367994274	0.053836372443709
1.000000000000000	-0.278753448129931	-0.344925773456684	0.050977340211838
1.000000000000000	-0.256134735635425	-0.362669667103036	0.047907743278679
1.000000000000000	-0.232453691427009	-0.378930600536213	0.044639941827685
1.000000000000000	-0.207805670711634	-0.393643096716474	0.041187094141950
1.000000000000000	-0.182289922369356	-0.406747913614387	0.037563103620442
1.000000000000000	-0.156009189313124	-0.418192282757565	0.033782562793928
1.000000000000000	-0.129069294779336	-0.427930121710689	0.029860694565998
1.000000000000000	-0.101578716215011	-0.435922219633203	0.025813290915805
1.000000000000000	-0.073648148477398	-0.442136395167536	0.021656649309344
1.000000000000000	-0.045390058104858	-0.446547626022064	0.017407507075303
1.000000000000000	-0.016918230453804	-0.449138149727052	0.013082974009751
1.000000000000000	0.011652688474767	-0.449897535157852	0.008700463481025
1.000000000000000	0.040207653674259	-0.448822724537351	0.004277622312244
1.000000000000000	0.068631684378110	-0.445918045748573	-0.000167740276218
1.000000000000000	0.096810327046759	-0.441195194907810	-0.004617724378182
1.000000000000000	0.124630116231657	-0.434673189268498	-0.009054411478262
1.000000000000000	0.151979031460577	-0.426378290645445	-0.013459936603408
1.000000000000000	0.178746948304522	-0.416343899667773	-0.017816560258843
1.000000000000000	0.204826081809930	-0.404610421286375	-0.022106739858751
1.000000000000000	0.230111420510642	-0.391225102077432	-0.026313200364074
1.000000000000000	0.254501149272015	-0.376241839997136	-0.030419003843001
1.000000000000000	0.277897059264528	-0.359720967353633	-0.034407617674042
1.000000000000000	0.300204943416083	-0.341729007870121	-0.038262981117053
1.000000000000000	0.321334975750629	-0.322338408817290	-0.041969569984178
1.000000000000000	0.341202073085668	-0.301627249293734	-0.045512459150265
1.000000000000000	0.359726237632202	-0.279678925828980	-0.048877382651084
1.000000000000000	0.376832879117589	-0.256581816575097	-0.052050791127325
1.000000000000000	0.392453115134250	-0.232428925439069	-0.055019906383089
1.000000000000000	0.406524048504811	-0.207317507588888	-0.057772772839172
1.000000000000000	0.418989020546837	-0.181348677841319	-0.060298305673963
1.000000000000000	0.429797839217349	-0.154627003508219	-0.062586335458106
1.000000000000000	0.438906981218466	-0.127260083340878	-0.064627649103207
1.000000000000000	0.446279767250365	-0.099358114267826	-0.066414026959687
1.000000000000000	0.451886509705874	-0.071033447670695	-0.067938275914407
1.000000000000000	0.455704632211988	-0.042400136984857	-0.069194258354802
1.000000000000000	0.457718760536960	-0.013573478446494	-0.070176916882874
1.000000000000000	0.457920784496898	0.015330453164649	-0.070882294679556
1.000000000000000	0.456309890612619	0.044195271917435	-0.071307551437418
1.000000000000000	0.452892565385239	0.072904749374406	-0.071450974797588
1.000000000000000	0.447682569177326	0.101343282602674	-0.071311987244814
1.000000000000000	0.440700880804773	0.129396359666131	-0.070891148432919
1.000000000000000	0.431975613062513	0.156951020724602	-0.070190152931263
1.000000000000000	0.421541899524215	0.183896312883250	-0.069211823401321
1.000000000000000	0.409441753071784	0.210123736960725	-0.067960099230814
1.000000000000000	0.395723896724313	0.235527684377073	-0.066440020671189
1.000000000000000	0.380443567447681	0.260005862402214	-0.064657708542303
1.000000000000000	0.363662293734787	0.283459706052660	-0.062620339586043
1.000000000000000	0.345447647852028	0.305794774977919	-0.060336117568119
1.000000000000000	0.325872973749628	0.326921133738453	-0.057814240244396
1.000000000000000	0.305017091731438	0.346753713943950	-0.055064862324775
1.000000000000000	0.282963981073391	0.365212656793707	-0.052099054583763
1.000000000000000	0.259802441868600	0.382223634639838	-0.048928759282369
1.000000000000000	0.235625737460721	0.397718150278474	-0.045566742080837
1.000000000000000	0.210531218905388	0.411633812763832	-0.042026540635833
1.000000000000000	0.184619932971868	0.423914588634530	-0.038322410089085
1.000000000000000	0.157996215263390	0.434511027540560	-0.034469265666954
1.000000000000000	0.130767270094490	0.443380461362393	-0.030482622622086
1.000000000000000	0.103042738817077	0.450487176020442	-0.026378533758961
1.000000000000000	0.074934258333404	0.455802555283048	-0.022173524794919
1.000000000000000	0.046555011573667	0.459305195993951	-0.017884527816925
1.000000000000000	0.018019271748287	0.460980994255244	-0.013528813102036
1.000000000000000	-0.010558057789969	0.460823202218791	-0.009123919576085
1.000000000000000	-0.039061906221242	0.458832455257430	-0.004687584190623
1.000000000000000	-0.067377498608153	0.455016769406555	-0.000237670502470
1.000000000000000	-0.095390818053974	0.449391509086363	0.004207903256522
1.000000000000000	-0.122989064808422	0.441979325234763	0.008631236329862
1.000000000000000	-0.150061110472447	0.432810064100042	0.013014517516453
1.000000000000000	-0.176497945473069	0.421920647060555	0.017340096890007
1.000000000000000	-0.202193118006456	0.409354921955370	0.021590556869074
1.000000000000000	-0.227043162681769	0.395163486524489	0.025748782351491
1.000000000000000	-0.250948017139768	0.379403484669615	0.029798029630860
1.000000000000000	-0.273811424968619	0.362138376355822	0.033721993817544
1.000000000000000	-0.295541323294494	0.343437682080678	0.037504874492702
1.000000000000000	-0.316050213486266	0.323376702939735	0.041131439330998
1.000000000000000	-0.335255513481619	0.302036217415596	0.044587085435804
1.000000000000000	-0.353079890315862	0.279502156111477	0.047857898139902
1.000000000000000	-0.369451571514485	0.255865255738991	0.050930707034948
1.000000000000000	-0.384304634095586	0.231220693753441	0.053793139004049
1.000000000000000	-0.397579270018445	0.205667705107800	0.056433668043944
1.000000000000000	-0.409222027009402	0.179309182668576	0.058841661676146
1.000000000000000	-0.419186023795292	0.152251262902554	0.061007423760186
1.000000000000000	-0.427431138877790	0.124602898502708	0.062922233536543
1.000000000000000	-0.433924172088520	0.096475419674158	0.064578380742068
1.000000000000000	-0.438638978274418	0.067982085846730	0.065969196656491
1.000000000000000	-0.441556572575034	0.039237629619200	0.067089080955005
1.000000000000000	-0.442665206867868	0.010357794771621	0.067933524258795
1.000000000000000	-0.441960417073907	-0.018541129794034	0.068499126292719
1.000000000000000	-0.439445041132901	-0.047342778308234	0.068783609577011
1.000000000000000	-0.435129207575977	-0.075931176697775	0.068785828597892
1.000000000000000	-0.429030294741624	-0.104191209572440	0.068505774420149
1.000000000000000	-0.421172860799250	-0.132009083754044	0.067944574723111
1.000000000000000	-0.411588544862111	-0.159272786481404	0.067104489259887
1.000000000000000	-0.400315939587760	-0.185872536446191	0.065988900758134
1.000000000000000	-0.387400435779042	-0.211701225843512	0.064602301299009
1.000000000000000	-0.372894039611347	-0.236654851657239	0.062950274229142
1.000000000000000	-0.356855163222100	-0.260632934443448	0.061039471678471


2.000000000000000	0.356988981152441	0.224569299571925	0.017055586901178
2.000000000000000	0.340802779272531	0.248368877671993	0.019718418086996
2.000000000000000	0.323125967702569	0.271093932755076	0.022296197414018
2.000000000000000	0.304029724723825	0.292652959045021	0.024778545074706
2.000000000000000	0.283590944166875	0.312959145952083	0.027155465531159
2.000000000000000	0.261891925787283	0.331930727628528	0.029417387763619
2.000000000000000	0.239020043873528	0.349491312210849	0.031555203809588
2.000000000000000	0.215067395421590	0.365570189422829	0.033560305438375
2.000000000000000	0.190130429292847	0.380102615300877	0.035424618813412
2.000000000000000	0.164309557848552	0.393030072895110	0.037140637002733
2.000000000000000	0.137708752624695	0.404300507896462	0.038701450206749
2.000000000000000	0.110435125675325	0.413868538241013	0.040100773581567
2.000000000000000	0.082598498270110	0.421695636847541	0.041332972545838
2.000000000000000	0.054310958682847	0.427750286752484	0.042393085469230
2.000000000000000	0.025686410851543	0.432008108017626	0.043276843651162
2.000000000000000	-0.003159884272542	0.434451955899503	0.043980688509350
2.000000000000000	-0.032111772840062	0.435071989885236	0.044501785908970
2.000000000000000	-0.061052675814145	0.433865713316802	0.044838037574711
2.000000000000000	-0.089866058393026	0.430837983444193	0.044988089539792
2.000000000000000	-0.118435899254564	0.426000991866989	0.044951337597911
2.000000000000000	-0.146647157733155	0.419374215443084	0.044727929736166
2.000000000000000	-0.174386237047896	0.410984337862259	0.044318765539166
2.000000000000000	-0.201541441716720	0.400865142200376	0.043725492566720
2.000000000000000	-0.228003427314687	0.389057374886859	0.042950499719696
2.000000000000000	-0.253665640765387	0.375608581633201	0.041996907620761
2.000000000000000	-0.278424749392571	0.360572915983167	0.040868556048732
2.000000000000000	-0.302181057004372	0.344010921255586	0.039569988477145
2.000000000000000	-0.324838905334677	0.325989286757771	0.038106433779290
2.000000000000000	-0.346307059225206	0.306580579251224	0.036483785173382
2.000000000000000	-0.366499073997294	0.285862950750889	0.034708576492654
2.000000000000000	-0.385333643534099	0.263919823834580	0.032787955875914
2.000000000000000	-0.402734927671641	0.240839555729699	0.030729656984515
2.000000000000000	-0.418632857580372	0.216715082529867	0.028541967861628
2.000000000000000	-0.432963417907625	0.191643544974078	0.026233697559221
2.000000000000000	-0.445668904544844	0.165725897295227	0.023814140667111
2.000000000000000	-0.456698156981664	0.139066500713042	0.021293039886935
2.000000000000000	-0.466006764311227	0.111772703208294	0.018680546801729
2.000000000000000	-0.473557244057232	0.083954407270357	0.015987180999083
2.000000000000000	-0.479319193102637	0.055723627358680	0.013223787712478
2.000000000000000	-0.483269410112280	0.027194038860090	0.010401494151357
2.000000000000000	-0.485391988956468	-0.001519479641871	0.007531664695778
2.000000000000000	-0.485678382759345	-0.030301308942453	0.004625855136073
2.000000000000000	-0.484127438314150	-0.059035554773429	0.001695766141749
2.000000000000000	-0.480745400726766	-0.087606514468411	-0.001246803852969
2.000000000000000	-0.475545888268888	-0.115899142856649	-0.004190006157274
2.000000000000000	-0.468549837542049	-0.143799515509332	-0.007121989534273
2.000000000000000	-0.459785419173315	-0.171195287473049	-0.010030947921730
2.000000000000000	-0.449287924382107	-0.197976145643270	-0.012905167970919
2.000000000000000	-0.437099622874926	-0.224034252956279	-0.015733076212140
2.000000000000000	-0.423269592640156	-0.249264682610975	-0.018503285656997
2.000000000000000	-0.407853522328328	-0.273565840572060	-0.021204641649784
2.000000000000000	-0.390913487013584	-0.296839874653367	-0.023826266783346
2.000000000000000	-0.372517698239255	-0.318993068534078	-0.026357604698555
2.000000000000000	-0.352740229354057	-0.339936219121264	-0.028788462591047
2.000000000000000	-0.331660717244856	-0.359584995739267	-0.031109052254045
2.000000000000000	-0.309364041667033	-0.377860279699559	-0.033310029492014
2.000000000000000	-0.285939983463667	-0.394688482883780	-0.035382531746438
2.000000000000000	-0.261482863049769	-0.410001844057116	-0.037318213782215
2.000000000000000	-0.236091160617256	-0.423738701718877	-0.039109281290973
2.000000000000000	-0.209867119589981	-0.435843742391598	-0.040748522276002
2.000000000000000	-0.182916334925550	-0.446268223348889	-0.042229336092414
2.000000000000000	-0.155347327921693	-0.454970168885190	-0.043545760025614
2.000000000000000	-0.127271109239307	-0.461914539337124	-0.044692493301048
2.000000000000000	-0.098800731901699	-0.467073372175853	-0.045664918428547
2.000000000000000	-0.070050836069966	-0.470425894602313	-0.046459119795334
2.000000000000000	-0.041137187427525	-0.471958607191946	-0.047071899432814
2.000000000000000	-0.012176211032566	-0.471665338252114	-0.047500789893664
2.000000000000000	0.016715477484563	-0.469547268673330	-0.047744064187371
2.000000000000000	0.045421541491345	-0.465612927174229	-0.047800742734218
2.000000000000000	0.073826391799651	-0.459878155959425	-0.047670597309699
2.000000000000000	0.101815652102606	-0.452366046928551	-0.047354151963507
2.000000000000000	0.129276619527604	-0.443106848693319	-0.046852680909362
2.000000000000000	0.156098718451002	-0.432137844777049	-0.046168203394209
2.000000000000000	0.182173945747127	-0.419503203487068	-0.045303475567418
2.000000000000000	0.207397305678748	-0.405253800064534	-0.044261979382749
2.000000000000000	0.231667232677848	-0.389447011827791	-0.043047908577747
2.000000000000000	0.254886000314320	-0.372146487134162	-0.041666151787045
2.000000000000000	0.276960114805813	-0.353421889090474	-0.040122272857557
2.000000000000000	0.297800691484189	-0.333348615044319	-0.038422488444830
2.000000000000000	0.317323812702717	-0.312007492985546	-0.036573642980764
2.000000000000000	0.335450865742814	-0.289484456080467	-0.034583181113507
2.000000000000000	0.352108859359717	-0.265870196649334	-0.032459117730475
2.000000000000000	0.367230717692467	-0.241259800980372	-0.030210005685238
2.000000000000000	0.380755550354723	-0.215752366450852	-0.027844901358191
2.000000000000000	0.392628897618860	-0.189450602496936	-0.025373328189711
2.000000000000000	0.402802949706069	-0.162460417039022	-0.022805238332621
2.000000000000000	0.411236739299462	-0.134890490027930	-0.020150972578384
2.000000000000000	0.417896306505002	-0.106851835829102	-0.017421218718385
2.000000000000000	0.422754835596003	-0.078457356206927	-0.014626968507970
2.000000000000000	0.425792762990605	-0.049821385709189	-0.011779473406523
2.000000000000000	0.426997856027406	-0.021059231282196	-0.008890199271811
2.000000000000000	0.426365262222077	0.007713292029599	-0.005970780191023
2.000000000000000	0.423897528806603	0.036380327429902	-0.003032971634408
2.000000000000000	0.419604592472476	0.064826442885007	-0.000088603120141
2.000000000000000	0.413503739359149	0.092937095927856	0.002850469418967
2.000000000000000	0.405619535448851	0.120599094880125	0.005772411375129
2.000000000000000	0.395983727648048	0.147701054635163	0.008665457119368
2.000000000000000	0.384635115953856	0.174133845166504	0.011517957377555
2.000000000000000	0.371619397220146	0.199791030955968	0.014318426137921
2.000000000000000	0.356988981152441	0.224569299571925	0.017055586901178


3.000000000000000	-0.301060836323349	0.326962014069609	-0.020527087066459
3.000000000000000	-0.321836158074094	0.306535738222630	-0.021130971056407
3.000000000000000	-0.341275955618493	0.284832140342965	-0.021647067811460
3.000000000000000	-0.359301951752992	0.261938613159125	-0.022073299192139
3.000000000000000	-0.375841562153319	0.237947340824951	-0.022407948915108
3.000000000000000	-0.390828187645945	0.212954927726563	-0.022649669464046
3.000000000000000	-0.404201482379447	0.187062009490593	-0.022797487515616
3.000000000000000	-0.415907596815955	0.160372847760031	-0.022850807858696
3.000000000000000	-0.425899394564233	0.132994910369394	-0.022809415791084
3.000000000000000	-0.434136642181291	0.105038438609682	-0.022673477984027
3.000000000000000	-0.440586171178260	0.076616003325607	-0.022443541811094
3.000000000000000	-0.445222011578191	0.047842051632539	-0.022120533144101
3.000000000000000	-0.448025496487985	0.018832446078357	-0.021705752624946
3.000000000000000	-0.448985337263381	-0.010296001894131	-0.021200870428383
3.000000000000000	-0.448097668964348	-0.039426002305644	-0.020607919536826
3.000000000000000	-0.445366065917828	-0.068440258925776	-0.019929287554234
3.000000000000000	-0.440801527325188	-0.097221941583521	-0.019167707092084
3.000000000000000	-0.434422432972315	-0.125655156601130	-0.018326244766100
3.000000000000000	-0.426254469220706	-0.153625413457054	-0.017408288848082
3.000000000000000	-0.416330525577557	-0.181020085798862	-0.016417535622524
3.000000000000000	-0.404690562261325	-0.207728864949812	-0.015357974502985
3.000000000000000	-0.391381449296031	-0.233644204082960	-0.014233871968128
3.000000000000000	-0.376456777782220	-0.258661751274276	-0.013049754382116
3.000000000000000	-0.359976644104506	-0.282680769691006	-0.011810389768541
3.000000000000000	-0.342007407944649	-0.305604543223350	-0.010520768611276
3.000000000000000	-0.322621425074536	-0.327340765926095	-0.009186083759557
3.000000000000000	-0.301896756005022	-0.347801913702083	-0.007811709518214
3.000000000000000	-0.279916851663808	-0.366905596730854	-0.006403180007239
3.000000000000000	-0.256770217368006	-0.384574891223376	-0.004966166877842
3.000000000000000	-0.232550056444463	-0.400738649166997	-0.003506456474709
3.000000000000000	-0.207353894932865	-0.415331784813374	-0.002029926536439
3.000000000000000	-0.181283188882790	-0.428295536755816	-0.000542522527961
3.000000000000000	-0.154442915826009	-0.439577704540726	0.000949766299753
3.000000000000000	-0.126941152069015	-0.449132858860405	0.002440931026287
3.000000000000000	-0.098888637507880	-0.456922524480841	0.003924967257586
3.000000000000000	-0.070398329717782	-0.462915335167893	0.005395899303527
3.000000000000000	-0.041584949112716	-0.467087159988049	0.006847804239918
3.000000000000000	-0.012564517006874	-0.469421200475180	0.008274835758020
3.000000000000000	0.016546111562233	-0.469908058272027	0.009671247705573
3.000000000000000	0.045629718367774	-0.468545772974077	0.011031417224517
3.000000000000000	0.074569193990019	-0.465339830023415	0.012349867392264
3.000000000000000	0.103248009374646	-0.460303138620784	0.013621289275326
3.000000000000000	0.131550685054110	-0.453455979744795	0.014840563306522
3.000000000000000	0.159363256142702	-0.444825924487580	0.016002779899663
3.000000000000000	0.186573731232924	-0.434447723035734	0.017103259218725
3.000000000000000	0.213072543345353	-0.422363164743582	0.018137570021898
3.000000000000000	0.238752991116204	-0.408620909862199	0.019101547504630
3.000000000000000	0.263511668446057	-0.393276293601747	0.019991310069830
3.000000000000000	0.287248880879727	-0.376391103316121	0.020803274957682
3.000000000000000	0.309869047040644	-0.358033329707079	0.021534172672162
3.000000000000000	0.331281083503324	-0.338276893049682	0.022181060146139
3.000000000000000	0.351398771554178	-0.317201345541439	0.022741332592070
3.000000000000000	0.370141104363837	-0.294891550973681	0.023212733990560
3.000000000000000	0.387432613173066	-0.271437343015031	0.023593366174556
3.000000000000000	0.403203671178821	-0.246933163482921	0.023881696472594
3.000000000000000	0.417390773896809	-0.221477682059730	0.024076563880329
3.000000000000000	0.429936794871635	-0.195173398984795	0.024177183735487
3.000000000000000	0.440791215704872	-0.168126232322126	0.024183150877424
3.000000000000000	0.449910329474826	-0.140445091465745	0.024094441278566
3.000000000000000	0.457257416728879	-0.112241438599994	0.023911412141158
3.000000000000000	0.462802893339768	-0.083628839880661	0.023634800458937
3.000000000000000	0.466524429630422	-0.054722508144149	0.023265720049519
3.000000000000000	0.468407040287692	-0.025638838986051	0.022805657069449
3.000000000000000	0.468443144702916	0.003505057922831	0.022256464029970
3.000000000000000	0.466632597496358	0.032591830395804	0.021620352337618
3.000000000000000	0.462982689102597	0.061504356266113	0.020899883389668
3.000000000000000	0.457508116414521	0.090126214996576	0.020097958260287
3.000000000000000	0.450230923604131	0.118342156463990	0.019217806018936
3.000000000000000	0.441180413358433	0.146038565030707	0.018262970728048
3.000000000000000	0.430393028887865	0.173103917034704	0.017237297172335
3.000000000000000	0.417912207182350	0.199429229856008	0.016144915377202
3.000000000000000	0.403788204105869	0.224908500751243	0.014990223978588
3.000000000000000	0.388077892033831	0.249439133689264	0.013777872511214
3.000000000000000	0.370844530848093	0.272922352469163	0.012512742686547
3.000000000000000	0.352157513211744	0.295263598457169	0.011199928735872
3.000000000000000	0.332092085149338	0.316372911340893	0.009844716897619
3.000000000000000	0.310729043057715	0.336165291367752	0.008452564131546
3.000000000000000	0.288154408367425	0.354561041608974	0.007029076145491
3.000000000000000	0.264459081164789	0.371486088871005	0.005579984823162
3.000000000000000	0.239738474169334	0.386872281962109	0.004111125143868
3.000000000000000	0.214092128540448	0.400657666113170	0.002628411687110
3.000000000000000	0.187623313060258	0.412786732447677	0.001137814816666
3.000000000000000	0.160438608306702	0.423210641496379	-0.000354663359964
3.000000000000000	0.132647477491148	0.431887419856592	-0.001843013159924
3.000000000000000	0.104361825688686	0.438782129204272	-0.003321241523873
3.000000000000000	0.075695549235877	0.443867006978322	-0.004783396147922
3.000000000000000	0.046764077110416	0.447121578170622	-0.006223589451457
3.000000000000000	0.017683906139368	0.448532737771661	-0.007636022284352
3.000000000000000	-0.011427868092432	0.448094803539785	-0.009015007278098
3.000000000000000	-0.040454022744972	0.445809538881580	-0.010354991746831
3.000000000000000	-0.069277679738066	0.441686145751255	-0.011650580046034
3.000000000000000	-0.097782776378132	0.435741227597620	-0.012896555298894
3.000000000000000	-0.125854532701699	0.427998722507857	-0.014087900402829
3.000000000000000	-0.153379913653802	0.418489806817294	-0.015219818231583
3.000000000000000	-0.180248084240259	0.407252769573304	-0.016287750951563
3.000000000000000	-0.206350855821071	0.394332858358827	-0.017287398374625
3.000000000000000	-0.231583121747894	0.379782097096321	-0.018214735273416
3.000000000000000	-0.255843280591411	0.363659076565791	-0.019066027589542
3.000000000000000	-0.279033645254430	0.346028718480392	-0.019837847469306
3.000000000000000	-0.301060836323349	0.326962014069609	-0.020527087066459


4.000000000000000	0.778342207439860	-0.393018599810812	0.002966411974902
4.000000000000000	0.805060755459062	-0.335559955938860	0.007185061286706
4.000000000000000	0.828040231375172	-0.276498983638466	0.011372883294738
4.000000000000000	0.847188104949140	-0.216073500599879	0.015513015117836
4.000000000000000	0.862427274452205	-0.154526818916500	0.019588785906383
4.000000000000000	0.873696377127349	-0.092106765352948	0.023583783969932
4.000000000000000	0.880950036275458	-0.029064683434156	0.027481922861289
4.000000000000000	0.884159043971277	0.034345578626299	0.031267506150964
4.000000000000000	0.883310478673414	0.097868690083358	0.034925290631147
4.000000000000000	0.878407757254827	0.161248865787268	0.038440547694728
4.000000000000000	0.869470621244285	0.224230896140108	0.041799122642201
4.000000000000000	0.856535057334195	0.286561174734762	0.044987491677639
4.000000000000000	0.839653152474896	0.347988719538414	0.047992816364253
4.000000000000000	0.818892884138894	0.408266183508608	0.050802995320240
4.000000000000000	0.794337846599571	0.467150850572492	0.053406712946779
4.000000000000000	0.766086914326549	0.524405612958774	0.055793484991955
4.000000000000000	0.734253843853103	0.579799925947038	0.057953700767137
4.000000000000000	0.698966815718744	0.633110736189958	0.059878661845833
4.000000000000000	0.660367918331433	0.684123379870403	0.061560617089184
4.000000000000000	0.618612575827708	0.732632447076867	0.062992793857058
4.000000000000000	0.573868922234544	0.778442608916682	0.064169425279091
4.000000000000000	0.526317124452966	0.821369404036531	0.065085773475830
4.000000000000000	0.476148656789532	0.861239981383211	0.065738148636506
4.000000000000000	0.423565529956872	0.897893796213819	0.066123923876600
4.000000000000000	0.368779477647855	0.931183256552767	0.066241545815375
4.000000000000000	0.312011103958735	0.960974317492579	0.066090540830799
4.000000000000000	0.253488995094312	0.987147020945418	0.065671516966649
4.000000000000000	0.193448798931971	1.009595978671972	0.064986161484133
4.000000000000000	0.132132276150845	1.028230796642698	0.064037234067887
4.000000000000000	0.069786326746887	1.042976439022669	0.062828555713699
4.000000000000000	0.006661995853734	1.053773530314404	0.061364993342705
4.000000000000000	-0.056986537127447	1.060578594442037	0.059652440204019
4.000000000000000	-0.120902982018694	1.063364229814131	0.057697792144694
4.000000000000000	-0.184829969855340	1.062119219660216	0.055508919842585
4.000000000000000	-0.248510089220001	1.056848577196762	0.053094637113904
4.000000000000000	-0.311686922747494	1.047573525440730	0.050464665423093
4.000000000000000	-0.374106079627076	1.034331411751970	0.047629594737919
4.000000000000000	-0.435516219944444	1.017175557448584	0.044600840887410
4.000000000000000	-0.495670066738867	0.996175043100800	0.041390599594342
4.000000000000000	-0.554325401700228	0.971414430367896	0.038011797367369
4.000000000000000	-0.611246040496674	0.942993421498244	0.034478039450531
4.000000000000000	-0.666202783805556	0.911026457863544	0.030803555039740
4.000000000000000	-0.718974340218210	0.875642259143812	0.027003139986834
4.000000000000000	-0.769348217302353	0.836983305018660	0.023092097221898
4.000000000000000	-0.817121577234113	0.795205261451913	0.019086175133767
4.000000000000000	-0.862102053554356	0.750476353879714	0.015001504156825
4.000000000000000	-0.904108525760518	0.702976689826068	0.010854531819437
4.000000000000000	-0.942971848614948	0.652897533673406	0.006661956515558
4.000000000000000	-0.978535533233078	0.600440536508432	0.002440660266193
4.000000000000000	-1.010656377208933	0.545816924144357	-0.001792359258541
4.000000000000000	-1.039205041240673	0.489246646589107	-0.006020057183037
4.000000000000000	-1.064066569934315	0.430957492384273	-0.010225410059893
4.000000000000000	-1.085140854688533	0.371184171381041	-0.014391484417325
4.000000000000000	-1.102343036796658	0.310167369646471	-0.018501504944288
4.000000000000000	-1.115603849142743	0.248152780305648	-0.022538922038724
4.000000000000000	-1.124869895115792	0.185390114222185	-0.026487478446976
4.000000000000000	-1.130103863619065	0.122132094500708	-0.030331274726006
4.000000000000000	-1.131284679308696	0.058633438860111	-0.034054833264843
4.000000000000000	-1.128407587456664	-0.004850166024796	-0.037643160607457
4.000000000000000	-1.121484173096405	-0.068063094083283	-0.041081807826118
4.000000000000000	-1.110542314373973	-0.130750809164669	-0.044356928702125
4.000000000000000	-1.095626070292582	-0.192660889965559	-0.047455335479643
4.000000000000000	-1.076795503302551	-0.253544046441345	-0.050364551968143
4.000000000000000	-1.054126437451020	-0.313155123609230	-0.053072863779617
4.000000000000000	-1.027710153065266	-0.371254088700818	-0.055569365498280
4.000000000000000	-0.997653019199047	-0.427606997689351	-0.057844004592836
4.000000000000000	-0.964076065321965	-0.481986937299742	-0.059887621894472
4.000000000000000	-0.927114493976507	-0.534174938708240	-0.061691988477595
4.000000000000000	-0.886917136365124	-0.583960859252602	-0.063249838794816
4.000000000000000	-0.843645853059510	-0.631144228602427	-0.064554899932740
4.000000000000000	-0.797474882245206	-0.675535055982421	-0.065601916870778
4.000000000000000	-0.748590138125928	-0.716954595198189	-0.066386673641259
4.000000000000000	-0.697188462312676	-0.755236064384077	-0.066906010305643
4.000000000000000	-0.643476831212048	-0.790225317574881	-0.067157835678480
4.000000000000000	-0.587671522605303	-0.821781465397239	-0.067141135747872
4.000000000000000	-0.529997244774063	-0.849777442381417	-0.066855977758547
4.000000000000000	-0.470686231679378	-0.874100518609105	-0.066303509941083
4.000000000000000	-0.409977307837527	-0.894652753637013	-0.065485956888391
4.000000000000000	-0.348114926657985	-0.911351390868466	-0.064406610598063
4.000000000000000	-0.285348186115822	-0.924129190785013	-0.063069817216662
4.000000000000000	-0.221929825722069	-0.932934701696235	-0.061480959539322
4.000000000000000	-0.158115208830916	-0.937732466917543	-0.059646435335133
4.000000000000000	-0.094161294381615	-0.938503167541732	-0.057573631585580
4.000000000000000	-0.030325602215516	-0.935243700229403	-0.055270894739781
4.000000000000000	0.033134823865437	-0.927967189705013	-0.052747497106276
4.000000000000000	0.095964451123380	-0.916702935908244	-0.050013599516718
4.000000000000000	0.157910286824668	-0.901496296013490	-0.047080210411788
4.000000000000000	0.218722896952331	-0.882408501792516	-0.043959141514091
4.000000000000000	0.278157410588815	-0.859516413055733	-0.040662960266515
4.000000000000000	0.335974505924748	-0.832912208164864	-0.037204939227578
4.000000000000000	0.391941373923395	-0.802703012863215	-0.033599002627517
4.000000000000000	0.445832655760483	-0.769010468918120	-0.029859670300327
4.000000000000000	0.497431350264647	-0.731970244312472	-0.026001999217516
4.000000000000000	0.546529687704556	-0.691731486957641	-0.022041522858993
4.000000000000000	0.592929966404292	-0.648456224127476	-0.017994188665229
4.000000000000000	0.636445348818219	-0.602318710031661	-0.013876293822540
4.000000000000000	0.676900613859841	-0.553504724155510	-0.009704419640073
4.000000000000000	0.714132862455267	-0.502210823191556	-0.005495364782724
4.000000000000000	0.747992173480295	-0.448643549575118	-0.001266077628843
4.000000000000000	0.778342207439860	-0.393018599810812	0.002966411974902


5.000000000000000	nan	nan	nan
5.000000000000000	nan	nan	nan
5.000000000000000	nan	nan	nan
5.000000000000000	nan	nan	nan
5.000000000000000	nan	nan	nan
5.000000000000000	nan	nan	nan
5.000000000000000	nan	nan	nan
5.000000000000000	nan	nan	nan
5.000000000000000	nan	nan	nan
5.000000000000000	nan	nan	nan
5.000000000000000	nan	nan	nan
5.000000000000000	nan	nan	nan
5.000000000000000	nan	nan	nan
5.000000000000000	nan	nan	nan
5.000000000000000	nan	nan	nan
5.000000000000000	nan	nan	nan
5.000000000000000	nan	nan	nan
5.000000000000000	nan	nan	nan
5.000000000000000	nan	nan	nan
5.000000000000000	nan	nan	nan
5.000000000000000	nan	nan	nan
5.000000000000000	nan	nan	nan
5.000000000000000	nan	nan	nan
5.000000000000000	nan	nan	nan
5.000000000000000	nan	nan	nan
5.000000000000000	nan	nan	nan
5.000000000000000	nan	nan	nan
5.000000000000000	nan	nan	nan
5.000000000000000	nan	nan	nan
5.000000000000000	nan	nan	nan
5.000000000000000	nan	nan	nan
5.000000000000000	nan	nan	nan
5.000000000000000	nan	nan	nan
5.000000000000000	nan	nan	nan
5.000000000000000	nan	nan	nan
5.000000000000000	nan	nan	nan
5.000000000000000	nan	nan	nan
5.000000000000000	nan	nan	nan
5.000000000000000	nan	nan	nan
5.000000000000000	nan	nan	nan
5.000000000000000	nan	nan	nan
5.000000000000000	nan	nan	nan
5.000000000000000	nan	nan	nan
5.000000000000000	nan	nan	nan
5.000000000000000	nan	nan	nan
5.000000000000000	nan	nan	nan
5.000000000000000	nan	nan	nan
5.000000000000000	nan	nan	nan
5.000000000000000	nan	nan	nan
5.000000000000000	nan	nan	nan
5.000000000000000	nan	nan	nan
5.000000000000000	nan	nan	nan
5.000000000000000	nan	nan	nan
5.000000000000000	nan	nan	nan
5.000000000000000	nan	nan	nan
5.000000000000000	nan	nan	nan
5.000000000000000	nan	nan	nan
5.000000000000000	nan	nan	nan
5.000000000000000	nan	nan	nan
5.000000000000000	nan	nan	nan
5.000000000000000	nan	nan	nan
5.000000000000000	nan	nan	nan
5.000000000000000	nan	nan	nan
5.000000000000000	nan	nan	nan
5.000000000000000	nan	nan	nan
5.000000000000000	nan	nan	nan
5.000000000000000	nan	nan	nan
5.000000000000000	nan	nan	nan
5.000000000000000	nan	nan	nan
5.000000000000000	nan	nan	nan
5.000000000000000	nan	nan	nan
5.000000000000000	nan	nan	nan
5.000000000000000	nan	nan	nan
5.000000000000000	nan	nan	nan
5.000000000000000	nan	nan	nan
5.000000000000000	nan	nan	nan
5.000000000000000	nan	nan	nan
5.000000000000000	nan	nan	nan
5.000000000000000	nan	nan	nan
5.000000000000000	nan	nan	nan
5.000000000000000	nan	nan	nan
5.000000000000000	nan	nan	nan
5.000000000000000	nan	nan	nan
5.000000000000000	nan	nan	nan
5.000000000000000	nan	nan	nan
5.000000000000000	nan	nan	nan
5.000000000000000	nan	nan	nan
5.000000000000000	nan	nan	nan
5.000000000000000	nan	nan	nan
5.000000000000000	nan	nan	nan
5.000000000000000	nan	nan	nan
5.000000000000000	nan	nan	nan
5.000000000000000	nan	nan	nan
5.000000000000000	nan	nan	nan
5.000000000000000	nan	nan	nan
5.000000000000000	nan	nan	nan
5.000000000000000	nan	nan	nan
5.000000000000000	nan	nan	nan
5.000000000000000	nan	nan	nan
5.000000000000000	nan	nan	nan


6.000000000000000	nan	nan	nan
6.000000000000000	nan	nan	nan
6.000000000000000	nan	nan	nan
6.000000000000000	nan	nan	nan
6.000000000000000	nan	nan	nan
6.000000000000000	nan	nan	nan
6.000000000000000	nan	nan	nan
6.000000000000000	nan	nan	nan
6.000000000000000	nan	nan	nan
6.000000000000000	nan	nan	nan
6.000000000000000	nan	nan	nan
6.000000000000000	nan	nan	nan
6.000000000000000	nan	nan	nan
6.000000000000000	nan	nan	nan
6.000000000000000	nan	nan	nan
6.000000000000000	nan	nan	nan
6.000000000000000	nan	nan	nan
6.000000000000000	nan	nan	nan
6.000000000000000	nan	nan	nan
6.000000000000000	nan	nan	nan
6.000000000000000	nan	nan	nan
6.000000000000000	nan	nan	nan
6.000000000000000	nan	nan	nan
6.000000000000000	nan	nan	nan
6.000000000000000	nan	nan	nan
6.000000000000000	nan	nan	nan
6.000000000000000	nan	nan	nan
6.000000000000000	nan	nan	nan
6.000000000000000	nan	nan	nan
6.000000000000000	nan	nan	nan
6.000000000000000	nan	nan	nan
6.000000000000000	nan	nan	nan
6.000000000000000	nan	nan	nan
6.000000000000000	nan	nan	nan
6.000000000000000	nan	nan	nan
6.000000000000000	nan	nan	nan
6.000000000000000	nan	nan	nan
6.000000000000000	nan	nan	nan
6.000000000000000	nan	nan	nan
6.000000000000000	nan	nan	nan
6.000000000000000	nan	nan	nan
6.000000000000000	nan	nan	nan
6.000000000000000	nan	nan	nan
6.000000000000000	nan	nan	nan
6.000000000000000	nan	nan	nan
6.000000000000000	nan	nan	nan
6.000000000000000	nan	nan	nan
6.000000000000000	nan	nan	nan
6.000000000000000	nan	nan	nan
6.000000000000000	nan	nan	nan
6.000000000000000	nan	nan	nan
6.000000000000000	nan	nan	nan
6.000000000000000	nan	nan	nan
6.000000000000000	nan	nan	nan
6.000000000000000	nan	nan	nan
6.000000000000000	nan	nan	nan
6.000000000000000	nan	nan	nan
6.000000000000000	nan	nan	nan
6.000000000000000	nan	nan	nan
6.000000000000000	nan	nan	nan
6.000000000000000	nan	nan	nan
6.000000000000000	nan	nan	nan
6.000000000000000	nan	nan	nan
6.000000000000000	nan	nan	nan
6.000000000000000	nan	nan	nan
6.000000000000000	nan	nan	nan
6.000000000000000	nan	nan	nan
6.000000000000000	nan	nan	nan
6.000000000000000	nan	nan	nan
6.000000000000000	nan	nan	nan
6.000000000000000	nan	nan	nan
6.000000000000000	nan	nan	nan
6.000000000000000	nan	nan	nan
6.000000000000000	nan	nan	nan
6.000000000000000	nan	nan	nan
6.000000000000000	nan	nan	nan
6.000000000000000	nan	nan	nan
6.000000000000000	nan	nan	nan
6.000000000000000	nan	nan	nan
6.000000000000000	nan	nan	nan
6.000000000000000	nan	nan	nan
6.000000000000000	nan	nan	nan
6.000000000000000	nan	nan	nan
6.000000000000000	nan	nan	nan
6.000000000000000	nan	nan	nan
6.000000000000000	nan	nan	nan
6.000000000000000	nan	nan	nan
6.000000000000000	nan	nan	nan
6.000000000000000	nan	nan	nan
6.000000000000000	nan	nan	nan
6.000000000000000	nan	nan	nan
6.000000000000000	nan	nan	nan
6.000000000000000	nan	nan	nan
6.000000000000000	nan	nan	nan
6.000000000000000	nan	nan	nan
6.000000000000000	nan	nan	nan
6.000000000000000	nan	nan	nan
6.000000000000000	nan	nan	nan
6.000000000000000	nan	nan	nan
6.000000000000000	nan	nan	nan


7.000000000000000	-0.480724372075485	0.314903828060430	-0.011784585810558
7.000000000000000	-0.501357381642823	0.281121498071753	-0.011361177713108
7.000000000000000	-0.519799379938651	0.246094375069966	-0.010887800272723
7.000000000000000	-0.535976107544819	0.209963500916793	-0.010366359613281
7.000000000000000	-0.549822426488734	0.172874361890281	-0.009798955392278
7.000000000000000	-0.561282582530980	0.134976302862911	-0.009187872346251
7.000000000000000	-0.570310429667965	0.096421925942501	-0.008535571090947
7.000000000000000	-0.576869615945592	0.057366475997382	-0.007844678213297
7.000000000000000	-0.580933729835744	0.017967215540107	-0.007117975695072
7.000000000000000	-0.582486406586189	-0.021617208513187	-0.006358389710827
7.000000000000000	-0.581521394115661	-0.061227403657913	-0.005568978845231
7.000000000000000	-0.578042578188784	-0.100703873618396	-0.004752921777222
7.000000000000000	-0.572063966769468	-0.139887660583077	-0.003913504480590
7.000000000000000	-0.563609633615786	-0.178620985271524	-0.003054106992521
7.000000000000000	-0.552713621343443	-0.216747882255903	-0.002178189803381
7.000000000000000	-0.539419804348181	-0.254114827978706	-0.001289279922541
7.000000000000000	-0.523781712139069	-0.290571358937941	-0.000390956676356
7.000000000000000	-0.505862313794066	-0.325970677550538	0.000513162704519
7.000000000000000	-0.485733764405768	-0.360170243254415	0.001419437650440
7.000000000000000	-0.463477114538315	-0.393032346469005	0.002324218912065
7.000000000000000	-0.439181983865378	-0.424424663103138	0.003223863254590
7.000000000000000	-0.412946200303361	-0.454220787377450	0.004114748127771
7.000000000000000	-0.384875406092912	-0.482300740815846	0.004993286252657
7.000000000000000	-0.355082632414906	-0.508551455356472	0.005855940066292
7.000000000000000	-0.323687844253769	-0.532867228636902	0.006699235966239
7.000000000000000	-0.290817457340832	-0.555150149620234	0.007519778297543
7.000000000000000	-0.256603829122794	-0.575310492848288	0.008314263025842
7.000000000000000	-0.221184725805003	-0.593267079734350	0.009079491041543
7.000000000000000	-0.184702767615568	-0.608947605440697	0.009812381041510
7.000000000000000	-0.147304854524038	-0.622288930024653	0.010509981936382
7.000000000000000	-0.109141574727072	-0.633237332680856	0.011169484733569
7.000000000000000	-0.070366598282921	-0.641748728055979	0.011788233848074
7.000000000000000	-0.031136058336338	-0.647788843764892	0.012363737795597
7.000000000000000	0.008392077574486	-0.651333358393454	0.012893679224861
7.000000000000000	0.048058643597446	-0.652367999432273	0.013375924248770
7.000000000000000	0.087703916471237	-0.650888600747053	0.013808531036819
7.000000000000000	0.127168258674547	-0.646901119354157	0.014189757634158
7.000000000000000	0.166292761230017	-0.640421611433796	0.014518068975831
7.000000000000000	0.204919883574606	-0.631476167677465	0.014792143067940
7.000000000000000	0.242894087919835	-0.620100808229930	0.015010876310850
7.000000000000000	0.280062465547563	-0.606341337648825	0.015173387942991
7.000000000000000	0.316275352519431	-0.590253160465862	0.015279023587379
7.000000000000000	0.351386932320717	-0.571901058092333	0.015327357886557
7.000000000000000	0.385255823011974	-0.551358927967236	0.015318196215361
7.000000000000000	0.417745646524201	-0.528709485998370	0.015251575464608
7.000000000000000	0.448725577805197	-0.504043933494562	0.015127763892548
7.000000000000000	0.478070871605866	-0.477461589930193	0.014947260044682
7.000000000000000	0.505663364785311	-0.449069493020723	0.014710790746299
7.000000000000000	0.531391952112098	-0.418981967719594	0.014419308175803
7.000000000000000	0.555153033645806	-0.387320165871989	0.014073986030628
7.000000000000000	0.576850931897425	-0.354211578379112	0.013676214801174
7.000000000000000	0.596398277088832	-0.319789521837328	0.013227596171790
7.000000000000000	0.613716358960057	-0.284192601719279	0.012729936571360
7.000000000000000	0.628735443707713	-0.247564154258571	0.012185239899450
7.000000000000000	0.641395054778412	-0.210051669285345	0.011595699457309
7.000000000000000	0.651644216386505	-0.171806196336790	0.010963689116223
7.000000000000000	0.659441658775574	-0.132981736433969	0.010291753758772
7.000000000000000	0.664755984397176	-0.093734621974059	0.009582599031485
7.000000000000000	0.667565794337691	-0.054222887234966	0.008839080450158
7.000000000000000	0.667859774484193	-0.014605632027064	0.008064191901696
7.000000000000000	0.665636741082392	0.024957618945588	0.007261053588792
7.000000000000000	0.660905645503191	0.064307558434927	0.006432899465970
7.000000000000000	0.653685538198675	0.103285738122945	0.005583064217591
7.000000000000000	0.644005491992669	0.141735206637143	0.004714969830255
7.000000000000000	0.631904485014732	0.179501141538317	0.003832111813672
7.000000000000000	0.617431243748990	0.216431472735869	0.002938045125476
7.000000000000000	0.600644046829778	0.252377494820398	0.002036369856664
7.000000000000000	0.581610490374155	0.287194465847893	0.001130716735303
7.000000000000000	0.560407215796192	0.320742190164460	0.000224732506870
7.000000000000000	0.537119601199051	0.352885582924737	-0.000677934749911
7.000000000000000	0.511841417587495	0.383495214030888	-0.001573650312587
7.000000000000000	0.484674451285152	0.412447829301926	-0.002458807450723
7.000000000000000	0.455728094076909	0.439626846774802	-0.003329841948937
7.000000000000000	0.425118902726807	0.464922826138816	-0.004183246458728
7.000000000000000	0.392970129645091	0.488233909413127	-0.005015584621341
7.000000000000000	0.359411226594251	0.509466231092892	-0.005823504904763
7.000000000000000	0.324577323432466	0.528534296112522	-0.006603754099164
7.000000000000000	0.288608683993361	0.545361324104138	-0.007353190416420
7.000000000000000	0.251650141293050	0.559879558565012	-0.008068796140992
7.000000000000000	0.213850514338699	0.572030539689090	-0.008747689781196
7.000000000000000	0.175362008886911	0.581765339763998	-0.009387137671953
7.000000000000000	0.136339604564861	0.589044760185674	-0.009984564982296
7.000000000000000	0.096940430822041	0.593839489297303	-0.010537566083306
7.000000000000000	0.057323134225420	0.596130220417024	-0.011043914234726
7.000000000000000	0.017647239645714	0.595907729579116	-0.011501570551264
7.000000000000000	-0.021927492092964	0.593172912675658	-0.011908692212459
7.000000000000000	-0.061241707513557	0.587936781849082	-0.012263639883074
7.000000000000000	-0.100137102146273	0.580220421150168	-0.012564984314114
7.000000000000000	-0.138457057964814	0.570054901640008	-0.012811512097914
7.000000000000000	-0.176047274031890	0.557481156277814	-0.013002230554099
7.000000000000000	-0.212756387814628	0.542549815098334	-0.013136371726758
7.000000000000000	-0.248436584668081	0.525321001342574	-0.013213395476735
7.000000000000000	-0.282944193032621	0.505864089362725	-0.013232991656572
7.000000000000000	-0.316140262948611	0.484257425276135	-0.013195081359369
7.000000000000000	-0.347891125558844	0.460588011493143	-0.013099817236514
7.000000000000000	-0.378068931345858	0.434951156389081	-0.012947582883007
7.000000000000000	-0.406552164936819	0.407450090531085	-0.012738991292858
7.000000000000000	-0.433226134403033	0.378195551005035	-0.012474882390780
7.000000000000000	-0.457983433083873	0.347305335516396	-0.012156319650106
7.000000000000000	-0.480724372075485	0.314903828060430	-0.011784585810558


8.000000000000000	nan	nan	nan
8.000000000000000	nan	nan	nan
8.000000000000000	nan	nan	nan
8.000000000000000	nan	nan	nan
8.000000000000000	nan	nan	nan
8.000000000000000	nan	nan	nan
8.000000000000000	nan	nan	nan
8.000000000000000	nan	nan	nan
8.000000000000000	nan	nan	nan
8.000000000000000	nan	nan	nan
8.000000000000000	nan	nan	nan
8.000000000000000	nan	nan	nan
8.000000000000000	nan	nan	nan
8.000000000000000	nan	nan	nan
8.000000000000000	nan	nan	nan
8.000000000000000	nan	nan	nan
8.000000000000000	nan	nan	nan
8.000000000000000	nan	nan	nan
8.000000000000000	nan	nan	nan
8.000000000000000	nan	nan	nan
8.000000000000000	nan	nan	nan
8.000000000000000	nan	nan	nan
8.000000000000000	nan	nan	nan
8.000000000000000	nan	nan	nan
8.000000000000000	nan	nan	nan
8.000000000000000	nan	nan	nan
8.000000000000000	nan	nan	nan
8.000000000000000	nan	nan	nan
8.000000000000000	nan	nan	nan
8.000000000000000	nan	nan	nan
8.000000000000000	nan	nan	nan
8.000000000000000	nan	nan	nan
8.000000000000000	nan	nan	nan
8.000000000000000	nan	nan	nan
8.000000000000000	nan	nan	nan
8.000000000000000	nan	nan	nan
8.000000000000000	nan	nan	nan
8.000000000000000	nan	nan	nan
8.000000000000000	nan	nan	nan
8.000000000000000	nan	nan	nan
8.000000000000000	nan	nan	nan
8.000000000000000	nan	nan	nan
8.000000000000000	nan	nan	nan
8.000000000000000	nan	nan	nan
8.000000000000000	nan	nan	nan
8.000000000000000	nan	nan	nan
8.000000000000000	nan	nan	nan
8.000000000000000	nan	nan	nan
8.000000000000000	nan	nan	nan
8.000000000000000	nan	nan	nan
8.000000000000000	nan	nan	nan
8.000000000000000	nan	nan	nan
8.000000000000000	nan	nan	nan
8.000000000000000	nan	nan	nan
8.000000000000000	nan	nan	nan
8.000000000000000	nan	nan	nan
8.000000000000000	nan	nan	nan
8.000000000000000	nan	nan	nan
8.000000000000000	nan	nan	nan
8.000000000000000	nan	nan	nan
8.000000000000000	nan	nan	nan
8.000000000000000	nan	nan	nan
8.000000000000000	nan	nan	nan
8.000000000000000	nan	nan	nan
8.000000000000000	nan	nan	nan
8.000000000000000	nan	nan	nan
8.000000000000000	nan	nan	nan
8.000000000000000	nan	nan	nan
8.000000000000000	nan	nan	nan
8.000000000000000	nan	nan	nan
8.000000000000000	nan	nan	nan
8.000000000000000	nan	nan	nan
8.000000000000000	nan	nan	nan
8.000000000000000	nan	nan	nan
8.000000000000000	nan	nan	nan
8.000000000000000	nan	nan	nan
8.000000000000000	nan	nan	nan
8.000000000000000	nan	nan	nan
8.000000000000000	nan	nan	nan
8.000000000000000	nan	nan	nan
8.000000000000000	nan	nan	nan
8.000000000000000	nan	nan	nan
8.000000000000000	nan	nan	nan
8.000000000000000	nan	nan	nan
8.000000000000000	nan	nan	nan
8.000000000000000	nan	nan	nan
8.000000000000000	nan	nan	nan
8.000000000000000	nan	nan	nan
8.000000000000000	nan	nan	nan
8.000000000000000	nan	nan	nan
8.000000000000000	nan	nan	nan
8.000000000000000	nan	nan	nan
8.000000000000000	nan	nan	nan
8.000000000000000	nan	nan	nan
8.000000000000000	nan	nan	nan
8.000000000000000	nan	nan	nan
8.000000000000000	nan	nan	nan
8.000000000000000	nan	nan	nan
8.000000000000000	nan	nan	nan
8.000000000000000	nan	nan	nan


9.000000000000000	-0.384609323740036	-0.476985206763417	0.002919090791905
9.000000000000000	-0.349432776778497	-0.503537414622146	0.003145629250470
9.000000000000000	-0.312628616187137	-0.527788506843262	0.003357827289003
9.000000000000000	-0.274345039330857	-0.549640832837663	0.003554830460898
9.000000000000000	-0.234736200661710	-0.569006401001211	0.003735845503912
9.000000000000000	-0.193961590993322	-0.585807233025870	0.003900143534356
9.000000000000000	-0.152185395287684	-0.599975677890824	0.004047062982049
9.000000000000000	-0.109575831540254	-0.611454684269267	0.004176012254228
9.000000000000000	-0.066304473425463	-0.620198030253956	0.004286472117688
9.000000000000000	-0.022545559430083	-0.626170509476520	0.004377997789544
9.000000000000000	0.021524708743662	-0.629348072871081	0.004450220728218
9.000000000000000	0.065728875680163	-0.629717925511348	0.004502850117428
9.000000000000000	0.109888946800752	-0.627278578131276	0.004535674037198
9.000000000000000	0.153827105085049	-0.622039853121814	0.004548560317188
9.000000000000000	0.197366427077342	-0.614022844979598	0.004541457068898
9.000000000000000	0.240331595294900	-0.603259835366865	0.004514392894600
9.000000000000000	0.282549604169600	-0.589794163124587	0.004467476772173
9.000000000000000	0.323850456680286	-0.573680049762259	0.004400897616282
9.000000000000000	0.364067848870776	-0.554982381127015	0.004314923517690
9.000000000000000	0.403039839497198	-0.533776446131224	0.004209900663749
9.000000000000000	0.440609502108219	-0.510147633590611	0.004086251944422
9.000000000000000	0.476625556932484	-0.484191088393635	0.003944475249463
9.000000000000000	0.510942980028858	-0.456011328386604	0.003785141463583
9.000000000000000	0.543423587246651	-0.425721823517195	0.003608892167701
9.000000000000000	0.573936590644426	-0.393444538931024	0.003416437055526
9.000000000000000	0.602359125126875	-0.359309443861055	0.003208551075869
9.000000000000000	0.628576743179192	-0.323453988287365	0.002986071312197
9.000000000000000	0.652483875706827	-0.286022549474589	0.002749893611997
9.000000000000000	0.673984257124964	-0.247165850615634	0.002500968979510
9.000000000000000	0.692991312986057	-0.207040353922575	0.002240299746374
9.000000000000000	0.709428508584577	-0.165807630608550	0.001968935535589
9.000000000000000	0.723229657135253	-0.123633710297512	0.001687969035056
9.000000000000000	0.734339186283901	-0.080688412481532	0.001398531597707
9.000000000000000	0.742712361877679	-0.037144662717639	0.001101788685948
9.000000000000000	0.748315468093731	0.006822203682362	0.000798935178749
9.000000000000000	0.751125943200907	0.051035147665310	0.000491190560296
9.000000000000000	0.751132470407888	0.095316139310470	0.000179794009549
9.000000000000000	0.748335023431918	0.139486874693186	-0.000134000589487
9.000000000000000	0.742744866604625	0.183369493851858	-0.000448929696713
9.000000000000000	0.734384509514543	0.226787296967230	-0.000763725203768
9.000000000000000	0.723287616368938	0.269565455870201	-0.001077119540248
9.000000000000000	0.709498870439928	0.311531718013152	-0.001387850777773
9.000000000000000	0.693073794140716	0.352517100070165	-0.001694667711318
9.000000000000000	0.674078525456432	0.392356568373231	-0.001996334897382
9.000000000000000	0.652589551629805	0.430889703444586	-0.002291637628678
9.000000000000000	0.628693401174036	0.467961345949328	-0.002579386825333
9.000000000000000	0.602486295453013	0.503422221467295	-0.002858423822890
9.000000000000000	0.574073761231839	0.537129541568471	-0.003127625037845
9.000000000000000	0.543570205757796	0.568947578771598	-0.003385906491918
9.000000000000000	0.511098456082740	0.598748213070835	-0.003632228176852
9.000000000000000	0.476789264481908	0.626411447829810	-0.003865598242160
9.000000000000000	0.440780781960663	0.651825892965713	-0.004085076988956
9.000000000000000	0.403218001969148	0.674889213477852	-0.004289780653789
9.000000000000000	0.364252176564839	0.695508541514581	-0.004478884967251
9.000000000000000	0.324040207373895	0.713600850319358	-0.004651628473014
9.000000000000000	0.282744013803684	0.729093288550195	-0.004807315593949
9.000000000000000	0.240529881050478	0.741923473626295	-0.004945319432969
9.000000000000000	0.197567790527659	0.752039742920691	-0.005065084297322
9.000000000000000	0.154030735410562	0.759401361787408	-0.005166127936169
9.000000000000000	0.110094024054009	0.763978687585508	-0.005248043482440
9.000000000000000	0.065934574087446	0.765753289039541	-0.005310501091141
9.000000000000000	0.021730200030085	0.764718020455785	-0.005353249267526
9.000000000000000	-0.022341102705403	0.760877050495435	-0.005376115879776
9.000000000000000	-0.066101874537595	0.754245845388877	-0.005379008852115
9.000000000000000	-0.109375906283413	0.744851106658630	-0.005361916535564
9.000000000000000	-0.151988948690317	0.732730663601748	-0.005324907754849
9.000000000000000	-0.193769414076543	0.717933320964586	-0.005268131531268
9.000000000000000	-0.234549067254135	0.700518662423313	-0.005191816482634
9.000000000000000	-0.274163702952670	0.680556810661481	-0.005096269902714
9.000000000000000	-0.312453807015931	0.658128145010722	-0.004981876523862
9.000000000000000	-0.349265198709108	0.633322977791555	-0.004849096967840
9.000000000000000	-0.384449651550203	0.606241190657541	-0.004698465891058
9.000000000000000	-0.417865490165760	0.576991832407123	-0.004530589831696
9.000000000000000	-0.449378160767585	0.545692679882595	-0.004346144767395
9.000000000000000	-0.478860772953365	0.512469763724333	-0.004145873393330
9.000000000000000	-0.506194610649533	0.477456860889884	-0.003930582131640
9.000000000000000	-0.531269610138994	0.440794955981378	-0.003701137884250
9.000000000000000	-0.553984803248868	0.402631673550290	-0.003458464542164
9.000000000000000	-0.574248723913689	0.363120683665477	-0.003203539265280
9.000000000000000	-0.591979776476962	0.322421083138048	-0.002937388547713
9.000000000000000	-0.607106564248081	0.280696754894657	-0.002661084084468
9.000000000000000	-0.619568176991597	0.238115708078796	-0.002375738456097
9.000000000000000	-0.629314436191240	0.194849401537280	-0.002082500648735
9.000000000000000	-0.636306097101094	0.151072053415978	-0.001782551427536
9.000000000000000	-0.640515006770339	0.106959939644831	-0.001477098582149
9.000000000000000	-0.641924217405246	0.062690684136900	-0.001167372063374
9.000000000000000	-0.640528054611958	0.018442543559559	-0.000854619030586
9.000000000000000	-0.636332140245280	-0.025606310442194	-0.000540098829864
9.000000000000000	-0.629353369771441	-0.069278508680062	-0.000225077923049
9.000000000000000	-0.619619844236029	-0.112398198625572	0.000089175211853
9.000000000000000	-0.607170757110985	-0.154791752506137	0.000401395188381
9.000000000000000	-0.592056236476336	-0.196288466442824	0.000710324806886
9.000000000000000	-0.574337143172101	-0.236721247814614	0.001014720116828
9.000000000000000	-0.554084825733173	-0.275927288081422	0.001313355425729
9.000000000000000	-0.531380833093949	-0.313748718356621	0.001605028234601
9.000000000000000	-0.506316586219554	-0.350033245089331	0.001888564079988
9.000000000000000	-0.478993009985882	-0.384634763296798	0.002162821263112
9.000000000000000	-0.449520126790740	-0.417413944877589	0.002426695447093
9.000000000000000	-0.418016613532484	-0.448238799636687	0.002679124103727
9.000000000000000	-0.384609323740037	-0.476985206763417	0.002919090791905


10.000000000000000	nan	nan	nan
10.000000000000000	nan	nan	nan
10.000000000000000	nan	nan	nan
10.000000000000000	nan	nan	nan
10.000000000000000	nan	nan	nan
10.000000000000000	nan	nan	nan
10.000000000000000	nan	nan	nan
10.000000000000000	nan	nan	nan
10.000000000000000	nan	nan	nan
10.000000000000000	nan	nan	nan
10.000000000000000	nan	nan	nan
10.000000000000000	nan	nan	nan
10.000000000000000	nan	nan	nan
10.000000000000000	nan	nan	nan
10.000000000000000	nan	nan	nan
10.000000000000000	nan	nan	nan
10.000000000000000	nan	nan	nan
10.000000000000000	nan	nan	nan
10.000000000000000	nan	nan	nan
10.000000000000000	nan	nan	nan
10.000000000000000	nan	nan	nan
10.000000000000000	nan	nan	nan
10.000000000000000	nan	nan	nan
10.000000000000000	nan	nan	nan
10.000000000000000	nan	nan	nan
10.000000000000000	nan	nan	nan
10.000000000000000	nan	nan	nan
10.000000000000000	nan	nan	nan
10.000000000000000	nan	nan	nan
10.000000000000000	nan	nan	nan
10.000000000000000	nan	nan	nan
10.000000000000000	nan	nan	nan
10.000000000000000	nan	nan	nan
10.000000000000000	nan	nan	nan
10.000000000000000	nan	nan	nan
10.000000000000000	nan	nan	nan
10.000000000000000	nan	nan	nan
10.000000000000000	nan	nan	nan
10.000000000000000	nan	nan	nan
10.000000000000000	nan	nan	nan
10.000000000000000	nan	nan	nan
10.000000000000000	nan	nan	nan
10.000000000000000	nan	nan	nan
10.000000000000000	nan	nan	nan
10.000000000000000	nan	nan	nan
10.000000000000000	nan	nan	nan
10.000000000000000	nan	nan	nan
10.000000000000000	nan	nan	nan
10.000000000000000	nan	nan	nan
10.000000000000000	nan	nan	nan
10.000000000000000	nan	nan	nan
10.000000000000000	nan	nan	nan
10.000000000000000	nan	nan	nan
10.000000000000000	nan	nan	nan
10.000000000000000	nan	nan	nan
10.000000000000000	nan	nan	nan
10.000000000000000	nan	nan	nan
10.000000000000000	nan	nan	nan
10.000000000000000	nan	nan	nan
10.000000000000000	nan	nan	nan
10.000000000000000	nan	nan	nan
10.000000000000000	nan	nan	nan
10.000000000000000	nan	nan	nan
10.000000000000000	nan	nan	nan
10.000000000000000	nan	nan	nan
10.000000000000000	nan	nan	nan
10.000000000000000	nan	nan	nan
10.000000000000000	nan	nan	nan
10.000000000000000	nan	nan	nan
10.000000000000000	nan	nan	nan
10.000000000000000	nan	nan	nan
10.000000000000000	nan	nan	nan
10.000000000000000	nan	nan	nan
10.000000000000000	nan	nan	nan
10.000000000000000	nan	nan	nan
10.000000000000000	nan	nan	nan
10.000000000000000	nan	nan	nan
10.000000000000000	nan	nan	nan
10.000000000000000	nan	nan	nan
10.000000000000000	nan	nan	nan
10.000000000000000	nan	nan	nan
10.000000000000000	nan	nan	nan
10.000000000000000	nan	nan	nan
10.000000000000000	nan	nan	nan
10.000000000000000	nan	nan	nan
10.000000000000000	nan	nan	nan
10.000000000000000	nan	nan	nan
10.000000000000000	nan	nan	nan
10.000000000000000	nan	nan	nan
10.000000000000000	nan	nan	nan
10.000000000000000	nan	nan	nan
10.000000000000000	nan	nan	nan
10.000000000000000	nan	nan	nan
10.000000000000000	nan	nan	nan
10.000000000000000	nan	nan	nan
10.000000000000000	nan	nan	nan
10.000000000000000	nan	nan	nan
10.000000000000000	nan	nan	nan
10.000000000000000	nan	nan	nan
10.000000000000000	nan	nan	nan


11.000000000000000	0.360538670418115	-0.608990933105753	0.022255315829633
11.000000000000000	0.404624298559098	-0.580895095196438	0.023479960091689
11.000000000000000	0.446823349109891	-0.550025591505334	0.024594176339903
11.000000000000000	0.486965901387817	-0.516506722628604	0.025593478018699
11.000000000000000	0.524890315502917	-0.480473457220941	0.026473841292913
11.000000000000000	0.560443883224734	-0.442070888524423	0.027231721250360
11.000000000000000	0.593483442884463	-0.401453650129246	0.027864066175938
11.000000000000000	0.623875955836461	-0.358785293318824	0.028368329839816
11.000000000000000	0.651499042157919	-0.314237628506503	0.028742481750195
11.000000000000000	0.676241473429616	-0.267990033415661	0.028985015329388
11.000000000000000	0.698003620613508	-0.220228730788929	0.029094953980270
11.000000000000000	0.716697855223699	-0.171146038534930	0.029071855018698
11.000000000000000	0.732248902175428	-0.120939595331941	0.028915811456037
11.000000000000000	0.744594142891266	-0.069811564806688	0.028627451624639
11.000000000000000	0.753683867444026	-0.017967821492778	0.028207936647771
11.000000000000000	0.759481474721095	0.034382878153390	0.027658955764179
11.000000000000000	0.761963619804197	0.087029736341196	0.026982719526122
11.000000000000000	0.761120307971142	0.139760762754097	0.026181950898257
11.000000000000000	0.756954934941038	0.192363628159815	0.025259874293222
11.000000000000000	0.749484273200937	0.244626519385215	0.024220202588065
11.000000000000000	0.738738404468941	0.296338992213195	0.023067122173797
11.000000000000000	0.724760598565746	0.347292818767271	0.021805276098273
11.000000000000000	0.707607139182347	0.397282825971745	0.020439745370279
11.000000000000000	0.687347097245472	0.446107721711267	0.018976028500100
11.000000000000000	0.664062052793347	0.493570905363137	0.017420019358964
11.000000000000000	0.637845766481668	0.539481259438622	0.015777983446498
11.000000000000000	0.608803802042538	0.583653919145635	0.014056532661775
11.000000000000000	0.577053101216573	0.625911016774001	0.012262598679530
11.000000000000000	0.542721512869786	0.666082397905948	0.010403405038752
11.000000000000000	0.505947278191331	0.704006306567898	0.008486438056040
11.000000000000000	0.466878474045021	0.739530036564676	0.006519416680854
11.000000000000000	0.425672416716061	0.772510546373465	0.004510261414023
11.000000000000000	0.382495028453894	0.802815035121529	0.002467062414687
11.000000000000000	0.337520169361862	0.830321477328460	0.000398046924082
11.000000000000000	0.290928937323932	0.854919114259720	-0.001688453862656
11.000000000000000	0.242908938787436	0.876508899912967	-0.003784038343277
11.000000000000000	0.193653533338121	0.895003899841358	-0.005880268338702
11.000000000000000	0.143361055109343	0.910329641207875	-0.007968703070589
11.000000000000000	0.092234014160513	0.922424412661160	-0.010040933149374
11.000000000000000	0.040478281040560	0.931239512825345	-0.012088614435910
11.000000000000000	-0.011697742180103	0.936739446403304	-0.014103501640373
11.000000000000000	-0.064083961071172	0.938902067103686	-0.016077481523131
11.000000000000000	-0.116469434818559	0.937718666816212	-0.018002605563902
11.000000000000000	-0.168643225608612	0.933194010676168	-0.019871121967633
11.000000000000000	-0.220395248000233	0.925346317876881	-0.021675506878248
11.000000000000000	-0.271517114864804	0.914207188307458	-0.023408494674558
11.000000000000000	-0.321802976487607	0.899821475311189	-0.025063107226355
11.000000000000000	-0.371050349451968	0.882247105076962	-0.026632681992877
11.000000000000000	-0.419060931968513	0.861554843390947	-0.028110898850512
11.000000000000000	-0.465641402366484	0.837828010687749	-0.029491805541702
11.000000000000000	-0.510604197531875	0.811162146548424	-0.030769841642583
11.000000000000000	-0.553768268157892	0.781664624996311	-0.031939860952851
11.000000000000000	-0.594959807766616	0.749454222139735	-0.032997152217697
11.000000000000000	-0.634012952566339	0.714660637902538	-0.033937458098360
11.000000000000000	-0.670770449326516	0.677423973768265	-0.034756992314933
11.000000000000000	-0.705084288581024	0.637894168640935	-0.035452454892378
11.000000000000000	-0.736816300610041	0.596230395093998	-0.036021045448352
11.000000000000000	-0.765838711800741	0.552600418438557	-0.036460474469368
11.000000000000000	-0.792034659146539	0.507179921191677	-0.036768972529852
11.000000000000000	-0.815298660813170	0.460151795664890	-0.036945297416997
11.000000000000000	-0.835537040876807	0.411705407521406	-0.036988739132715
11.000000000000000	-0.852668306523943	0.362035833267430	-0.036899122752550
11.000000000000000	-0.866623476194191	0.311343074747915	-0.036676809130034
11.000000000000000	-0.877346357344679	0.259831253809727	-0.036322693443661
11.000000000000000	-0.884793772717588	0.207707790375006	-0.035838201592318
11.000000000000000	-0.888935734199731	0.155182567234354	-0.035225284453691
11.000000000000000	-0.889755563574097	0.102467084922907	-0.034486410028773
11.000000000000000	-0.887249959677151	0.049773610082333	-0.033624553504091
11.000000000000000	-0.881429011691448	-0.002685679262020	-0.032643185271684
11.000000000000000	-0.872316158520059	-0.054699548067139	-0.031546256955055
11.000000000000000	-0.859948094406381	-0.106058554841320	-0.030338185497382
11.000000000000000	-0.844374621179368	-0.156555894991123	-0.029023835376043
11.000000000000000	-0.825658447719144	-0.205988233550486	-0.027608499015086
11.000000000000000	-0.803874937450479	-0.254156523938866	-0.026097875474501
11.000000000000000	-0.779111804880868	-0.300866809451569	-0.024498047502122
11.000000000000000	-0.751468762405177	-0.345931004254937	-0.022815457040543
11.000000000000000	-0.721057118799016	-0.389167650741625	-0.021056879287695
11.000000000000000	-0.687999331017587	-0.430402650196336	-0.019229395415508
11.000000000000000	-0.652428511104745	-0.469469963829903	-0.017340364056537
11.000000000000000	-0.614487890197780	-0.506212281358886	-0.015397391673343
11.000000000000000	-0.574330241786178	-0.540481654438570	-0.013408301929952
11.000000000000000	-0.532117266546702	-0.572140092398724	-0.011381104188724
11.000000000000000	-0.488018941231834	-0.601060117883330	-0.009323961259478
11.000000000000000	-0.442212834233388	-0.627125280156906	-0.007245156530732
11.000000000000000	-0.394883390577267	-0.650230624010512	-0.005153060615429
11.000000000000000	-0.346221189228441	-0.670283112379337	-0.003056097645426
11.000000000000000	-0.296422175696722	-0.687202000970119	-0.000962711350495
11.000000000000000	-0.245686873033351	-0.700919163389922	0.001118668941603
11.000000000000000	-0.194219574395444	-0.711379365467066	0.003179662247041
11.000000000000000	-0.142227520429552	-0.718540487659651	0.005211969673194
11.000000000000000	-0.089920064786727	-0.722373694656080	0.007207407835346
11.000000000000000	-0.037507831129250	-0.722863551484686	0.009157941808296
11.000000000000000	0.014798134976511	-0.720008085664911	0.011055717480164
11.000000000000000	0.066787215866113	-0.713818795149792	0.012893093178127
11.000000000000000	0.118250069860036	-0.704320602027764	0.014662670438740
11.000000000000000	0.168979474208739	-0.691551752170199	0.016357323798935
11.000000000000000	0.218771159505538	-0.675563661228788	0.017970229487749
11.000000000000000	0.267424632207407	-0.656420707602857	0.019494892903238
11.000000000000000	0.314743981951716	-0.634199973210269	0.020925174763947
11.000000000000000	0.360538670418114	-0.608990933105753	0.022255315829633


12.000000000000000	-0.381712715341343	-1.201789368745363	-0.015808657296509
12.000000000000000	-0.300899798452749	-1.224690091670979	-0.013225925724348
12.000000000000000	-0.218796240698755	-1.242410620965352	-0.010586665250616
12.000000000000000	-0.135732644128496	-1.254879602311363	-0.007901503245730
12.000000000000000	-0.052043476528582	-1.262046827521981	-0.005181251909373
12.000000000000000	0.031934275360632	-1.263883436710910	-0.002436864733580
12.000000000000000	0.115862462771714	-1.260382034501167	0.000320607603106
12.000000000000000	0.199403136515887	-1.251556719803652	0.003080061732817
12.000000000000000	0.282219907785147	-1.237443029045812	0.005830386307707
12.000000000000000	0.363979302671254	-1.218097793078990	0.008560506741421
12.000000000000000	0.444352104947471	-1.193598908340643	0.011259429802552
12.000000000000000	0.523014681706112	-1.164045023192884	0.013916287880501
12.000000000000000	0.599650286514036	-1.129555140700344	0.016520382745510
12.000000000000000	0.673950334838740	-1.090268139446831	0.019061228626655
12.000000000000000	0.745615646609361	-1.046342214320290	0.021528594434350
12.000000000000000	0.814357650909222	-0.997954239517825	0.023912544957329
12.000000000000000	0.879899547949071	-0.945299056335730	0.026203480868235
12.000000000000000	0.941977423642131	-0.888588688612362	0.028392177376727
12.000000000000000	1.000341312292988	-0.828051488982972	0.030469821374453
12.000000000000000	1.054756203121214	-0.763931219384239	0.032428046922324
12.000000000000000	1.105002986566841	-0.696486069510989	0.034258968937204
12.000000000000000	1.150879336567222	-0.625987617177414	0.035955214942350
12.000000000000000	1.192200525252678	-0.552719734769074	0.037509954753779
12.000000000000000	1.228800166780428	-0.476977446188984	0.038916927983007
12.000000000000000	1.260530887311656	-0.399065738900487	0.040170469245422
12.000000000000000	1.287264918433943	-0.319298335850383	0.041265530972790
12.000000000000000	1.308894611639568	-0.237996432217346	0.042197703738029
12.000000000000000	1.325332871788058	-0.155487402072306	0.042963234010419
12.000000000000000	1.336513507807577	-0.072103480158609	0.043559039269742
12.000000000000000	1.342391499223010	0.011819575900033	0.043982720418505
12.000000000000000	1.342943177437527	0.095943837576993	0.044232571442256
12.000000000000000	1.338166321037670	0.179930566161631	0.044307586279107
12.000000000000000	1.328080164738199	0.263441576740530	0.044207462870786
12.000000000000000	1.312725321930687	0.346140599948778	0.043932604378920
12.000000000000000	1.292163621147723	0.427694636008022	0.043484117561646
12.000000000000000	1.266477857101235	0.507775295599040	0.042863808317087
12.000000000000000	1.235771457297410	0.586060122169627	0.042074174411636
12.000000000000000	1.200168065570624	0.662233890353328	0.041118395422334
12.000000000000000	1.159811044213365	0.735989875270722	0.040000319933836
12.000000000000000	1.114862896706881	0.807031087602262	0.038724450041514
12.000000000000000	1.065504613377012	0.875071469459442	0.037295923223116
12.000000000000000	1.011934942610027	0.939837046238953	0.035720491651950
12.000000000000000	0.954369590563025	1.001067029821710	0.034004499034913
12.000000000000000	0.893040352591365	1.058514868674567	0.032154855068625
12.000000000000000	0.828194179890589	1.111949240626319	0.030179007616520
12.000000000000000	0.760092185111109	1.161154984320447	0.028084912718922
12.000000000000000	0.689008590949728	1.205933965593953	0.025881002556888
12.000000000000000	0.615229625951620	1.246105875293712	0.023576151498782
12.000000000000000	0.539052371969009	1.281508955317789	0.021179640366334
12.000000000000000	0.460783567917396	1.312000649958222	0.018701119064040
12.000000000000000	0.380738374646208	1.337458179922549	0.016150567722406
12.000000000000000	0.299239105897298	1.357779036722679	0.013538256511483
12.000000000000000	0.216613930461257	1.372881395440400	0.010874704286519
12.000000000000000	0.133195550757527	1.382704444207436	0.008170636232239
12.000000000000000	0.049319863159175	1.387208629073388	0.005436940676314
12.000000000000000	-0.034675394543239	1.386375813275524	0.002684625245908
12.000000000000000	-0.118452003092551	1.380209350269126	-0.000075227456155
12.000000000000000	-0.201672623654566	1.368734070224305	-0.002831504477116
12.000000000000000	-0.284002156162479	1.351996180043673	-0.005573107262223
12.000000000000000	-0.365109088646577	1.330063077303453	-0.008288996344690
12.000000000000000	-0.444666832115933	1.303023078867229	-0.010968235797740
12.000000000000000	-0.522355035617004	1.270985065265104	-0.013600037269716
12.000000000000000	-0.597860876173860	1.234078042270236	-0.016173803424968
12.000000000000000	-0.670880318415895	1.192450621438123	-0.018679170615583
12.000000000000000	-0.741119338820956	1.146270421700316	-0.021106050612139
12.000000000000000	-0.808295109644298	1.095723394422146	-0.023444671225442
12.000000000000000	-0.872137137766084	1.041013074642203	-0.025685615655684
12.000000000000000	-0.932388353871713	0.982359761508575	-0.027819860410571
12.000000000000000	-0.988806147579220	0.919999631211931	-0.029838811639744
12.000000000000000	-1.041163344345653	0.854183785987354	-0.031734339739179
12.000000000000000	-1.089249120218781	0.785177243014271	-0.033498812086234
12.000000000000000	-1.132869850750737	0.713257867285807	-0.035125123773528
12.000000000000000	-1.171849890655334	0.638715252744524	-0.036606726217893
12.000000000000000	-1.206032281069638	0.561849556189828	-0.037937653529206
12.000000000000000	-1.235279381571913	0.482970288652476	-0.039112546532929
12.000000000000000	-1.259473424411018	0.402395069102897	-0.040126674349606
12.000000000000000	-1.278516988715576	0.320448345511694	-0.040975953444450
12.000000000000000	-1.292333392773440	0.237460088412183	-0.041656964070294
12.000000000000000	-1.300867002801884	0.153764462225515	-0.042166964037704
12.000000000000000	-1.304083456965207	0.069698479698496	-0.042503899756816
12.000000000000000	-1.301969803737720	-0.014399355127804	-0.042666414506405
12.000000000000000	-1.294534554054970	-0.098190409954346	-0.042653853896936
12.000000000000000	-1.281807647043205	-0.181337287776874	-0.042466268505548
12.000000000000000	-1.263840329465079	-0.263505185464568	-0.042104413672406
12.000000000000000	-1.240704949367025	-0.344363241894089	-0.041569746459209
12.000000000000000	-1.212494664759210	-0.423585870210542	-0.040864419782116
12.000000000000000	-1.179323068501106	-0.500854068850829	-0.039991273742715
12.000000000000000	-1.141323730903136	-0.575856706050355	-0.038953824191937
12.000000000000000	-1.098649661886178	-0.648291772660832	-0.037756248572960
12.000000000000000	-1.051472694864616	-0.717867598234524	-0.036403369100125
12.000000000000000	-0.999982794833829	-0.784304025478199	-0.034900633341579
12.000000000000000	-0.944387293448202	-0.847333538347671	-0.033254092283840
12.000000000000000	-0.884910054169730	-0.906702339240489	-0.031470375966612
12.000000000000000	-0.821790570848864	-0.962171370949305	-0.029556666785952
12.000000000000000	-0.755283003367312	-1.013517279260876	-0.027520670573299
12.000000000000000	-0.685655154225889	-1.060533312324651	-0.025370585566810
12.000000000000000	-0.613187390198371	-1.103030153169498	-0.023115069399946
12.000000000000000	-0.538171513393452	-1.140836682016329	-0.020763204240240
12.000000000000000	-0.460909586270641	-1.173800665317057	-0.018324460218616
12.000000000000000	-0.381712715341343	-1.201789368745363	-0.015808657296509


13.000000000000000	0.212649823189697	1.120114911434533	-0.031262642702426
13.000000000000000	0.137126713509473	1.131986084616711	-0.031013136128846
13.000000000000000	0.061001860534915	1.139037978186234	-0.030631461259493
13.000000000000000	-0.015418207818841	1.141242196656619	-0.030119154964355
13.000000000000000	-0.091825774908522	1.138589864418052	-0.029478280120069
13.000000000000000	-0.167913174429031	1.131091661476333	-0.028711417303439
13.000000000000000	-0.243374029277074	1.118777780448265	-0.027821654400369
13.000000000000000	-0.317904485223615	1.101697804986639	-0.026812574172032
13.000000000000000	-0.391204434427619	1.079920510124370	-0.025688239828361
13.000000000000000	-0.462978723864400	1.053533585341706	-0.024453178666929
13.000000000000000	-0.532938343802686	1.022643281471648	-0.023112363843127
13.000000000000000	-0.600801591544796	0.987373982865338	-0.021671194345018
13.000000000000000	-0.666295205743985	0.947867706540186	-0.020135473253519
13.000000000000000	-0.729155466731433	0.904283530327460	-0.018511384375443
13.000000000000000	-0.789129258422283	0.856796952322004	-0.016805467343489
13.000000000000000	-0.845975087524771	0.805599184213354	-0.015024591283452
13.000000000000000	-0.899464055948484	0.750896381343751	-0.013175927154678
13.000000000000000	-0.949380782496176	0.692908812593338	-0.011266918875137
13.000000000000000	-0.995524270127838	0.631869973435120	-0.009305253347400
13.000000000000000	-1.037708715304833	0.568025645731111	-0.007298829506188
13.000000000000000	-1.075764256155171	0.501632908055517	-0.005255726512156
13.000000000000000	-1.109537656447314	0.432959100530054	-0.003184171219960
13.000000000000000	-1.138892922618396	0.362280748339636	-0.001092505051619
13.000000000000000	-1.163711851372305	0.289882448263047	0.001010849591447
13.000000000000000	-1.183894505642634	0.216055722702169	0.003117423242457
13.000000000000000	-1.199359617003979	0.141097845824153	0.005218733472820
13.000000000000000	-1.210044912911204	0.065310646543269	0.007306319047883
13.000000000000000	-1.215907367448997	-0.011000706837596	0.009371773997336
13.000000000000000	-1.216923374582053	-0.087528935431995	0.011406781463086
13.000000000000000	-1.213088843208239	-0.163965887073541	0.013403147188312
13.000000000000000	-1.204419213632024	-0.240003777135918	0.015352832512843
13.000000000000000	-1.190949395391820	-0.315336427872944	0.017247986742007
13.000000000000000	-1.172733626691592	-0.389660501288291	0.019080978758606
13.000000000000000	-1.149845256002753	-0.462676720570535	0.020844427750732
13.000000000000000	-1.122376446715760	-0.534091075175244	0.022531232931692
13.000000000000000	-1.090437806030666	-0.603616004701678	0.024134602132370
13.000000000000000	-1.054157939580966	-0.670971556797024	0.025648079150894
13.000000000000000	-1.013682933584100	-0.735886514425717	0.027065569749482
13.000000000000000	-0.969175766603816	-0.798099487964715	0.028381366193789
13.000000000000000	-0.920815653293017	-0.857359967727259	0.029590170235935
13.000000000000000	-0.868797322759604	-0.913429332676962	0.030687114448683
13.000000000000000	-0.813330234461090	-0.966081811270504	0.031667781824847
13.000000000000000	-0.754637734785291	-1.015105390559953	0.032528223563024
13.000000000000000	-0.692956157713247	-1.060302669894077	0.033264974968022
13.000000000000000	-0.628533873185701	-1.101491655781097	0.033875069401965
13.000000000000000	-0.561630287005000	-1.138506494712241	0.034356050229896
13.000000000000000	-0.492514796299491	-1.171198140995290	0.034705980711781
13.000000000000000	-0.421465704756362	-1.199434956908975	0.034923451801075
13.000000000000000	-0.348769101990925	-1.223103242761619	0.035007587818456
13.000000000000000	-0.274717711564702	-1.242107694719669	0.034958049977877
13.000000000000000	-0.199609712290962	-1.256371788562592	0.034775037750739
13.000000000000000	-0.123747537573882	-1.265838087818906	0.034459288062687
13.000000000000000	-0.047436657615964	-1.270468475042577	0.034012072326273
13.000000000000000	0.029015650602650	-1.270244305298521	0.033435191321425
13.000000000000000	0.105301540620129	-1.265166481239179	0.032730967944344
13.000000000000000	0.181113836082004	-1.255255449469850	0.031902237854017
13.000000000000000	0.256147267631926	-1.240551118217434	0.030952338054024
13.000000000000000	0.330099702123625	-1.221112696634082	0.029885093455598
13.000000000000000	0.402673359204455	-1.197018456382839	0.028704801476059
13.000000000000000	0.473576010371771	-1.168365416465287	0.027416214734632
13.000000000000000	0.542522155673972	-1.135268952560260	0.026024521915327
13.000000000000000	0.609234173318037	-1.097862332446714	0.024535326873936
13.000000000000000	0.673443437554505	-1.056296179381412	0.022954626073291
13.000000000000000	0.734891400338555	-1.010737865592235	0.021288784437616
13.000000000000000	0.793330632411733	-0.961370838329286	0.019544509723230
13.000000000000000	0.848525819612241	-0.908393881187572	0.017728825508777
13.000000000000000	0.900254710402021	-0.852020313675612	0.015849042913754
13.000000000000000	0.948309010795252	-0.792477132253080	0.013912731159214
13.000000000000000	0.992495223084715	-0.730004096296169	0.011927687089182
13.000000000000000	1.032635424988771	-0.664852762671209	0.009901903775521
13.000000000000000	1.068567986081586	-0.597285472803948	0.007843538332647
13.000000000000000	1.100148218621811	-0.527574296323231	0.005760879071710
13.000000000000000	1.127248960159054	-0.455999935532619	0.003662312126494
13.000000000000000	1.149761085572183	-0.382850595121292	0.001556287685410
13.000000000000000	1.167593946477673	-0.308420821665480	-0.000548714034426
13.000000000000000	1.180675736238655	-0.233010317593367	-0.002644216934035
13.000000000000000	1.188953779104897	-0.156922734389184	-0.004721783162835
13.000000000000000	1.192394742319461	-0.080464449895855	-0.006773047094887
13.000000000000000	1.190984770337948	-0.003943334639559	-0.008789749014317
13.000000000000000	1.184729540619888	0.072332487856217	-0.010763768374279
13.000000000000000	1.173654240767609	0.148055881775357	-0.012687156495526
13.000000000000000	1.157803467104660	0.222921935736653	-0.014552168572943
13.000000000000000	1.137241045102149	0.296629190564305	-0.016351294861139
13.000000000000000	1.112049772376102	0.368880853157641	-0.018077290913542
13.000000000000000	1.082331085290684	0.439385991572172	-0.019723206753227
13.000000000000000	1.048204650509761	0.507860706499853	-0.021282414858024
13.000000000000000	1.009807883141486	0.574029274431391	-0.022748636847209
13.000000000000000	0.967295393416149	0.637625257897511	-0.024115968762323
13.000000000000000	0.920838364125356	0.698392578318601	-0.025378904840338
13.000000000000000	0.870623861329343	0.756086547142774	-0.026532359683411
13.000000000000000	0.816854081107973	0.810474851120299	-0.027571688735995
13.000000000000000	0.759745535388488	0.861338487747073	-0.028492706986819
13.000000000000000	0.699528180128397	0.908472647110403	-0.029291705820456
13.000000000000000	0.636444489363989	0.951687536586242	-0.029965467950602
13.000000000000000	0.570748478852980	0.990809145067096	-0.030511280374962
13.000000000000000	0.502704683242698	1.025679943643340	-0.030926945299542
13.000000000000000	0.432587090882432	1.056159519916539	-0.031210788988399
13.000000000000000	0.360678040569051	1.082125143390617	-0.031361668503177
13.000000000000000	0.287267084668315	1.103472259664249	-0.031378976305323
13.000000000000000	0.212649823189697	1.120114911434533	-0.031262642702426


14.000000000000000	0.978212239305558	-0.282292485748596	-0.046772882190351
14.000000000000000	0.995193239604822	-0.215750816302503	-0.045664441461949
14.000000000000000	1.007915243874511	-0.148267757698202	-0.044360090999638
14.000000000000000	1.016327025093585	-0.080115040394966	-0.042865082962368
14.000000000000000	1.020394711987958	-0.011567091331300	-0.041185437219850
14.000000000000000	1.020101925418172	0.057100071095489	-0.039327917112669
14.000000000000000	1.015449844332407	0.125609948457956	-0.037300002218697
14.000000000000000	1.006457201019272	0.193686675660096	-0.035109858235471
14.000000000000000	0.993160205679491	0.261056131748722	-0.032766304099816
14.000000000000000	0.975612400620207	0.327447043701797	-0.030278776477091
14.000000000000000	0.953884444659004	0.392592078749142	-0.027657291763077
14.000000000000000	0.928063828605792	0.456228920827157	-0.024912405751479
14.000000000000000	0.898254522968191	0.518101326833021	-0.022055171129477
14.000000000000000	0.864576559298995	0.577960158425228	-0.019097092972450
14.000000000000000	0.827165546871473	0.635564385215757	-0.016050082417102
14.000000000000000	0.786172126628687	0.690682055314377	-0.012926408699514
14.000000000000000	0.741761364605581	0.743091229317038	-0.009738649751266
14.000000000000000	0.694112087266322	0.792580873977523	-0.006499641552544
14.000000000000000	0.643416161433239	0.838951711963846	-0.003222426446177
14.000000000000000	0.589877721706851	0.882017024277735	0.000079799379276
14.000000000000000	0.533712348487877	0.921603402106134	0.003393739025916
14.000000000000000	0.475146199911051	0.957551445077295	0.006706048428418
14.000000000000000	0.414415101186136	0.989716403109810	0.010003390085880
14.000000000000000	0.351763595013033	1.017968759270103	0.013272486767222
14.000000000000000	0.287443956894643	1.042194751291412	0.016500174973915
14.000000000000000	0.221715179312453	1.062296829654277	0.019673457944744
14.000000000000000	0.154841928855225	1.078194050384037	0.022779557989176
14.000000000000000	0.087093480500052	1.089822400983635	0.025805967938611
14.000000000000000	0.018742633337068	1.097135058189364	0.028740501508334
14.000000000000000	-0.049935387896208	1.100102576511610	0.031571342367386
14.000000000000000	-0.118664041047747	1.098713006801459	0.034287091718755
14.000000000000000	-0.187166580088660	1.092971944365692	0.036876814198310
14.000000000000000	-0.255167169471773	1.082902506436466	0.039330081907651
14.000000000000000	-0.322391994824023	1.068545239086377	0.041637016403580
14.000000000000000	-0.388570365500302	1.049957953963736	0.043788328475099
14.000000000000000	-0.453435804559138	1.027215495505465	0.045775355547788
14.000000000000000	-0.516727121771295	1.000409439564967	0.047590096564935
14.000000000000000	-0.578189465340636	0.969647724668482	0.049225244204965
14.000000000000000	-0.637575348102357	0.935054217384745	0.050674214305446
14.000000000000000	-0.694645644066455	0.896768213558024	0.051931172375189
14.000000000000000	-0.749170551293687	0.854943877412923	0.052991057087683
14.000000000000000	-0.800930517226876	0.809749620789458	0.053849600661270
14.000000000000000	-0.849717122751566	0.761367425008022	0.054503346043998
14.000000000000000	-0.895333921426238	0.709992108094831	0.054949660833944
14.000000000000000	-0.937597230502793	0.655830540318499	0.055186747878974
14.000000000000000	-0.976336870552153	0.599100811196470	0.055213652513236
14.000000000000000	-1.011396850716752	0.540031351325517	0.055030266401264
14.000000000000000	-1.042635996830669	0.478860012572340	0.054637327974205
14.000000000000000	-1.069928519878167	0.415833110328057	0.054036419456421
14.000000000000000	-1.093164522501656	0.351204431683053	0.053229960494425
14.000000000000000	-1.112250441519578	0.285234213515941	0.052221198413822
14.000000000000000	-1.127109424672301	0.218188094611504	0.051014195143476
14.000000000000000	-1.137681640079055	0.150336046027059	0.049613810859551
14.000000000000000	-1.143924517159795	0.081951284014299	0.048025684415302
14.000000000000000	-1.145812918051902	0.013309169873873	0.046256210635400
14.000000000000000	-1.143339238831481	-0.055313898827382	0.044312514566233
14.000000000000000	-1.136513440131685	-0.123641601211890	0.042202422785855
14.000000000000000	-1.125363007034754	-0.191398805737986	0.039934431889123
14.000000000000000	-1.109932838399293	-0.258312678057526	0.037517674274904
14.000000000000000	-1.090285066068416	-0.324113779623514	0.034961881373131
14.000000000000000	-1.066498804686741	-0.388537152624033	0.032277344459768
14.000000000000000	-1.038669833133637	-0.451323386873836	0.029474873217476
14.000000000000000	-1.006910208855489	-0.512219664367611	0.026565752208831
14.000000000000000	-0.971347816649902	-0.570980777288852	0.023561695437381
14.000000000000000	-0.932125853718764	-0.627370115375193	0.020474799179479
14.000000000000000	-0.889402253063650	-0.681160618664427	0.017317493276856
14.000000000000000	-0.843349047545370	-0.732135691784831	0.014102491086030
14.000000000000000	-0.794151677168356	-0.780090076108282	0.010842738286109
14.000000000000000	-0.742008242379209	-0.824830676254312	0.007551360751109
14.000000000000000	-0.687128706386125	-0.866177337617049	0.004241611696692
14.000000000000000	-0.629734049711157	-0.903963571784231	0.000926818314144
14.000000000000000	-0.570055380379650	-0.938037226927284	-0.002379671893518
14.000000000000000	-0.508333003329788	-0.968261100463029	-0.005664544857233
14.000000000000000	-0.444815452789421	-0.994513491520067	-0.008914573552953
14.000000000000000	-0.379758491516451	-1.016688690985230	-0.012116671262195
14.000000000000000	-0.313424080932476	-1.034697407156867	-0.015257944267647
14.000000000000000	-0.246079326296602	-1.048467125291022	-0.018325743771608
14.000000000000000	-0.177995401166835	-1.057942399592705	-0.021307716828235
14.000000000000000	-0.109446455479874	-1.063085076476540	-0.024191856084499
14.000000000000000	-0.040708511646079	-1.063874448197793	-0.026966548129554
14.000000000000000	0.027941646895360	-1.060307336235146	-0.029620620257844
14.000000000000000	0.096227590185645	-1.052398104089483	-0.032143385457648
14.000000000000000	0.163874354832240	-1.040178599447140	-0.034524685443899
14.000000000000000	0.230609551189420	-1.023698025940514	-0.036754931562018
14.000000000000000	0.296164460175226	-1.003022745022400	-0.038825143398040
14.000000000000000	0.360275115308369	-0.978236008751843	-0.040726984939568
14.000000000000000	0.422683365608083	-0.949437624567482	-0.042452798141958
14.000000000000000	0.483137915077015	-0.916743553398217	-0.043995633764559
14.000000000000000	0.541395334581510	-0.880285442729477	-0.045349279352853
14.000000000000000	0.597221042054817	-0.840210096505262	-0.046508284253817
14.000000000000000	0.650390247076275	-0.796678884000475	-0.047467981563778
14.000000000000000	0.700688856023004	-0.749867090043800	-0.048224506920389
14.000000000000000	0.747914334149356	-0.699963209207572	-0.048774814063048
14.000000000000000	0.791876521122853	-0.647168186806652	-0.049116687099120
14.000000000000000	0.832398396732734	-0.591694609762576	-0.049248749426551
14.000000000000000	0.869316793687861	-0.533765850591048	-0.049170469276958
14.000000000000000	0.902483054633814	-0.473615167959655	-0.048882161856876
14.000000000000000	0.931763630743588	-0.411484767437547	-0.048384988078529
14.000000000000000	0.957040619471587	-0.347624826219088	-0.047680949885248
14.000000000000000	0.978212239305558	-0.282292485748596	-0.046772882190351


15.000000000000000	-1.456544298924334	-0.121911008857722	-0.009590584645185
15.000000000000000	-1.445493411708785	-0.217436015673927	-0.008302840081404
15.000000000000000	-1.428401840071221	-0.312067054538888	-0.006980213057402
15.000000000000000	-1.405338405738265	-0.405423079658531	-0.005628029325393
15.000000000000000	-1.376395977019879	-0.497128179269126	-0.004251733652021
15.000000000000000	-1.341691094861463	-0.586813089301286	-0.002856867894207
15.000000000000000	-1.301363503574597	-0.674116680276041	-0.001449048684048
15.000000000000000	-1.255575588136020	-0.758687411445794	-0.000033944812623
15.000000000000000	-1.204511720320645	-0.840184746324837	0.001382745596229
15.000000000000000	-1.148377516301491	-0.918280523909588	0.002795318030246
15.000000000000000	-1.087399008705924	-0.992660280067132	0.004198084558792
15.000000000000000	-1.021821736462047	-1.063024513771295	0.005585396736156
15.000000000000000	-0.951909756100098	-1.129089893087566	0.006951668345843
15.000000000000000	-0.877944578489996	-1.190590396050804	0.008291397894297
15.000000000000000	-0.800224035296428	-1.247278381841795	0.009599190763477
15.000000000000000	-0.719061079715854	-1.298925587949429	0.010869780933074
15.000000000000000	-0.634782526324436	-1.345324049303271	0.012098052184923
15.000000000000000	-0.547727735111093	-1.386286935675498	0.013279058704204
15.000000000000000	-0.458247244994593	-1.421649303980282	0.014408044994492
15.000000000000000	-0.366701362327055	-1.451268762441390	0.015480465026466
15.000000000000000	-0.273458710067432	-1.475026043953600	0.016492000543159
15.000000000000000	-0.178894743466961	-1.492825486329248	0.017438578448062
15.000000000000000	-0.083390238243378	-1.504595417496089	0.018316387206041
15.000000000000000	0.012670242668501	-1.510288444095438	0.019121892191043
15.000000000000000	0.108899897615992	-1.509881642318499	0.019851849918793
15.000000000000000	0.204911243742278	-1.503376650212448	0.020503321107155
15.000000000000000	0.300317677243115	-1.490799661084600	0.021073682511586
15.000000000000000	0.394735030083902	-1.472201318031204	0.021560637488015
15.000000000000000	0.487783116908765	-1.447656510015565	0.021962225240622
15.000000000000000	0.579087265912802	-1.417264070316626	0.022276828717263
15.000000000000000	0.668279827513206	-1.381146378562232	0.022503181120775
15.000000000000000	0.755001654744370	-1.339448867949564	0.022640371009920
15.000000000000000	0.838903549415963	-1.292339439636983	0.022687845969434
15.000000000000000	0.919647668210792	-1.240007786665324	0.022645414834410
15.000000000000000	0.996908883060606	-1.182664630130973	0.022513248460055
15.000000000000000	1.070376090322067	-1.120540870686384	0.022291879033710
15.000000000000000	1.139753463481328	-1.053886658784648	0.021982197931924
15.000000000000000	1.204761644342987	-0.982970387411902	0.021585452131195
15.000000000000000	1.265138867906947	-0.908077611363510	0.021103239186832
15.000000000000000	1.320642016403680	-0.829509897415679	0.020537500800168
15.000000000000000	1.371047598243681	-0.747583610022493	0.019890515000013
15.000000000000000	1.416152647939216	-0.662628637427911	0.019164886969834
15.000000000000000	1.455775543374707	-0.574987063322243	0.018363538557604
15.000000000000000	1.489756737134891	-0.485011789391865	0.017489696510547
15.000000000000000	1.517959398945943	-0.393065114308684	0.016546879482169
15.000000000000000	1.540269966642707	-0.299517274881252	0.015538883863882
15.000000000000000	1.556598603443442	-0.204744955241817	0.014469768498276
15.000000000000000	1.566879559690842	-0.109129770072267	0.013343838335591
15.000000000000000	1.571071437602700	-0.013056727976496	0.012165627099200
15.000000000000000	1.569157357966161	0.083087318813357	0.010939879029912
15.000000000000000	1.561145028104358	0.178915232154313	0.009671529782580
15.000000000000000	1.547066710841743	0.274041146861211	0.008365686551968
15.000000000000000	1.526979094593079	0.368082024449627	0.007027607507876
15.000000000000000	1.500963065099201	0.460659195496653	0.005662680622348
15.000000000000000	1.469123379728683	0.551399884409019	0.004276401974211
15.000000000000000	1.431588245656895	0.639938710458834	0.002874353618300
15.000000000000000	1.388508803620953	0.725919159042825	0.001462181108502
15.000000000000000	1.340058519329314	0.808995017240806	0.000045570765096
15.000000000000000	1.286432484976594	0.888831767892921	-0.001369773222049
15.000000000000000	1.227846633676158	0.965107936582177	-0.002778151762234
15.000000000000000	1.164536869973682	1.037516386098461	-0.004173893812155
15.000000000000000	1.096758119942808	1.105765553171682	-0.005551379211197
15.000000000000000	1.024783304687823	1.169580622494155	-0.006905061311832
15.000000000000000	0.948902241386697	1.228704633304848	-0.008229489314014
15.000000000000000	0.869420476299595	1.282899514079679	-0.009519330213628
15.000000000000000	0.786658054441929	1.331947041161513	-0.010769390276611
15.000000000000000	0.700948230876038	1.375649717469810	-0.011974635952292
15.000000000000000	0.612636128810675	1.413831567751664	-0.013130214141718
15.000000000000000	0.522077349911650	1.446338847172036	-0.014231471739374
15.000000000000000	0.429636542419434	1.473040660389942	-0.015273974369598
15.000000000000000	0.335685932839388	1.493829488627792	-0.016253524242240
15.000000000000000	0.240603827117012	1.508621622611559	-0.017166177055691
15.000000000000000	0.144773087333413	1.517357499638484	-0.018008257879186
15.000000000000000	0.048579590054836	1.520001943415050	-0.018776375950456
15.000000000000000	-0.047589327456075	1.516544305699511	-0.019467438329130
15.000000000000000	-0.143346426910721	1.506998509178594	-0.020078662350916
15.000000000000000	-0.238306128266471	1.491402991405761	-0.020607586832405
15.000000000000000	-0.332086062321400	1.469820550026742	-0.021052081981392
15.000000000000000	-0.424308610380113	1.442338089915581	-0.021410357972792
15.000000000000000	-0.514602424790950	1.409066273239384	-0.021680972155640
15.000000000000000	-0.602603924231918	1.370139073860825	-0.021862834862134
15.000000000000000	-0.687958757724351	1.325713237872689	-0.021955213795340
15.000000000000000	-0.770323231479229	1.275967652436678	-0.021957736977901
15.000000000000000	-0.849365692830769	1.221102625467949	-0.021870394249850
15.000000000000000	-0.924767865684654	1.161339079065835	-0.021693537309527
15.000000000000000	-0.996226132103529	1.096917659938526	-0.021427878297408
15.000000000000000	-1.063452754869273	1.028097770403710	-0.021074486928574
15.000000000000000	-1.126177036099226	0.955156523866993	-0.020634786185339
15.000000000000000	-1.184146407251021	0.878387628984018	-0.020110546587407
15.000000000000000	-1.237127446126958	0.798100206999377	-0.019503879062612
15.000000000000000	-1.284906816782809	0.714617547024456	-0.018817226446956
15.000000000000000	-1.327292128556375	0.628275804266291	-0.018053353648172
15.000000000000000	-1.364112710756777	0.539422646449188	-0.017215336512418
15.000000000000000	-1.395220299895087	0.448415853879506	-0.016306549438926
15.000000000000000	-1.420489636689076	0.355621878790647	-0.015330651792491
15.000000000000000	-1.439818970438130	0.261414369769235	-0.014291573168497
15.000000000000000	-1.453130468737408	0.166172667204147	-0.013193497569827
15.000000000000000	-1.460370530881469	0.070280275816649	-0.012040846559358
15.000000000000000	-1.461510003695396	-0.025876679577766	-0.010838261455889
15.000000000000000	-1.456544298924334	-0.121911008857722	-0.009590584645185


16.000000000000000	nan	nan	nan
16.000000000000000	nan	nan	nan
16.000000000000000	nan	nan	nan
16.000000000000000	nan	nan	nan
16.000000000000000	nan	nan	nan
16.000000000000000	nan	nan	nan
16.000000000000000	nan	nan	nan
16.000000000000000	nan	nan	nan
16.000000000000000	nan	nan	nan
16.000000000000000	nan	nan	nan
16.000000000000000	nan	nan	nan
16.000000000000000	nan	nan	nan
16.000000000000000	nan	nan	nan
16.000000000000000	nan	nan	nan
16.000000000000000	nan	nan	nan
16.000000000000000	nan	nan	nan
16.000000000000000	nan	nan	nan
16.000000000000000	nan	nan	nan
16.000000000000000	nan	nan	nan
16.000000000000000	nan	nan	nan
16.000000000000000	nan	nan	nan
16.000000000000000	nan	nan	nan
16.000000000000000	nan	nan	nan
16.000000000000000	nan	nan	nan
16.000000000000000	nan	nan	nan
16.000000000000000	nan	nan	nan
16.000000000000000	nan	nan	nan
16.000000000000000	nan	nan	nan
16.000000000000000	nan	nan	nan
16.000000000000000	nan	nan	nan
16.000000000000000	nan	nan	nan
16.000000000000000	nan	nan	nan
16.000000000000000	nan	nan	nan
16.000000000000000	nan	nan	nan
16.000000000000000	nan	nan	nan
16.000000000000000	nan	nan	nan
16.000000000000000	nan	nan	nan
16.000000000000000	nan	nan	nan
16.000000000000000	nan	nan	nan
16.000000000000000	nan	nan	nan
16.000000000000000	nan	nan	nan
16.000000000000000	nan	nan	nan
16.000000000000000	nan	nan	nan
16.000000000000000	nan	nan	nan
16.000000000000000	nan	nan	nan
16.000000000000000	nan	nan	nan
16.000000000000000	nan	nan	nan
16.000000000000000	nan	nan	nan
16.000000000000000	nan	nan	nan
16.000000000000000	nan	nan	nan
16.000000000000000	nan	nan	nan
16.000000000000000	nan	nan	nan
16.000000000000000	nan	nan	nan
16.000000000000000	nan	nan	nan
16.000000000000000	nan	nan	nan
16.000000000000000	nan	nan	nan
16.000000000000000	nan	nan	nan
16.000000000000000	nan	nan	nan
16.000000000000000	nan	nan	nan
16.000000000000000	nan	nan	nan
16.000000000000000	nan	nan	nan
16.000000000000000	nan	nan	nan
16.000000000000000	nan	nan	nan
16.000000000000000	nan	nan	nan
16.000000000000000	nan	nan	nan
16.000000000000000	nan	nan	nan
16.000000000000000	nan	nan	nan
16.000000000000000	nan	nan	nan
16.000000000000000	nan	nan	nan
16.000000000000000	nan	nan	nan
16.000000000000000	nan	nan	nan
16.000000000000000	nan	nan	nan
16.000000000000000	nan	nan	nan
16.000000000000000	nan	nan	nan
16.000000000000000	nan	nan	nan
16.000000000000000	nan	nan	nan
16.000000000000000	nan	nan	nan
16.000000000000000	nan	nan	nan
16.000000000000000	nan	nan	nan
16.000000000000000	nan	nan	nan
16.000000000000000	nan	nan	nan
16.000000000000000	nan	nan	nan
16.000000000000000	nan	nan	nan
16.000000000000000	nan	nan	nan
16.000000000000000	nan	nan	nan
16.000000000000000	nan	nan	nan
16.000000000000000	nan	nan	nan
16.000000000000000	nan	nan	nan
16.000000000000000	nan	nan	nan
16.000000000000000	nan	nan	nan
16.000000000000000	nan	nan	nan
16.000000000000000	nan	nan	nan
16.000000000000000	nan	nan	nan
16.000000000000000	nan	nan	nan
16.000000000000000	nan	nan	nan
16.000000000000000	nan	nan	nan
16.000000000000000	nan	nan	nan
16.000000000000000	nan	nan	nan
16.000000000000000	nan	nan	nan
16.000000000000000	nan	nan	nan


