# n	x	y	z
1.000000000000000	0.090802603765041	0.683348595722103	0.014052240984167
1.000000000000000	0.036219257776128	0.688881123206392	0.009789631674580
1.000000000000000	-0.018616284324409	0.690839387008359	0.005471144070407
1.000000000000000	-0.073483219162396	0.689215501890832	0.001114167197044
1.000000000000000	-0.128160616956182	0.684016006666038	-0.003263754937405
1.000000000000000	-0.182428311122898	0.675261837866119	-0.007644993985666
1.000000000000000	-0.236067784811581	0.662988245439102	-0.012011908244423
1.000000000000000	-0.288863050793403	0.647244650809804	-0.016346913691231
1.000000000000000	-0.340601521166015	0.628094447877192	-0.020632554789169
1.000000000000000	-0.391074863369999	0.605614747749532	-0.024851574774126
1.000000000000000	-0.440079839070550	0.579896068245167	-0.028986985141699
1.000000000000000	-0.487419122526522	0.551041969409214	-0.033022134053904
1.000000000000000	-0.532902095151545	0.519168636513811	-0.036940773390255
1.000000000000000	-0.576345613067788	0.484404412221033	-0.040727124173201
1.000000000000000	-0.617574744561722	0.446889279792292	-0.044365940104510
1.000000000000000	-0.656423474472386	0.406774299425145	-0.047842568956723
1.000000000000000	-0.692735372675846	0.364220999987198	-0.051143011572507
1.000000000000000	-0.726364223974096	0.319400728596367	-0.054253978234319
1.000000000000000	-0.757174616852051	0.272493960666506	-0.057162942177408
1.000000000000000	-0.785042488731928	0.223689573196619	-0.059858190030676
1.000000000000000	-0.809855625529458	0.173184084229840	-0.062328868982288
1.000000000000000	-0.831514113500400	0.121180861544643	-0.064565030480118
1.000000000000000	-0.849930741557922	0.067889303764567	-0.066557670291052
1.000000000000000	-0.865031352440872	0.013523997183869	-0.068298764757863
1.000000000000000	-0.876755141318890	-0.041696148295746	-0.069781303107640
1.000000000000000	-0.885054900632003	-0.097548780638039	-0.070999315681701
1.000000000000000	-0.889897210178805	-0.153809001005405	-0.071947897973302
1.000000000000000	-0.891262571687815	-0.210250269347120	-0.072623230376349
1.000000000000000	-0.889145487330130	-0.266645316596165	-0.073022593565611
1.000000000000000	-0.883554481857248	-0.322767059801549	-0.073144379446476
1.000000000000000	-0.874512068274898	-0.378389516511203	-0.072988097630186
1.000000000000000	-0.862054657191112	-0.433288714723558	-0.072554377408457
1.000000000000000	-0.846232410203560	-0.487243594743741	-0.071844965219543
1.000000000000000	-0.827109037916495	-0.540036899312950	-0.070862717615945
1.000000000000000	-0.804761543400644	-0.591456048426754	-0.069611589762085
1.000000000000000	-0.779279912129013	-0.641293995319738	-0.068096619508254
1.000000000000000	-0.750766749637149	-0.689350060169758	-0.066323907104963
1.000000000000000	-0.719336868366865	-0.735430738164751	-0.064300590639393
1.000000000000000	-0.685116825357054	-0.779350478678320	-0.062034817292835
1.000000000000000	-0.648244412643167	-0.820932432416615	-0.059535710534863
1.000000000000000	-0.608868102417315	-0.860009163528023	-0.056813333386349
1.000000000000000	-0.567146449183152	-0.896423323808249	-0.053878647899222
1.000000000000000	-0.523247451312856	-0.930028286285993	-0.050743471016162
1.000000000000000	-0.477347874576973	-0.960688735638021	-0.047420426987935
1.000000000000000	-0.429632540371048	-0.988281213056206	-0.043922896539994
1.000000000000000	-0.380293581505099	-1.012694613372579	-0.040264962993022
1.000000000000000	-0.329529668552601	-1.033830632440622	-0.036461355554369
1.000000000000000	-0.277545209874207	-1.051604162971375	-0.032527390008729
1.000000000000000	-0.224549528537423	-1.065943637230448	-0.028478907046887
1.000000000000000	-0.170756019446499	-1.076791315216027	-0.024332208480843
1.000000000000000	-0.116381290076458	-1.084103517157485	-0.020103991602171
1.000000000000000	-0.061644288271253	-1.087850799398399	-0.015811281947918
1.000000000000000	-0.006765420618069	-1.088018072955765	-0.011471364744778
1.000000000000000	0.048034335052209	-1.084604664278007	-0.007101715307580
1.000000000000000	0.102534319464729	-1.077624317957128	-0.002719928672368
1.000000000000000	0.156515080417692	-1.067105141384092	0.001656351252602
1.000000000000000	0.209759256438913	-1.053089491570280	0.006009502732655
1.000000000000000	0.262052452023755	-1.035633804590759	0.010321997163196
1.000000000000000	0.313184100930155	-1.014808368336117	0.014576469651223
1.000000000000000	0.362948314054565	-0.990697039487944	0.018755788937616
1.000000000000000	0.411144708474701	-0.963396905857569	0.022843126378672
1.000000000000000	0.457579214320849	-0.933017895447709	0.026822023709118
1.000000000000000	0.502064856226739	-0.899682333811202	0.030676459313730
1.000000000000000	0.544422506213343	-0.863524451489179	0.034390912740728
1.000000000000000	0.584481604974036	-0.824689843512053	0.037950427197154
1.000000000000000	0.622080848656717	-0.783334883139714	0.041340669774601
1.000000000000000	0.657068838377494	-0.739626092201605	0.044547989162774
1.000000000000000	0.689304689850555	-0.693739470572090	0.047559470618501
1.000000000000000	0.718658600679461	-0.645859787481073	0.050362987968844
1.000000000000000	0.745012373025584	-0.596179837513526	0.052947252438915
1.000000000000000	0.768259889549086	-0.544899664293738	0.055301858107795
1.000000000000000	0.788307540705992	-0.492225754980251	0.057417323809497
1.000000000000000	0.805074601680787	-0.438370208814939	0.059285131310283
1.000000000000000	0.818493557436756	-0.383549883074233	0.060897759608576
1.000000000000000	0.828510374575207	-0.327985519861395	0.062248715219388
1.000000000000000	0.835084718908894	-0.271900857255990	0.063332558321284
1.000000000000000	0.838190117873562	-0.215521728399598	0.064144924660629
1.000000000000000	0.837814067123610	-0.159075152145460	0.064682543124895
1.000000000000000	0.833958080882684	-0.102788418933684	0.064943248914274
1.000000000000000	0.826637685846429	-0.046888175572863	0.064925992258567
1.000000000000000	0.815882358661968	0.008400487386632	0.064630842644236
1.000000000000000	0.801735407235849	0.062854942012852	0.064058988534607
1.000000000000000	0.784253796348385	0.116255919436377	0.063212732584346
1.000000000000000	0.763507918276594	0.168388392768666	0.062095482367486
1.000000000000000	0.739581309349344	0.219042442939440	0.060711736656323
1.000000000000000	0.712570313576037	0.268014103966695	0.059067067306450
1.000000000000000	0.682583694703289	0.315106184255715	0.057168096820865
1.000000000000000	0.649742198261710	0.360129060620032	0.055022471683482
1.000000000000000	0.614178065366270	0.402901441827072	0.052638831569446
1.000000000000000	0.576034500227999	0.443251098593960	0.050026774556204
1.000000000000000	0.535465093521175	0.481015557094053	0.047196818475440
1.000000000000000	0.492633203927887	0.516042753181704	0.044160358561475
1.000000000000000	0.447711300350280	0.548191644700898	0.040929621566683
1.000000000000000	0.400880267439153	0.577332779412237	0.037517616528674
1.000000000000000	0.352328677235320	0.603348816251422	0.033938082387490
1.000000000000000	0.302252029856549	0.626134997820299	0.030205432663743
1.000000000000000	0.250851966287594	0.645599572207931	0.026334697420455
1.000000000000000	0.198335456443116	0.661664162443159	0.022341462742300
1.000000000000000	0.144913965772882	0.674264082091002	0.018241807975938
1.000000000000000	0.090802603765041	0.683348595722103	0.014052240984167


2.000000000000000	0.531417383229193	-0.132115811660637	0.035855452013491
2.000000000000000	0.540047842529126	-0.093949248210815	0.029127840555223
2.000000000000000	0.546182727089329	-0.055324582223828	0.022261283751506
2.000000000000000	0.549797333894951	-0.016397341597269	0.015283430803081
2.000000000000000	0.550877108200136	0.022675727409985	0.008222379060981
2.000000000000000	0.549417702134857	0.061737291339638	0.001106560888416
2.000000000000000	0.545424992212252	0.100630063060282	-0.006035370826315
2.000000000000000	0.538915055665976	0.139197435107159	-0.013174658044898
2.000000000000000	0.529914105712860	0.177284110285149	-0.020282553377470
2.000000000000000	0.518458386001535	0.214736726995765	-0.027330435838215
2.000000000000000	0.504594024672054	0.251404476770182	-0.034289926091969
2.000000000000000	0.488376848614152	0.287139711521711	-0.041133000727789
2.000000000000000	0.469872158672062	0.321798538072538	-0.047832105099338
2.000000000000000	0.449154466701066	0.355241397560757	-0.054360264277718
2.000000000000000	0.426307195534550	0.387333627394660	-0.060691191669990
2.000000000000000	0.401422343069701	0.417946003491458	-0.066799394866009
2.000000000000000	0.374600111824441	0.446955260617055	-0.072660278287355
2.000000000000000	0.345948505457254	0.474244588731645	-0.078250242225053
2.000000000000000	0.315582893874576	0.499704103342508	-0.083546777867269
2.000000000000000	0.283625548676897	0.523231287970082	-0.088528557934351
2.000000000000000	0.250205150814182	0.544731406945647	-0.093175522556257
2.000000000000000	0.215456272433103	0.564117886878419	-0.097468960046571
2.000000000000000	0.179518835002501	0.581312665256048	-0.101391582247863
2.000000000000000	0.142537545899013	0.596246504774797	-0.104927594144993
2.000000000000000	0.104661315721544	0.608859272133728	-0.108062757466065
2.000000000000000	0.066042658680840	0.619100180170286	-0.110784448014920
2.000000000000000	0.026837078478588	0.626927992362272	-0.113081706504322
2.000000000000000	-0.012797557851102	0.632311188872766	-0.114945282685138
2.000000000000000	-0.052701655616527	0.635228093469386	-0.116367672593826
2.000000000000000	-0.092714535099890	0.635666960806825	-0.117343148768245
2.000000000000000	-0.132675078557808	0.633626023721210	-0.117867783310131
2.000000000000000	-0.172422378985600	0.629113500345850	-0.117939463701349
2.000000000000000	-0.211796388033005	0.622147561019709	-0.117557901310263
2.000000000000000	-0.250638560462401	0.612756255121870	-0.116724632553953
2.000000000000000	-0.288792492554517	0.600977398126579	-0.115443012711602
2.000000000000000	-0.326104551891012	0.586858419333684	-0.113718202413977
2.000000000000000	-0.362424495977995	0.570456170887576	-0.111557146863384
2.000000000000000	-0.397606077219526	0.551836698853678	-0.108968547867795
2.000000000000000	-0.431507631805066	0.531074977274243	-0.105962828801735
2.000000000000000	-0.463992650139641	0.508254606274351	-0.102552092635034
2.000000000000000	-0.494930326519803	0.483467475433712	-0.098750073198436
2.000000000000000	-0.524196085842028	0.456813393779756	-0.094572079882313
2.000000000000000	-0.551672085222694	0.428399687891914	-0.090034935991154
2.000000000000000	-0.577247688509777	0.398340769735353	-0.085156911002051
2.000000000000000	-0.600819911775590	0.366757675964383	-0.079957646999966
2.000000000000000	-0.622293837996712	0.333777580550564	-0.074458079585989
2.000000000000000	-0.641582999251337	0.299533282698007	-0.068680353577057
2.000000000000000	-0.658609724895083	0.264162672107854	-0.062647733836595
2.000000000000000	-0.673305454313260	0.227808173745115	-0.056384511595124
2.000000000000000	-0.685611012990265	0.190616174343602	-0.049915906638044
2.000000000000000	-0.695476850784479	0.152736432958221	-0.043267965754464
2.000000000000000	-0.702863241449188	0.114321477938112	-0.036467457855972
2.000000000000000	-0.707740442596166	0.075525992748822	-0.029541766187679
2.000000000000000	-0.710088815457774	0.036506193116584	-0.022518778065553
2.000000000000000	-0.709898903965340	-0.002580801997278	-0.015426772584043
2.000000000000000	-0.707171472825416	-0.041577603058953	-0.008294306746142
2.000000000000000	-0.701917504440573	-0.080327183714242	-0.001150100474422
2.000000000000000	-0.694158154687142	-0.118673513078270	0.005977079033966
2.000000000000000	-0.683924667727966	-0.156462184016787	0.013058533142634
2.000000000000000	-0.671258250203183	-0.193541034889198	0.020065747335241
2.000000000000000	-0.656209905305632	-0.229760762249790	0.026970506033387
2.000000000000000	-0.638840227408997	-0.264975522040008	0.033745006210786
2.000000000000000	-0.619219158075648	-0.299043516851009	0.040361969346241
2.000000000000000	-0.597425704426656	-0.331827566891773	0.046794751264621
2.000000000000000	-0.573547621008001	-0.363195662363714	0.053017449423552
2.000000000000000	-0.547681056433991	-0.393021495017538	0.059005007213810
2.000000000000000	-0.519930166230721	-0.421184966751993	0.064733314853445
2.000000000000000	-0.490406693438537	-0.447572673206524	0.070179306469362
2.000000000000000	-0.459229518662247	-0.472078360400615	0.075321052975453
2.000000000000000	-0.426524181380885	-0.494603352581067	0.080137850373285
2.000000000000000	-0.392422374444539	-0.515056949554423	0.084610303119797
2.000000000000000	-0.357061413793720	-0.533356791904641	0.088720402226301
2.000000000000000	-0.320583685536540	-0.549429192625394	0.092451597774331
2.000000000000000	-0.283136072610103	-0.563209433831630	0.095788865556315
2.000000000000000	-0.244869363334760	-0.574642027355665	0.098718767572766
2.000000000000000	-0.205937644242770	-0.583680938178438	0.101229506142351
2.000000000000000	-0.166497679626206	-0.590289769796294	0.103310971407002
2.000000000000000	-0.126708280302491	-0.594441910776854	0.104954782040738
2.000000000000000	-0.086729664139279	-0.596120641913861	0.106154318998309
2.000000000000000	-0.046722810913658	-0.595319203549524	0.106904752167757
2.000000000000000	-0.006848814103396	-0.592040822793274	0.107203059819568
2.000000000000000	0.032731767779630	-0.586298700527332	0.107048040774115
2.000000000000000	0.071859557701896	-0.578115958251417	0.106440319238381
2.000000000000000	0.110377001863295	-0.567525544980626	0.105382342292499
2.000000000000000	0.148129004110682	-0.554570104571379	0.103878370036223
2.000000000000000	0.184963550455340	-0.539301804009664	0.101934458435012
2.000000000000000	0.220732321179662	-0.521782123352990	0.099558434934792
2.000000000000000	0.255291288068307	-0.502081608171901	0.096759866943596
2.000000000000000	0.288501294358986	-0.480279585487855	0.093550023306988
2.000000000000000	0.320228615077632	-0.456463844351314	0.089941828932397
2.000000000000000	0.350345495501669	-0.430730282346218	0.085949812745081
2.000000000000000	0.378730665583197	-0.403182519444259	0.081590049185269
2.000000000000000	0.405269828260665	-0.373931480763834	0.076880093482064
2.000000000000000	0.429856119692805	-0.343094949913736	0.071838910964734
2.000000000000000	0.452390539561595	-0.310797094720138	0.066486800696022
2.000000000000000	0.472782349711609	-0.277167967246576	0.060845313734986
2.000000000000000	0.490949439520535	-0.242342980120197	0.054937166358492
2.000000000000000	0.506818656529672	-0.206462361272896	0.048786148590779
2.000000000000000	0.520326101003067	-0.169670589292931	0.042417028409436
2.000000000000000	0.531417383229193	-0.132115811660637	0.035855452013491


3.000000000000000	0.352957724367599	-0.143338570911412	0.007231680698341
3.000000000000000	0.362136185602764	-0.118538206844722	0.006416543101018
3.000000000000000	0.369716191954328	-0.093203570588297	0.005572694584335
3.000000000000000	0.375667221412030	-0.067436675780640	0.004703533028439
3.000000000000000	0.379965311280620	-0.041341276612878	0.003812558240149
3.000000000000000	0.382593154669184	-0.015022450047249	0.002903357860474
3.000000000000000	0.383540170179876	0.011413827290733	0.001979592918447
3.000000000000000	0.382802544515477	0.037861105842746	0.001044983089451
3.000000000000000	0.380383247834198	0.064212891752464	0.000103291717404
3.000000000000000	0.376292021789899	0.090363075678726	-0.000841689338903
3.000000000000000	0.370545340305887	0.116206360060408	-0.001786154974282
3.000000000000000	0.363166343240243	0.141638683112528	-0.002726302158962
3.000000000000000	0.354184743209779	0.166557637846338	-0.003658345252050
3.000000000000000	0.343636705947818	0.190862884426112	-0.004578531244969
3.000000000000000	0.331564704677551	0.214456554202261	-0.005483154873499
3.000000000000000	0.318017349087354	0.237243643793834	-0.006368573537569
3.000000000000000	0.303049189596735	0.259132397633607	-0.007231221968722
3.000000000000000	0.286720497701045	0.280034677435367	-0.008067626586192
3.000000000000000	0.269097023279436	0.299866317095681	-0.008874419483789
3.000000000000000	0.250249729843309	0.318547461601091	-0.009648351991266
3.000000000000000	0.230254508791296	0.336002888576067	-0.010386307755570
3.000000000000000	0.209191873821387	0.352162311176965	-0.011085315289296
3.000000000000000	0.187146636730677	0.366960661112339	-0.011742559935815
3.000000000000000	0.164207565908204	0.380338350649985	-0.012355395202907
3.000000000000000	0.140467028895966	0.392241512555706	-0.012921353419247
3.000000000000000	0.116020620457437	0.402622216997655	-0.013438155670849
3.000000000000000	0.090966777651193	0.411438664542850	-0.013903720977448
3.000000000000000	0.065406383459615	0.418655354468735	-0.014316174671874
3.000000000000000	0.039442360568732	0.424243227712066	-0.014673855948671
3.000000000000000	0.013179256934884	0.428179783879496	-0.014975324551579
3.000000000000000	-0.013277175192992	0.430449171848722	-0.015219366572936
3.000000000000000	-0.039820405100352	0.431042253595359	-0.015404999341655
3.000000000000000	-0.066343552568626	0.429956640988536	-0.015531475380094
3.000000000000000	-0.092739818244138	0.427196705407062	-0.015598285413885
3.000000000000000	-0.118902913681412	0.422773560137422	-0.015605160422603
3.000000000000000	-0.144727489329222	0.416705015624493	-0.015552072723013
3.000000000000000	-0.170109558736058	0.409015507755176	-0.015439236080546
3.000000000000000	-0.194946917266861	0.399735999463695	-0.015267104848535
3.000000000000000	-0.219139553645020	0.388903856054797	-0.015036372138699
3.000000000000000	-0.242590052662479	0.376562694746851	-0.014747967030225
3.000000000000000	-0.265203987436403	0.362762209040708	-0.014403050828693
3.000000000000000	-0.286890299632905	0.347557968621511	-0.014003012389912
3.000000000000000	-0.307561666126818	0.331011195599187	-0.013549462527483
3.000000000000000	-0.327134850621101	0.313188517988617	-0.013044227526625
3.000000000000000	-0.345531038810028	0.294161701422134	-0.012489341790367
3.000000000000000	-0.362676155736584	0.274007360174655	-0.011887039647725
3.000000000000000	-0.378501164066167	0.252806648665037	-0.011239746356848
3.000000000000000	-0.392942342075573	0.230644934675867	-0.010550068339361
3.000000000000000	-0.405941540237880	0.207611455607542	-0.009820782685223
3.000000000000000	-0.417446415370075	0.183798959150748	-0.009054825970366
3.000000000000000	-0.427410641400575	0.159303329824243	-0.008255282432142
3.000000000000000	-0.435794095907967	0.134223202881745	-0.007425371550184
3.000000000000000	-0.442563021679837	0.108659567142578	-0.006568435082703
3.000000000000000	-0.447690162641153	0.082715358345337	-0.005687923610402
3.000000000000000	-0.451154873604855	0.056495044662002	-0.004787382642210
3.000000000000000	-0.452943203402741	0.030104206041479	-0.003870438338765
3.000000000000000	-0.453047951061894	0.003649109076411	-0.002940782911148
3.000000000000000	-0.451468694800461	-0.022763720894884	-0.002002159753649
3.000000000000000	-0.448211793726019	-0.049027928728358	-0.001058348370442
3.000000000000000	-0.443290362229691	-0.075037757728852	-0.000113149156855
3.000000000000000	-0.436724217179124	-0.100688475494990	0.000829631903480
3.000000000000000	-0.428539798122957	-0.125876795639586	0.001766198563983
3.000000000000000	-0.418770060828090	-0.150501293687481	0.002692779601267
3.000000000000000	-0.407454344578440	-0.174462815476097	0.003605644000527
3.000000000000000	-0.394638213769534	-0.197664876414263	0.004501115979015
3.000000000000000	-0.380373274436766	-0.220014049991603	0.005375589787126
3.000000000000000	-0.364716966456107	-0.241420343974123	0.006225544227474
3.000000000000000	-0.347732332253999	-0.261797562771173	0.007047556833515
3.000000000000000	-0.329487762957754	-0.281063654514669	0.007838317650609
3.000000000000000	-0.310056723008619	-0.299141041453008	0.008594642564038
3.000000000000000	-0.289517454346406	-0.315956932329291	0.009313486120317
3.000000000000000	-0.267952661356811	-0.331443615486022	0.009991953790155
3.000000000000000	-0.245449177850043	-0.345538731516057	0.010627313623708
3.000000000000000	-0.222097617411720	-0.358185524361926	0.011217007251173
3.000000000000000	-0.197992008533939	-0.369333069852448	0.011758660184438
3.000000000000000	-0.173229415995727	-0.378936480756387	0.012250091378317
3.000000000000000	-0.147909550017433	-0.386957087527497	0.012689322012838
3.000000000000000	-0.122134364762861	-0.393362594013135	0.013074583461260
3.000000000000000	-0.096007647805841	-0.398127207499466	0.013404324411705
3.000000000000000	-0.069634602214298	-0.401231742569622	0.013677217113747
3.000000000000000	-0.043121422934625	-0.402663698356601	0.013892162724790
3.000000000000000	-0.016574869182121	-0.402417308879849	0.014048295734722
3.000000000000000	0.009898165440693	-0.400493566262828	0.014144987451019
3.000000000000000	0.036191083366884	-0.396900216738082	0.014181848530264
3.000000000000000	0.062198012295885	-0.391651729455899	0.014158730545903
3.000000000000000	0.087814231503882	-0.384769238222142	0.014075726585899
3.000000000000000	0.112936593517210	-0.376280456399877	0.013933170877903
3.000000000000000	0.137463939450821	-0.366219565317440	0.013731637443436
3.000000000000000	0.161297506339416	-0.354627076632292	0.013471937786511
3.000000000000000	0.184341324821043	-0.341549669204869	0.013155117625985
3.000000000000000	0.206502605571849	-0.327040001139294	0.012782452684826
3.000000000000000	0.227692112935935	-0.311156497747770	0.012355443553221
3.000000000000000	0.247824524245851	-0.293963116292470	0.011875809646234
3.000000000000000	0.266818773386862	-0.275529088452219	0.011345482280324
3.000000000000000	0.284598377221579	-0.255928641550953	0.010766596896618
3.000000000000000	0.301091743560558	-0.235240699670488	0.010141484462242
3.000000000000000	0.316232459438786	-0.213548565851097	0.009472662084340
3.000000000000000	0.329959558537240	-0.190939586659568	0.008762822874570
3.000000000000000	0.342217766672745	-0.167504800475406	0.008014825104899
3.000000000000000	0.352957724367598	-0.143338570911412	0.007231680698341


4.000000000000000	-0.965994325760865	0.132484262639678	-0.001371075351745
4.000000000000000	-0.973293564989830	0.062742434779484	-0.002746048190776
4.000000000000000	-0.976119476976241	-0.007328044594683	-0.004109177039218
4.000000000000000	-0.974460682769915	-0.077445026393324	-0.005454973058306
4.000000000000000	-0.968323861749661	-0.147326174278086	-0.006778017202461
4.000000000000000	-0.957733724727775	-0.216690101530553	-0.008072982039875
4.000000000000000	-0.942732914448320	-0.285257504097247	-0.009334653204197
4.000000000000000	-0.923381833879850	-0.352752285248466	-0.010557950390948
4.000000000000000	-0.899758402993971	-0.418902667322380	-0.011737947814112
4.000000000000000	-0.871957745009117	-0.483442286077740	-0.012869894040538
4.000000000000000	-0.840091803362924	-0.546111263248676	-0.013949231122286
4.000000000000000	-0.804288890955517	-0.606657252982745	-0.014971612949873
4.000000000000000	-0.764693173478744	-0.664836457948617	-0.015932922752523
4.000000000000000	-0.721464088911823	-0.720414611021884	-0.016829289674949
4.000000000000000	-0.674775705520870	-0.773167918596081	-0.017657104363920
4.000000000000000	-0.624816020947424	-0.822883961720559	-0.018413033501858
4.000000000000000	-0.571786205208305	-0.869362551436623	-0.019094033228923
4.000000000000000	-0.515899790654950	-0.912416534867815	-0.019697361399570
4.000000000000000	-0.457381812154005	-0.951872548818493	-0.020220588624195
4.000000000000000	-0.396467900951336	-0.987571717846232	-0.020661608051437
4.000000000000000	-0.333403335868172	-1.019370293997156	-0.021018643851715
4.000000000000000	-0.268442055649857	-1.047140235628214	-0.021290258367876
4.000000000000000	-0.201845636444151	-1.070769722985687	-0.021475357904128
4.000000000000000	-0.133882238526404	-1.090163608463867	-0.021573197129968
4.000000000000000	-0.064825526512774	-1.105243799730883	-0.021583382081365
4.000000000000000	0.005046432590598	-1.115949574178963	-0.021505871747116
4.000000000000000	0.075452289065273	-1.122237823432940	-0.021340978233978
4.000000000000000	0.146108543376538	-1.124083226932468	-0.021089365509932
4.000000000000000	0.216730687725965	-1.121478353888978	-0.020752046730611
4.000000000000000	0.287034351663905	-1.114433693206841	-0.020330380159687
4.000000000000000	0.356736447148920	-1.102977611248257	-0.019826063699614
4.000000000000000	0.425556308443412	-1.087156237611918	-0.019241128054784
4.000000000000000	0.493216822255490	-1.067033279385404	-0.018577928554587
4.000000000000000	0.559445543576389	-1.042689764619220	-0.017839135669339
4.000000000000000	0.623975792720364	-1.014223716055438	-0.017027724257237
4.000000000000000	0.686547729149661	-0.981749756424709	-0.016146961585654
4.000000000000000	0.746909397760655	-0.945398646900985	-0.015200394175010
4.000000000000000	0.804817743418125	-0.905316760572420	-0.014191833518182
4.000000000000000	0.860039589652497	-0.861665493048608	-0.013125340732969
4.000000000000000	0.912352577579193	-0.814620612577423	-0.012005210209406
4.000000000000000	0.961546061259374	-0.764371552288327	-0.010835952317769
4.000000000000000	1.007421955896794	-0.711120647412009	-0.009622275246904
4.000000000000000	1.049795535455358	-0.655082320547833	-0.008369066046016
4.000000000000000	1.088496176485677	-0.596482218259701	-0.007081370946245
4.000000000000000	1.123368045165471	-0.535556302476988	-0.005764375041273
4.000000000000000	1.154270724787374	-0.472549900359128	-0.004423381408784
4.000000000000000	1.181079781167458	-0.407716716449733	-0.003063789756842
4.000000000000000	1.203687263697770	-0.341317811097937	-0.001691074681169
4.000000000000000	1.222002140025330	-0.273620549260512	-0.000310763620883
4.000000000000000	1.235950662607288	-0.204897523917551	0.001071585398548
4.000000000000000	1.245476665666251	-0.135425458436746	0.002450406145514
4.000000000000000	1.250541791350045	-0.065484092306057	0.003820146595513
4.000000000000000	1.251125644185244	0.004644945278479	0.005175291287195
4.000000000000000	1.247225873202549	0.074679269434115	0.006510383531176
4.000000000000000	1.238858181403308	0.144336876655655	0.007820047382202
4.000000000000000	1.226056262529070	0.213337280344035	0.009099009286182
4.000000000000000	1.208871665388785	0.281402640226866	0.010342119314931
4.000000000000000	1.187373586289942	0.348258881123143	0.011544371903111
4.000000000000000	1.161648590409457	0.413636796547272	0.012700926003878
4.000000000000000	1.131800263226264	0.477273132708567	0.013807124582065
4.000000000000000	1.097948793419149	0.538911648541354	0.014858513366424
4.000000000000000	1.060230488909360	0.598304147497306	0.015850858785402
4.000000000000000	1.018797227996717	0.655211476945338	0.016780165014239
4.000000000000000	0.973815847799305	0.709404491154852	0.017642690064744
4.000000000000000	0.925467472459280	0.760664973984712	0.018434960852962
4.000000000000000	0.873946783819878	0.808786517562630	0.019153787184054
4.000000000000000	0.819461237510345	0.853575353416818	0.019796274598093
4.000000000000000	0.762230227595336	0.894851132713229	0.020359836025022
4.000000000000000	0.702484203152449	0.932447652456668	0.020842202201881
4.000000000000000	0.640463740335129	0.966213524731585	0.021241430810325
4.000000000000000	0.576418573657404	0.996012786287782	0.021555914297651
4.000000000000000	0.510606590401146	1.021725446016437	0.021784386349853
4.000000000000000	0.443292792194996	1.043247968111945	0.021925926990612
4.000000000000000	0.374748227946346	1.060493688974068	0.021979966285726
4.000000000000000	0.305248902423046	1.073393166171664	0.021946286638025
4.000000000000000	0.235074664879627	1.081894458062848	0.021825023663563
4.000000000000000	0.164508082203116	1.085963332945653	0.021616665645540
4.000000000000000	0.093833301115915	1.085583406897008	0.021322051568155
4.000000000000000	0.023334904017239	1.080756209745021	0.020942367738316
4.000000000000000	-0.046703236929766	1.071501178908892	0.020479143008800
4.000000000000000	-0.115999102851031	1.057855581131293	0.019934242622098
4.000000000000000	-0.184273663752037	1.039874362418346	0.019309860699749
4.000000000000000	-0.251252002073115	1.017629926791449	0.018608511407384
4.000000000000000	-0.316664419685432	0.991211844741837	0.017833018831064
4.000000000000000	-0.380247523870171	0.960726492561825	0.016986505605691
4.000000000000000	-0.441745287908039	0.926296624005028	0.016072380341251
4.000000000000000	-0.500910082008508	0.888060876000316	0.015094323897548
4.000000000000000	-0.557503670427581	0.846173210409835	0.014056274562683
4.000000000000000	-0.611298170759050	0.800802294078928	0.012962412194955
4.000000000000000	-0.662076971536513	0.752130819674276	0.011817141392046
4.000000000000000	-0.709635604451299	0.700354770045015	0.010625073755263
4.000000000000000	-0.753782567674185	0.645682629068966	0.009391009320247
4.000000000000000	-0.794340096965668	0.588334542161649	0.008119917228922
4.000000000000000	-0.831144881469818	0.528541429828389	0.006816915720517
4.000000000000000	-0.864048721309456	0.466544057828947	0.005487251522218
4.000000000000000	-0.892919124334753	0.402592067698778	0.004136278722457
4.000000000000000	-0.917639839622356	0.336942971530679	0.002769437211879
4.000000000000000	-0.938111325576823	0.269861115064481	0.001392230778831
4.000000000000000	-0.954251150749500	0.201616613260049	0.000010204947541
4.000000000000000	-0.965994325760865	0.132484262639678	-0.001371075351745


5.000000000000000	nan	nan	nan
5.000000000000000	nan	nan	nan
5.000000000000000	nan	nan	nan
5.000000000000000	nan	nan	nan
5.000000000000000	nan	nan	nan
5.000000000000000	nan	nan	nan
5.000000000000000	nan	nan	nan
5.000000000000000	nan	nan	nan
5.000000000000000	nan	nan	nan
5.000000000000000	nan	nan	nan
5.000000000000000	nan	nan	nan
5.000000000000000	nan	nan	nan
5.000000000000000	nan	nan	nan
5.000000000000000	nan	nan	nan
5.000000000000000	nan	nan	nan
5.000000000000000	nan	nan	nan
5.000000000000000	nan	nan	nan
5.000000000000000	nan	nan	nan
5.000000000000000	nan	nan	nan
5.000000000000000	nan	nan	nan
5.000000000000000	nan	nan	nan
5.000000000000000	nan	nan	nan
5.000000000000000	nan	nan	nan
5.000000000000000	nan	nan	nan
5.000000000000000	nan	nan	nan
5.000000000000000	nan	nan	nan
5.000000000000000	nan	nan	nan
5.000000000000000	nan	nan	nan
5.000000000000000	nan	nan	nan
5.000000000000000	nan	nan	nan
5.000000000000000	nan	nan	nan
5.000000000000000	nan	nan	nan
5.000000000000000	nan	nan	nan
5.000000000000000	nan	nan	nan
5.000000000000000	nan	nan	nan
5.000000000000000	nan	nan	nan
5.000000000000000	nan	nan	nan
5.000000000000000	nan	nan	nan
5.000000000000000	nan	nan	nan
5.000000000000000	nan	nan	nan
5.000000000000000	nan	nan	nan
5.000000000000000	nan	nan	nan
5.000000000000000	nan	nan	nan
5.000000000000000	nan	nan	nan
5.000000000000000	nan	nan	nan
5.000000000000000	nan	nan	nan
5.000000000000000	nan	nan	nan
5.000000000000000	nan	nan	nan
5.000000000000000	nan	nan	nan
5.000000000000000	nan	nan	nan
5.000000000000000	nan	nan	nan
5.000000000000000	nan	nan	nan
5.000000000000000	nan	nan	nan
5.000000000000000	nan	nan	nan
5.000000000000000	nan	nan	nan
5.000000000000000	nan	nan	nan
5.000000000000000	nan	nan	nan
5.000000000000000	nan	nan	nan
5.000000000000000	nan	nan	nan
5.000000000000000	nan	nan	nan
5.000000000000000	nan	nan	nan
5.000000000000000	nan	nan	nan
5.000000000000000	nan	nan	nan
5.000000000000000	nan	nan	nan
5.000000000000000	nan	nan	nan
5.000000000000000	nan	nan	nan
5.000000000000000	nan	nan	nan
5.000000000000000	nan	nan	nan
5.000000000000000	nan	nan	nan
5.000000000000000	nan	nan	nan
5.000000000000000	nan	nan	nan
5.000000000000000	nan	nan	nan
5.000000000000000	nan	nan	nan
5.000000000000000	nan	nan	nan
5.000000000000000	nan	nan	nan
5.000000000000000	nan	nan	nan
5.000000000000000	nan	nan	nan
5.000000000000000	nan	nan	nan
5.000000000000000	nan	nan	nan
5.000000000000000	nan	nan	nan
5.000000000000000	nan	nan	nan
5.000000000000000	nan	nan	nan
5.000000000000000	nan	nan	nan
5.000000000000000	nan	nan	nan
5.000000000000000	nan	nan	nan
5.000000000000000	nan	nan	nan
5.000000000000000	nan	nan	nan
5.000000000000000	nan	nan	nan
5.000000000000000	nan	nan	nan
5.000000000000000	nan	nan	nan
5.000000000000000	nan	nan	nan
5.000000000000000	nan	nan	nan
5.000000000000000	nan	nan	nan
5.000000000000000	nan	nan	nan
5.000000000000000	nan	nan	nan
5.000000000000000	nan	nan	nan
5.000000000000000	nan	nan	nan
5.000000000000000	nan	nan	nan
5.000000000000000	nan	nan	nan
5.000000000000000	nan	nan	nan


6.000000000000000	nan	nan	nan
6.000000000000000	nan	nan	nan
6.000000000000000	nan	nan	nan
6.000000000000000	nan	nan	nan
6.000000000000000	nan	nan	nan
6.000000000000000	nan	nan	nan
6.000000000000000	nan	nan	nan
6.000000000000000	nan	nan	nan
6.000000000000000	nan	nan	nan
6.000000000000000	nan	nan	nan
6.000000000000000	nan	nan	nan
6.000000000000000	nan	nan	nan
6.000000000000000	nan	nan	nan
6.000000000000000	nan	nan	nan
6.000000000000000	nan	nan	nan
6.000000000000000	nan	nan	nan
6.000000000000000	nan	nan	nan
6.000000000000000	nan	nan	nan
6.000000000000000	nan	nan	nan
6.000000000000000	nan	nan	nan
6.000000000000000	nan	nan	nan
6.000000000000000	nan	nan	nan
6.000000000000000	nan	nan	nan
6.000000000000000	nan	nan	nan
6.000000000000000	nan	nan	nan
6.000000000000000	nan	nan	nan
6.000000000000000	nan	nan	nan
6.000000000000000	nan	nan	nan
6.000000000000000	nan	nan	nan
6.000000000000000	nan	nan	nan
6.000000000000000	nan	nan	nan
6.000000000000000	nan	nan	nan
6.000000000000000	nan	nan	nan
6.000000000000000	nan	nan	nan
6.000000000000000	nan	nan	nan
6.000000000000000	nan	nan	nan
6.000000000000000	nan	nan	nan
6.000000000000000	nan	nan	nan
6.000000000000000	nan	nan	nan
6.000000000000000	nan	nan	nan
6.000000000000000	nan	nan	nan
6.000000000000000	nan	nan	nan
6.000000000000000	nan	nan	nan
6.000000000000000	nan	nan	nan
6.000000000000000	nan	nan	nan
6.000000000000000	nan	nan	nan
6.000000000000000	nan	nan	nan
6.000000000000000	nan	nan	nan
6.000000000000000	nan	nan	nan
6.000000000000000	nan	nan	nan
6.000000000000000	nan	nan	nan
6.000000000000000	nan	nan	nan
6.000000000000000	nan	nan	nan
6.000000000000000	nan	nan	nan
6.000000000000000	nan	nan	nan
6.000000000000000	nan	nan	nan
6.000000000000000	nan	nan	nan
6.000000000000000	nan	nan	nan
6.000000000000000	nan	nan	nan
6.000000000000000	nan	nan	nan
6.000000000000000	nan	nan	nan
6.000000000000000	nan	nan	nan
6.000000000000000	nan	nan	nan
6.000000000000000	nan	nan	nan
6.000000000000000	nan	nan	nan
6.000000000000000	nan	nan	nan
6.000000000000000	nan	nan	nan
6.000000000000000	nan	nan	nan
6.000000000000000	nan	nan	nan
6.000000000000000	nan	nan	nan
6.000000000000000	nan	nan	nan
6.000000000000000	nan	nan	nan
6.000000000000000	nan	nan	nan
6.000000000000000	nan	nan	nan
6.000000000000000	nan	nan	nan
6.000000000000000	nan	nan	nan
6.000000000000000	nan	nan	nan
6.000000000000000	nan	nan	nan
6.000000000000000	nan	nan	nan
6.000000000000000	nan	nan	nan
6.000000000000000	nan	nan	nan
6.000000000000000	nan	nan	nan
6.000000000000000	nan	nan	nan
6.000000000000000	nan	nan	nan
6.000000000000000	nan	nan	nan
6.000000000000000	nan	nan	nan
6.000000000000000	nan	nan	nan
6.000000000000000	nan	nan	nan
6.000000000000000	nan	nan	nan
6.000000000000000	nan	nan	nan
6.000000000000000	nan	nan	nan
6.000000000000000	nan	nan	nan
6.000000000000000	nan	nan	nan
6.000000000000000	nan	nan	nan
6.000000000000000	nan	nan	nan
6.000000000000000	nan	nan	nan
6.000000000000000	nan	nan	nan
6.000000000000000	nan	nan	nan
6.000000000000000	nan	nan	nan
6.000000000000000	nan	nan	nan


7.000000000000000	0.117066096267700	0.556694348486163	-0.026349493534348
7.000000000000000	0.080076358094661	0.563243490344815	-0.026543587776961
7.000000000000000	0.042745176159013	0.567434275600991	-0.026626522778495
7.000000000000000	0.005222869954603	0.569249829441577	-0.026597964588970
7.000000000000000	-0.032339471434749	0.568682841272044	-0.026458028202136
7.000000000000000	-0.069790597717661	0.565735594153638	-0.026207277092434
7.000000000000000	-0.106979706426735	0.560419955610290	-0.025846720946081
7.000000000000000	-0.143757050146862	0.552757329842294	-0.025377811595422
7.000000000000000	-0.179974539495217	0.542778571539141	-0.024802437172915
7.000000000000000	-0.215486339424930	0.530523861638578	-0.024122914508282
7.000000000000000	-0.250149456451353	0.516042545532150	-0.023341979799463
7.000000000000000	-0.283824314436353	0.499392934368728	-0.022462777594902
7.000000000000000	-0.316375316612154	0.480642070256090	-0.021488848131569
7.000000000000000	-0.347671391581668	0.459865456306018	-0.020424113079671
7.000000000000000	-0.377586521096747	0.437146752609911	-0.019272859751470
7.000000000000000	-0.406000247489193	0.412577439369130	-0.018039723837790
7.000000000000000	-0.432798158711271	0.386256448536509	-0.016729670741729
7.000000000000000	-0.457872349032646	0.358289765452300	-0.015347975584729
7.000000000000000	-0.481121853538672	0.328790002078619	-0.013900201965527
7.000000000000000	-0.502453054680472	0.297875943550812	-0.012392179557504
7.000000000000000	-0.521780059239762	0.265672069871647	-0.010829980634652
7.000000000000000	-0.539025044190528	0.232308054674274	-0.009219895620663
7.000000000000000	-0.554118570064883	0.197918243072270	-0.007568407759619
7.000000000000000	-0.566999860561296	0.162641110699288	-0.005882167010255
7.000000000000000	-0.577617047269310	0.126618706116550	-0.004167963268920
7.000000000000000	-0.585927378525322	0.089996078833426	-0.002432699029063
7.000000000000000	-0.591897391558443	0.052920695244259	-0.000683361587327
7.000000000000000	-0.595503047233268	0.015541844833235	0.001073005091828
7.000000000000000	-0.596729826846988	-0.021989960961672	0.002829328739683
7.000000000000000	-0.595572790591083	-0.059523594805143	0.004578537260793
7.000000000000000	-0.592036597442187	-0.096907922000952	0.006313587209814
7.000000000000000	-0.586135486402032	-0.133992409058048	0.008027492152977
7.000000000000000	-0.577893219162018	-0.170627729835790	0.009713350799988
7.000000000000000	-0.567342984423262	-0.206666366827615	0.011364374793090
7.000000000000000	-0.554527264257418	-0.241963205161968	0.012973916041379
7.000000000000000	-0.539497663046366	-0.276376116928677	0.014535493490328
7.000000000000000	-0.522314699689579	-0.309766533477879	0.016042819218698
7.000000000000000	-0.503047563915873	-0.342000003387070	0.017489823757782
7.000000000000000	-0.481773837680796	-0.372946733849529	0.018870680531012
7.000000000000000	-0.458579182771464	-0.402482113304139	0.020179829315528
7.000000000000000	-0.433556995876792	-0.430487213202164	0.021411998631231
7.000000000000000	-0.406808032511976	-0.456849266890540	0.022562226967171
7.000000000000000	-0.378440001311609	-0.481462123683388	0.023625882759807
7.000000000000000	-0.348567130325014	-0.504226676293356	0.024598683042673
7.000000000000000	-0.317309707060210	-0.525051259901690	0.025476710692372
7.000000000000000	-0.284793594128573	-0.543852021260109	0.026256430201454
7.000000000000000	-0.251149722440517	-0.560553256338232	0.026934701914653
7.000000000000000	-0.216513563992937	-0.575087715156997	0.027508794671171
7.000000000000000	-0.181024586371284	-0.587396872580587	0.027976396802102
7.000000000000000	-0.144825691162827	-0.597431163976499	0.028335625438700
7.000000000000000	-0.108062638542396	-0.605150184794820	0.028585034094034
7.000000000000000	-0.070883460347604	-0.610522853263097	0.028723618487475
7.000000000000000	-0.033437864006881	-0.613527535541658	0.028750820588585
7.000000000000000	0.004123370279498	-0.614152132835449	0.028666530864102
7.000000000000000	0.041648996678067	-0.612394130111618	0.028471088718997
7.000000000000000	0.078987912735752	-0.608260606226657	0.028165281129810
7.000000000000000	0.115989767816129	-0.601768205422348	0.027750339475767
7.000000000000000	0.152505568508363	-0.592943070305280	0.027227934580461
7.000000000000000	0.188388278571090	-0.581820736579790	0.026600169984023
7.000000000000000	0.223493410995467	-0.568445989958235	0.025869573472919
7.000000000000000	0.257679609803358	-0.552872685824725	0.025039086901438
7.000000000000000	0.290809219237970	-0.535163532378506	0.024112054345891
7.000000000000000	0.322748838054999	-0.515389838130169	0.023092208639186
7.000000000000000	0.353369856682358	-0.493631224767451	0.021983656340038
7.000000000000000	0.382548975085533	-0.469975306546796	0.020790861197297
7.000000000000000	0.410168699253302	-0.444517337501670	0.019518626176015
7.000000000000000	0.436117814304650	-0.417359827888187	0.018172074117594
7.000000000000000	0.460291832311846	-0.388612131412485	0.016756627111917
7.000000000000000	0.482593413036442	-0.358390004901953	0.015277984664502
7.000000000000000	0.502932755884064	-0.326815142193337	0.013742100746608
7.000000000000000	0.521227961499711	-0.294014684114613	0.012155159820690
7.000000000000000	0.537405361547545	-0.260120706533747	0.010523551937757
7.000000000000000	0.551399815347287	-0.225269688535790	0.008853847006888
7.000000000000000	0.563154972172742	-0.189601962869768	0.007152768340527
7.000000000000000	0.572623498156281	-0.153261150878239	0.005427165582079
7.000000000000000	0.579767266885628	-0.116393584184828	0.003683987124810
7.000000000000000	0.584557512925456	-0.079147715468433	0.001930252133126
7.000000000000000	0.586974947645651	-0.041673520696676	0.000173022278866
7.000000000000000	0.587009836889815	-0.004121895225619	-0.001580626693549
7.000000000000000	0.584662040171273	0.033355953802576	-0.003323633458646
7.000000000000000	0.579941011238772	0.070609116317447	-0.005048979543366
7.000000000000000	0.572865760009565	0.107487586981819	-0.006749717587976
7.000000000000000	0.563464776023187	0.143842869210352	-0.008418999320636
7.000000000000000	0.551775913724131	0.179528573112882	-0.010050103132969
7.000000000000000	0.537846240035365	0.214401004954840	-0.011636461145613
7.000000000000000	0.521731844836442	0.248319745761207	-0.013171685654745
7.000000000000000	0.503497615109352	0.281148216734164	-0.014649594853114
7.000000000000000	0.483216973661550	0.312754229207706	-0.016064237721999
7.000000000000000	0.460971583478219	0.343010516924748	-0.017409917993855
7.000000000000000	0.436851018894255	0.371795248493422	-0.018681217089177
7.000000000000000	0.410952404910035	0.398992517959091	-0.019873015935205
7.000000000000000	0.383380026103320	0.424492811516726	-0.020980515578625
7.000000000000000	0.354244906712065	0.448193448484338	-0.021999256509256
7.000000000000000	0.323664363578999	0.469998994761852	-0.022925136616931
7.000000000000000	0.291761533758107	0.489821647110539	-0.023754427709238
7.000000000000000	0.258664878685173	0.507581586705673	-0.024483790523643
7.000000000000000	0.224507666908917	0.523207300538765	-0.025110288173516
7.000000000000000	0.189427437465587	0.536635869375206	-0.025631397973939
7.000000000000000	0.153565446057804	0.547813221107822	-0.026045021599668
7.000000000000000	0.117066096267700	0.556694348486163	-0.026349493534348


8.000000000000000	nan	nan	nan
8.000000000000000	nan	nan	nan
8.000000000000000	nan	nan	nan
8.000000000000000	nan	nan	nan
8.000000000000000	nan	nan	nan
8.000000000000000	nan	nan	nan
8.000000000000000	nan	nan	nan
8.000000000000000	nan	nan	nan
8.000000000000000	nan	nan	nan
8.000000000000000	nan	nan	nan
8.000000000000000	nan	nan	nan
8.000000000000000	nan	nan	nan
8.000000000000000	nan	nan	nan
8.000000000000000	nan	nan	nan
8.000000000000000	nan	nan	nan
8.000000000000000	nan	nan	nan
8.000000000000000	nan	nan	nan
8.000000000000000	nan	nan	nan
8.000000000000000	nan	nan	nan
8.000000000000000	nan	nan	nan
8.000000000000000	nan	nan	nan
8.000000000000000	nan	nan	nan
8.000000000000000	nan	nan	nan
8.000000000000000	nan	nan	nan
8.000000000000000	nan	nan	nan
8.000000000000000	nan	nan	nan
8.000000000000000	nan	nan	nan
8.000000000000000	nan	nan	nan
8.000000000000000	nan	nan	nan
8.000000000000000	nan	nan	nan
8.000000000000000	nan	nan	nan
8.000000000000000	nan	nan	nan
8.000000000000000	nan	nan	nan
8.000000000000000	nan	nan	nan
8.000000000000000	nan	nan	nan
8.000000000000000	nan	nan	nan
8.000000000000000	nan	nan	nan
8.000000000000000	nan	nan	nan
8.000000000000000	nan	nan	nan
8.000000000000000	nan	nan	nan
8.000000000000000	nan	nan	nan
8.000000000000000	nan	nan	nan
8.000000000000000	nan	nan	nan
8.000000000000000	nan	nan	nan
8.000000000000000	nan	nan	nan
8.000000000000000	nan	nan	nan
8.000000000000000	nan	nan	nan
8.000000000000000	nan	nan	nan
8.000000000000000	nan	nan	nan
8.000000000000000	nan	nan	nan
8.000000000000000	nan	nan	nan
8.000000000000000	nan	nan	nan
8.000000000000000	nan	nan	nan
8.000000000000000	nan	nan	nan
8.000000000000000	nan	nan	nan
8.000000000000000	nan	nan	nan
8.000000000000000	nan	nan	nan
8.000000000000000	nan	nan	nan
8.000000000000000	nan	nan	nan
8.000000000000000	nan	nan	nan
8.000000000000000	nan	nan	nan
8.000000000000000	nan	nan	nan
8.000000000000000	nan	nan	nan
8.000000000000000	nan	nan	nan
8.000000000000000	nan	nan	nan
8.000000000000000	nan	nan	nan
8.000000000000000	nan	nan	nan
8.000000000000000	nan	nan	nan
8.000000000000000	nan	nan	nan
8.000000000000000	nan	nan	nan
8.000000000000000	nan	nan	nan
8.000000000000000	nan	nan	nan
8.000000000000000	nan	nan	nan
8.000000000000000	nan	nan	nan
8.000000000000000	nan	nan	nan
8.000000000000000	nan	nan	nan
8.000000000000000	nan	nan	nan
8.000000000000000	nan	nan	nan
8.000000000000000	nan	nan	nan
8.000000000000000	nan	nan	nan
8.000000000000000	nan	nan	nan
8.000000000000000	nan	nan	nan
8.000000000000000	nan	nan	nan
8.000000000000000	nan	nan	nan
8.000000000000000	nan	nan	nan
8.000000000000000	nan	nan	nan
8.000000000000000	nan	nan	nan
8.000000000000000	nan	nan	nan
8.000000000000000	nan	nan	nan
8.000000000000000	nan	nan	nan
8.000000000000000	nan	nan	nan
8.000000000000000	nan	nan	nan
8.000000000000000	nan	nan	nan
8.000000000000000	nan	nan	nan
8.000000000000000	nan	nan	nan
8.000000000000000	nan	nan	nan
8.000000000000000	nan	nan	nan
8.000000000000000	nan	nan	nan
8.000000000000000	nan	nan	nan
8.000000000000000	nan	nan	nan


9.000000000000000	nan	nan	nan
9.000000000000000	nan	nan	nan
9.000000000000000	nan	nan	nan
9.000000000000000	nan	nan	nan
9.000000000000000	nan	nan	nan
9.000000000000000	nan	nan	nan
9.000000000000000	nan	nan	nan
9.000000000000000	nan	nan	nan
9.000000000000000	nan	nan	nan
9.000000000000000	nan	nan	nan
9.000000000000000	nan	nan	nan
9.000000000000000	nan	nan	nan
9.000000000000000	nan	nan	nan
9.000000000000000	nan	nan	nan
9.000000000000000	nan	nan	nan
9.000000000000000	nan	nan	nan
9.000000000000000	nan	nan	nan
9.000000000000000	nan	nan	nan
9.000000000000000	nan	nan	nan
9.000000000000000	nan	nan	nan
9.000000000000000	nan	nan	nan
9.000000000000000	nan	nan	nan
9.000000000000000	nan	nan	nan
9.000000000000000	nan	nan	nan
9.000000000000000	nan	nan	nan
9.000000000000000	nan	nan	nan
9.000000000000000	nan	nan	nan
9.000000000000000	nan	nan	nan
9.000000000000000	nan	nan	nan
9.000000000000000	nan	nan	nan
9.000000000000000	nan	nan	nan
9.000000000000000	nan	nan	nan
9.000000000000000	nan	nan	nan
9.000000000000000	nan	nan	nan
9.000000000000000	nan	nan	nan
9.000000000000000	nan	nan	nan
9.000000000000000	nan	nan	nan
9.000000000000000	nan	nan	nan
9.000000000000000	nan	nan	nan
9.000000000000000	nan	nan	nan
9.000000000000000	nan	nan	nan
9.000000000000000	nan	nan	nan
9.000000000000000	nan	nan	nan
9.000000000000000	nan	nan	nan
9.000000000000000	nan	nan	nan
9.000000000000000	nan	nan	nan
9.000000000000000	nan	nan	nan
9.000000000000000	nan	nan	nan
9.000000000000000	nan	nan	nan
9.000000000000000	nan	nan	nan
9.000000000000000	nan	nan	nan
9.000000000000000	nan	nan	nan
9.000000000000000	nan	nan	nan
9.000000000000000	nan	nan	nan
9.000000000000000	nan	nan	nan
9.000000000000000	nan	nan	nan
9.000000000000000	nan	nan	nan
9.000000000000000	nan	nan	nan
9.000000000000000	nan	nan	nan
9.000000000000000	nan	nan	nan
9.000000000000000	nan	nan	nan
9.000000000000000	nan	nan	nan
9.000000000000000	nan	nan	nan
9.000000000000000	nan	nan	nan
9.000000000000000	nan	nan	nan
9.000000000000000	nan	nan	nan
9.000000000000000	nan	nan	nan
9.000000000000000	nan	nan	nan
9.000000000000000	nan	nan	nan
9.000000000000000	nan	nan	nan
9.000000000000000	nan	nan	nan
9.000000000000000	nan	nan	nan
9.000000000000000	nan	nan	nan
9.000000000000000	nan	nan	nan
9.000000000000000	nan	nan	nan
9.000000000000000	nan	nan	nan
9.000000000000000	nan	nan	nan
9.000000000000000	nan	nan	nan
9.000000000000000	nan	nan	nan
9.000000000000000	nan	nan	nan
9.000000000000000	nan	nan	nan
9.000000000000000	nan	nan	nan
9.000000000000000	nan	nan	nan
9.000000000000000	nan	nan	nan
9.000000000000000	nan	nan	nan
9.000000000000000	nan	nan	nan
9.000000000000000	nan	nan	nan
9.000000000000000	nan	nan	nan
9.000000000000000	nan	nan	nan
9.000000000000000	nan	nan	nan
9.000000000000000	nan	nan	nan
9.000000000000000	nan	nan	nan
9.000000000000000	nan	nan	nan
9.000000000000000	nan	nan	nan
9.000000000000000	nan	nan	nan
9.000000000000000	nan	nan	nan
9.000000000000000	nan	nan	nan
9.000000000000000	nan	nan	nan
9.000000000000000	nan	nan	nan
9.000000000000000	nan	nan	nan


10.000000000000000	nan	nan	nan
10.000000000000000	nan	nan	nan
10.000000000000000	nan	nan	nan
10.000000000000000	nan	nan	nan
10.000000000000000	nan	nan	nan
10.000000000000000	nan	nan	nan
10.000000000000000	nan	nan	nan
10.000000000000000	nan	nan	nan
10.000000000000000	nan	nan	nan
10.000000000000000	nan	nan	nan
10.000000000000000	nan	nan	nan
10.000000000000000	nan	nan	nan
10.000000000000000	nan	nan	nan
10.000000000000000	nan	nan	nan
10.000000000000000	nan	nan	nan
10.000000000000000	nan	nan	nan
10.000000000000000	nan	nan	nan
10.000000000000000	nan	nan	nan
10.000000000000000	nan	nan	nan
10.000000000000000	nan	nan	nan
10.000000000000000	nan	nan	nan
10.000000000000000	nan	nan	nan
10.000000000000000	nan	nan	nan
10.000000000000000	nan	nan	nan
10.000000000000000	nan	nan	nan
10.000000000000000	nan	nan	nan
10.000000000000000	nan	nan	nan
10.000000000000000	nan	nan	nan
10.000000000000000	nan	nan	nan
10.000000000000000	nan	nan	nan
10.000000000000000	nan	nan	nan
10.000000000000000	nan	nan	nan
10.000000000000000	nan	nan	nan
10.000000000000000	nan	nan	nan
10.000000000000000	nan	nan	nan
10.000000000000000	nan	nan	nan
10.000000000000000	nan	nan	nan
10.000000000000000	nan	nan	nan
10.000000000000000	nan	nan	nan
10.000000000000000	nan	nan	nan
10.000000000000000	nan	nan	nan
10.000000000000000	nan	nan	nan
10.000000000000000	nan	nan	nan
10.000000000000000	nan	nan	nan
10.000000000000000	nan	nan	nan
10.000000000000000	nan	nan	nan
10.000000000000000	nan	nan	nan
10.000000000000000	nan	nan	nan
10.000000000000000	nan	nan	nan
10.000000000000000	nan	nan	nan
10.000000000000000	nan	nan	nan
10.000000000000000	nan	nan	nan
10.000000000000000	nan	nan	nan
10.000000000000000	nan	nan	nan
10.000000000000000	nan	nan	nan
10.000000000000000	nan	nan	nan
10.000000000000000	nan	nan	nan
10.000000000000000	nan	nan	nan
10.000000000000000	nan	nan	nan
10.000000000000000	nan	nan	nan
10.000000000000000	nan	nan	nan
10.000000000000000	nan	nan	nan
10.000000000000000	nan	nan	nan
10.000000000000000	nan	nan	nan
10.000000000000000	nan	nan	nan
10.000000000000000	nan	nan	nan
10.000000000000000	nan	nan	nan
10.000000000000000	nan	nan	nan
10.000000000000000	nan	nan	nan
10.000000000000000	nan	nan	nan
10.000000000000000	nan	nan	nan
10.000000000000000	nan	nan	nan
10.000000000000000	nan	nan	nan
10.000000000000000	nan	nan	nan
10.000000000000000	nan	nan	nan
10.000000000000000	nan	nan	nan
10.000000000000000	nan	nan	nan
10.000000000000000	nan	nan	nan
10.000000000000000	nan	nan	nan
10.000000000000000	nan	nan	nan
10.000000000000000	nan	nan	nan
10.000000000000000	nan	nan	nan
10.000000000000000	nan	nan	nan
10.000000000000000	nan	nan	nan
10.000000000000000	nan	nan	nan
10.000000000000000	nan	nan	nan
10.000000000000000	nan	nan	nan
10.000000000000000	nan	nan	nan
10.000000000000000	nan	nan	nan
10.000000000000000	nan	nan	nan
10.000000000000000	nan	nan	nan
10.000000000000000	nan	nan	nan
10.000000000000000	nan	nan	nan
10.000000000000000	nan	nan	nan
10.000000000000000	nan	nan	nan
10.000000000000000	nan	nan	nan
10.000000000000000	nan	nan	nan
10.000000000000000	nan	nan	nan
10.000000000000000	nan	nan	nan
10.000000000000000	nan	nan	nan


11.000000000000000	-0.557030073614155	-0.395419823254643	-0.042119888220867
11.000000000000000	-0.526823038546535	-0.435077651055290	-0.043343478631846
11.000000000000000	-0.494137607380731	-0.472730103945171	-0.044365540594288
11.000000000000000	-0.459105392811928	-0.508225568785695	-0.045181958625400
11.000000000000000	-0.421867457203794	-0.541421117867854	-0.045789445297920
11.000000000000000	-0.382573744580125	-0.572183084431656	-0.046185554477428
11.000000000000000	-0.341382476853186	-0.600387600894993	-0.046368691172062
11.000000000000000	-0.298459516719912	-0.625921097624674	-0.046338117954989
11.000000000000000	-0.253977699791368	-0.648680760241260	-0.046093957933764
11.000000000000000	-0.208116138644745	-0.668574943616272	-0.045637194254617
11.000000000000000	-0.161059501600228	-0.685523540894789	-0.044969666143673
11.000000000000000	-0.112997269126849	-0.699458306057472	-0.044094061501034
11.000000000000000	-0.064122970871513	-0.710323128723199	-0.043013906077557
11.000000000000000	-0.014633406383415	-0.718074260085766	-0.041733549277899
11.000000000000000	0.035272147328284	-0.722680489074891	-0.040258146646998
11.000000000000000	0.085392738212643	-0.724123268032173	-0.038593639110513
11.000000000000000	0.135526548339920	-0.722396787395971	-0.036746729052817
11.000000000000000	0.185471706551148	-0.717507999094458	-0.034724853328858
11.000000000000000	0.235027101322044	-0.709476588552655	-0.032536153318566
11.000000000000000	0.283993190568131	-0.698334895426178	-0.030189442144395
11.000000000000000	0.332172805130294	-0.684127783380857	-0.027694169183987
11.000000000000000	0.379371942705384	-0.666912459442587	-0.025060382020862
11.000000000000000	0.425400549025028	-0.646758243644824	-0.022298685986348
11.000000000000000	0.470073283137087	-0.623746289901283	-0.019420201455651
11.000000000000000	0.513210263708254	-0.597969259227763	-0.016436519070034
11.000000000000000	0.554637793342698	-0.569530946628943	-0.013359653065391
11.000000000000000	0.594189058000170	-0.538545863152534	-0.010201992895163
11.000000000000000	0.631704798697266	-0.505138774793703	-0.006976253342378
11.000000000000000	0.667033952787146	-0.469444200106447	-0.003695423321712
11.000000000000000	0.700034262235495	-0.431605868544855	-0.000372713577708
11.000000000000000	0.730572846443418	-0.391776141715321	0.002978496510224
11.000000000000000	0.758526737310712	-0.350115399870135	0.006344712801849
11.000000000000000	0.783783374385007	-0.306791396112807	0.009712380732244
11.000000000000000	0.806241058102977	-0.261978580915531	0.013067939891253
11.000000000000000	0.825809359298590	-0.215857399668703	0.016397878626465
11.000000000000000	0.842409483329440	-0.168613566091020	0.019688788449875
11.000000000000000	0.855974587354965	-0.120437314425883	0.022927418029129
11.000000000000000	0.866450049488975	-0.071522633435239	0.026100726545968
11.000000000000000	0.873793688742704	-0.022066485275306	0.029195936206991
11.000000000000000	0.877975934872769	0.027731987600515	0.032200583695331
11.000000000000000	0.878979947450103	0.077672264318015	0.035102570356022
11.000000000000000	0.876801683670415	0.127553253008961	0.037890210913021
11.000000000000000	0.871449914633143	0.177174100537078	0.040552280521683
11.000000000000000	0.862946190023326	0.226335001262741	0.043078059967258
11.000000000000000	0.851324751338631	0.274838001589760	0.045457378827374
11.000000000000000	0.836632394010927	0.322487797054651	0.047680656424749
11.000000000000000	0.818928278977597	0.369092518748774	0.049738940405189
11.000000000000000	0.798283694461323	0.414464505906714	0.051623942785564
11.000000000000000	0.774781768917573	0.458421061549945	0.053328073326588
11.000000000000000	0.748517136305656	0.500785188143085	0.054844470096034
11.000000000000000	0.719595555031161	0.541386300300498	0.056167027099316
11.000000000000000	0.688133482094188	0.580060911673435	0.057290418866167
11.000000000000000	0.654257604158111	0.616653293251860	0.058210121894439
11.000000000000000	0.618104327427100	0.651016100430211	0.058922432864639
11.000000000000000	0.579819228386476	0.683010966312119	0.059424483551896
11.000000000000000	0.539556467617589	0.712509058865065	0.059714252375288
11.000000000000000	0.497478169047565	0.739391599681508	0.059790572538035
11.000000000000000	0.453753767133471	0.763550342257604	0.059653136725780
11.000000000000000	0.408559324609561	0.784888007863677	0.059302498344030
11.000000000000000	0.362076823544782	0.803318677251328	0.058740069289793
11.000000000000000	0.314493432565211	0.818768136619923	0.057968114266365
11.000000000000000	0.266000753192064	0.831174176449374	0.056989741664169
11.000000000000000	0.216794048329986	0.840486841995923	0.055808891044362
11.000000000000000	0.167071456012257	0.846668634442262	0.054430317275618
11.000000000000000	0.117033191568861	0.849694661892034	0.052859571387944
11.000000000000000	0.066880741430019	0.849552739600715	0.051102978220644
11.000000000000000	0.016816051811444	0.846243439039284	0.049167610954425
11.000000000000000	-0.032959284451789	0.839780085593103	0.047061262630192
11.000000000000000	-0.082244839648443	0.830188704905300	0.044792414769224
11.000000000000000	-0.130842158242771	0.817507918080688	0.042370203221081
11.000000000000000	-0.178555555984915	0.801788786172203	0.039804381376763
11.000000000000000	-0.225192907862312	0.783094604576071	0.037105280895248
11.000000000000000	-0.270566421719317	0.761500648163587	0.034283770101542
11.000000000000000	-0.314493394429924	0.737093868175769	0.031351210223778
11.000000000000000	-0.356796947578782	0.709972542101408	0.028319409645554
11.000000000000000	-0.397306739688132	0.680245877948304	0.025200576357744
11.000000000000000	-0.435859652122832	0.648033574501158	0.022007268801226
11.000000000000000	-0.472300445911515	0.613465339336822	0.018752345298471
11.000000000000000	-0.506482386839148	0.576680366537657	0.015448912277619
11.000000000000000	-0.538267836293915	0.537826776206102	0.012110271497521
11.000000000000000	-0.567528805489341	0.497061018037286	0.008749866486244
11.000000000000000	-0.594147470829951	0.454547241351337	0.005381228408736
11.000000000000000	-0.618016648345310	0.410456634121995	0.002017921581594
11.000000000000000	-0.639040225282043	0.364966733663069	-0.001326511145647
11.000000000000000	-0.657133547115965	0.318260711748330	-0.004638602922791
11.000000000000000	-0.672223758425976	0.270526637043427	-0.007905017125233
11.000000000000000	-0.684250096257128	0.221956717819756	-0.011112601055841
11.000000000000000	-0.693164134791594	0.172746527999578	-0.014248438906223
11.000000000000000	-0.698929980342351	0.123094219648869	-0.017299903764129
11.000000000000000	-0.701524415884385	0.073199725088885	-0.020254708457574
11.000000000000000	-0.700936994541459	0.023263951839268	-0.023100955030935
11.000000000000000	-0.697170081651993	-0.026512026365625	-0.025827182653828
11.000000000000000	-0.690238845244685	-0.075927779229685	-0.028422413769819
11.000000000000000	-0.680171194962211	-0.124784326957111	-0.030876198299176
11.000000000000000	-0.667007669678944	-0.172884941473818	-0.033178655717646
11.000000000000000	-0.650801274265214	-0.220035938581959	-0.035320514841844
11.000000000000000	-0.631617266155408	-0.266047457857832	-0.037293151161032
11.000000000000000	-0.609532892579307	-0.310734227152789	-0.039088621564982
11.000000000000000	-0.584637079514760	-0.353916308618799	-0.040699696328078
11.000000000000000	-0.557030073614155	-0.395419823254643	-0.042119888220867


12.000000000000000	-0.907404701883183	-0.706327386021197	0.026495430946424
12.000000000000000	-0.853648368358175	-0.771455520301183	0.011681513593376
12.000000000000000	-0.795760761843095	-0.832937115851440	-0.003199703313817
12.000000000000000	-0.733974975298310	-0.890524607986234	-0.018088298366901
12.000000000000000	-0.668539798279327	-0.943986112199883	-0.032924320448435
12.000000000000000	-0.599718715149064	-0.993106357883825	-0.047648030133779
12.000000000000000	-0.527788844119313	-1.037687555145374	-0.062200140240670
12.000000000000000	-0.453039821393512	-1.077550191237814	-0.076522054557785
12.000000000000000	-0.375772634903976	-1.112533753394870	-0.090556103790999
12.000000000000000	-0.296298412339725	-1.142497375158966	-0.104245777777281
12.000000000000000	-0.214937168345096	-1.167320403600731	-0.117535953031173
12.000000000000000	-0.132016515933709	-1.186902885145764	-0.130373114707611
12.000000000000000	-0.047870347306499	-1.201165968052397	-0.142705572087321
12.000000000000000	0.037162510614340	-1.210052219919832	-0.154483666717100
12.000000000000000	0.122739660521777	-1.213525858948146	-0.165659972366877
12.000000000000000	0.208516513437056	-1.211572898018971	-0.176189485998409
12.000000000000000	0.294147676247895	-1.204201201016683	-0.186029808976628
12.000000000000000	0.379288342484638	-1.191440451163317	-0.195141317793981
12.000000000000000	0.463595680734218	-1.173342031494703	-0.203487323620311
12.000000000000000	0.546730215101253	-1.149978817959125	-0.211034220035826
12.000000000000000	0.628357192157664	-1.121444885971588	-0.217751618352291
12.000000000000000	0.708147928876578	-1.087855131605333	-0.223612469977549
12.000000000000000	0.785781136122869	-1.049344808945898	-0.228593175330657
12.000000000000000	0.860944212371116	-1.006068985470655	-0.232673678869066
12.000000000000000	0.933334502441604	-0.958201917646806	-0.235837549845216
12.000000000000000	1.002660516185923	-0.905936349262095	-0.238072048467354
12.000000000000000	1.068643102214907	-0.849482735313599	-0.239368177198181
12.000000000000000	1.131016571942762	-0.789068394579739	-0.239720716984759
12.000000000000000	1.189529769421221	-0.724936594287785	-0.239128248273793
12.000000000000000	1.243947082655905	-0.657345570562591	-0.237593156727676
12.000000000000000	1.294049392332671	-0.586567488600871	-0.235121623618261
12.000000000000000	1.339634954133750	-0.512887346758000	-0.231723600937069
12.000000000000000	1.380520211090906	-0.436601828960233	-0.227412771322125
12.000000000000000	1.416540532704571	-0.358018110063243	-0.222206492962809
12.000000000000000	1.447550877852755	-0.277452618967394	-0.216125729704550
12.000000000000000	1.473426378820453	-0.195229764470241	-0.209194966634821
12.000000000000000	1.494062844097866	-0.111680628986802	-0.201442111490336
12.000000000000000	1.509377177922834	-0.027141635397519	-0.192898382282437
12.000000000000000	1.519307714878142	0.058046807607934	-0.183598181593191
12.000000000000000	1.523814468196392	0.143541676236303	-0.173578958048324
12.000000000000000	1.522879290772602	0.228998712826504	-0.162881055524829
12.000000000000000	1.516505948236192	0.314073812053716	-0.151547550700411
12.000000000000000	1.504720103788126	0.398424406520078	-0.139624079598907
12.000000000000000	1.487569214864255	0.481710846152690	-0.127158653830128
12.000000000000000	1.465122342040976	0.563597765854582	-0.114201467264051
12.000000000000000	1.437469870952665	0.643755435901592	-0.100804693917819
12.000000000000000	1.404723148340627	0.721861089647590	-0.087022277869390
12.000000000000000	1.367014033699069	0.797600223191847	-0.072909716043772
12.000000000000000	1.324494368323455	0.870667861775233	-0.058523834746498
12.000000000000000	1.277335363899203	0.940769787805942	-0.043922560844143
12.000000000000000	1.225726913092651	1.007623725569887	-0.029164688513284
12.000000000000000	1.169876824920317	1.070960477855371	-0.014309642497098
12.000000000000000	1.110009987975330	1.130525009915254	0.000582761177103
12.000000000000000	1.046367464880441	1.186077476401860	0.015452556055904
12.000000000000000	0.979205521613920	1.237394187139547	0.030239866723531
12.000000000000000	0.908794595616913	1.284268507846084	0.044885149899013
12.000000000000000	0.835418206837311	1.326511692175989	0.059329434195965
12.000000000000000	0.759371816094992	1.363953641735431	0.073514557579543
12.000000000000000	0.680961635365375	1.396443591008439	0.087383401564431
12.000000000000000	0.600503394771873	1.423850714436414	0.100880121210826
12.000000000000000	0.518321071252121	1.446064653206486	0.113950369992294
12.000000000000000	0.434745584017195	1.462995959627499	0.126541518630054
12.000000000000000	0.350113462056742	1.474576457304295	0.138602867012511
12.000000000000000	0.264765489055517	1.480759515659994	0.150085848346705
12.000000000000000	0.179045331177761	1.481520237700869	0.160944224719651
12.000000000000000	0.093298153244851	1.476855560267754	0.171134273282091
12.000000000000000	0.007869228878391	1.466784266370303	0.180614962304978
12.000000000000000	-0.076897449794800	1.451346909554440	0.189348116399767
12.000000000000000	-0.160660557277578	1.430605650607546	0.197298570237232
12.000000000000000	-0.243082809099776	1.404644007258899	0.204434310145830
12.000000000000000	-0.323832319943727	1.373566517883265	0.210726603019466
12.000000000000000	-0.402583940029298	1.337498320561754	0.216150112015563
12.000000000000000	-0.479020564377299	1.296584649194934	0.220682998577587
12.000000000000000	-0.552834409679309	1.250990248697174	0.224307010371208
12.000000000000000	-0.623728253632437	1.200898711627017	0.227007554780004
12.000000000000000	-0.691416631748621	1.146511738924751	0.228773757664781
12.000000000000000	-0.755626986819379	1.088048327733904	0.229598507149894
12.000000000000000	-0.816100766407487	1.025743889577046	0.229478482260255
12.000000000000000	-0.872594463946387	0.959849302436669	0.228414166293734
12.000000000000000	-0.924880599255187	0.890629900558105	0.226409844875083
12.000000000000000	-0.972748634521066	0.818364406042163	0.223473588699243
12.000000000000000	-1.016005822060732	0.743343806529600	0.219617221033500
12.000000000000000	-1.054477980447317	0.665870183496604	0.214856270109364
12.000000000000000	-1.088010195877509	0.586255495879293	0.209209906595859
12.000000000000000	-1.116467445954755	0.504820323925196	0.202700866406003
12.000000000000000	-1.139735143376803	0.421892578329734	0.195355359147317
12.000000000000000	-1.157719597338325	0.337806179855590	0.187202962584980
12.000000000000000	-1.170348390790718	0.252899714751650	0.178276503542612
12.000000000000000	-1.177570672040002	0.167515071385677	0.168611925720237
12.000000000000000	-1.179357359508647	0.081996063580529	0.158248144961695
12.000000000000000	-1.175701258836816	-0.003312953802762	0.147226892554267
12.000000000000000	-1.166617091851517	-0.088068471460480	0.135592547191516
12.000000000000000	-1.152141437287000	-0.171929208836951	0.123391956275949
12.000000000000000	-1.132332583495103	-0.254557488340884	0.110674247281059
12.000000000000000	-1.107270293738635	-0.335620595053852	0.097490629932333
12.000000000000000	-1.077055485012867	-0.414792116455840	0.083894190003759
12.000000000000000	-1.041809821688409	-0.491753256773260	0.069939675560149
12.000000000000000	-1.001675225611730	-0.566194120657006	0.055683276506011
12.000000000000000	-0.956813304635977	-0.637814961021658	0.041182398328628
12.000000000000000	-0.907404701883183	-0.706327386021197	0.026495430946425


13.000000000000000	nan	nan	nan
13.000000000000000	nan	nan	nan
13.000000000000000	nan	nan	nan
13.000000000000000	nan	nan	nan
13.000000000000000	nan	nan	nan
13.000000000000000	nan	nan	nan
13.000000000000000	nan	nan	nan
13.000000000000000	nan	nan	nan
13.000000000000000	nan	nan	nan
13.000000000000000	nan	nan	nan
13.000000000000000	nan	nan	nan
13.000000000000000	nan	nan	nan
13.000000000000000	nan	nan	nan
13.000000000000000	nan	nan	nan
13.000000000000000	nan	nan	nan
13.000000000000000	nan	nan	nan
13.000000000000000	nan	nan	nan
13.000000000000000	nan	nan	nan
13.000000000000000	nan	nan	nan
13.000000000000000	nan	nan	nan
13.000000000000000	nan	nan	nan
13.000000000000000	nan	nan	nan
13.000000000000000	nan	nan	nan
13.000000000000000	nan	nan	nan
13.000000000000000	nan	nan	nan
13.000000000000000	nan	nan	nan
13.000000000000000	nan	nan	nan
13.000000000000000	nan	nan	nan
13.000000000000000	nan	nan	nan
13.000000000000000	nan	nan	nan
13.000000000000000	nan	nan	nan
13.000000000000000	nan	nan	nan
13.000000000000000	nan	nan	nan
13.000000000000000	nan	nan	nan
13.000000000000000	nan	nan	nan
13.000000000000000	nan	nan	nan
13.000000000000000	nan	nan	nan
13.000000000000000	nan	nan	nan
13.000000000000000	nan	nan	nan
13.000000000000000	nan	nan	nan
13.000000000000000	nan	nan	nan
13.000000000000000	nan	nan	nan
13.000000000000000	nan	nan	nan
13.000000000000000	nan	nan	nan
13.000000000000000	nan	nan	nan
13.000000000000000	nan	nan	nan
13.000000000000000	nan	nan	nan
13.000000000000000	nan	nan	nan
13.000000000000000	nan	nan	nan
13.000000000000000	nan	nan	nan
13.000000000000000	nan	nan	nan
13.000000000000000	nan	nan	nan
13.000000000000000	nan	nan	nan
13.000000000000000	nan	nan	nan
13.000000000000000	nan	nan	nan
13.000000000000000	nan	nan	nan
13.000000000000000	nan	nan	nan
13.000000000000000	nan	nan	nan
13.000000000000000	nan	nan	nan
13.000000000000000	nan	nan	nan
13.000000000000000	nan	nan	nan
13.000000000000000	nan	nan	nan
13.000000000000000	nan	nan	nan
13.000000000000000	nan	nan	nan
13.000000000000000	nan	nan	nan
13.000000000000000	nan	nan	nan
13.000000000000000	nan	nan	nan
13.000000000000000	nan	nan	nan
13.000000000000000	nan	nan	nan
13.000000000000000	nan	nan	nan
13.000000000000000	nan	nan	nan
13.000000000000000	nan	nan	nan
13.000000000000000	nan	nan	nan
13.000000000000000	nan	nan	nan
13.000000000000000	nan	nan	nan
13.000000000000000	nan	nan	nan
13.000000000000000	nan	nan	nan
13.000000000000000	nan	nan	nan
13.000000000000000	nan	nan	nan
13.000000000000000	nan	nan	nan
13.000000000000000	nan	nan	nan
13.000000000000000	nan	nan	nan
13.000000000000000	nan	nan	nan
13.000000000000000	nan	nan	nan
13.000000000000000	nan	nan	nan
13.000000000000000	nan	nan	nan
13.000000000000000	nan	nan	nan
13.000000000000000	nan	nan	nan
13.000000000000000	nan	nan	nan
13.000000000000000	nan	nan	nan
13.000000000000000	nan	nan	nan
13.000000000000000	nan	nan	nan
13.000000000000000	nan	nan	nan
13.000000000000000	nan	nan	nan
13.000000000000000	nan	nan	nan
13.000000000000000	nan	nan	nan
13.000000000000000	nan	nan	nan
13.000000000000000	nan	nan	nan
13.000000000000000	nan	nan	nan
13.000000000000000	nan	nan	nan


14.000000000000000	nan	nan	nan
14.000000000000000	nan	nan	nan
14.000000000000000	nan	nan	nan
14.000000000000000	nan	nan	nan
14.000000000000000	nan	nan	nan
14.000000000000000	nan	nan	nan
14.000000000000000	nan	nan	nan
14.000000000000000	nan	nan	nan
14.000000000000000	nan	nan	nan
14.000000000000000	nan	nan	nan
14.000000000000000	nan	nan	nan
14.000000000000000	nan	nan	nan
14.000000000000000	nan	nan	nan
14.000000000000000	nan	nan	nan
14.000000000000000	nan	nan	nan
14.000000000000000	nan	nan	nan
14.000000000000000	nan	nan	nan
14.000000000000000	nan	nan	nan
14.000000000000000	nan	nan	nan
14.000000000000000	nan	nan	nan
14.000000000000000	nan	nan	nan
14.000000000000000	nan	nan	nan
14.000000000000000	nan	nan	nan
14.000000000000000	nan	nan	nan
14.000000000000000	nan	nan	nan
14.000000000000000	nan	nan	nan
14.000000000000000	nan	nan	nan
14.000000000000000	nan	nan	nan
14.000000000000000	nan	nan	nan
14.000000000000000	nan	nan	nan
14.000000000000000	nan	nan	nan
14.000000000000000	nan	nan	nan
14.000000000000000	nan	nan	nan
14.000000000000000	nan	nan	nan
14.000000000000000	nan	nan	nan
14.000000000000000	nan	nan	nan
14.000000000000000	nan	nan	nan
14.000000000000000	nan	nan	nan
14.000000000000000	nan	nan	nan
14.000000000000000	nan	nan	nan
14.000000000000000	nan	nan	nan
14.000000000000000	nan	nan	nan
14.000000000000000	nan	nan	nan
14.000000000000000	nan	nan	nan
14.000000000000000	nan	nan	nan
14.000000000000000	nan	nan	nan
14.000000000000000	nan	nan	nan
14.000000000000000	nan	nan	nan
14.000000000000000	nan	nan	nan
14.000000000000000	nan	nan	nan
14.000000000000000	nan	nan	nan
14.000000000000000	nan	nan	nan
14.000000000000000	nan	nan	nan
14.000000000000000	nan	nan	nan
14.000000000000000	nan	nan	nan
14.000000000000000	nan	nan	nan
14.000000000000000	nan	nan	nan
14.000000000000000	nan	nan	nan
14.000000000000000	nan	nan	nan
14.000000000000000	nan	nan	nan
14.000000000000000	nan	nan	nan
14.000000000000000	nan	nan	nan
14.000000000000000	nan	nan	nan
14.000000000000000	nan	nan	nan
14.000000000000000	nan	nan	nan
14.000000000000000	nan	nan	nan
14.000000000000000	nan	nan	nan
14.000000000000000	nan	nan	nan
14.000000000000000	nan	nan	nan
14.000000000000000	nan	nan	nan
14.000000000000000	nan	nan	nan
14.000000000000000	nan	nan	nan
14.000000000000000	nan	nan	nan
14.000000000000000	nan	nan	nan
14.000000000000000	nan	nan	nan
14.000000000000000	nan	nan	nan
14.000000000000000	nan	nan	nan
14.000000000000000	nan	nan	nan
14.000000000000000	nan	nan	nan
14.000000000000000	nan	nan	nan
14.000000000000000	nan	nan	nan
14.000000000000000	nan	nan	nan
14.000000000000000	nan	nan	nan
14.000000000000000	nan	nan	nan
14.000000000000000	nan	nan	nan
14.000000000000000	nan	nan	nan
14.000000000000000	nan	nan	nan
14.000000000000000	nan	nan	nan
14.000000000000000	nan	nan	nan
14.000000000000000	nan	nan	nan
14.000000000000000	nan	nan	nan
14.000000000000000	nan	nan	nan
14.000000000000000	nan	nan	nan
14.000000000000000	nan	nan	nan
14.000000000000000	nan	nan	nan
14.000000000000000	nan	nan	nan
14.000000000000000	nan	nan	nan
14.000000000000000	nan	nan	nan
14.000000000000000	nan	nan	nan
14.000000000000000	nan	nan	nan


15.000000000000000	0.812560686800690	1.233968964529125	0.006307925750873
15.000000000000000	0.725525189165377	1.287404266790229	0.002360366257888
15.000000000000000	0.635260063840257	1.335187617885318	-0.001599090112087
15.000000000000000	0.542128776626499	1.377126611124370	-0.005554500025715
15.000000000000000	0.446506334347607	1.413052372983716	-0.009489936443312
15.000000000000000	0.348777774829292	1.442820243100124	-0.013389552751410
15.000000000000000	0.249336616488048	1.466310356767017	-0.017237646571484
15.000000000000000	0.148583273771378	1.483428127587350	-0.021018722987881
15.000000000000000	0.046923444830139	1.494104628339638	-0.024717556940378
15.000000000000000	-0.055233522084728	1.498296868523558	-0.028319254530130
15.000000000000000	-0.157476276923120	1.495987967467512	-0.031809312992139
15.000000000000000	-0.259393124197248	1.487187222301143	-0.035173679092774
15.000000000000000	-0.360573680734053	1.471930070519067	-0.038398805717179
15.000000000000000	-0.460610528143410	1.450277947286593	-0.041471706418725
15.000000000000000	-0.559100853348182	1.422318038061996	-0.044380007710850
15.000000000000000	-0.655648070570316	1.388162927531449	-0.047111998890715
15.000000000000000	-0.749863418241799	1.347950146270224	-0.049656679194081
15.000000000000000	-0.841367524410277	1.301841616955610	-0.052003802091493
15.000000000000000	-0.929791934336012	1.250023002361438	-0.054143916547446
15.000000000000000	-1.014780594129080	1.192702957759623	-0.056068405076366
15.000000000000000	-1.095991284452710	1.130112290739023	-0.057769518442184
15.000000000000000	-1.173096998519778	1.062503031824744	-0.059240406861772
15.000000000000000	-1.245787258833716	0.990147419640168	-0.060475147586607
15.000000000000000	-1.313769367371814	0.913336804698099	-0.061468768751582
15.000000000000000	-1.376769584176851	0.832380476235080	-0.062217269394960
15.000000000000000	-1.434534229611287	0.747604416812802	-0.062717635568827
15.000000000000000	-1.486830705835629	0.659349989701375	-0.062967852475203
15.000000000000000	-1.533448433397838	0.567972564329928	-0.062966912578919
15.000000000000000	-1.574199699162456	0.473840085339337	-0.062714819664604
15.000000000000000	-1.608920412165155	0.377331590999027	-0.062212588821451
15.000000000000000	-1.637470764349133	0.278835686953633	-0.061462242355805
15.000000000000000	-1.659735793522813	0.178748981445232	-0.060466801648054
15.000000000000000	-1.675625846272016	0.077474488311926	-0.059230274986592
15.000000000000000	-1.685076938962617	-0.024579995806638	-0.057757641427862
15.000000000000000	-1.688051015380054	-0.127003533522408	-0.056054830747447
15.000000000000000	-1.684536099968276	-0.229383701398754	-0.054128699562961
15.000000000000000	-1.674546346051080	-0.331308250634078	-0.051987003724868
15.000000000000000	-1.658121978841667	-0.432366767042246	-0.049638367086410
15.000000000000000	-1.635329133469913	-0.532152323645654	-0.047092246778393
15.000000000000000	-1.606259588679537	-0.630263119226552	-0.044358895128661
15.000000000000000	-1.571030397267494	-0.726304096238728	-0.041449318379586
15.000000000000000	-1.529783414753678	-0.819888531564821	-0.038375232369822
15.000000000000000	-1.482684728178807	-0.910639593713814	-0.035149015358749
15.000000000000000	-1.429923987330529	-0.998191860188455	-0.031783658183598
15.000000000000000	-1.371713641090665	-1.082192788912678	-0.028292711949932
15.000000000000000	-1.308288081978544	-1.162304137794115	-0.024690233466126
15.000000000000000	-1.239902702335057	-1.238203326705622	-0.020990728641561
15.000000000000000	-1.166832865947831	-1.309584736401598	-0.017209094076450
15.000000000000000	-1.089372799258457	-1.376160939138821	-0.013360557078480
15.000000000000000	-1.007834406616444	-1.437663856046524	-0.009460614347828
15.000000000000000	-0.922546014350493	-1.493845836585391	-0.005524969577407
15.000000000000000	-0.833851048714254	-1.544480655748871	-0.001569470219647
15.000000000000000	-0.742106653030008	-1.589364424991439	0.002389956325607
15.000000000000000	-0.647682249598563	-1.628316413215799	0.006337366845112
15.000000000000000	-0.550958052166031	-1.661179774513236	0.010256866509920
15.000000000000000	-0.452323534937272	-1.687822179726721	0.014132672878244
15.000000000000000	-0.352175864300727	-1.708136349293732	0.017949179445780
15.000000000000000	-0.250918299579553	-1.722040485223181	0.021691018487594
15.000000000000000	-0.148958569248656	-1.729478600467059	0.025343122938521
15.000000000000000	-0.046707229156028	-1.730420744360516	0.028890787062927
15.000000000000000	0.055423990640754	-1.724863123222615	0.032319725669508
15.000000000000000	0.157023843766143	-1.712828115632153	0.035616131632718
15.000000000000000	0.257683223470640	-1.694364182317013	0.038766731489189
15.000000000000000	0.356996809959275	-1.669545671019927	0.041758838885283
15.000000000000000	0.454564702471370	-1.638472517126349	0.044580405660563
15.000000000000000	0.549994029539759	-1.601269841259933	0.047220070361478
15.000000000000000	0.642900530945524	-1.558087445465938	0.049667203989931
15.000000000000000	0.732910104998274	-1.509099210011271	0.051911952802501
15.000000000000000	0.819660314911616	-1.454502393230016	0.053945277987990
15.000000000000000	0.902801848208177	-1.394516837233743	0.055758992063525
15.000000000000000	0.981999923277658	-1.329384082684921	0.057345791842664
15.000000000000000	1.056935637424218	-1.259366396197921	0.058699287842746
15.000000000000000	1.127307250975085	-1.184745714283916	0.059814030013087
15.000000000000000	1.192831402279713	-1.105822508092072	0.060685529680409
15.000000000000000	1.253244248707137	-1.022914573518268	0.061310277623142
15.000000000000000	1.308302529047132	-0.936355751553195	0.061685758201821
15.000000000000000	1.357784543037246	-0.846494584022509	0.061810459488680
15.000000000000000	1.401491044071509	-0.753692910131916	0.061683879355648
15.000000000000000	1.439246041496195	-0.658324409468402	0.061306527496246
15.000000000000000	1.470897509262063	-0.560773097324421	0.060679923373228
15.000000000000000	1.496317998079610	-0.461431778403849	0.059806590100241
15.000000000000000	1.515405148612371	-0.360700465136078	0.058690044282138
15.000000000000000	1.528082103641840	-0.258984766967151	0.057334781854850
15.000000000000000	1.534297817544367	-0.156694257113670	0.055746259981841
15.000000000000000	1.534027261833864	-0.054240823356019	0.053930875080034
15.000000000000000	1.527271525942685	0.047962990488365	0.051895937063701
15.000000000000000	1.514057812834870	0.149505645733325	0.049649639910014
15.000000000000000	1.494439329469406	0.249978265945040	0.047201028664794
15.000000000000000	1.468495072554585	0.348976283343101	0.044559963021305
15.000000000000000	1.436329510456138	0.446101067852182	0.041737077618744
15.000000000000000	1.398072162540001	0.540961532244649	0.038743739220308
15.000000000000000	1.353877077643540	0.633175706910806	0.035592000943248
15.000000000000000	1.303922213775254	0.722372277915689	0.032294553725218
15.000000000000000	1.248408721540681	0.808192082149237	0.028864675222353
15.000000000000000	1.187560134179910	0.890289553549364	0.025316176344828
15.000000000000000	1.121621467478112	0.968334114574535	0.021663345645204
15.000000000000000	1.050858233173454	1.042011507322843	0.017920891783464
15.000000000000000	0.975555369835039	1.111025058937666	0.014103884300433
15.000000000000000	0.896016095515854	1.175096876204555	0.010227692938056
15.000000000000000	0.812560686800690	1.233968964529124	0.006307925750873


16.000000000000000	nan	nan	nan
16.000000000000000	nan	nan	nan
16.000000000000000	nan	nan	nan
16.000000000000000	nan	nan	nan
16.000000000000000	nan	nan	nan
16.000000000000000	nan	nan	nan
16.000000000000000	nan	nan	nan
16.000000000000000	nan	nan	nan
16.000000000000000	nan	nan	nan
16.000000000000000	nan	nan	nan
16.000000000000000	nan	nan	nan
16.000000000000000	nan	nan	nan
16.000000000000000	nan	nan	nan
16.000000000000000	nan	nan	nan
16.000000000000000	nan	nan	nan
16.000000000000000	nan	nan	nan
16.000000000000000	nan	nan	nan
16.000000000000000	nan	nan	nan
16.000000000000000	nan	nan	nan
16.000000000000000	nan	nan	nan
16.000000000000000	nan	nan	nan
16.000000000000000	nan	nan	nan
16.000000000000000	nan	nan	nan
16.000000000000000	nan	nan	nan
16.000000000000000	nan	nan	nan
16.000000000000000	nan	nan	nan
16.000000000000000	nan	nan	nan
16.000000000000000	nan	nan	nan
16.000000000000000	nan	nan	nan
16.000000000000000	nan	nan	nan
16.000000000000000	nan	nan	nan
16.000000000000000	nan	nan	nan
16.000000000000000	nan	nan	nan
16.000000000000000	nan	nan	nan
16.000000000000000	nan	nan	nan
16.000000000000000	nan	nan	nan
16.000000000000000	nan	nan	nan
16.000000000000000	nan	nan	nan
16.000000000000000	nan	nan	nan
16.000000000000000	nan	nan	nan
16.000000000000000	nan	nan	nan
16.000000000000000	nan	nan	nan
16.000000000000000	nan	nan	nan
16.000000000000000	nan	nan	nan
16.000000000000000	nan	nan	nan
16.000000000000000	nan	nan	nan
16.000000000000000	nan	nan	nan
16.000000000000000	nan	nan	nan
16.000000000000000	nan	nan	nan
16.000000000000000	nan	nan	nan
16.000000000000000	nan	nan	nan
16.000000000000000	nan	nan	nan
16.000000000000000	nan	nan	nan
16.000000000000000	nan	nan	nan
16.000000000000000	nan	nan	nan
16.000000000000000	nan	nan	nan
16.000000000000000	nan	nan	nan
16.000000000000000	nan	nan	nan
16.000000000000000	nan	nan	nan
16.000000000000000	nan	nan	nan
16.000000000000000	nan	nan	nan
16.000000000000000	nan	nan	nan
16.000000000000000	nan	nan	nan
16.000000000000000	nan	nan	nan
16.000000000000000	nan	nan	nan
16.000000000000000	nan	nan	nan
16.000000000000000	nan	nan	nan
16.000000000000000	nan	nan	nan
16.000000000000000	nan	nan	nan
16.000000000000000	nan	nan	nan
16.000000000000000	nan	nan	nan
16.000000000000000	nan	nan	nan
16.000000000000000	nan	nan	nan
16.000000000000000	nan	nan	nan
16.000000000000000	nan	nan	nan
16.000000000000000	nan	nan	nan
16.000000000000000	nan	nan	nan
16.000000000000000	nan	nan	nan
16.000000000000000	nan	nan	nan
16.000000000000000	nan	nan	nan
16.000000000000000	nan	nan	nan
16.000000000000000	nan	nan	nan
16.000000000000000	nan	nan	nan
16.000000000000000	nan	nan	nan
16.000000000000000	nan	nan	nan
16.000000000000000	nan	nan	nan
16.000000000000000	nan	nan	nan
16.000000000000000	nan	nan	nan
16.000000000000000	nan	nan	nan
16.000000000000000	nan	nan	nan
16.000000000000000	nan	nan	nan
16.000000000000000	nan	nan	nan
16.000000000000000	nan	nan	nan
16.000000000000000	nan	nan	nan
16.000000000000000	nan	nan	nan
16.000000000000000	nan	nan	nan
16.000000000000000	nan	nan	nan
16.000000000000000	nan	nan	nan
16.000000000000000	nan	nan	nan
16.000000000000000	nan	nan	nan


