# n	x	y	z
1.000000000000000	0.346851683731630	1.029470711762130	-0.007846126095154
1.000000000000000	0.278415361128466	1.050117513520276	-0.009822446607441
1.000000000000000	0.208804827135605	1.066378167604963	-0.011758013718659
1.000000000000000	0.138300378804835	1.078187198101286	-0.013645033583198
1.000000000000000	0.067185912665476	1.085497054211362	-0.015475907838074
1.000000000000000	-0.004252218426736	1.088278301724602	-0.017243264198860
1.000000000000000	-0.075726358331535	1.086519741538895	-0.018939986145268
1.000000000000000	-0.146948705913878	1.080228454755437	-0.020559241576868
1.000000000000000	-0.217632473917533	1.069429774165633	-0.022094510323541
1.000000000000000	-0.287493043756146	1.054167182244892	-0.023539610399909
1.000000000000000	-0.356249111571829	1.034502136064042	-0.024888722898004
1.000000000000000	-0.423623820946515	1.010513819823397	-0.026136415417956
1.000000000000000	-0.489345877705035	0.982298826005933	-0.027277663942353
1.000000000000000	-0.553150642321013	0.949970766433444	-0.028307873066184
1.000000000000000	-0.614781195526835	0.913659814791844	-0.029222894500913
1.000000000000000	-0.673989372836860	0.873512182467669	-0.030019043778173
1.000000000000000	-0.730536763818219	0.829689529806430	-0.030693115085821
1.000000000000000	-0.784195672085479	0.782368315163463	-0.031242394176610
1.000000000000000	-0.834750032153624	0.731739084368408	-0.031664669297507
1.000000000000000	-0.881996279457507	0.678005703464404	-0.031958240095638
1.000000000000000	-0.925744170034504	0.621384537811490	-0.032121924465013
1.000000000000000	-0.965817546569806	0.562103580859662	-0.032155063306450
1.000000000000000	-1.002055047719754	0.500401536099722	-0.032057523181528
1.000000000000000	-1.034310757857018	0.436526855888565	-0.031829696849906
1.000000000000000	-1.062454794621327	0.370736741019231	-0.031472501687810
1.000000000000000	-1.086373831909893	0.303296105064088	-0.030987375994089
1.000000000000000	-1.105971556201630	0.234476507661375	-0.030376273198689
1.000000000000000	-1.121169054377711	0.164555061040385	-0.029641653996882
1.000000000000000	-1.131905131476842	0.093813314188321	-0.028786476440915
1.000000000000000	-1.138136557105777	0.022536119151899	-0.027814184028976
1.000000000000000	-1.139838239512851	-0.048989515961313	-0.026728691839444
1.000000000000000	-1.137003326623609	-0.120475582663240	-0.025534370766247
1.000000000000000	-1.129643233631690	-0.191634231793835	-0.024236029918819
1.000000000000000	-1.117787597033876	-0.262178932588052	-0.022838897257513
1.000000000000000	-1.101484155294371	-0.331825626434105	-0.021348598542444
1.000000000000000	-1.080798556618862	-0.400293870677242	-0.019771134680549
1.000000000000000	-1.055814094612364	-0.467307967863336	-0.018112857562041
1.000000000000000	-1.026631372885265	-0.532598075875227	-0.016380444483600
1.000000000000000	-0.993367899958101	-0.595901294491688	-0.014580871261247
1.000000000000000	-0.956157616096214	-0.656962723993827	-0.012721384141201
1.000000000000000	-0.915150353979578	-0.715536491556289	-0.010809470621799
1.000000000000000	-0.870511235379479	-0.771386741290348	-0.008852829303987
1.000000000000000	-0.822420006271422	-0.824288583952321	-0.006859338891766
1.000000000000000	-0.771070313061524	-0.874029002493186	-0.004837026467438
1.000000000000000	-0.716668922840788	-0.920407709803046	-0.002794035169371
1.000000000000000	-0.659434890807000	-0.963237955196644	-0.000738591402463
1.000000000000000	-0.599598678206767	-1.002347276392446	0.001321028286694
1.000000000000000	-0.537401224349410	-1.037578193957389	0.003376530536540
1.000000000000000	-0.473092976429409	-1.068788845420970	0.005419638564994
1.000000000000000	-0.406932881063943	-1.095853556505351	0.007442125497126
1.000000000000000	-0.339187341606256	-1.118663347171317	0.009435847491884
1.000000000000000	-0.270129145433377	-1.137126370442429	0.011392776534469
1.000000000000000	-0.200036365527634	-1.151168282240383	0.013305032762310
1.000000000000000	-0.129191240774898	-1.160732540742374	0.015164916194498
1.000000000000000	-0.057879039488203	-1.165780634055061	0.016964937736885
1.000000000000000	0.013613089267066	-1.166292235288365	0.018697849338027
1.000000000000000	0.084997271921115	-1.162265284404688	0.020356673174526
1.000000000000000	0.155986069564995	-1.153715996513950	0.021934729748264
1.000000000000000	0.226293635365652	-1.140678796581069	0.023425664782384
1.000000000000000	0.295636865570221	-1.123206180808777	0.024823474807720
1.000000000000000	0.363736539464931	-1.101368505253938	0.026122531336648
1.000000000000000	0.430318443698361	-1.075253702528540	0.027317603527019
1.000000000000000	0.495114476441835	-1.044966927726100	0.028403879244917
1.000000000000000	0.557863726940848	-1.010630134999221	0.029376984441420
1.000000000000000	0.618313526110599	-0.972381586493256	0.030233000765353
1.000000000000000	0.676220463945210	-0.930375295613451	0.030968481341105
1.000000000000000	0.731351369643915	-0.884780406867321	0.031580464647981
1.000000000000000	0.783484250507575	-0.835780514779415	0.032066486445199
1.000000000000000	0.832409185824927	-0.783572924620965	0.032424589694522
1.000000000000000	0.877929172149199	-0.728367857931194	0.032653332440553
1.000000000000000	0.919860916561459	-0.670387606029378	0.032751793616988
1.000000000000000	0.958035574726507	-0.609865634926158	0.032719576755421
1.000000000000000	0.992299430769419	-0.547045645238313	0.032556811581783
1.000000000000000	1.022514516235125	-0.482180590892392	0.032264153493980
1.000000000000000	1.048559165638682	-0.415531660568529	0.031842780922841
1.000000000000000	1.070328506369238	-0.347367225985814	0.031294390586989
1.000000000000000	1.087734880975023	-0.277961761264100	0.030621190660755
1.000000000000000	1.100708200128973	-0.207594737713595	0.029825891882641
1.000000000000000	1.109196224853705	-0.136549498502532	0.028911696640130
1.000000000000000	1.113164776869450	-0.065112117734242	0.027882286074804
1.000000000000000	1.112597876217915	0.006429751472300	0.026741805259686
1.000000000000000	1.107497805607939	0.077788035260058	0.025494846508493
1.000000000000000	1.097885101223833	0.148675399005678	0.024146430884009
1.000000000000000	1.083798470033404	0.218806404314610	0.022701987980040
1.000000000000000	1.065294633928671	0.287898658380777	0.021167334058352
1.000000000000000	1.042448101326811	0.355673951082736	0.019548648628641
1.000000000000000	1.015350867151072	0.421859375237641	0.017852449565829
1.000000000000000	0.984112042399679	0.486188425502155	0.016085566864878
1.000000000000000	0.948857414794358	0.548402071495400	0.014255115138815
1.000000000000000	0.909728942277573	0.608249800822880	0.012368464970693
1.000000000000000	0.866884181398001	0.665490627801476	0.010433213234859
1.000000000000000	0.820495652885911	0.719894063823738	0.008457152507018
1.000000000000000	0.770750146973079	0.771241045454159	0.006448239686283
1.000000000000000	0.717847971254450	0.819324816520310	0.004414563955548
1.000000000000000	0.662002144120150	0.863951760646975	0.002364314209210
1.000000000000000	0.603437537005612	0.904942180880958	0.000305746079373
1.000000000000000	0.542389968913672	0.942131023267291	-0.001752851306663
1.000000000000000	0.479105256854680	0.975368541463252	-0.003803188703793
1.000000000000000	0.413838226028150	1.004520899714042	-0.005837010126972
1.000000000000000	0.346851683731631	1.029470711762130	-0.007846126095154


2.000000000000000	-0.688102840343449	0.057745006597483	-0.018499730311075
2.000000000000000	-0.690452396674226	0.010722689288789	-0.021814786125467
2.000000000000000	-0.689800940353890	-0.036361334234886	-0.025036065138031
2.000000000000000	-0.686151094567114	-0.083317473228826	-0.028150596395115
2.000000000000000	-0.679517555954693	-0.129956651894178	-0.031145838778601
2.000000000000000	-0.669927035435352	-0.176091070719464	-0.034009731504561
2.000000000000000	-0.657418150650307	-0.221534962682932	-0.036730742687783
2.000000000000000	-0.642041270463657	-0.266105341270781	-0.039297915776596
2.000000000000000	-0.623858312144737	-0.309622737299277	-0.041700913671037
2.000000000000000	-0.602942492049137	-0.351911921573807	-0.043930060346710
2.000000000000000	-0.579378030802273	-0.392802610475000	-0.045976379816715
2.000000000000000	-0.553259814172657	-0.432130151630766	-0.047831632274782
2.000000000000000	-0.524693011000393	-0.469736186913282	-0.049488347274062
2.000000000000000	-0.493792649719383	-0.505469290091279	-0.050939853807980
2.000000000000000	-0.460683155178413	-0.539185576570037	-0.052180307172025
2.000000000000000	-0.425497847626212	-0.570749282763859	-0.053204712498309
2.000000000000000	-0.388378405877856	-0.600033312768116	-0.054008944868141
2.000000000000000	-0.349474296824192	-0.626919750129596	-0.054589765921617
2.000000000000000	-0.308942173581414	-0.651300332654445	-0.054944836897352
2.000000000000000	-0.266945244704261	-0.673076888341811	-0.055072728049846
2.000000000000000	-0.223652617002767	-0.692161730687839	-0.054972924406566
2.000000000000000	-0.179238614608824	-0.708478011768280	-0.054645827841560
2.000000000000000	-0.133882077034425	-0.721960031677951	-0.054092755457247
2.000000000000000	-0.087765639048076	-0.732553503081071	-0.053315934280916
2.000000000000000	-0.041074995269038	-0.740215769807200	-0.052318492297269
2.000000000000000	0.006001847559362	-0.744915978612581	-0.051104445853135
2.000000000000000	0.053275327606533	-0.746635203415263	-0.049678683485052
2.000000000000000	0.100555091253204	-0.745366521503757	-0.048046946234865
2.000000000000000	0.147650759578269	-0.741115041412346	-0.046215804532566
2.000000000000000	0.194372694947506	-0.733897882350825	-0.044192631739503
2.000000000000000	0.240532764617398	-0.723744105271484	-0.041985574458446
2.000000000000000	0.285945098279294	-0.710694595850909	-0.039603519730098
2.000000000000000	0.330426836493537	-0.694801899857793	-0.037056059248120
2.000000000000000	0.373798866999891	-0.676130011569673	-0.034353450736762
2.000000000000000	0.415886545939395	-0.654754116090558	-0.031506576646631
2.000000000000000	0.456520401083543	-0.630760286607053	-0.028526900334901
2.000000000000000	0.495536814239137	-0.604245137802016	-0.025426419906421
2.000000000000000	0.532778680080997	-0.575315436821329	-0.022217619901581
2.000000000000000	0.568096038759665	-0.544087673360283	-0.018913421025476
2.000000000000000	0.601346679736781	-0.510687590600690	-0.015527128120782
2.000000000000000	0.632396714416739	-0.475249678887474	-0.012072376593855
2.000000000000000	0.661121115268797	-0.437916634183512	-0.008563077509763
2.000000000000000	0.687404219268824	-0.398838783483362	-0.005013361577331
2.000000000000000	0.711140193633468	-0.358173479499510	-0.001437522249768
2.000000000000000	0.732233461971428	-0.316084467058533	0.002150041830022
2.000000000000000	0.750599089135844	-0.272741223758476	0.005734884807700
2.000000000000000	0.766163123228159	-0.228318277542382	0.009302571785842
2.000000000000000	0.778862893376312	-0.182994503935859	0.012838736948179
2.000000000000000	0.788647262088221	-0.136952405778478	0.016329141405672
2.000000000000000	0.795476831164416	-0.090377378349247	0.019759730531486
2.000000000000000	0.799324100340679	-0.043456962845258	0.023116690554016
2.000000000000000	0.800173578021908	0.003619908780522	0.026386504180069
2.000000000000000	0.798021843661299	0.050663674581546	0.029556005024235
2.000000000000000	0.792877561533681	0.097484905916736	0.032612430625269
2.000000000000000	0.784761445847538	0.143895070212768	0.035543473836022
2.000000000000000	0.773706177336208	0.189707290118199	0.038337332379977
2.000000000000000	0.759756271664096	0.234737095992609	0.040982756374854
2.000000000000000	0.742967900177812	0.278803168700729	0.043469093631911
2.000000000000000	0.723408663723980	0.321728069720612	0.045786332548551
2.000000000000000	0.701157320444490	0.363338955625924	0.047925142421511
2.000000000000000	0.676303468645254	0.403468274065430	0.049876911018314
2.000000000000000	0.648947186015456	0.441954438437166	0.051633779255683
2.000000000000000	0.619198626650018	0.478642478540659	0.053188672845303
2.000000000000000	0.587177577497934	0.513384664587226	0.054535330779479
2.000000000000000	0.553012976022510	0.546041102055698	0.055668330542003
2.000000000000000	0.516842391015706	0.576480294998273	0.056583109942719
2.000000000000000	0.478811468657159	0.604579675528297	0.057275985487844
2.000000000000000	0.439073346048432	0.630226097357876	0.057744167212104
2.000000000000000	0.397788034583948	0.653316291398047	0.057985769912938
2.000000000000000	0.355121775641579	0.673757281586950	0.057999820741542
2.000000000000000	0.311246371187297	0.691466759271615	0.057786263120188
2.000000000000000	0.266338491989289	0.706373414635855	0.057345956970044
2.000000000000000	0.220578966227128	0.718417223839730	0.056680675248571
2.000000000000000	0.174152051360520	0.727549690714362	0.055793096810457
2.000000000000000	0.127244692189541	0.733734042038897	0.054686795620806
2.000000000000000	0.080045768093915	0.736945375613276	0.053366226364047
2.000000000000000	0.032745332482407	0.737170760530618	0.051836706506490
2.000000000000000	-0.014466152485170	0.734409289245407	0.050104394884766
2.000000000000000	-0.061398582821850	0.728672081227866	0.048176266906368
2.000000000000000	-0.107862978195175	0.719982238189768	0.046060086462145
2.000000000000000	-0.153672242884297	0.708374751062004	0.043764374663851
2.000000000000000	-0.198641919148408	0.693896359098445	0.041298375532643
2.000000000000000	-0.242590929972958	0.676605361673471	0.038672018776662
2.000000000000000	-0.285342308202886	0.656571383530962	0.035895879807608
2.000000000000000	-0.326723909126893	0.633875094430031	0.032981137157289
2.000000000000000	-0.366569103643437	0.608607884316373	0.029939527465617
2.000000000000000	-0.404717449217312	0.580871495327211	0.026783298221304
2.000000000000000	-0.441015335925113	0.550777612111620	0.023525158445545
2.000000000000000	-0.475316604988181	0.518447412115860	0.020178227517276
2.000000000000000	-0.507483137302419	0.484011077644570	0.016755982346068
2.000000000000000	-0.537385409595172	0.447607271662578	0.013272203105365
2.000000000000000	-0.564903015969741	0.409382579448077	0.009740917744590
2.000000000000000	-0.589925152737421	0.369490918345447	0.006176345503547
2.000000000000000	-0.612351064584857	0.328092917994434	0.002592839656557
2.000000000000000	-0.632090450280124	0.285355273531288	-0.000995170283110
2.000000000000000	-0.649063826283922	0.241450074366275	-0.004573236665794
2.000000000000000	-0.663202846801730	0.196554111240365	-0.008126951881027
2.000000000000000	-0.674450578988202	0.150848164351319	-0.011642006371899
2.000000000000000	-0.682761732195641	0.104516275415627	-0.015104246254592
2.000000000000000	-0.688102840343449	0.057745006597483	-0.018499730311075


3.000000000000000	0.219518300877933	0.433468568101090	-0.002644131691613
3.000000000000000	0.190632050547403	0.446972871998427	-0.000519794224786
3.000000000000000	0.160945351016454	0.458612524476237	0.001607031847415
3.000000000000000	0.130577740146362	0.468340656762134	0.003727782547046
3.000000000000000	0.099651497588042	0.476118097100887	0.005833918359546
3.000000000000000	0.068291152405052	0.481913528485250	0.007916958619346
3.000000000000000	0.036622981639005	0.485703614758501	0.009968515658514
3.000000000000000	0.004774501836493	0.487473094580903	0.011980328580940
3.000000000000000	-0.027126044415042	0.487214842881740	0.013944296526040
3.000000000000000	-0.058950204874945	0.484929899549455	0.015852511288071
3.000000000000000	-0.090569834881182	0.480627465244391	0.017697289159678
3.000000000000000	-0.121857613343670	0.474324864350977	0.019471201871474
3.000000000000000	-0.152687555421367	0.466047475218548	0.021167106503062
3.000000000000000	-0.182935519818761	0.455828627971685	0.022778174245049
3.000000000000000	-0.212479708659055	0.443709470301575	0.024297917896253
3.000000000000000	-0.241201157921227	0.429738801778773	0.025720217985376
3.000000000000000	-0.268984216466154	0.413972877354561	0.027039347411951
3.000000000000000	-0.295717011722933	0.396475180842110	0.028249994507355
3.000000000000000	-0.321291900160239	0.377316169289572	0.029347284423026
3.000000000000000	-0.345605900728832	0.356572989274417	0.030326798759754
3.000000000000000	-0.368561109529898	0.334329166261388	0.031184593359020
3.000000000000000	-0.390065094039492	0.310674268274941	0.031917214184725
3.000000000000000	-0.410031265301691	0.285703545240418	0.032521711231378
3.000000000000000	-0.428379226591760	0.259517545446218	0.032995650402725
3.000000000000000	-0.445035097145380	0.232221710671327	0.033337123312998
3.000000000000000	-0.459931809650418	0.203925951608488	0.033544754971308
3.000000000000000	-0.473009380303319	0.174744205292636	0.033617709318249
3.000000000000000	-0.484215150342710	0.144793976316670	0.033555692592414
3.000000000000000	-0.493503998087650	0.114195863681928	0.033358954513270
3.000000000000000	-0.500838520626710	0.083073075188578	0.033028287275625
3.000000000000000	-0.506189184426299	0.051550931321288	0.032565022359737
3.000000000000000	-0.509534444251780	0.019756360627868	0.031971025169916
3.000000000000000	-0.510860829922525	-0.012182611377197	0.031248687523198
3.000000000000000	-0.510163000551577	-0.044137377726302	0.030400918018342
3.000000000000000	-0.507443766051518	-0.075979267853595	0.029431130323929
3.000000000000000	-0.502714075819944	-0.107580065705931	0.028343229432723
3.000000000000000	-0.495992974650101	-0.138812526023662	0.027141595937646
3.000000000000000	-0.487307526044230	-0.169550886712392	0.025831068392674
3.000000000000000	-0.476692703238393	-0.199671375242540	0.024416923829687
3.000000000000000	-0.464191248377592	-0.229052707037634	0.022904856509727
3.000000000000000	-0.449853500408241	-0.257576573844493	0.021300954994216
3.000000000000000	-0.433737192380994	-0.285128120118806	0.019611677628472
3.000000000000000	-0.415907218980127	-0.311596405507874	0.017843826536225
3.000000000000000	-0.396435375215547	-0.336874851568251	0.016004520229873
3.000000000000000	-0.375400067329627	-0.360861670919522	0.014101164946738
3.000000000000000	-0.352885997082944	-0.383460277106158	0.012141424826769
3.000000000000000	-0.328983820690180	-0.404579673517083	0.010133191051752
3.000000000000000	-0.303789783779545	-0.424134819796909	0.008084550070303
3.000000000000000	-0.277405333845598	-0.442046974273435	0.006003751036602
3.000000000000000	-0.249936711755998	-0.458244011022566	0.003899172593950
3.000000000000000	-0.221494523957020	-0.472660710293957	0.001779289136939
3.000000000000000	-0.192193297100437	-0.485239021127927	-0.000347363311948
3.000000000000000	-0.162151016885116	-0.495928295106183	-0.002472221473891
3.000000000000000	-0.131488652970248	-0.504685490295128	-0.004586729295025
3.000000000000000	-0.100329671873227	-0.511475344560533	-0.006682372398657
3.000000000000000	-0.068799539813564	-0.516270517555708	-0.008750712369654
3.000000000000000	-0.037025217504699	-0.519051700811429	-0.010783420732959
3.000000000000000	-0.005134648928021	-0.519807695484325	-0.012772312489426
3.000000000000000	0.026743753852390	-0.518535457450672	-0.014709379073917
3.000000000000000	0.058481627759820	-0.515240109564004	-0.016586820602974
3.000000000000000	0.089951175577729	-0.509934921027188	-0.018397077282189
3.000000000000000	0.121025680544035	-0.502641253962027	-0.020132859846835
3.000000000000000	0.151580016594792	-0.493388477391540	-0.021787178913157
3.000000000000000	0.181491152202686	-0.482213848981266	-0.023353373122156
3.000000000000000	0.210638645781572	-0.469162365015797	-0.024825135962532
3.000000000000000	0.238905130662235	-0.454286579214622	-0.026196541164776
3.000000000000000	0.266176787686541	-0.437646391116847	-0.027462066564167
3.000000000000000	0.292343803517013	-0.419308804886891	-0.028616616336581
3.000000000000000	0.317300812816387	-0.399347659512365	-0.029655541517576
3.000000000000000	0.340947322516636	-0.377843331480531	-0.030574658722131
3.000000000000000	0.363188116469085	-0.354882411130554	-0.031370266989658
3.000000000000000	0.383933638846237	-0.330557353984769	-0.032039162686471
3.000000000000000	0.403100354751483	-0.304966108462926	-0.032578652405679
3.000000000000000	0.420611086584645	-0.278211721478470	-0.032986563812594
3.000000000000000	0.436395324808934	-0.250401923504993	-0.033261254391950
3.000000000000000	0.450389511867969	-0.221648694783640	-0.033401618061734
3.000000000000000	0.462537298109626	-0.192067814418199	-0.033407089626988
3.000000000000000	0.472789768686194	-0.161778394173514	-0.033277647055651
3.000000000000000	0.481105640517208	-0.130902398854448	-0.033013811567270
3.000000000000000	0.487451428521838	-0.099564155196661	-0.032616645534239
3.000000000000000	0.491801580451497	-0.067889851246725	-0.032087748203995
3.000000000000000	0.494138579779722	-0.036007028247397	-0.031429249259416
3.000000000000000	0.494453016235049	-0.004044067074054	-0.030643800243339
3.000000000000000	0.492743623692850	0.027870328709788	-0.029734563881733
3.000000000000000	0.489017285273573	0.059607651096295	-0.028705201348515
3.000000000000000	0.483289005626845	0.091040105089708	-0.027559857523302
3.000000000000000	0.475581850513042	0.122041123291681	-0.026303144301433
3.000000000000000	0.465926853925616	0.152485875543533	-0.024940122023506
3.000000000000000	0.454362893128153	0.182251771573231	-0.023476279099162
3.000000000000000	0.440936532109356	0.211218954623152	-0.021917509907204
3.000000000000000	0.425701834086298	0.239270784070939	-0.020270091061011
3.000000000000000	0.408720143810925	0.266294305100125	-0.018540656134829
3.000000000000000	0.390059840556396	0.292180703529308	-0.016736168952713
3.000000000000000	0.369796062777878	0.316825743968459	-0.014863895547663
3.000000000000000	0.348010405556511	0.340130189538040	-0.012931374903874
3.000000000000000	0.324790592044814	0.362000201460903	-0.010946388599906
3.000000000000000	0.300230120236510	0.382347716917918	-0.008916929475019
3.000000000000000	0.274427886483105	0.401090803645870	-0.006851169444822
3.000000000000000	0.247487787273187	0.418153989849760	-0.004757426595861
3.000000000000000	0.219518300877934	0.433468568101090	-0.002644131691613


4.000000000000000	nan	nan	nan
4.000000000000000	nan	nan	nan
4.000000000000000	nan	nan	nan
4.000000000000000	nan	nan	nan
4.000000000000000	nan	nan	nan
4.000000000000000	nan	nan	nan
4.000000000000000	nan	nan	nan
4.000000000000000	nan	nan	nan
4.000000000000000	nan	nan	nan
4.000000000000000	nan	nan	nan
4.000000000000000	nan	nan	nan
4.000000000000000	nan	nan	nan
4.000000000000000	nan	nan	nan
4.000000000000000	nan	nan	nan
4.000000000000000	nan	nan	nan
4.000000000000000	nan	nan	nan
4.000000000000000	nan	nan	nan
4.000000000000000	nan	nan	nan
4.000000000000000	nan	nan	nan
4.000000000000000	nan	nan	nan
4.000000000000000	nan	nan	nan
4.000000000000000	nan	nan	nan
4.000000000000000	nan	nan	nan
4.000000000000000	nan	nan	nan
4.000000000000000	nan	nan	nan
4.000000000000000	nan	nan	nan
4.000000000000000	nan	nan	nan
4.000000000000000	nan	nan	nan
4.000000000000000	nan	nan	nan
4.000000000000000	nan	nan	nan
4.000000000000000	nan	nan	nan
4.000000000000000	nan	nan	nan
4.000000000000000	nan	nan	nan
4.000000000000000	nan	nan	nan
4.000000000000000	nan	nan	nan
4.000000000000000	nan	nan	nan
4.000000000000000	nan	nan	nan
4.000000000000000	nan	nan	nan
4.000000000000000	nan	nan	nan
4.000000000000000	nan	nan	nan
4.000000000000000	nan	nan	nan
4.000000000000000	nan	nan	nan
4.000000000000000	nan	nan	nan
4.000000000000000	nan	nan	nan
4.000000000000000	nan	nan	nan
4.000000000000000	nan	nan	nan
4.000000000000000	nan	nan	nan
4.000000000000000	nan	nan	nan
4.000000000000000	nan	nan	nan
4.000000000000000	nan	nan	nan
4.000000000000000	nan	nan	nan
4.000000000000000	nan	nan	nan
4.000000000000000	nan	nan	nan
4.000000000000000	nan	nan	nan
4.000000000000000	nan	nan	nan
4.000000000000000	nan	nan	nan
4.000000000000000	nan	nan	nan
4.000000000000000	nan	nan	nan
4.000000000000000	nan	nan	nan
4.000000000000000	nan	nan	nan
4.000000000000000	nan	nan	nan
4.000000000000000	nan	nan	nan
4.000000000000000	nan	nan	nan
4.000000000000000	nan	nan	nan
4.000000000000000	nan	nan	nan
4.000000000000000	nan	nan	nan
4.000000000000000	nan	nan	nan
4.000000000000000	nan	nan	nan
4.000000000000000	nan	nan	nan
4.000000000000000	nan	nan	nan
4.000000000000000	nan	nan	nan
4.000000000000000	nan	nan	nan
4.000000000000000	nan	nan	nan
4.000000000000000	nan	nan	nan
4.000000000000000	nan	nan	nan
4.000000000000000	nan	nan	nan
4.000000000000000	nan	nan	nan
4.000000000000000	nan	nan	nan
4.000000000000000	nan	nan	nan
4.000000000000000	nan	nan	nan
4.000000000000000	nan	nan	nan
4.000000000000000	nan	nan	nan
4.000000000000000	nan	nan	nan
4.000000000000000	nan	nan	nan
4.000000000000000	nan	nan	nan
4.000000000000000	nan	nan	nan
4.000000000000000	nan	nan	nan
4.000000000000000	nan	nan	nan
4.000000000000000	nan	nan	nan
4.000000000000000	nan	nan	nan
4.000000000000000	nan	nan	nan
4.000000000000000	nan	nan	nan
4.000000000000000	nan	nan	nan
4.000000000000000	nan	nan	nan
4.000000000000000	nan	nan	nan
4.000000000000000	nan	nan	nan
4.000000000000000	nan	nan	nan
4.000000000000000	nan	nan	nan
4.000000000000000	nan	nan	nan
4.000000000000000	nan	nan	nan


5.000000000000000	nan	nan	nan
5.000000000000000	nan	nan	nan
5.000000000000000	nan	nan	nan
5.000000000000000	nan	nan	nan
5.000000000000000	nan	nan	nan
5.000000000000000	nan	nan	nan
5.000000000000000	nan	nan	nan
5.000000000000000	nan	nan	nan
5.000000000000000	nan	nan	nan
5.000000000000000	nan	nan	nan
5.000000000000000	nan	nan	nan
5.000000000000000	nan	nan	nan
5.000000000000000	nan	nan	nan
5.000000000000000	nan	nan	nan
5.000000000000000	nan	nan	nan
5.000000000000000	nan	nan	nan
5.000000000000000	nan	nan	nan
5.000000000000000	nan	nan	nan
5.000000000000000	nan	nan	nan
5.000000000000000	nan	nan	nan
5.000000000000000	nan	nan	nan
5.000000000000000	nan	nan	nan
5.000000000000000	nan	nan	nan
5.000000000000000	nan	nan	nan
5.000000000000000	nan	nan	nan
5.000000000000000	nan	nan	nan
5.000000000000000	nan	nan	nan
5.000000000000000	nan	nan	nan
5.000000000000000	nan	nan	nan
5.000000000000000	nan	nan	nan
5.000000000000000	nan	nan	nan
5.000000000000000	nan	nan	nan
5.000000000000000	nan	nan	nan
5.000000000000000	nan	nan	nan
5.000000000000000	nan	nan	nan
5.000000000000000	nan	nan	nan
5.000000000000000	nan	nan	nan
5.000000000000000	nan	nan	nan
5.000000000000000	nan	nan	nan
5.000000000000000	nan	nan	nan
5.000000000000000	nan	nan	nan
5.000000000000000	nan	nan	nan
5.000000000000000	nan	nan	nan
5.000000000000000	nan	nan	nan
5.000000000000000	nan	nan	nan
5.000000000000000	nan	nan	nan
5.000000000000000	nan	nan	nan
5.000000000000000	nan	nan	nan
5.000000000000000	nan	nan	nan
5.000000000000000	nan	nan	nan
5.000000000000000	nan	nan	nan
5.000000000000000	nan	nan	nan
5.000000000000000	nan	nan	nan
5.000000000000000	nan	nan	nan
5.000000000000000	nan	nan	nan
5.000000000000000	nan	nan	nan
5.000000000000000	nan	nan	nan
5.000000000000000	nan	nan	nan
5.000000000000000	nan	nan	nan
5.000000000000000	nan	nan	nan
5.000000000000000	nan	nan	nan
5.000000000000000	nan	nan	nan
5.000000000000000	nan	nan	nan
5.000000000000000	nan	nan	nan
5.000000000000000	nan	nan	nan
5.000000000000000	nan	nan	nan
5.000000000000000	nan	nan	nan
5.000000000000000	nan	nan	nan
5.000000000000000	nan	nan	nan
5.000000000000000	nan	nan	nan
5.000000000000000	nan	nan	nan
5.000000000000000	nan	nan	nan
5.000000000000000	nan	nan	nan
5.000000000000000	nan	nan	nan
5.000000000000000	nan	nan	nan
5.000000000000000	nan	nan	nan
5.000000000000000	nan	nan	nan
5.000000000000000	nan	nan	nan
5.000000000000000	nan	nan	nan
5.000000000000000	nan	nan	nan
5.000000000000000	nan	nan	nan
5.000000000000000	nan	nan	nan
5.000000000000000	nan	nan	nan
5.000000000000000	nan	nan	nan
5.000000000000000	nan	nan	nan
5.000000000000000	nan	nan	nan
5.000000000000000	nan	nan	nan
5.000000000000000	nan	nan	nan
5.000000000000000	nan	nan	nan
5.000000000000000	nan	nan	nan
5.000000000000000	nan	nan	nan
5.000000000000000	nan	nan	nan
5.000000000000000	nan	nan	nan
5.000000000000000	nan	nan	nan
5.000000000000000	nan	nan	nan
5.000000000000000	nan	nan	nan
5.000000000000000	nan	nan	nan
5.000000000000000	nan	nan	nan
5.000000000000000	nan	nan	nan
5.000000000000000	nan	nan	nan


6.000000000000000	nan	nan	nan
6.000000000000000	nan	nan	nan
6.000000000000000	nan	nan	nan
6.000000000000000	nan	nan	nan
6.000000000000000	nan	nan	nan
6.000000000000000	nan	nan	nan
6.000000000000000	nan	nan	nan
6.000000000000000	nan	nan	nan
6.000000000000000	nan	nan	nan
6.000000000000000	nan	nan	nan
6.000000000000000	nan	nan	nan
6.000000000000000	nan	nan	nan
6.000000000000000	nan	nan	nan
6.000000000000000	nan	nan	nan
6.000000000000000	nan	nan	nan
6.000000000000000	nan	nan	nan
6.000000000000000	nan	nan	nan
6.000000000000000	nan	nan	nan
6.000000000000000	nan	nan	nan
6.000000000000000	nan	nan	nan
6.000000000000000	nan	nan	nan
6.000000000000000	nan	nan	nan
6.000000000000000	nan	nan	nan
6.000000000000000	nan	nan	nan
6.000000000000000	nan	nan	nan
6.000000000000000	nan	nan	nan
6.000000000000000	nan	nan	nan
6.000000000000000	nan	nan	nan
6.000000000000000	nan	nan	nan
6.000000000000000	nan	nan	nan
6.000000000000000	nan	nan	nan
6.000000000000000	nan	nan	nan
6.000000000000000	nan	nan	nan
6.000000000000000	nan	nan	nan
6.000000000000000	nan	nan	nan
6.000000000000000	nan	nan	nan
6.000000000000000	nan	nan	nan
6.000000000000000	nan	nan	nan
6.000000000000000	nan	nan	nan
6.000000000000000	nan	nan	nan
6.000000000000000	nan	nan	nan
6.000000000000000	nan	nan	nan
6.000000000000000	nan	nan	nan
6.000000000000000	nan	nan	nan
6.000000000000000	nan	nan	nan
6.000000000000000	nan	nan	nan
6.000000000000000	nan	nan	nan
6.000000000000000	nan	nan	nan
6.000000000000000	nan	nan	nan
6.000000000000000	nan	nan	nan
6.000000000000000	nan	nan	nan
6.000000000000000	nan	nan	nan
6.000000000000000	nan	nan	nan
6.000000000000000	nan	nan	nan
6.000000000000000	nan	nan	nan
6.000000000000000	nan	nan	nan
6.000000000000000	nan	nan	nan
6.000000000000000	nan	nan	nan
6.000000000000000	nan	nan	nan
6.000000000000000	nan	nan	nan
6.000000000000000	nan	nan	nan
6.000000000000000	nan	nan	nan
6.000000000000000	nan	nan	nan
6.000000000000000	nan	nan	nan
6.000000000000000	nan	nan	nan
6.000000000000000	nan	nan	nan
6.000000000000000	nan	nan	nan
6.000000000000000	nan	nan	nan
6.000000000000000	nan	nan	nan
6.000000000000000	nan	nan	nan
6.000000000000000	nan	nan	nan
6.000000000000000	nan	nan	nan
6.000000000000000	nan	nan	nan
6.000000000000000	nan	nan	nan
6.000000000000000	nan	nan	nan
6.000000000000000	nan	nan	nan
6.000000000000000	nan	nan	nan
6.000000000000000	nan	nan	nan
6.000000000000000	nan	nan	nan
6.000000000000000	nan	nan	nan
6.000000000000000	nan	nan	nan
6.000000000000000	nan	nan	nan
6.000000000000000	nan	nan	nan
6.000000000000000	nan	nan	nan
6.000000000000000	nan	nan	nan
6.000000000000000	nan	nan	nan
6.000000000000000	nan	nan	nan
6.000000000000000	nan	nan	nan
6.000000000000000	nan	nan	nan
6.000000000000000	nan	nan	nan
6.000000000000000	nan	nan	nan
6.000000000000000	nan	nan	nan
6.000000000000000	nan	nan	nan
6.000000000000000	nan	nan	nan
6.000000000000000	nan	nan	nan
6.000000000000000	nan	nan	nan
6.000000000000000	nan	nan	nan
6.000000000000000	nan	nan	nan
6.000000000000000	nan	nan	nan
6.000000000000000	nan	nan	nan


7.000000000000000	nan	nan	nan
7.000000000000000	nan	nan	nan
7.000000000000000	nan	nan	nan
7.000000000000000	nan	nan	nan
7.000000000000000	nan	nan	nan
7.000000000000000	nan	nan	nan
7.000000000000000	nan	nan	nan
7.000000000000000	nan	nan	nan
7.000000000000000	nan	nan	nan
7.000000000000000	nan	nan	nan
7.000000000000000	nan	nan	nan
7.000000000000000	nan	nan	nan
7.000000000000000	nan	nan	nan
7.000000000000000	nan	nan	nan
7.000000000000000	nan	nan	nan
7.000000000000000	nan	nan	nan
7.000000000000000	nan	nan	nan
7.000000000000000	nan	nan	nan
7.000000000000000	nan	nan	nan
7.000000000000000	nan	nan	nan
7.000000000000000	nan	nan	nan
7.000000000000000	nan	nan	nan
7.000000000000000	nan	nan	nan
7.000000000000000	nan	nan	nan
7.000000000000000	nan	nan	nan
7.000000000000000	nan	nan	nan
7.000000000000000	nan	nan	nan
7.000000000000000	nan	nan	nan
7.000000000000000	nan	nan	nan
7.000000000000000	nan	nan	nan
7.000000000000000	nan	nan	nan
7.000000000000000	nan	nan	nan
7.000000000000000	nan	nan	nan
7.000000000000000	nan	nan	nan
7.000000000000000	nan	nan	nan
7.000000000000000	nan	nan	nan
7.000000000000000	nan	nan	nan
7.000000000000000	nan	nan	nan
7.000000000000000	nan	nan	nan
7.000000000000000	nan	nan	nan
7.000000000000000	nan	nan	nan
7.000000000000000	nan	nan	nan
7.000000000000000	nan	nan	nan
7.000000000000000	nan	nan	nan
7.000000000000000	nan	nan	nan
7.000000000000000	nan	nan	nan
7.000000000000000	nan	nan	nan
7.000000000000000	nan	nan	nan
7.000000000000000	nan	nan	nan
7.000000000000000	nan	nan	nan
7.000000000000000	nan	nan	nan
7.000000000000000	nan	nan	nan
7.000000000000000	nan	nan	nan
7.000000000000000	nan	nan	nan
7.000000000000000	nan	nan	nan
7.000000000000000	nan	nan	nan
7.000000000000000	nan	nan	nan
7.000000000000000	nan	nan	nan
7.000000000000000	nan	nan	nan
7.000000000000000	nan	nan	nan
7.000000000000000	nan	nan	nan
7.000000000000000	nan	nan	nan
7.000000000000000	nan	nan	nan
7.000000000000000	nan	nan	nan
7.000000000000000	nan	nan	nan
7.000000000000000	nan	nan	nan
7.000000000000000	nan	nan	nan
7.000000000000000	nan	nan	nan
7.000000000000000	nan	nan	nan
7.000000000000000	nan	nan	nan
7.000000000000000	nan	nan	nan
7.000000000000000	nan	nan	nan
7.000000000000000	nan	nan	nan
7.000000000000000	nan	nan	nan
7.000000000000000	nan	nan	nan
7.000000000000000	nan	nan	nan
7.000000000000000	nan	nan	nan
7.000000000000000	nan	nan	nan
7.000000000000000	nan	nan	nan
7.000000000000000	nan	nan	nan
7.000000000000000	nan	nan	nan
7.000000000000000	nan	nan	nan
7.000000000000000	nan	nan	nan
7.000000000000000	nan	nan	nan
7.000000000000000	nan	nan	nan
7.000000000000000	nan	nan	nan
7.000000000000000	nan	nan	nan
7.000000000000000	nan	nan	nan
7.000000000000000	nan	nan	nan
7.000000000000000	nan	nan	nan
7.000000000000000	nan	nan	nan
7.000000000000000	nan	nan	nan
7.000000000000000	nan	nan	nan
7.000000000000000	nan	nan	nan
7.000000000000000	nan	nan	nan
7.000000000000000	nan	nan	nan
7.000000000000000	nan	nan	nan
7.000000000000000	nan	nan	nan
7.000000000000000	nan	nan	nan
7.000000000000000	nan	nan	nan


8.000000000000000	nan	nan	nan
8.000000000000000	nan	nan	nan
8.000000000000000	nan	nan	nan
8.000000000000000	nan	nan	nan
8.000000000000000	nan	nan	nan
8.000000000000000	nan	nan	nan
8.000000000000000	nan	nan	nan
8.000000000000000	nan	nan	nan
8.000000000000000	nan	nan	nan
8.000000000000000	nan	nan	nan
8.000000000000000	nan	nan	nan
8.000000000000000	nan	nan	nan
8.000000000000000	nan	nan	nan
8.000000000000000	nan	nan	nan
8.000000000000000	nan	nan	nan
8.000000000000000	nan	nan	nan
8.000000000000000	nan	nan	nan
8.000000000000000	nan	nan	nan
8.000000000000000	nan	nan	nan
8.000000000000000	nan	nan	nan
8.000000000000000	nan	nan	nan
8.000000000000000	nan	nan	nan
8.000000000000000	nan	nan	nan
8.000000000000000	nan	nan	nan
8.000000000000000	nan	nan	nan
8.000000000000000	nan	nan	nan
8.000000000000000	nan	nan	nan
8.000000000000000	nan	nan	nan
8.000000000000000	nan	nan	nan
8.000000000000000	nan	nan	nan
8.000000000000000	nan	nan	nan
8.000000000000000	nan	nan	nan
8.000000000000000	nan	nan	nan
8.000000000000000	nan	nan	nan
8.000000000000000	nan	nan	nan
8.000000000000000	nan	nan	nan
8.000000000000000	nan	nan	nan
8.000000000000000	nan	nan	nan
8.000000000000000	nan	nan	nan
8.000000000000000	nan	nan	nan
8.000000000000000	nan	nan	nan
8.000000000000000	nan	nan	nan
8.000000000000000	nan	nan	nan
8.000000000000000	nan	nan	nan
8.000000000000000	nan	nan	nan
8.000000000000000	nan	nan	nan
8.000000000000000	nan	nan	nan
8.000000000000000	nan	nan	nan
8.000000000000000	nan	nan	nan
8.000000000000000	nan	nan	nan
8.000000000000000	nan	nan	nan
8.000000000000000	nan	nan	nan
8.000000000000000	nan	nan	nan
8.000000000000000	nan	nan	nan
8.000000000000000	nan	nan	nan
8.000000000000000	nan	nan	nan
8.000000000000000	nan	nan	nan
8.000000000000000	nan	nan	nan
8.000000000000000	nan	nan	nan
8.000000000000000	nan	nan	nan
8.000000000000000	nan	nan	nan
8.000000000000000	nan	nan	nan
8.000000000000000	nan	nan	nan
8.000000000000000	nan	nan	nan
8.000000000000000	nan	nan	nan
8.000000000000000	nan	nan	nan
8.000000000000000	nan	nan	nan
8.000000000000000	nan	nan	nan
8.000000000000000	nan	nan	nan
8.000000000000000	nan	nan	nan
8.000000000000000	nan	nan	nan
8.000000000000000	nan	nan	nan
8.000000000000000	nan	nan	nan
8.000000000000000	nan	nan	nan
8.000000000000000	nan	nan	nan
8.000000000000000	nan	nan	nan
8.000000000000000	nan	nan	nan
8.000000000000000	nan	nan	nan
8.000000000000000	nan	nan	nan
8.000000000000000	nan	nan	nan
8.000000000000000	nan	nan	nan
8.000000000000000	nan	nan	nan
8.000000000000000	nan	nan	nan
8.000000000000000	nan	nan	nan
8.000000000000000	nan	nan	nan
8.000000000000000	nan	nan	nan
8.000000000000000	nan	nan	nan
8.000000000000000	nan	nan	nan
8.000000000000000	nan	nan	nan
8.000000000000000	nan	nan	nan
8.000000000000000	nan	nan	nan
8.000000000000000	nan	nan	nan
8.000000000000000	nan	nan	nan
8.000000000000000	nan	nan	nan
8.000000000000000	nan	nan	nan
8.000000000000000	nan	nan	nan
8.000000000000000	nan	nan	nan
8.000000000000000	nan	nan	nan
8.000000000000000	nan	nan	nan
8.000000000000000	nan	nan	nan


9.000000000000000	nan	nan	nan
9.000000000000000	nan	nan	nan
9.000000000000000	nan	nan	nan
9.000000000000000	nan	nan	nan
9.000000000000000	nan	nan	nan
9.000000000000000	nan	nan	nan
9.000000000000000	nan	nan	nan
9.000000000000000	nan	nan	nan
9.000000000000000	nan	nan	nan
9.000000000000000	nan	nan	nan
9.000000000000000	nan	nan	nan
9.000000000000000	nan	nan	nan
9.000000000000000	nan	nan	nan
9.000000000000000	nan	nan	nan
9.000000000000000	nan	nan	nan
9.000000000000000	nan	nan	nan
9.000000000000000	nan	nan	nan
9.000000000000000	nan	nan	nan
9.000000000000000	nan	nan	nan
9.000000000000000	nan	nan	nan
9.000000000000000	nan	nan	nan
9.000000000000000	nan	nan	nan
9.000000000000000	nan	nan	nan
9.000000000000000	nan	nan	nan
9.000000000000000	nan	nan	nan
9.000000000000000	nan	nan	nan
9.000000000000000	nan	nan	nan
9.000000000000000	nan	nan	nan
9.000000000000000	nan	nan	nan
9.000000000000000	nan	nan	nan
9.000000000000000	nan	nan	nan
9.000000000000000	nan	nan	nan
9.000000000000000	nan	nan	nan
9.000000000000000	nan	nan	nan
9.000000000000000	nan	nan	nan
9.000000000000000	nan	nan	nan
9.000000000000000	nan	nan	nan
9.000000000000000	nan	nan	nan
9.000000000000000	nan	nan	nan
9.000000000000000	nan	nan	nan
9.000000000000000	nan	nan	nan
9.000000000000000	nan	nan	nan
9.000000000000000	nan	nan	nan
9.000000000000000	nan	nan	nan
9.000000000000000	nan	nan	nan
9.000000000000000	nan	nan	nan
9.000000000000000	nan	nan	nan
9.000000000000000	nan	nan	nan
9.000000000000000	nan	nan	nan
9.000000000000000	nan	nan	nan
9.000000000000000	nan	nan	nan
9.000000000000000	nan	nan	nan
9.000000000000000	nan	nan	nan
9.000000000000000	nan	nan	nan
9.000000000000000	nan	nan	nan
9.000000000000000	nan	nan	nan
9.000000000000000	nan	nan	nan
9.000000000000000	nan	nan	nan
9.000000000000000	nan	nan	nan
9.000000000000000	nan	nan	nan
9.000000000000000	nan	nan	nan
9.000000000000000	nan	nan	nan
9.000000000000000	nan	nan	nan
9.000000000000000	nan	nan	nan
9.000000000000000	nan	nan	nan
9.000000000000000	nan	nan	nan
9.000000000000000	nan	nan	nan
9.000000000000000	nan	nan	nan
9.000000000000000	nan	nan	nan
9.000000000000000	nan	nan	nan
9.000000000000000	nan	nan	nan
9.000000000000000	nan	nan	nan
9.000000000000000	nan	nan	nan
9.000000000000000	nan	nan	nan
9.000000000000000	nan	nan	nan
9.000000000000000	nan	nan	nan
9.000000000000000	nan	nan	nan
9.000000000000000	nan	nan	nan
9.000000000000000	nan	nan	nan
9.000000000000000	nan	nan	nan
9.000000000000000	nan	nan	nan
9.000000000000000	nan	nan	nan
9.000000000000000	nan	nan	nan
9.000000000000000	nan	nan	nan
9.000000000000000	nan	nan	nan
9.000000000000000	nan	nan	nan
9.000000000000000	nan	nan	nan
9.000000000000000	nan	nan	nan
9.000000000000000	nan	nan	nan
9.000000000000000	nan	nan	nan
9.000000000000000	nan	nan	nan
9.000000000000000	nan	nan	nan
9.000000000000000	nan	nan	nan
9.000000000000000	nan	nan	nan
9.000000000000000	nan	nan	nan
9.000000000000000	nan	nan	nan
9.000000000000000	nan	nan	nan
9.000000000000000	nan	nan	nan
9.000000000000000	nan	nan	nan
9.000000000000000	nan	nan	nan


10.000000000000000	nan	nan	nan
10.000000000000000	nan	nan	nan
10.000000000000000	nan	nan	nan
10.000000000000000	nan	nan	nan
10.000000000000000	nan	nan	nan
10.000000000000000	nan	nan	nan
10.000000000000000	nan	nan	nan
10.000000000000000	nan	nan	nan
10.000000000000000	nan	nan	nan
10.000000000000000	nan	nan	nan
10.000000000000000	nan	nan	nan
10.000000000000000	nan	nan	nan
10.000000000000000	nan	nan	nan
10.000000000000000	nan	nan	nan
10.000000000000000	nan	nan	nan
10.000000000000000	nan	nan	nan
10.000000000000000	nan	nan	nan
10.000000000000000	nan	nan	nan
10.000000000000000	nan	nan	nan
10.000000000000000	nan	nan	nan
10.000000000000000	nan	nan	nan
10.000000000000000	nan	nan	nan
10.000000000000000	nan	nan	nan
10.000000000000000	nan	nan	nan
10.000000000000000	nan	nan	nan
10.000000000000000	nan	nan	nan
10.000000000000000	nan	nan	nan
10.000000000000000	nan	nan	nan
10.000000000000000	nan	nan	nan
10.000000000000000	nan	nan	nan
10.000000000000000	nan	nan	nan
10.000000000000000	nan	nan	nan
10.000000000000000	nan	nan	nan
10.000000000000000	nan	nan	nan
10.000000000000000	nan	nan	nan
10.000000000000000	nan	nan	nan
10.000000000000000	nan	nan	nan
10.000000000000000	nan	nan	nan
10.000000000000000	nan	nan	nan
10.000000000000000	nan	nan	nan
10.000000000000000	nan	nan	nan
10.000000000000000	nan	nan	nan
10.000000000000000	nan	nan	nan
10.000000000000000	nan	nan	nan
10.000000000000000	nan	nan	nan
10.000000000000000	nan	nan	nan
10.000000000000000	nan	nan	nan
10.000000000000000	nan	nan	nan
10.000000000000000	nan	nan	nan
10.000000000000000	nan	nan	nan
10.000000000000000	nan	nan	nan
10.000000000000000	nan	nan	nan
10.000000000000000	nan	nan	nan
10.000000000000000	nan	nan	nan
10.000000000000000	nan	nan	nan
10.000000000000000	nan	nan	nan
10.000000000000000	nan	nan	nan
10.000000000000000	nan	nan	nan
10.000000000000000	nan	nan	nan
10.000000000000000	nan	nan	nan
10.000000000000000	nan	nan	nan
10.000000000000000	nan	nan	nan
10.000000000000000	nan	nan	nan
10.000000000000000	nan	nan	nan
10.000000000000000	nan	nan	nan
10.000000000000000	nan	nan	nan
10.000000000000000	nan	nan	nan
10.000000000000000	nan	nan	nan
10.000000000000000	nan	nan	nan
10.000000000000000	nan	nan	nan
10.000000000000000	nan	nan	nan
10.000000000000000	nan	nan	nan
10.000000000000000	nan	nan	nan
10.000000000000000	nan	nan	nan
10.000000000000000	nan	nan	nan
10.000000000000000	nan	nan	nan
10.000000000000000	nan	nan	nan
10.000000000000000	nan	nan	nan
10.000000000000000	nan	nan	nan
10.000000000000000	nan	nan	nan
10.000000000000000	nan	nan	nan
10.000000000000000	nan	nan	nan
10.000000000000000	nan	nan	nan
10.000000000000000	nan	nan	nan
10.000000000000000	nan	nan	nan
10.000000000000000	nan	nan	nan
10.000000000000000	nan	nan	nan
10.000000000000000	nan	nan	nan
10.000000000000000	nan	nan	nan
10.000000000000000	nan	nan	nan
10.000000000000000	nan	nan	nan
10.000000000000000	nan	nan	nan
10.000000000000000	nan	nan	nan
10.000000000000000	nan	nan	nan
10.000000000000000	nan	nan	nan
10.000000000000000	nan	nan	nan
10.000000000000000	nan	nan	nan
10.000000000000000	nan	nan	nan
10.000000000000000	nan	nan	nan
10.000000000000000	nan	nan	nan


11.000000000000000	nan	nan	nan
11.000000000000000	nan	nan	nan
11.000000000000000	nan	nan	nan
11.000000000000000	nan	nan	nan
11.000000000000000	nan	nan	nan
11.000000000000000	nan	nan	nan
11.000000000000000	nan	nan	nan
11.000000000000000	nan	nan	nan
11.000000000000000	nan	nan	nan
11.000000000000000	nan	nan	nan
11.000000000000000	nan	nan	nan
11.000000000000000	nan	nan	nan
11.000000000000000	nan	nan	nan
11.000000000000000	nan	nan	nan
11.000000000000000	nan	nan	nan
11.000000000000000	nan	nan	nan
11.000000000000000	nan	nan	nan
11.000000000000000	nan	nan	nan
11.000000000000000	nan	nan	nan
11.000000000000000	nan	nan	nan
11.000000000000000	nan	nan	nan
11.000000000000000	nan	nan	nan
11.000000000000000	nan	nan	nan
11.000000000000000	nan	nan	nan
11.000000000000000	nan	nan	nan
11.000000000000000	nan	nan	nan
11.000000000000000	nan	nan	nan
11.000000000000000	nan	nan	nan
11.000000000000000	nan	nan	nan
11.000000000000000	nan	nan	nan
11.000000000000000	nan	nan	nan
11.000000000000000	nan	nan	nan
11.000000000000000	nan	nan	nan
11.000000000000000	nan	nan	nan
11.000000000000000	nan	nan	nan
11.000000000000000	nan	nan	nan
11.000000000000000	nan	nan	nan
11.000000000000000	nan	nan	nan
11.000000000000000	nan	nan	nan
11.000000000000000	nan	nan	nan
11.000000000000000	nan	nan	nan
11.000000000000000	nan	nan	nan
11.000000000000000	nan	nan	nan
11.000000000000000	nan	nan	nan
11.000000000000000	nan	nan	nan
11.000000000000000	nan	nan	nan
11.000000000000000	nan	nan	nan
11.000000000000000	nan	nan	nan
11.000000000000000	nan	nan	nan
11.000000000000000	nan	nan	nan
11.000000000000000	nan	nan	nan
11.000000000000000	nan	nan	nan
11.000000000000000	nan	nan	nan
11.000000000000000	nan	nan	nan
11.000000000000000	nan	nan	nan
11.000000000000000	nan	nan	nan
11.000000000000000	nan	nan	nan
11.000000000000000	nan	nan	nan
11.000000000000000	nan	nan	nan
11.000000000000000	nan	nan	nan
11.000000000000000	nan	nan	nan
11.000000000000000	nan	nan	nan
11.000000000000000	nan	nan	nan
11.000000000000000	nan	nan	nan
11.000000000000000	nan	nan	nan
11.000000000000000	nan	nan	nan
11.000000000000000	nan	nan	nan
11.000000000000000	nan	nan	nan
11.000000000000000	nan	nan	nan
11.000000000000000	nan	nan	nan
11.000000000000000	nan	nan	nan
11.000000000000000	nan	nan	nan
11.000000000000000	nan	nan	nan
11.000000000000000	nan	nan	nan
11.000000000000000	nan	nan	nan
11.000000000000000	nan	nan	nan
11.000000000000000	nan	nan	nan
11.000000000000000	nan	nan	nan
11.000000000000000	nan	nan	nan
11.000000000000000	nan	nan	nan
11.000000000000000	nan	nan	nan
11.000000000000000	nan	nan	nan
11.000000000000000	nan	nan	nan
11.000000000000000	nan	nan	nan
11.000000000000000	nan	nan	nan
11.000000000000000	nan	nan	nan
11.000000000000000	nan	nan	nan
11.000000000000000	nan	nan	nan
11.000000000000000	nan	nan	nan
11.000000000000000	nan	nan	nan
11.000000000000000	nan	nan	nan
11.000000000000000	nan	nan	nan
11.000000000000000	nan	nan	nan
11.000000000000000	nan	nan	nan
11.000000000000000	nan	nan	nan
11.000000000000000	nan	nan	nan
11.000000000000000	nan	nan	nan
11.000000000000000	nan	nan	nan
11.000000000000000	nan	nan	nan
11.000000000000000	nan	nan	nan


12.000000000000000	nan	nan	nan
12.000000000000000	nan	nan	nan
12.000000000000000	nan	nan	nan
12.000000000000000	nan	nan	nan
12.000000000000000	nan	nan	nan
12.000000000000000	nan	nan	nan
12.000000000000000	nan	nan	nan
12.000000000000000	nan	nan	nan
12.000000000000000	nan	nan	nan
12.000000000000000	nan	nan	nan
12.000000000000000	nan	nan	nan
12.000000000000000	nan	nan	nan
12.000000000000000	nan	nan	nan
12.000000000000000	nan	nan	nan
12.000000000000000	nan	nan	nan
12.000000000000000	nan	nan	nan
12.000000000000000	nan	nan	nan
12.000000000000000	nan	nan	nan
12.000000000000000	nan	nan	nan
12.000000000000000	nan	nan	nan
12.000000000000000	nan	nan	nan
12.000000000000000	nan	nan	nan
12.000000000000000	nan	nan	nan
12.000000000000000	nan	nan	nan
12.000000000000000	nan	nan	nan
12.000000000000000	nan	nan	nan
12.000000000000000	nan	nan	nan
12.000000000000000	nan	nan	nan
12.000000000000000	nan	nan	nan
12.000000000000000	nan	nan	nan
12.000000000000000	nan	nan	nan
12.000000000000000	nan	nan	nan
12.000000000000000	nan	nan	nan
12.000000000000000	nan	nan	nan
12.000000000000000	nan	nan	nan
12.000000000000000	nan	nan	nan
12.000000000000000	nan	nan	nan
12.000000000000000	nan	nan	nan
12.000000000000000	nan	nan	nan
12.000000000000000	nan	nan	nan
12.000000000000000	nan	nan	nan
12.000000000000000	nan	nan	nan
12.000000000000000	nan	nan	nan
12.000000000000000	nan	nan	nan
12.000000000000000	nan	nan	nan
12.000000000000000	nan	nan	nan
12.000000000000000	nan	nan	nan
12.000000000000000	nan	nan	nan
12.000000000000000	nan	nan	nan
12.000000000000000	nan	nan	nan
12.000000000000000	nan	nan	nan
12.000000000000000	nan	nan	nan
12.000000000000000	nan	nan	nan
12.000000000000000	nan	nan	nan
12.000000000000000	nan	nan	nan
12.000000000000000	nan	nan	nan
12.000000000000000	nan	nan	nan
12.000000000000000	nan	nan	nan
12.000000000000000	nan	nan	nan
12.000000000000000	nan	nan	nan
12.000000000000000	nan	nan	nan
12.000000000000000	nan	nan	nan
12.000000000000000	nan	nan	nan
12.000000000000000	nan	nan	nan
12.000000000000000	nan	nan	nan
12.000000000000000	nan	nan	nan
12.000000000000000	nan	nan	nan
12.000000000000000	nan	nan	nan
12.000000000000000	nan	nan	nan
12.000000000000000	nan	nan	nan
12.000000000000000	nan	nan	nan
12.000000000000000	nan	nan	nan
12.000000000000000	nan	nan	nan
12.000000000000000	nan	nan	nan
12.000000000000000	nan	nan	nan
12.000000000000000	nan	nan	nan
12.000000000000000	nan	nan	nan
12.000000000000000	nan	nan	nan
12.000000000000000	nan	nan	nan
12.000000000000000	nan	nan	nan
12.000000000000000	nan	nan	nan
12.000000000000000	nan	nan	nan
12.000000000000000	nan	nan	nan
12.000000000000000	nan	nan	nan
12.000000000000000	nan	nan	nan
12.000000000000000	nan	nan	nan
12.000000000000000	nan	nan	nan
12.000000000000000	nan	nan	nan
12.000000000000000	nan	nan	nan
12.000000000000000	nan	nan	nan
12.000000000000000	nan	nan	nan
12.000000000000000	nan	nan	nan
12.000000000000000	nan	nan	nan
12.000000000000000	nan	nan	nan
12.000000000000000	nan	nan	nan
12.000000000000000	nan	nan	nan
12.000000000000000	nan	nan	nan
12.000000000000000	nan	nan	nan
12.000000000000000	nan	nan	nan
12.000000000000000	nan	nan	nan


13.000000000000000	nan	nan	nan
13.000000000000000	nan	nan	nan
13.000000000000000	nan	nan	nan
13.000000000000000	nan	nan	nan
13.000000000000000	nan	nan	nan
13.000000000000000	nan	nan	nan
13.000000000000000	nan	nan	nan
13.000000000000000	nan	nan	nan
13.000000000000000	nan	nan	nan
13.000000000000000	nan	nan	nan
13.000000000000000	nan	nan	nan
13.000000000000000	nan	nan	nan
13.000000000000000	nan	nan	nan
13.000000000000000	nan	nan	nan
13.000000000000000	nan	nan	nan
13.000000000000000	nan	nan	nan
13.000000000000000	nan	nan	nan
13.000000000000000	nan	nan	nan
13.000000000000000	nan	nan	nan
13.000000000000000	nan	nan	nan
13.000000000000000	nan	nan	nan
13.000000000000000	nan	nan	nan
13.000000000000000	nan	nan	nan
13.000000000000000	nan	nan	nan
13.000000000000000	nan	nan	nan
13.000000000000000	nan	nan	nan
13.000000000000000	nan	nan	nan
13.000000000000000	nan	nan	nan
13.000000000000000	nan	nan	nan
13.000000000000000	nan	nan	nan
13.000000000000000	nan	nan	nan
13.000000000000000	nan	nan	nan
13.000000000000000	nan	nan	nan
13.000000000000000	nan	nan	nan
13.000000000000000	nan	nan	nan
13.000000000000000	nan	nan	nan
13.000000000000000	nan	nan	nan
13.000000000000000	nan	nan	nan
13.000000000000000	nan	nan	nan
13.000000000000000	nan	nan	nan
13.000000000000000	nan	nan	nan
13.000000000000000	nan	nan	nan
13.000000000000000	nan	nan	nan
13.000000000000000	nan	nan	nan
13.000000000000000	nan	nan	nan
13.000000000000000	nan	nan	nan
13.000000000000000	nan	nan	nan
13.000000000000000	nan	nan	nan
13.000000000000000	nan	nan	nan
13.000000000000000	nan	nan	nan
13.000000000000000	nan	nan	nan
13.000000000000000	nan	nan	nan
13.000000000000000	nan	nan	nan
13.000000000000000	nan	nan	nan
13.000000000000000	nan	nan	nan
13.000000000000000	nan	nan	nan
13.000000000000000	nan	nan	nan
13.000000000000000	nan	nan	nan
13.000000000000000	nan	nan	nan
13.000000000000000	nan	nan	nan
13.000000000000000	nan	nan	nan
13.000000000000000	nan	nan	nan
13.000000000000000	nan	nan	nan
13.000000000000000	nan	nan	nan
13.000000000000000	nan	nan	nan
13.000000000000000	nan	nan	nan
13.000000000000000	nan	nan	nan
13.000000000000000	nan	nan	nan
13.000000000000000	nan	nan	nan
13.000000000000000	nan	nan	nan
13.000000000000000	nan	nan	nan
13.000000000000000	nan	nan	nan
13.000000000000000	nan	nan	nan
13.000000000000000	nan	nan	nan
13.000000000000000	nan	nan	nan
13.000000000000000	nan	nan	nan
13.000000000000000	nan	nan	nan
13.000000000000000	nan	nan	nan
13.000000000000000	nan	nan	nan
13.000000000000000	nan	nan	nan
13.000000000000000	nan	nan	nan
13.000000000000000	nan	nan	nan
13.000000000000000	nan	nan	nan
13.000000000000000	nan	nan	nan
13.000000000000000	nan	nan	nan
13.000000000000000	nan	nan	nan
13.000000000000000	nan	nan	nan
13.000000000000000	nan	nan	nan
13.000000000000000	nan	nan	nan
13.000000000000000	nan	nan	nan
13.000000000000000	nan	nan	nan
13.000000000000000	nan	nan	nan
13.000000000000000	nan	nan	nan
13.000000000000000	nan	nan	nan
13.000000000000000	nan	nan	nan
13.000000000000000	nan	nan	nan
13.000000000000000	nan	nan	nan
13.000000000000000	nan	nan	nan
13.000000000000000	nan	nan	nan
13.000000000000000	nan	nan	nan


14.000000000000000	nan	nan	nan
14.000000000000000	nan	nan	nan
14.000000000000000	nan	nan	nan
14.000000000000000	nan	nan	nan
14.000000000000000	nan	nan	nan
14.000000000000000	nan	nan	nan
14.000000000000000	nan	nan	nan
14.000000000000000	nan	nan	nan
14.000000000000000	nan	nan	nan
14.000000000000000	nan	nan	nan
14.000000000000000	nan	nan	nan
14.000000000000000	nan	nan	nan
14.000000000000000	nan	nan	nan
14.000000000000000	nan	nan	nan
14.000000000000000	nan	nan	nan
14.000000000000000	nan	nan	nan
14.000000000000000	nan	nan	nan
14.000000000000000	nan	nan	nan
14.000000000000000	nan	nan	nan
14.000000000000000	nan	nan	nan
14.000000000000000	nan	nan	nan
14.000000000000000	nan	nan	nan
14.000000000000000	nan	nan	nan
14.000000000000000	nan	nan	nan
14.000000000000000	nan	nan	nan
14.000000000000000	nan	nan	nan
14.000000000000000	nan	nan	nan
14.000000000000000	nan	nan	nan
14.000000000000000	nan	nan	nan
14.000000000000000	nan	nan	nan
14.000000000000000	nan	nan	nan
14.000000000000000	nan	nan	nan
14.000000000000000	nan	nan	nan
14.000000000000000	nan	nan	nan
14.000000000000000	nan	nan	nan
14.000000000000000	nan	nan	nan
14.000000000000000	nan	nan	nan
14.000000000000000	nan	nan	nan
14.000000000000000	nan	nan	nan
14.000000000000000	nan	nan	nan
14.000000000000000	nan	nan	nan
14.000000000000000	nan	nan	nan
14.000000000000000	nan	nan	nan
14.000000000000000	nan	nan	nan
14.000000000000000	nan	nan	nan
14.000000000000000	nan	nan	nan
14.000000000000000	nan	nan	nan
14.000000000000000	nan	nan	nan
14.000000000000000	nan	nan	nan
14.000000000000000	nan	nan	nan
14.000000000000000	nan	nan	nan
14.000000000000000	nan	nan	nan
14.000000000000000	nan	nan	nan
14.000000000000000	nan	nan	nan
14.000000000000000	nan	nan	nan
14.000000000000000	nan	nan	nan
14.000000000000000	nan	nan	nan
14.000000000000000	nan	nan	nan
14.000000000000000	nan	nan	nan
14.000000000000000	nan	nan	nan
14.000000000000000	nan	nan	nan
14.000000000000000	nan	nan	nan
14.000000000000000	nan	nan	nan
14.000000000000000	nan	nan	nan
14.000000000000000	nan	nan	nan
14.000000000000000	nan	nan	nan
14.000000000000000	nan	nan	nan
14.000000000000000	nan	nan	nan
14.000000000000000	nan	nan	nan
14.000000000000000	nan	nan	nan
14.000000000000000	nan	nan	nan
14.000000000000000	nan	nan	nan
14.000000000000000	nan	nan	nan
14.000000000000000	nan	nan	nan
14.000000000000000	nan	nan	nan
14.000000000000000	nan	nan	nan
14.000000000000000	nan	nan	nan
14.000000000000000	nan	nan	nan
14.000000000000000	nan	nan	nan
14.000000000000000	nan	nan	nan
14.000000000000000	nan	nan	nan
14.000000000000000	nan	nan	nan
14.000000000000000	nan	nan	nan
14.000000000000000	nan	nan	nan
14.000000000000000	nan	nan	nan
14.000000000000000	nan	nan	nan
14.000000000000000	nan	nan	nan
14.000000000000000	nan	nan	nan
14.000000000000000	nan	nan	nan
14.000000000000000	nan	nan	nan
14.000000000000000	nan	nan	nan
14.000000000000000	nan	nan	nan
14.000000000000000	nan	nan	nan
14.000000000000000	nan	nan	nan
14.000000000000000	nan	nan	nan
14.000000000000000	nan	nan	nan
14.000000000000000	nan	nan	nan
14.000000000000000	nan	nan	nan
14.000000000000000	nan	nan	nan
14.000000000000000	nan	nan	nan


15.000000000000000	0.091088277331791	1.322218100408145	-0.052160810852530
15.000000000000000	-0.011406520860880	1.325842219876349	-0.054880783111539
15.000000000000000	-0.113944477313771	1.322834453907956	-0.057328754286901
15.000000000000000	-0.216112707866378	1.313206913714947	-0.059494867262689
15.000000000000000	-0.317499817113906	1.296998366003701	-0.061370399866466
15.000000000000000	-0.417697554951363	1.274274076875144	-0.062947799990393
15.000000000000000	-0.516302460452647	1.245125549021201	-0.064220716000905
15.000000000000000	-0.612917486465290	1.209670153275748	-0.065184022314495
15.000000000000000	-0.707153598379209	1.168050656003691	-0.065833840036632
15.000000000000000	-0.798631340631778	1.120434644231203	-0.066167552580698
15.000000000000000	-0.886982364641443	1.067013850831916	-0.066183816204059
15.000000000000000	-0.971850912017461	1.008003382486315	-0.065882565418845
15.000000000000000	-1.052895247073374	0.943640853523047	-0.065265013255642
15.000000000000000	-1.129789032876005	0.874185429129897	-0.064333646379052
15.000000000000000	-1.202222645289108	0.799916781787036	-0.063092215074765
15.000000000000000	-1.269904419720490	0.721133965124656	-0.061545718148489
15.000000000000000	-1.332561825552374	0.638154209739554	-0.059700382797519
15.000000000000000	-1.389942563526018	0.551311645819477	-0.057563639536014
15.000000000000000	-1.441815581661774	0.460955957718789	-0.055144092274938
15.000000000000000	-1.487972005623869	0.367450975902996	-0.052451483677148
15.000000000000000	-1.528225979783630	0.271173211931869	-0.049496655927126
15.000000000000000	-1.562415415594505	0.172510342380282	-0.046291507073335
15.000000000000000	-1.590402644265431	0.071859647801475	-0.042848943118971
15.000000000000000	-1.612074971104470	-0.030373586981519	-0.039182826054047
15.000000000000000	-1.627345129300551	-0.133777704814812	-0.035307918038050
15.000000000000000	-1.636151631316129	-0.237936333811728	-0.031239821957936
15.000000000000000	-1.638459016475784	-0.342430063935436	-0.026994918600811
15.000000000000000	-1.634257993753858	-0.446838135815139	-0.022590300694281
15.000000000000000	-1.623565479186125	-0.550740134995555	-0.018043704080074
15.000000000000000	-1.606424527754895	-0.653717684797548	-0.013373436298062
15.000000000000000	-1.582904160021789	-0.755356130973350	-0.008598302868261
15.000000000000000	-1.553099084206300	-0.855246211372867	-0.003737531567640
15.000000000000000	-1.517129314829222	-0.952985703897912	0.001189304993353
15.000000000000000	-1.475139689456530	-1.048181046108631	0.006162368182783
15.000000000000000	-1.427299285489624	-1.140448919960545	0.011161633230398
15.000000000000000	-1.373800739350306	-1.229417795291023	0.016166969860310
15.000000000000000	-1.314859470801900	-1.314729425840119	0.021158223348514
15.000000000000000	-1.250712815529898	-1.396040291781821	0.026115295678844
15.000000000000000	-1.181619069474917	-1.473022982957144	0.031018226470593
15.000000000000000	-1.107856448766113	-1.545367517239288	0.035847273351922
15.000000000000000	-1.029721969443025	-1.612782588722250	0.040582991455422
15.000000000000000	-0.947530251476807	-1.674996740706897	0.045206311715733
15.000000000000000	-0.861612251906656	-1.731759458761286	0.049698617653937
15.000000000000000	-0.772313932192618	-1.782842179453858	0.054041820339555
15.000000000000000	-0.679994865150895	-1.828039210697713	0.058218431228276
15.000000000000000	-0.585026787081026	-1.867168560000042	0.062211632582160
15.000000000000000	-0.487792100915006	-1.900072667281665	0.066005345188732
15.000000000000000	-0.388682336415650	-1.926619039315857	0.069584293106291
15.000000000000000	-0.288096573624421	-1.946700783231815	0.072934065174742
15.000000000000000	-0.186439835906964	-1.960237036934514	0.076041173044245
15.000000000000000	-0.084121459066952	-1.967173294707831	0.078893105488044
15.000000000000000	0.018446556904711	-1.967481626689821	0.081478378780760
15.000000000000000	0.120851206808451	-1.961160791336417	0.083786582939300
15.000000000000000	0.222680143262188	-1.948236240420688	0.085808423640183
15.000000000000000	0.323523337078712	-1.928760016547531	0.087535759644503
15.000000000000000	0.422974728308500	-1.902810543596471	0.088961635579823
15.000000000000000	0.520633861299819	-1.870492310936378	0.090080309947005
15.000000000000000	0.616107497192295	-1.831935452683655	0.090887278239202
15.000000000000000	0.709011197351015	-1.787295223698084	0.091379291079915
15.000000000000000	0.798970871365220	-1.736751374426297	0.091554367307089
15.000000000000000	0.885624283378363	-1.680507427110177	0.091411801950548
15.000000000000000	0.968622510684047	-1.618789856274614	0.090952169070665
15.000000000000000	1.047631348714621	-1.551847176794531	0.090177319446823
15.000000000000000	1.122332656765012	-1.479948943213193	0.089090373124980
15.000000000000000	1.192425639033063	-1.403384664341199	0.087695706854342
15.000000000000000	1.257628055818061	-1.322462637506680	0.085998936463741
15.000000000000000	1.317677360000401	-1.237508707150773	0.084006894248678
15.000000000000000	1.372331754226166	-1.148864952767064	0.081727601460072
15.000000000000000	1.421371164539738	-1.056888311468194	0.079170236005522
15.000000000000000	1.464598126543939	-0.961949140726089	0.076345095493106
15.000000000000000	1.501838580519464	-0.864429727073140	0.073263555766553
15.000000000000000	1.532942572301941	-0.764722746769260	0.069938025098731
15.000000000000000	1.557784857094421	-0.663229684633174	0.066381894227914
15.000000000000000	1.576265403783975	-0.560359217404759	0.062609482438004
15.000000000000000	1.588309797731677	-0.456525568148054	0.058635979899830
15.000000000000000	1.593869540414095	-0.352146838321177	0.054477386505691
15.000000000000000	1.592922244709722	-0.247643324229319	0.050150447443435
15.000000000000000	1.585471725044017	-0.143435824639862	0.045672585769500
15.000000000000000	1.571547982030061	-0.039943946374265	0.041061832252413
15.000000000000000	1.551207081666672	0.062415585300507	0.036336752769251
15.000000000000000	1.524530929580419	0.163230604677561	0.031516373547405
15.000000000000000	1.491626941220572	0.262095165255899	0.026620104552678
15.000000000000000	1.452627609334999	0.358611174343701	0.021667661332205
15.000000000000000	1.407689970468631	0.452389996037094	0.016678985626901
15.000000000000000	1.356994972632725	0.543054016119771	0.011674165073109
15.000000000000000	1.300746746691079	0.630238162582161	0.006673352316778
15.000000000000000	1.239171784397103	0.713591375637559	0.001696683865874
15.000000000000000	1.172518026391455	0.792778021315988	-0.003235800992237
15.000000000000000	1.101053863832593	0.867479242943735	-0.008104240881921
15.000000000000000	1.025067057680311	0.937394245066637	-0.012889032314027
15.000000000000000	0.944863579983917	1.002241504647207	-0.017570908622221
15.000000000000000	0.860766381840775	1.061759904658552	-0.022131017543048
15.000000000000000	0.773114092986226	1.115709785510473	-0.026550997127347
15.000000000000000	0.682259658251156	1.163873910074056	-0.030813049677335
15.000000000000000	0.588568916377739	1.206058338418909	-0.034900013411660
15.000000000000000	0.492419126915935	1.242093208740819	-0.038795431569830
15.000000000000000	0.394197451132436	1.271833421335283	-0.042483618677788
15.000000000000000	0.294299393048897	1.295159222862805	-0.045949723707771
15.000000000000000	0.193127206886822	1.311976688553331	-0.049179789878164
15.000000000000000	0.091088277331791	1.322218100408145	-0.052160810852530


16.000000000000000	nan	nan	nan
16.000000000000000	nan	nan	nan
16.000000000000000	nan	nan	nan
16.000000000000000	nan	nan	nan
16.000000000000000	nan	nan	nan
16.000000000000000	nan	nan	nan
16.000000000000000	nan	nan	nan
16.000000000000000	nan	nan	nan
16.000000000000000	nan	nan	nan
16.000000000000000	nan	nan	nan
16.000000000000000	nan	nan	nan
16.000000000000000	nan	nan	nan
16.000000000000000	nan	nan	nan
16.000000000000000	nan	nan	nan
16.000000000000000	nan	nan	nan
16.000000000000000	nan	nan	nan
16.000000000000000	nan	nan	nan
16.000000000000000	nan	nan	nan
16.000000000000000	nan	nan	nan
16.000000000000000	nan	nan	nan
16.000000000000000	nan	nan	nan
16.000000000000000	nan	nan	nan
16.000000000000000	nan	nan	nan
16.000000000000000	nan	nan	nan
16.000000000000000	nan	nan	nan
16.000000000000000	nan	nan	nan
16.000000000000000	nan	nan	nan
16.000000000000000	nan	nan	nan
16.000000000000000	nan	nan	nan
16.000000000000000	nan	nan	nan
16.000000000000000	nan	nan	nan
16.000000000000000	nan	nan	nan
16.000000000000000	nan	nan	nan
16.000000000000000	nan	nan	nan
16.000000000000000	nan	nan	nan
16.000000000000000	nan	nan	nan
16.000000000000000	nan	nan	nan
16.000000000000000	nan	nan	nan
16.000000000000000	nan	nan	nan
16.000000000000000	nan	nan	nan
16.000000000000000	nan	nan	nan
16.000000000000000	nan	nan	nan
16.000000000000000	nan	nan	nan
16.000000000000000	nan	nan	nan
16.000000000000000	nan	nan	nan
16.000000000000000	nan	nan	nan
16.000000000000000	nan	nan	nan
16.000000000000000	nan	nan	nan
16.000000000000000	nan	nan	nan
16.000000000000000	nan	nan	nan
16.000000000000000	nan	nan	nan
16.000000000000000	nan	nan	nan
16.000000000000000	nan	nan	nan
16.000000000000000	nan	nan	nan
16.000000000000000	nan	nan	nan
16.000000000000000	nan	nan	nan
16.000000000000000	nan	nan	nan
16.000000000000000	nan	nan	nan
16.000000000000000	nan	nan	nan
16.000000000000000	nan	nan	nan
16.000000000000000	nan	nan	nan
16.000000000000000	nan	nan	nan
16.000000000000000	nan	nan	nan
16.000000000000000	nan	nan	nan
16.000000000000000	nan	nan	nan
16.000000000000000	nan	nan	nan
16.000000000000000	nan	nan	nan
16.000000000000000	nan	nan	nan
16.000000000000000	nan	nan	nan
16.000000000000000	nan	nan	nan
16.000000000000000	nan	nan	nan
16.000000000000000	nan	nan	nan
16.000000000000000	nan	nan	nan
16.000000000000000	nan	nan	nan
16.000000000000000	nan	nan	nan
16.000000000000000	nan	nan	nan
16.000000000000000	nan	nan	nan
16.000000000000000	nan	nan	nan
16.000000000000000	nan	nan	nan
16.000000000000000	nan	nan	nan
16.000000000000000	nan	nan	nan
16.000000000000000	nan	nan	nan
16.000000000000000	nan	nan	nan
16.000000000000000	nan	nan	nan
16.000000000000000	nan	nan	nan
16.000000000000000	nan	nan	nan
16.000000000000000	nan	nan	nan
16.000000000000000	nan	nan	nan
16.000000000000000	nan	nan	nan
16.000000000000000	nan	nan	nan
16.000000000000000	nan	nan	nan
16.000000000000000	nan	nan	nan
16.000000000000000	nan	nan	nan
16.000000000000000	nan	nan	nan
16.000000000000000	nan	nan	nan
16.000000000000000	nan	nan	nan
16.000000000000000	nan	nan	nan
16.000000000000000	nan	nan	nan
16.000000000000000	nan	nan	nan
16.000000000000000	nan	nan	nan


