# n	x	y	z
1.000000000000000	-0.746204769899365	-0.751318606966932	0.004393263527921
1.000000000000000	-0.693940682961814	-0.800026771348359	0.004294856161928
1.000000000000000	-0.638686411414730	-0.845316237148557	0.004178001390255
1.000000000000000	-0.580664444707984	-0.887004639673382	0.004043169745823
1.000000000000000	-0.520108416823011	-0.924924114439530	0.003890904148077
1.000000000000000	-0.457262165511232	-0.958921973105559	0.003721817716838
1.000000000000000	-0.392378750445487	-0.988861318293954	0.003536591303486
1.000000000000000	-0.325719434238048	-1.014621594828546	0.003335970749412
1.000000000000000	-0.257552630428293	-1.036099075167659	0.003120763882782
1.000000000000000	-0.188152822676114	-1.053207277078311	0.002891837265691
1.000000000000000	-0.117799459513100	-1.065877311869642	0.002650112704827
1.000000000000000	-0.046775829101927	-1.074058161783355	0.002396563539681
1.000000000000000	0.024632081465087	-1.077716885424228	0.002132210723255
1.000000000000000	0.096136737735064	-1.076838750403485	0.001858118711036
1.000000000000000	0.167450215694331	-1.071427292660919	0.001575391174821
1.000000000000000	0.238285361136791	-1.061504302226922	0.001285166558609
1.000000000000000	0.308356945932571	-1.047109735481712	0.000988613494498
1.000000000000000	0.377382816541028	-1.028301554265100	0.000686926097010
1.000000000000000	0.445085030143473	-1.005155492484616	0.000381319154816
1.000000000000000	0.511190973820802	-0.977764751161790	0.000073023239210
1.000000000000000	0.575434462269509	-0.946239623144538	-0.000236720250966
1.000000000000000	0.637556809635949	-0.910707048996788	-0.000546664088000
1.000000000000000	0.697307871152973	-0.871310105853633	-0.000855560237453
1.000000000000000	0.754447050384617	-0.828207431300205	-0.001162164883553
1.000000000000000	0.808744268023032	-0.781572584594109	-0.001465243437606
1.000000000000000	0.859980888336653	-0.731593347803553	-0.001763575509244
1.000000000000000	0.907950599539123	-0.678470969675232	-0.002055959820509
1.000000000000000	0.952460244534040	-0.622419355276657	-0.002341219042974
1.000000000000000	0.993330598690411	-0.563664204675942	-0.002618204538431
1.000000000000000	1.030397091516986	-0.502442104127292	-0.002885800984050
1.000000000000000	1.063510469329539	-0.438999573421658	-0.003142930863392
1.000000000000000	1.092537396242780	-0.373592073238546	-0.003388558805184
1.000000000000000	1.117360991066903	-0.306482976496022	-0.003621695752397
1.000000000000000	1.137881297946883	-0.237942507840933	-0.003841402944830
1.000000000000000	1.154015688849430	-0.168246655549620	-0.004046795699164
1.000000000000000	1.165699196276911	-0.097676060220544	-0.004237046971267
1.000000000000000	1.172884774868537	-0.026514884733643	-0.004411390686416
1.000000000000000	1.175543490835425	0.044950329973290	-0.004569124824003
1.000000000000000	1.173664638466754	0.116431818703833	-0.004709614244327
1.000000000000000	1.167255783237882	0.187641750731814	-0.004832293246078
1.000000000000000	1.156342731346852	0.258293388794058	-0.004936667844215
1.000000000000000	1.140969425801934	0.328102243680145	-0.005022317759068
1.000000000000000	1.121197769478645	0.396787219770046	-0.005088898108661
1.000000000000000	1.097107375858718	0.464071746906985	-0.005136140797424
1.000000000000000	1.068795248454704	0.529684894047833	-0.005163855595725
1.000000000000000	1.036375390211070	0.593362460206808	-0.005171930905852
1.000000000000000	0.999978344454578	0.654848038299586	-0.005160334211381
1.000000000000000	0.959750669242377	0.713894047604139	-0.005129112208108
1.000000000000000	0.915854347224439	0.770262730680920	-0.005078390616021
1.000000000000000	0.868466133396600	0.823727110738153	-0.005008373673069
1.000000000000000	0.817776843370566	0.874071905587269	-0.004919343312769
1.000000000000000	0.763990585026806	0.921094394508289	-0.004811658028960
1.000000000000000	0.707323936644143	0.964605234534626	-0.004685751432273
1.000000000000000	0.648005074815475	1.004429222870372	-0.004542130504134
1.000000000000000	0.586272855661163	1.040406002370129	-0.004381373555330
1.000000000000000	0.522375853039740	1.072390707240629	-0.004204127897358
1.000000000000000	0.456571357628712	1.100254546364163	-0.004011107235923
1.000000000000000	0.389124340905815	1.123885321894948	-0.003803088797104
1.000000000000000	0.320306388202385	1.143187881040256	-0.003580910197735
1.000000000000000	0.250394605125094	1.158084499207129	-0.003345466072619
1.000000000000000	0.179670501749463	1.168515192971875	-0.003097704472149
1.000000000000000	0.108418859078157	1.174437961612153	-0.002838623044846
1.000000000000000	0.036926582328388	1.175828956229052	-0.002569265020174
1.000000000000000	-0.034518454334125	1.172682575778195	-0.002290715007832
1.000000000000000	-0.105628566962824	1.165011489623159	-0.002004094630406
1.000000000000000	-0.176117420232023	1.152846586520431	-0.001710558006995
1.000000000000000	-0.245701180408210	1.136236850241277	-0.001411287105981
1.000000000000000	-0.314099658248308	1.115249162331391	-0.001107486985656
1.000000000000000	-0.381037437222872	1.089968032802513	-0.000800380941879
1.000000000000000	-0.446244982521244	1.060495259840437	-0.000491205582299
1.000000000000000	-0.509459726373106	1.026949519899651	-0.000181205846965
1.000000000000000	-0.570427125316213	0.989465889835138	0.000128370004598
1.000000000000000	-0.628901685153086	0.948195302995551	0.000436275419702
1.000000000000000	-0.684647949469494	0.903303941467899	0.000741270571911
1.000000000000000	-0.737441447734333	0.854972566920926	0.001042127353395
1.000000000000000	-0.787069599163223	0.803395792741677	0.001337634320079
1.000000000000000	-0.833332568706309	0.748781300396069	0.001626601569707
1.000000000000000	-0.876044071713467	0.691349003168934	0.001907865533152
1.000000000000000	-0.915032124036848	0.631330160650832	0.002180293659706
1.000000000000000	-0.950139734550333	0.568966447537311	0.002442788977453
1.000000000000000	-0.981225537297398	0.504508980490192	0.002694294510396
1.000000000000000	-1.008164360721922	0.438217306979413	0.002933797534521
1.000000000000000	-1.030847731689862	0.370358360176970	0.003160333655680
1.000000000000000	-1.049184312272285	0.301205384111244	0.003372990692868
1.000000000000000	-1.063100267530970	0.231036833409738	0.003570912351253
1.000000000000000	-1.072539562825636	0.160135252060575	0.003753301670171
1.000000000000000	-1.077464189445676	0.088786135707577	0.003919424232208
1.000000000000000	-1.077854317657804	0.017276782060072	0.004068611120439
1.000000000000000	-1.073708376553405	-0.054104865953583	0.004200261611920
1.000000000000000	-1.065043060374021	-0.125071379630546	0.004313845596585
1.000000000000000	-1.051893261289538	-0.195337001867426	0.004408905711819
1.000000000000000	-1.034311928899730	-0.264618797803291	0.004485059184088
1.000000000000000	-1.012369857024908	-0.332637794098484	0.004541999370236
1.000000000000000	-0.986155398644194	-0.399120102261806	0.004579496992232
1.000000000000000	-0.955774110129259	-0.463798021502799	0.004597401060385
1.000000000000000	-0.921348326206065	-0.526411116668348	0.004595639481333
1.000000000000000	-0.883016667356105	-0.586707266923125	0.004574219348332
1.000000000000000	-0.840933481640647	-0.644443680951202	0.004533226912698
1.000000000000000	-0.795268223195571	-0.699387874590996	0.004472827236502
1.000000000000000	-0.746204769899365	-0.751318606966932	0.004393263527921


2.000000000000000	-0.226029107686908	-0.659225371751856	0.055244778027536
2.000000000000000	-0.181242978220264	-0.672400640661537	0.062273965475609
2.000000000000000	-0.135666718303044	-0.682692437076399	0.069037652378334
2.000000000000000	-0.089483847448078	-0.690059319564705	0.075508603755756
2.000000000000000	-0.042880327776344	-0.694471624290770	0.081660763370560
2.000000000000000	0.003956184786864	-0.695911584460758	0.087469358647342
2.000000000000000	0.050837096136107	-0.694373401863288	0.092911000423033
2.000000000000000	0.097573633387709	-0.689863270216790	0.097963777126793
2.000000000000000	0.143977605001527	-0.682399350229580	0.102607343010183
2.000000000000000	0.189862158561864	-0.672011696473103	0.106823000072309
2.000000000000000	0.235042533166200	-0.658742136362779	0.110593773350071
2.000000000000000	0.279336803392136	-0.642644101733763	0.113904479270350
2.000000000000000	0.322566611846857	-0.623782413689806	0.116741786788899
2.000000000000000	0.364557887349409	-0.602233021591545	0.119094271069750
2.000000000000000	0.405141545853902	-0.578082697235236	0.120952459488999
2.000000000000000	0.444154171291288	-0.551428685453355	0.122308869777717
2.000000000000000	0.481438673588192	-0.522378312543982	0.123158040150409
2.000000000000000	0.516844921213199	-0.491048554105673	0.123496551297694
2.000000000000000	0.550230345703537	-0.457565564018018	0.123323040154656
2.000000000000000	0.581460515737960	-0.422064166464485	0.122638205389428
2.000000000000000	0.610409678444235	-0.384687313043026	0.121444804589903
2.000000000000000	0.636961265761569	-0.345585507150443	0.119747643159896
2.000000000000000	0.661008363819053	-0.304916197958325	0.117553554969484
2.000000000000000	0.682454143440084	-0.262843146420810	0.114871374837419
2.000000000000000	0.701212250039280	-0.219535765867017	0.111711902956435
2.000000000000000	0.717207151341925	-0.175168439833369	0.108087861404681
2.000000000000000	0.730374441525772	-0.129919819882629	0.104013842918402
2.000000000000000	0.740661100560566	-0.083972106237122	0.099506252132143
2.000000000000000	0.748025707700984	-0.037510314122739	0.094583239523075
2.000000000000000	0.752438608273365	0.009278471222075	0.089264628325427
2.000000000000000	0.753882033084610	0.056205847872548	0.083571834709323
2.000000000000000	0.752350169972451	0.103082855845633	0.077527781545417
2.000000000000000	0.747849187208979	0.149720737975170	0.071156806102590
2.000000000000000	0.740397208663189	0.195931699970374	0.064484562050354
2.000000000000000	0.730024240822556	0.241529666597160	0.057537916160581
2.000000000000000	0.716772051967500	0.286331030937441	0.050344840124493
2.000000000000000	0.700694003985262	0.330155393709382	0.042934297920537
2.000000000000000	0.681854837500420	0.372826289671634	0.035336129186662
2.000000000000000	0.660330411187241	0.414171898186586	0.027580929066634
2.000000000000000	0.636207396313578	0.454025735081422	0.019699925014187
2.000000000000000	0.609582927746259	0.492227323021130	0.011724851051089
2.000000000000000	0.580564212823263	0.528622837694089	0.003687819985436
2.000000000000000	0.549268099667611	0.563065727208282	-0.004378805895290
2.000000000000000	0.515820606681213	0.595417302204038	-0.012442545135733
2.000000000000000	0.480356415113241	0.625547294307136	-0.020470927904019
2.000000000000000	0.443018326746273	0.653334380673569	-0.028431626736306
2.000000000000000	0.403956688883919	0.678666672513820	-0.036292586708077
2.000000000000000	0.363328788955286	0.701442165629521	-0.044022154508002
2.000000000000000	0.321298221174025	0.721569151148365	-0.051589205894653
2.000000000000000	0.278034227802164	0.738966584803361	-0.058963271022840
2.000000000000000	0.233711017671253	0.753564413269496	-0.066114657134922
2.000000000000000	0.188507064704890	0.765303856243751	-0.073014568123063
2.000000000000000	0.142604389267216	0.774137643132629	-0.079635220480995
2.000000000000000	0.096187825231156	0.780030203394161	-0.085949955178389
2.000000000000000	0.049444275717645	0.782957809767915	-0.091933345007366
2.000000000000000	0.002561960502731	0.782908673816305	-0.097561296968885
2.000000000000000	-0.044270341877038	0.779882993392466	-0.102811149286746
2.000000000000000	-0.090864054269147	0.773892951843569	-0.107661762658570
2.000000000000000	-0.137031560238754	0.764962668952784	-0.112093605376301
2.000000000000000	-0.182586959533853	0.753128103817424	-0.116088831973506
2.000000000000000	-0.227346816639977	0.738436910054354	-0.119631355082768
2.000000000000000	-0.271130899410271	0.720948243915692	-0.122706910213839
2.000000000000000	-0.313762904796740	0.700732526087463	-0.125303113191703
2.000000000000000	-0.355071168760392	0.677871158130349	-0.127409510023282
2.000000000000000	-0.394889357501741	0.652456194704336	-0.129017618991974
2.000000000000000	-0.433057137228306	0.624589972897089	-0.130120964810536
2.000000000000000	-0.469420819762209	0.594384700148614	-0.130715104694775
2.000000000000000	-0.503833981388221	0.561962002431509	-0.130797646253074
2.000000000000000	-0.536158052450384	0.527452434506090	-0.130368257119711
2.000000000000000	-0.566262875323111	0.490994954222456	-0.129428666293177
2.000000000000000	-0.594027228510004	0.452736362986268	-0.127982657174106
2.000000000000000	-0.619339314760033	0.412830714641304	-0.126036052330861
2.000000000000000	-0.642097211235613	0.371438695148999	-0.123596690054104
2.000000000000000	-0.662209279919895	0.328726975562792	-0.120674392794766
2.000000000000000	-0.679594536610718	0.284867540902622	-0.117280927612503
2.000000000000000	-0.694182977015403	0.240036997631953	-0.113429958793903
2.000000000000000	-0.705915858633341	0.194415862525873	-0.109136992831221
2.000000000000000	-0.714745937291304	0.148187835793760	-0.104419315983215
2.000000000000000	-0.720637657379058	0.101539061383368	-0.099295924669476
2.000000000000000	-0.723567295019256	0.054657377444857	-0.093787448978557
2.000000000000000	-0.723523053595116	0.007731559972847	-0.087916069597881
2.000000000000000	-0.720505111251241	-0.039049437327878	-0.081705428499948
2.000000000000000	-0.714525620176284	-0.085497243892247	-0.075180533744454
2.000000000000000	-0.705608657670380	-0.131424830796691	-0.068367658779656
2.000000000000000	-0.693790129194355	-0.176647263858601	-0.061294236648476
2.000000000000000	-0.679117623791104	-0.220982448301012	-0.053988749525317
2.000000000000000	-0.661650222461319	-0.264251861984003	-0.046480614028398
2.000000000000000	-0.641458260265142	-0.306281274250340	-0.038800062769414
2.000000000000000	-0.618623043107712	-0.346901447490848	-0.030978022617483
2.000000000000000	-0.593236520348973	-0.385948818604524	-0.023045990167557
2.000000000000000	-0.565400914556061	-0.423266157609419	-0.015035904914749
2.000000000000000	-0.535228309889098	-0.458703200752283	-0.006980020645264
2.000000000000000	-0.502840200777847	-0.492117255567663	0.001089224438220
2.000000000000000	-0.468367002706517	-0.523373775450100	0.009139338333741
2.000000000000000	-0.431947527076641	-0.552346901425820	0.017137906073880
2.000000000000000	-0.393728422262553	-0.578919968942406	0.025052720249391
2.000000000000000	-0.353863583110145	-0.602985977635765	0.032851910697075
2.000000000000000	-0.312513531256637	-0.624448022182837	0.040504072829674
2.000000000000000	-0.269844768766600	-0.643219682505127	0.047978394091062
2.000000000000000	-0.226029107686908	-0.659225371751856	0.055244778027536


3.000000000000000	0.165611146681065	0.420460648139619	0.013813078250852
3.000000000000000	0.135670233743341	0.431117946214124	0.015176750964278
3.000000000000000	0.105106533409489	0.439845085232192	0.016472932375920
3.000000000000000	0.074043114913485	0.446606924085189	0.017696403220713
3.000000000000000	0.042605059677974	0.451376235234601	0.018842237013380
3.000000000000000	0.010918957655522	0.454133814347729	0.019905819885654
3.000000000000000	-0.020887602404437	0.454868557626754	0.020882869164693
3.000000000000000	-0.052686546710471	0.453577506519815	0.021769450617893
3.000000000000000	-0.084349832137097	0.450265859634051	0.022561994294657
3.000000000000000	-0.115749961809262	0.444946951802646	0.023257308901320
3.000000000000000	-0.146760498487256	0.437642200390162	0.023852594651370
3.000000000000000	-0.177256573684852	0.428381019052369	0.024345454539193
3.000000000000000	-0.207115390470631	0.417200699297840	0.024733903991972
3.000000000000000	-0.236216717927877	0.404146260328201	0.025016378860862
3.000000000000000	-0.264443375282055	0.389270267761701	0.025191741719264
3.000000000000000	-0.291681703746420	0.372632621970015	0.025259286442840
3.000000000000000	-0.317822024185845	0.354300316880594	0.025218741052827
3.000000000000000	-0.342759078755985	0.334347170215759	0.025070268811202
3.000000000000000	-0.366392454739462	0.312853526254792	0.024814467563279
3.000000000000000	-0.388626988872445	0.289905932315875	0.024452367330399
3.000000000000000	-0.409373150533520	0.265596790260590	0.023985426162400
3.000000000000000	-0.428547402251906	0.240023984424233	0.023415524266562
3.000000000000000	-0.446072536083367	0.213290487470146	0.022744956436674
3.000000000000000	-0.461877984499349	0.185503945755140	0.021976422812716
3.000000000000000	-0.475900104537516	0.156776245875616	0.021113018008342
3.000000000000000	-0.488082434069495	0.127223064139725	0.020158218649966
3.000000000000000	-0.498375919153936	0.096963400779708	0.019115869377613
3.000000000000000	-0.506739111559427	0.066119100779954	0.017990167363913
3.000000000000000	-0.513138335661888	0.034814363250260	0.016785645413566
3.000000000000000	-0.517547824044423	0.003175241319845	0.015507153711336
3.000000000000000	-0.519949821253619	-0.028670865434108	0.014159840292074
3.000000000000000	-0.520334655294483	-0.060595723979584	0.012749130311392
3.000000000000000	-0.518700776576157	-0.092470784178903	0.011280704200482
3.000000000000000	-0.515054764151574	-0.124167696414744	0.009760474793020
3.000000000000000	-0.509411299225929	-0.155558828408763	0.008194563516274
3.000000000000000	-0.501793106040653	-0.186517779151722	0.006589275742278
3.000000000000000	-0.492230860370908	-0.216919887875750	0.004951075398321
3.000000000000000	-0.480763066005072	-0.246642736019249	0.003286558938996
3.000000000000000	-0.467435899703569	-0.275566640163240	0.001602428784603
3.000000000000000	-0.452303025261355	-0.303575133954246	-0.000094533667129
3.000000000000000	-0.435425377422756	-0.330555437073195	-0.001797495347339
3.000000000000000	-0.416870916518756	-0.356398909361956	-0.003499599030391
3.000000000000000	-0.396714354814735	-0.381001488278915	-0.005193990945500
3.000000000000000	-0.375036855670541	-0.404264107922100	-0.006873848374448
3.000000000000000	-0.351925706724291	-0.426093097932605	-0.008532407124265
3.000000000000000	-0.327473968415855	-0.446400560672063	-0.010162988764244
3.000000000000000	-0.301780099265312	-0.465104725155416	-0.011759027517623
3.000000000000000	-0.274947559415241	-0.482130276313806	-0.013314096699654
3.000000000000000	-0.247084394033239	-0.497408658261782	-0.014821934595594
3.000000000000000	-0.218302798252171	-0.510878350347649	-0.016276469674418
3.000000000000000	-0.188718665399960	-0.522485114875420	-0.017671845036732
3.000000000000000	-0.158451120338068	-0.532182215500878	-0.019002441998442
3.000000000000000	-0.127622039787718	-0.539930605422334	-0.020262902715207
3.000000000000000	-0.096355561575354	-0.545699084608322	-0.021448151756595
3.000000000000000	-0.064777584773428	-0.549464425429109	-0.022553416543041
3.000000000000000	-0.033015262749271	-0.551211466186161	-0.023574246563346
3.000000000000000	-0.001196491163362	-0.550933172162958	-0.024506531295315
3.000000000000000	0.030550607021360	-0.548630663951310	-0.025346516757376
3.000000000000000	0.062098197445447	-0.544313212939128	-0.026090820624541
3.000000000000000	0.093319249096785	-0.537998203977822	-0.026736445847834
3.000000000000000	0.124088045819651	-0.529711065379634	-0.027280792722350
3.000000000000000	0.154280692529296	-0.519485166526807	-0.027721669355350
3.000000000000000	0.183775614093728	-0.507361683504853	-0.028057300492237
3.000000000000000	0.212454044873854	-0.493389433300995	-0.028286334664882
3.000000000000000	0.240200506950798	-0.477624677235383	-0.028407849633507
3.000000000000000	0.266903275114716	-0.460130894416623	-0.028421356100222
3.000000000000000	0.292454826742787	-0.440978526133803	-0.028326799679253
3.000000000000000	0.316752274754866	-0.420244692214289	-0.028124561115934
3.000000000000000	0.339697781903442	-0.398012880489398	-0.027815454753580
3.000000000000000	0.361198954729700	-0.374372610618367	-0.027400725254416
3.000000000000000	0.381169215599376	-0.349419073624280	-0.026882042587757
3.000000000000000	0.399528151320324	-0.323252748593417	-0.026261495305638
3.000000000000000	0.416201836938070	-0.295978998081436	-0.025541582132945
3.000000000000000	0.431123133405504	-0.267707643855549	-0.024725201905936
3.000000000000000	0.444231957928131	-0.238552524681024	-0.023815641899647
3.000000000000000	0.455475525896274	-0.208631037932660	-0.022816564591202
3.000000000000000	0.464808563430075	-0.178063666876990	-0.021731992912304
3.000000000000000	0.472193489681421	-0.146973495528693	-0.020566294050309
3.000000000000000	0.477600568158764	-0.115485713034705	-0.019324161863110
3.000000000000000	0.481008026465468	-0.083727109581714	-0.018010597978621
3.000000000000000	0.482402143969573	-0.051825565856823	-0.016630891654991
3.000000000000000	0.481777307051937	-0.019909538117161	-0.015190598482627
3.000000000000000	0.479136031710294	0.011892459058127	-0.013695518013791
3.000000000000000	0.474488953428223	0.043452370250733	-0.012151670409852
3.000000000000000	0.467854784349809	0.074643114837158	-0.010565272200219
3.000000000000000	0.459260237932441	0.105339098697532	-0.008942711250574
3.000000000000000	0.448739921381152	0.135416719938805	-0.007290521041187
3.000000000000000	0.436336196297612	0.164754866595947	-0.005615354358902
3.000000000000000	0.422099008104916	0.193235404307087	-0.003923956508709
3.000000000000000	0.406085684934989	0.220743651998891	-0.002223138152782
3.000000000000000	0.388360706788433	0.247168843666766	-0.000519747886347
3.000000000000000	0.368995445896325	0.272404574390475	0.001179355339194
3.000000000000000	0.348067879329429	0.296349228789186	0.002867329834839
3.000000000000000	0.325662275012054	0.318906390190752	0.004537378723055
3.000000000000000	0.301868852404869	0.339985228867620	0.006182777306402
3.000000000000000	0.276783419222973	0.359500867776081	0.007796900145519
3.000000000000000	0.250506985652042	0.377374724326174	0.009373247737426
3.000000000000000	0.223145357615962	0.393534826806040	0.010905472686733
3.000000000000000	0.194808710733719	0.407916104186597	0.012387405264359
3.000000000000000	0.165611146681065	0.420460648139619	0.013813078250852


4.000000000000000	nan	nan	nan
4.000000000000000	nan	nan	nan
4.000000000000000	nan	nan	nan
4.000000000000000	nan	nan	nan
4.000000000000000	nan	nan	nan
4.000000000000000	nan	nan	nan
4.000000000000000	nan	nan	nan
4.000000000000000	nan	nan	nan
4.000000000000000	nan	nan	nan
4.000000000000000	nan	nan	nan
4.000000000000000	nan	nan	nan
4.000000000000000	nan	nan	nan
4.000000000000000	nan	nan	nan
4.000000000000000	nan	nan	nan
4.000000000000000	nan	nan	nan
4.000000000000000	nan	nan	nan
4.000000000000000	nan	nan	nan
4.000000000000000	nan	nan	nan
4.000000000000000	nan	nan	nan
4.000000000000000	nan	nan	nan
4.000000000000000	nan	nan	nan
4.000000000000000	nan	nan	nan
4.000000000000000	nan	nan	nan
4.000000000000000	nan	nan	nan
4.000000000000000	nan	nan	nan
4.000000000000000	nan	nan	nan
4.000000000000000	nan	nan	nan
4.000000000000000	nan	nan	nan
4.000000000000000	nan	nan	nan
4.000000000000000	nan	nan	nan
4.000000000000000	nan	nan	nan
4.000000000000000	nan	nan	nan
4.000000000000000	nan	nan	nan
4.000000000000000	nan	nan	nan
4.000000000000000	nan	nan	nan
4.000000000000000	nan	nan	nan
4.000000000000000	nan	nan	nan
4.000000000000000	nan	nan	nan
4.000000000000000	nan	nan	nan
4.000000000000000	nan	nan	nan
4.000000000000000	nan	nan	nan
4.000000000000000	nan	nan	nan
4.000000000000000	nan	nan	nan
4.000000000000000	nan	nan	nan
4.000000000000000	nan	nan	nan
4.000000000000000	nan	nan	nan
4.000000000000000	nan	nan	nan
4.000000000000000	nan	nan	nan
4.000000000000000	nan	nan	nan
4.000000000000000	nan	nan	nan
4.000000000000000	nan	nan	nan
4.000000000000000	nan	nan	nan
4.000000000000000	nan	nan	nan
4.000000000000000	nan	nan	nan
4.000000000000000	nan	nan	nan
4.000000000000000	nan	nan	nan
4.000000000000000	nan	nan	nan
4.000000000000000	nan	nan	nan
4.000000000000000	nan	nan	nan
4.000000000000000	nan	nan	nan
4.000000000000000	nan	nan	nan
4.000000000000000	nan	nan	nan
4.000000000000000	nan	nan	nan
4.000000000000000	nan	nan	nan
4.000000000000000	nan	nan	nan
4.000000000000000	nan	nan	nan
4.000000000000000	nan	nan	nan
4.000000000000000	nan	nan	nan
4.000000000000000	nan	nan	nan
4.000000000000000	nan	nan	nan
4.000000000000000	nan	nan	nan
4.000000000000000	nan	nan	nan
4.000000000000000	nan	nan	nan
4.000000000000000	nan	nan	nan
4.000000000000000	nan	nan	nan
4.000000000000000	nan	nan	nan
4.000000000000000	nan	nan	nan
4.000000000000000	nan	nan	nan
4.000000000000000	nan	nan	nan
4.000000000000000	nan	nan	nan
4.000000000000000	nan	nan	nan
4.000000000000000	nan	nan	nan
4.000000000000000	nan	nan	nan
4.000000000000000	nan	nan	nan
4.000000000000000	nan	nan	nan
4.000000000000000	nan	nan	nan
4.000000000000000	nan	nan	nan
4.000000000000000	nan	nan	nan
4.000000000000000	nan	nan	nan
4.000000000000000	nan	nan	nan
4.000000000000000	nan	nan	nan
4.000000000000000	nan	nan	nan
4.000000000000000	nan	nan	nan
4.000000000000000	nan	nan	nan
4.000000000000000	nan	nan	nan
4.000000000000000	nan	nan	nan
4.000000000000000	nan	nan	nan
4.000000000000000	nan	nan	nan
4.000000000000000	nan	nan	nan
4.000000000000000	nan	nan	nan


5.000000000000000	nan	nan	nan
5.000000000000000	nan	nan	nan
5.000000000000000	nan	nan	nan
5.000000000000000	nan	nan	nan
5.000000000000000	nan	nan	nan
5.000000000000000	nan	nan	nan
5.000000000000000	nan	nan	nan
5.000000000000000	nan	nan	nan
5.000000000000000	nan	nan	nan
5.000000000000000	nan	nan	nan
5.000000000000000	nan	nan	nan
5.000000000000000	nan	nan	nan
5.000000000000000	nan	nan	nan
5.000000000000000	nan	nan	nan
5.000000000000000	nan	nan	nan
5.000000000000000	nan	nan	nan
5.000000000000000	nan	nan	nan
5.000000000000000	nan	nan	nan
5.000000000000000	nan	nan	nan
5.000000000000000	nan	nan	nan
5.000000000000000	nan	nan	nan
5.000000000000000	nan	nan	nan
5.000000000000000	nan	nan	nan
5.000000000000000	nan	nan	nan
5.000000000000000	nan	nan	nan
5.000000000000000	nan	nan	nan
5.000000000000000	nan	nan	nan
5.000000000000000	nan	nan	nan
5.000000000000000	nan	nan	nan
5.000000000000000	nan	nan	nan
5.000000000000000	nan	nan	nan
5.000000000000000	nan	nan	nan
5.000000000000000	nan	nan	nan
5.000000000000000	nan	nan	nan
5.000000000000000	nan	nan	nan
5.000000000000000	nan	nan	nan
5.000000000000000	nan	nan	nan
5.000000000000000	nan	nan	nan
5.000000000000000	nan	nan	nan
5.000000000000000	nan	nan	nan
5.000000000000000	nan	nan	nan
5.000000000000000	nan	nan	nan
5.000000000000000	nan	nan	nan
5.000000000000000	nan	nan	nan
5.000000000000000	nan	nan	nan
5.000000000000000	nan	nan	nan
5.000000000000000	nan	nan	nan
5.000000000000000	nan	nan	nan
5.000000000000000	nan	nan	nan
5.000000000000000	nan	nan	nan
5.000000000000000	nan	nan	nan
5.000000000000000	nan	nan	nan
5.000000000000000	nan	nan	nan
5.000000000000000	nan	nan	nan
5.000000000000000	nan	nan	nan
5.000000000000000	nan	nan	nan
5.000000000000000	nan	nan	nan
5.000000000000000	nan	nan	nan
5.000000000000000	nan	nan	nan
5.000000000000000	nan	nan	nan
5.000000000000000	nan	nan	nan
5.000000000000000	nan	nan	nan
5.000000000000000	nan	nan	nan
5.000000000000000	nan	nan	nan
5.000000000000000	nan	nan	nan
5.000000000000000	nan	nan	nan
5.000000000000000	nan	nan	nan
5.000000000000000	nan	nan	nan
5.000000000000000	nan	nan	nan
5.000000000000000	nan	nan	nan
5.000000000000000	nan	nan	nan
5.000000000000000	nan	nan	nan
5.000000000000000	nan	nan	nan
5.000000000000000	nan	nan	nan
5.000000000000000	nan	nan	nan
5.000000000000000	nan	nan	nan
5.000000000000000	nan	nan	nan
5.000000000000000	nan	nan	nan
5.000000000000000	nan	nan	nan
5.000000000000000	nan	nan	nan
5.000000000000000	nan	nan	nan
5.000000000000000	nan	nan	nan
5.000000000000000	nan	nan	nan
5.000000000000000	nan	nan	nan
5.000000000000000	nan	nan	nan
5.000000000000000	nan	nan	nan
5.000000000000000	nan	nan	nan
5.000000000000000	nan	nan	nan
5.000000000000000	nan	nan	nan
5.000000000000000	nan	nan	nan
5.000000000000000	nan	nan	nan
5.000000000000000	nan	nan	nan
5.000000000000000	nan	nan	nan
5.000000000000000	nan	nan	nan
5.000000000000000	nan	nan	nan
5.000000000000000	nan	nan	nan
5.000000000000000	nan	nan	nan
5.000000000000000	nan	nan	nan
5.000000000000000	nan	nan	nan
5.000000000000000	nan	nan	nan


6.000000000000000	nan	nan	nan
6.000000000000000	nan	nan	nan
6.000000000000000	nan	nan	nan
6.000000000000000	nan	nan	nan
6.000000000000000	nan	nan	nan
6.000000000000000	nan	nan	nan
6.000000000000000	nan	nan	nan
6.000000000000000	nan	nan	nan
6.000000000000000	nan	nan	nan
6.000000000000000	nan	nan	nan
6.000000000000000	nan	nan	nan
6.000000000000000	nan	nan	nan
6.000000000000000	nan	nan	nan
6.000000000000000	nan	nan	nan
6.000000000000000	nan	nan	nan
6.000000000000000	nan	nan	nan
6.000000000000000	nan	nan	nan
6.000000000000000	nan	nan	nan
6.000000000000000	nan	nan	nan
6.000000000000000	nan	nan	nan
6.000000000000000	nan	nan	nan
6.000000000000000	nan	nan	nan
6.000000000000000	nan	nan	nan
6.000000000000000	nan	nan	nan
6.000000000000000	nan	nan	nan
6.000000000000000	nan	nan	nan
6.000000000000000	nan	nan	nan
6.000000000000000	nan	nan	nan
6.000000000000000	nan	nan	nan
6.000000000000000	nan	nan	nan
6.000000000000000	nan	nan	nan
6.000000000000000	nan	nan	nan
6.000000000000000	nan	nan	nan
6.000000000000000	nan	nan	nan
6.000000000000000	nan	nan	nan
6.000000000000000	nan	nan	nan
6.000000000000000	nan	nan	nan
6.000000000000000	nan	nan	nan
6.000000000000000	nan	nan	nan
6.000000000000000	nan	nan	nan
6.000000000000000	nan	nan	nan
6.000000000000000	nan	nan	nan
6.000000000000000	nan	nan	nan
6.000000000000000	nan	nan	nan
6.000000000000000	nan	nan	nan
6.000000000000000	nan	nan	nan
6.000000000000000	nan	nan	nan
6.000000000000000	nan	nan	nan
6.000000000000000	nan	nan	nan
6.000000000000000	nan	nan	nan
6.000000000000000	nan	nan	nan
6.000000000000000	nan	nan	nan
6.000000000000000	nan	nan	nan
6.000000000000000	nan	nan	nan
6.000000000000000	nan	nan	nan
6.000000000000000	nan	nan	nan
6.000000000000000	nan	nan	nan
6.000000000000000	nan	nan	nan
6.000000000000000	nan	nan	nan
6.000000000000000	nan	nan	nan
6.000000000000000	nan	nan	nan
6.000000000000000	nan	nan	nan
6.000000000000000	nan	nan	nan
6.000000000000000	nan	nan	nan
6.000000000000000	nan	nan	nan
6.000000000000000	nan	nan	nan
6.000000000000000	nan	nan	nan
6.000000000000000	nan	nan	nan
6.000000000000000	nan	nan	nan
6.000000000000000	nan	nan	nan
6.000000000000000	nan	nan	nan
6.000000000000000	nan	nan	nan
6.000000000000000	nan	nan	nan
6.000000000000000	nan	nan	nan
6.000000000000000	nan	nan	nan
6.000000000000000	nan	nan	nan
6.000000000000000	nan	nan	nan
6.000000000000000	nan	nan	nan
6.000000000000000	nan	nan	nan
6.000000000000000	nan	nan	nan
6.000000000000000	nan	nan	nan
6.000000000000000	nan	nan	nan
6.000000000000000	nan	nan	nan
6.000000000000000	nan	nan	nan
6.000000000000000	nan	nan	nan
6.000000000000000	nan	nan	nan
6.000000000000000	nan	nan	nan
6.000000000000000	nan	nan	nan
6.000000000000000	nan	nan	nan
6.000000000000000	nan	nan	nan
6.000000000000000	nan	nan	nan
6.000000000000000	nan	nan	nan
6.000000000000000	nan	nan	nan
6.000000000000000	nan	nan	nan
6.000000000000000	nan	nan	nan
6.000000000000000	nan	nan	nan
6.000000000000000	nan	nan	nan
6.000000000000000	nan	nan	nan
6.000000000000000	nan	nan	nan
6.000000000000000	nan	nan	nan


7.000000000000000	nan	nan	nan
7.000000000000000	nan	nan	nan
7.000000000000000	nan	nan	nan
7.000000000000000	nan	nan	nan
7.000000000000000	nan	nan	nan
7.000000000000000	nan	nan	nan
7.000000000000000	nan	nan	nan
7.000000000000000	nan	nan	nan
7.000000000000000	nan	nan	nan
7.000000000000000	nan	nan	nan
7.000000000000000	nan	nan	nan
7.000000000000000	nan	nan	nan
7.000000000000000	nan	nan	nan
7.000000000000000	nan	nan	nan
7.000000000000000	nan	nan	nan
7.000000000000000	nan	nan	nan
7.000000000000000	nan	nan	nan
7.000000000000000	nan	nan	nan
7.000000000000000	nan	nan	nan
7.000000000000000	nan	nan	nan
7.000000000000000	nan	nan	nan
7.000000000000000	nan	nan	nan
7.000000000000000	nan	nan	nan
7.000000000000000	nan	nan	nan
7.000000000000000	nan	nan	nan
7.000000000000000	nan	nan	nan
7.000000000000000	nan	nan	nan
7.000000000000000	nan	nan	nan
7.000000000000000	nan	nan	nan
7.000000000000000	nan	nan	nan
7.000000000000000	nan	nan	nan
7.000000000000000	nan	nan	nan
7.000000000000000	nan	nan	nan
7.000000000000000	nan	nan	nan
7.000000000000000	nan	nan	nan
7.000000000000000	nan	nan	nan
7.000000000000000	nan	nan	nan
7.000000000000000	nan	nan	nan
7.000000000000000	nan	nan	nan
7.000000000000000	nan	nan	nan
7.000000000000000	nan	nan	nan
7.000000000000000	nan	nan	nan
7.000000000000000	nan	nan	nan
7.000000000000000	nan	nan	nan
7.000000000000000	nan	nan	nan
7.000000000000000	nan	nan	nan
7.000000000000000	nan	nan	nan
7.000000000000000	nan	nan	nan
7.000000000000000	nan	nan	nan
7.000000000000000	nan	nan	nan
7.000000000000000	nan	nan	nan
7.000000000000000	nan	nan	nan
7.000000000000000	nan	nan	nan
7.000000000000000	nan	nan	nan
7.000000000000000	nan	nan	nan
7.000000000000000	nan	nan	nan
7.000000000000000	nan	nan	nan
7.000000000000000	nan	nan	nan
7.000000000000000	nan	nan	nan
7.000000000000000	nan	nan	nan
7.000000000000000	nan	nan	nan
7.000000000000000	nan	nan	nan
7.000000000000000	nan	nan	nan
7.000000000000000	nan	nan	nan
7.000000000000000	nan	nan	nan
7.000000000000000	nan	nan	nan
7.000000000000000	nan	nan	nan
7.000000000000000	nan	nan	nan
7.000000000000000	nan	nan	nan
7.000000000000000	nan	nan	nan
7.000000000000000	nan	nan	nan
7.000000000000000	nan	nan	nan
7.000000000000000	nan	nan	nan
7.000000000000000	nan	nan	nan
7.000000000000000	nan	nan	nan
7.000000000000000	nan	nan	nan
7.000000000000000	nan	nan	nan
7.000000000000000	nan	nan	nan
7.000000000000000	nan	nan	nan
7.000000000000000	nan	nan	nan
7.000000000000000	nan	nan	nan
7.000000000000000	nan	nan	nan
7.000000000000000	nan	nan	nan
7.000000000000000	nan	nan	nan
7.000000000000000	nan	nan	nan
7.000000000000000	nan	nan	nan
7.000000000000000	nan	nan	nan
7.000000000000000	nan	nan	nan
7.000000000000000	nan	nan	nan
7.000000000000000	nan	nan	nan
7.000000000000000	nan	nan	nan
7.000000000000000	nan	nan	nan
7.000000000000000	nan	nan	nan
7.000000000000000	nan	nan	nan
7.000000000000000	nan	nan	nan
7.000000000000000	nan	nan	nan
7.000000000000000	nan	nan	nan
7.000000000000000	nan	nan	nan
7.000000000000000	nan	nan	nan
7.000000000000000	nan	nan	nan


8.000000000000000	nan	nan	nan
8.000000000000000	nan	nan	nan
8.000000000000000	nan	nan	nan
8.000000000000000	nan	nan	nan
8.000000000000000	nan	nan	nan
8.000000000000000	nan	nan	nan
8.000000000000000	nan	nan	nan
8.000000000000000	nan	nan	nan
8.000000000000000	nan	nan	nan
8.000000000000000	nan	nan	nan
8.000000000000000	nan	nan	nan
8.000000000000000	nan	nan	nan
8.000000000000000	nan	nan	nan
8.000000000000000	nan	nan	nan
8.000000000000000	nan	nan	nan
8.000000000000000	nan	nan	nan
8.000000000000000	nan	nan	nan
8.000000000000000	nan	nan	nan
8.000000000000000	nan	nan	nan
8.000000000000000	nan	nan	nan
8.000000000000000	nan	nan	nan
8.000000000000000	nan	nan	nan
8.000000000000000	nan	nan	nan
8.000000000000000	nan	nan	nan
8.000000000000000	nan	nan	nan
8.000000000000000	nan	nan	nan
8.000000000000000	nan	nan	nan
8.000000000000000	nan	nan	nan
8.000000000000000	nan	nan	nan
8.000000000000000	nan	nan	nan
8.000000000000000	nan	nan	nan
8.000000000000000	nan	nan	nan
8.000000000000000	nan	nan	nan
8.000000000000000	nan	nan	nan
8.000000000000000	nan	nan	nan
8.000000000000000	nan	nan	nan
8.000000000000000	nan	nan	nan
8.000000000000000	nan	nan	nan
8.000000000000000	nan	nan	nan
8.000000000000000	nan	nan	nan
8.000000000000000	nan	nan	nan
8.000000000000000	nan	nan	nan
8.000000000000000	nan	nan	nan
8.000000000000000	nan	nan	nan
8.000000000000000	nan	nan	nan
8.000000000000000	nan	nan	nan
8.000000000000000	nan	nan	nan
8.000000000000000	nan	nan	nan
8.000000000000000	nan	nan	nan
8.000000000000000	nan	nan	nan
8.000000000000000	nan	nan	nan
8.000000000000000	nan	nan	nan
8.000000000000000	nan	nan	nan
8.000000000000000	nan	nan	nan
8.000000000000000	nan	nan	nan
8.000000000000000	nan	nan	nan
8.000000000000000	nan	nan	nan
8.000000000000000	nan	nan	nan
8.000000000000000	nan	nan	nan
8.000000000000000	nan	nan	nan
8.000000000000000	nan	nan	nan
8.000000000000000	nan	nan	nan
8.000000000000000	nan	nan	nan
8.000000000000000	nan	nan	nan
8.000000000000000	nan	nan	nan
8.000000000000000	nan	nan	nan
8.000000000000000	nan	nan	nan
8.000000000000000	nan	nan	nan
8.000000000000000	nan	nan	nan
8.000000000000000	nan	nan	nan
8.000000000000000	nan	nan	nan
8.000000000000000	nan	nan	nan
8.000000000000000	nan	nan	nan
8.000000000000000	nan	nan	nan
8.000000000000000	nan	nan	nan
8.000000000000000	nan	nan	nan
8.000000000000000	nan	nan	nan
8.000000000000000	nan	nan	nan
8.000000000000000	nan	nan	nan
8.000000000000000	nan	nan	nan
8.000000000000000	nan	nan	nan
8.000000000000000	nan	nan	nan
8.000000000000000	nan	nan	nan
8.000000000000000	nan	nan	nan
8.000000000000000	nan	nan	nan
8.000000000000000	nan	nan	nan
8.000000000000000	nan	nan	nan
8.000000000000000	nan	nan	nan
8.000000000000000	nan	nan	nan
8.000000000000000	nan	nan	nan
8.000000000000000	nan	nan	nan
8.000000000000000	nan	nan	nan
8.000000000000000	nan	nan	nan
8.000000000000000	nan	nan	nan
8.000000000000000	nan	nan	nan
8.000000000000000	nan	nan	nan
8.000000000000000	nan	nan	nan
8.000000000000000	nan	nan	nan
8.000000000000000	nan	nan	nan
8.000000000000000	nan	nan	nan


9.000000000000000	nan	nan	nan
9.000000000000000	nan	nan	nan
9.000000000000000	nan	nan	nan
9.000000000000000	nan	nan	nan
9.000000000000000	nan	nan	nan
9.000000000000000	nan	nan	nan
9.000000000000000	nan	nan	nan
9.000000000000000	nan	nan	nan
9.000000000000000	nan	nan	nan
9.000000000000000	nan	nan	nan
9.000000000000000	nan	nan	nan
9.000000000000000	nan	nan	nan
9.000000000000000	nan	nan	nan
9.000000000000000	nan	nan	nan
9.000000000000000	nan	nan	nan
9.000000000000000	nan	nan	nan
9.000000000000000	nan	nan	nan
9.000000000000000	nan	nan	nan
9.000000000000000	nan	nan	nan
9.000000000000000	nan	nan	nan
9.000000000000000	nan	nan	nan
9.000000000000000	nan	nan	nan
9.000000000000000	nan	nan	nan
9.000000000000000	nan	nan	nan
9.000000000000000	nan	nan	nan
9.000000000000000	nan	nan	nan
9.000000000000000	nan	nan	nan
9.000000000000000	nan	nan	nan
9.000000000000000	nan	nan	nan
9.000000000000000	nan	nan	nan
9.000000000000000	nan	nan	nan
9.000000000000000	nan	nan	nan
9.000000000000000	nan	nan	nan
9.000000000000000	nan	nan	nan
9.000000000000000	nan	nan	nan
9.000000000000000	nan	nan	nan
9.000000000000000	nan	nan	nan
9.000000000000000	nan	nan	nan
9.000000000000000	nan	nan	nan
9.000000000000000	nan	nan	nan
9.000000000000000	nan	nan	nan
9.000000000000000	nan	nan	nan
9.000000000000000	nan	nan	nan
9.000000000000000	nan	nan	nan
9.000000000000000	nan	nan	nan
9.000000000000000	nan	nan	nan
9.000000000000000	nan	nan	nan
9.000000000000000	nan	nan	nan
9.000000000000000	nan	nan	nan
9.000000000000000	nan	nan	nan
9.000000000000000	nan	nan	nan
9.000000000000000	nan	nan	nan
9.000000000000000	nan	nan	nan
9.000000000000000	nan	nan	nan
9.000000000000000	nan	nan	nan
9.000000000000000	nan	nan	nan
9.000000000000000	nan	nan	nan
9.000000000000000	nan	nan	nan
9.000000000000000	nan	nan	nan
9.000000000000000	nan	nan	nan
9.000000000000000	nan	nan	nan
9.000000000000000	nan	nan	nan
9.000000000000000	nan	nan	nan
9.000000000000000	nan	nan	nan
9.000000000000000	nan	nan	nan
9.000000000000000	nan	nan	nan
9.000000000000000	nan	nan	nan
9.000000000000000	nan	nan	nan
9.000000000000000	nan	nan	nan
9.000000000000000	nan	nan	nan
9.000000000000000	nan	nan	nan
9.000000000000000	nan	nan	nan
9.000000000000000	nan	nan	nan
9.000000000000000	nan	nan	nan
9.000000000000000	nan	nan	nan
9.000000000000000	nan	nan	nan
9.000000000000000	nan	nan	nan
9.000000000000000	nan	nan	nan
9.000000000000000	nan	nan	nan
9.000000000000000	nan	nan	nan
9.000000000000000	nan	nan	nan
9.000000000000000	nan	nan	nan
9.000000000000000	nan	nan	nan
9.000000000000000	nan	nan	nan
9.000000000000000	nan	nan	nan
9.000000000000000	nan	nan	nan
9.000000000000000	nan	nan	nan
9.000000000000000	nan	nan	nan
9.000000000000000	nan	nan	nan
9.000000000000000	nan	nan	nan
9.000000000000000	nan	nan	nan
9.000000000000000	nan	nan	nan
9.000000000000000	nan	nan	nan
9.000000000000000	nan	nan	nan
9.000000000000000	nan	nan	nan
9.000000000000000	nan	nan	nan
9.000000000000000	nan	nan	nan
9.000000000000000	nan	nan	nan
9.000000000000000	nan	nan	nan
9.000000000000000	nan	nan	nan


10.000000000000000	nan	nan	nan
10.000000000000000	nan	nan	nan
10.000000000000000	nan	nan	nan
10.000000000000000	nan	nan	nan
10.000000000000000	nan	nan	nan
10.000000000000000	nan	nan	nan
10.000000000000000	nan	nan	nan
10.000000000000000	nan	nan	nan
10.000000000000000	nan	nan	nan
10.000000000000000	nan	nan	nan
10.000000000000000	nan	nan	nan
10.000000000000000	nan	nan	nan
10.000000000000000	nan	nan	nan
10.000000000000000	nan	nan	nan
10.000000000000000	nan	nan	nan
10.000000000000000	nan	nan	nan
10.000000000000000	nan	nan	nan
10.000000000000000	nan	nan	nan
10.000000000000000	nan	nan	nan
10.000000000000000	nan	nan	nan
10.000000000000000	nan	nan	nan
10.000000000000000	nan	nan	nan
10.000000000000000	nan	nan	nan
10.000000000000000	nan	nan	nan
10.000000000000000	nan	nan	nan
10.000000000000000	nan	nan	nan
10.000000000000000	nan	nan	nan
10.000000000000000	nan	nan	nan
10.000000000000000	nan	nan	nan
10.000000000000000	nan	nan	nan
10.000000000000000	nan	nan	nan
10.000000000000000	nan	nan	nan
10.000000000000000	nan	nan	nan
10.000000000000000	nan	nan	nan
10.000000000000000	nan	nan	nan
10.000000000000000	nan	nan	nan
10.000000000000000	nan	nan	nan
10.000000000000000	nan	nan	nan
10.000000000000000	nan	nan	nan
10.000000000000000	nan	nan	nan
10.000000000000000	nan	nan	nan
10.000000000000000	nan	nan	nan
10.000000000000000	nan	nan	nan
10.000000000000000	nan	nan	nan
10.000000000000000	nan	nan	nan
10.000000000000000	nan	nan	nan
10.000000000000000	nan	nan	nan
10.000000000000000	nan	nan	nan
10.000000000000000	nan	nan	nan
10.000000000000000	nan	nan	nan
10.000000000000000	nan	nan	nan
10.000000000000000	nan	nan	nan
10.000000000000000	nan	nan	nan
10.000000000000000	nan	nan	nan
10.000000000000000	nan	nan	nan
10.000000000000000	nan	nan	nan
10.000000000000000	nan	nan	nan
10.000000000000000	nan	nan	nan
10.000000000000000	nan	nan	nan
10.000000000000000	nan	nan	nan
10.000000000000000	nan	nan	nan
10.000000000000000	nan	nan	nan
10.000000000000000	nan	nan	nan
10.000000000000000	nan	nan	nan
10.000000000000000	nan	nan	nan
10.000000000000000	nan	nan	nan
10.000000000000000	nan	nan	nan
10.000000000000000	nan	nan	nan
10.000000000000000	nan	nan	nan
10.000000000000000	nan	nan	nan
10.000000000000000	nan	nan	nan
10.000000000000000	nan	nan	nan
10.000000000000000	nan	nan	nan
10.000000000000000	nan	nan	nan
10.000000000000000	nan	nan	nan
10.000000000000000	nan	nan	nan
10.000000000000000	nan	nan	nan
10.000000000000000	nan	nan	nan
10.000000000000000	nan	nan	nan
10.000000000000000	nan	nan	nan
10.000000000000000	nan	nan	nan
10.000000000000000	nan	nan	nan
10.000000000000000	nan	nan	nan
10.000000000000000	nan	nan	nan
10.000000000000000	nan	nan	nan
10.000000000000000	nan	nan	nan
10.000000000000000	nan	nan	nan
10.000000000000000	nan	nan	nan
10.000000000000000	nan	nan	nan
10.000000000000000	nan	nan	nan
10.000000000000000	nan	nan	nan
10.000000000000000	nan	nan	nan
10.000000000000000	nan	nan	nan
10.000000000000000	nan	nan	nan
10.000000000000000	nan	nan	nan
10.000000000000000	nan	nan	nan
10.000000000000000	nan	nan	nan
10.000000000000000	nan	nan	nan
10.000000000000000	nan	nan	nan
10.000000000000000	nan	nan	nan


11.000000000000000	nan	nan	nan
11.000000000000000	nan	nan	nan
11.000000000000000	nan	nan	nan
11.000000000000000	nan	nan	nan
11.000000000000000	nan	nan	nan
11.000000000000000	nan	nan	nan
11.000000000000000	nan	nan	nan
11.000000000000000	nan	nan	nan
11.000000000000000	nan	nan	nan
11.000000000000000	nan	nan	nan
11.000000000000000	nan	nan	nan
11.000000000000000	nan	nan	nan
11.000000000000000	nan	nan	nan
11.000000000000000	nan	nan	nan
11.000000000000000	nan	nan	nan
11.000000000000000	nan	nan	nan
11.000000000000000	nan	nan	nan
11.000000000000000	nan	nan	nan
11.000000000000000	nan	nan	nan
11.000000000000000	nan	nan	nan
11.000000000000000	nan	nan	nan
11.000000000000000	nan	nan	nan
11.000000000000000	nan	nan	nan
11.000000000000000	nan	nan	nan
11.000000000000000	nan	nan	nan
11.000000000000000	nan	nan	nan
11.000000000000000	nan	nan	nan
11.000000000000000	nan	nan	nan
11.000000000000000	nan	nan	nan
11.000000000000000	nan	nan	nan
11.000000000000000	nan	nan	nan
11.000000000000000	nan	nan	nan
11.000000000000000	nan	nan	nan
11.000000000000000	nan	nan	nan
11.000000000000000	nan	nan	nan
11.000000000000000	nan	nan	nan
11.000000000000000	nan	nan	nan
11.000000000000000	nan	nan	nan
11.000000000000000	nan	nan	nan
11.000000000000000	nan	nan	nan
11.000000000000000	nan	nan	nan
11.000000000000000	nan	nan	nan
11.000000000000000	nan	nan	nan
11.000000000000000	nan	nan	nan
11.000000000000000	nan	nan	nan
11.000000000000000	nan	nan	nan
11.000000000000000	nan	nan	nan
11.000000000000000	nan	nan	nan
11.000000000000000	nan	nan	nan
11.000000000000000	nan	nan	nan
11.000000000000000	nan	nan	nan
11.000000000000000	nan	nan	nan
11.000000000000000	nan	nan	nan
11.000000000000000	nan	nan	nan
11.000000000000000	nan	nan	nan
11.000000000000000	nan	nan	nan
11.000000000000000	nan	nan	nan
11.000000000000000	nan	nan	nan
11.000000000000000	nan	nan	nan
11.000000000000000	nan	nan	nan
11.000000000000000	nan	nan	nan
11.000000000000000	nan	nan	nan
11.000000000000000	nan	nan	nan
11.000000000000000	nan	nan	nan
11.000000000000000	nan	nan	nan
11.000000000000000	nan	nan	nan
11.000000000000000	nan	nan	nan
11.000000000000000	nan	nan	nan
11.000000000000000	nan	nan	nan
11.000000000000000	nan	nan	nan
11.000000000000000	nan	nan	nan
11.000000000000000	nan	nan	nan
11.000000000000000	nan	nan	nan
11.000000000000000	nan	nan	nan
11.000000000000000	nan	nan	nan
11.000000000000000	nan	nan	nan
11.000000000000000	nan	nan	nan
11.000000000000000	nan	nan	nan
11.000000000000000	nan	nan	nan
11.000000000000000	nan	nan	nan
11.000000000000000	nan	nan	nan
11.000000000000000	nan	nan	nan
11.000000000000000	nan	nan	nan
11.000000000000000	nan	nan	nan
11.000000000000000	nan	nan	nan
11.000000000000000	nan	nan	nan
11.000000000000000	nan	nan	nan
11.000000000000000	nan	nan	nan
11.000000000000000	nan	nan	nan
11.000000000000000	nan	nan	nan
11.000000000000000	nan	nan	nan
11.000000000000000	nan	nan	nan
11.000000000000000	nan	nan	nan
11.000000000000000	nan	nan	nan
11.000000000000000	nan	nan	nan
11.000000000000000	nan	nan	nan
11.000000000000000	nan	nan	nan
11.000000000000000	nan	nan	nan
11.000000000000000	nan	nan	nan
11.000000000000000	nan	nan	nan


12.000000000000000	nan	nan	nan
12.000000000000000	nan	nan	nan
12.000000000000000	nan	nan	nan
12.000000000000000	nan	nan	nan
12.000000000000000	nan	nan	nan
12.000000000000000	nan	nan	nan
12.000000000000000	nan	nan	nan
12.000000000000000	nan	nan	nan
12.000000000000000	nan	nan	nan
12.000000000000000	nan	nan	nan
12.000000000000000	nan	nan	nan
12.000000000000000	nan	nan	nan
12.000000000000000	nan	nan	nan
12.000000000000000	nan	nan	nan
12.000000000000000	nan	nan	nan
12.000000000000000	nan	nan	nan
12.000000000000000	nan	nan	nan
12.000000000000000	nan	nan	nan
12.000000000000000	nan	nan	nan
12.000000000000000	nan	nan	nan
12.000000000000000	nan	nan	nan
12.000000000000000	nan	nan	nan
12.000000000000000	nan	nan	nan
12.000000000000000	nan	nan	nan
12.000000000000000	nan	nan	nan
12.000000000000000	nan	nan	nan
12.000000000000000	nan	nan	nan
12.000000000000000	nan	nan	nan
12.000000000000000	nan	nan	nan
12.000000000000000	nan	nan	nan
12.000000000000000	nan	nan	nan
12.000000000000000	nan	nan	nan
12.000000000000000	nan	nan	nan
12.000000000000000	nan	nan	nan
12.000000000000000	nan	nan	nan
12.000000000000000	nan	nan	nan
12.000000000000000	nan	nan	nan
12.000000000000000	nan	nan	nan
12.000000000000000	nan	nan	nan
12.000000000000000	nan	nan	nan
12.000000000000000	nan	nan	nan
12.000000000000000	nan	nan	nan
12.000000000000000	nan	nan	nan
12.000000000000000	nan	nan	nan
12.000000000000000	nan	nan	nan
12.000000000000000	nan	nan	nan
12.000000000000000	nan	nan	nan
12.000000000000000	nan	nan	nan
12.000000000000000	nan	nan	nan
12.000000000000000	nan	nan	nan
12.000000000000000	nan	nan	nan
12.000000000000000	nan	nan	nan
12.000000000000000	nan	nan	nan
12.000000000000000	nan	nan	nan
12.000000000000000	nan	nan	nan
12.000000000000000	nan	nan	nan
12.000000000000000	nan	nan	nan
12.000000000000000	nan	nan	nan
12.000000000000000	nan	nan	nan
12.000000000000000	nan	nan	nan
12.000000000000000	nan	nan	nan
12.000000000000000	nan	nan	nan
12.000000000000000	nan	nan	nan
12.000000000000000	nan	nan	nan
12.000000000000000	nan	nan	nan
12.000000000000000	nan	nan	nan
12.000000000000000	nan	nan	nan
12.000000000000000	nan	nan	nan
12.000000000000000	nan	nan	nan
12.000000000000000	nan	nan	nan
12.000000000000000	nan	nan	nan
12.000000000000000	nan	nan	nan
12.000000000000000	nan	nan	nan
12.000000000000000	nan	nan	nan
12.000000000000000	nan	nan	nan
12.000000000000000	nan	nan	nan
12.000000000000000	nan	nan	nan
12.000000000000000	nan	nan	nan
12.000000000000000	nan	nan	nan
12.000000000000000	nan	nan	nan
12.000000000000000	nan	nan	nan
12.000000000000000	nan	nan	nan
12.000000000000000	nan	nan	nan
12.000000000000000	nan	nan	nan
12.000000000000000	nan	nan	nan
12.000000000000000	nan	nan	nan
12.000000000000000	nan	nan	nan
12.000000000000000	nan	nan	nan
12.000000000000000	nan	nan	nan
12.000000000000000	nan	nan	nan
12.000000000000000	nan	nan	nan
12.000000000000000	nan	nan	nan
12.000000000000000	nan	nan	nan
12.000000000000000	nan	nan	nan
12.000000000000000	nan	nan	nan
12.000000000000000	nan	nan	nan
12.000000000000000	nan	nan	nan
12.000000000000000	nan	nan	nan
12.000000000000000	nan	nan	nan
12.000000000000000	nan	nan	nan


13.000000000000000	nan	nan	nan
13.000000000000000	nan	nan	nan
13.000000000000000	nan	nan	nan
13.000000000000000	nan	nan	nan
13.000000000000000	nan	nan	nan
13.000000000000000	nan	nan	nan
13.000000000000000	nan	nan	nan
13.000000000000000	nan	nan	nan
13.000000000000000	nan	nan	nan
13.000000000000000	nan	nan	nan
13.000000000000000	nan	nan	nan
13.000000000000000	nan	nan	nan
13.000000000000000	nan	nan	nan
13.000000000000000	nan	nan	nan
13.000000000000000	nan	nan	nan
13.000000000000000	nan	nan	nan
13.000000000000000	nan	nan	nan
13.000000000000000	nan	nan	nan
13.000000000000000	nan	nan	nan
13.000000000000000	nan	nan	nan
13.000000000000000	nan	nan	nan
13.000000000000000	nan	nan	nan
13.000000000000000	nan	nan	nan
13.000000000000000	nan	nan	nan
13.000000000000000	nan	nan	nan
13.000000000000000	nan	nan	nan
13.000000000000000	nan	nan	nan
13.000000000000000	nan	nan	nan
13.000000000000000	nan	nan	nan
13.000000000000000	nan	nan	nan
13.000000000000000	nan	nan	nan
13.000000000000000	nan	nan	nan
13.000000000000000	nan	nan	nan
13.000000000000000	nan	nan	nan
13.000000000000000	nan	nan	nan
13.000000000000000	nan	nan	nan
13.000000000000000	nan	nan	nan
13.000000000000000	nan	nan	nan
13.000000000000000	nan	nan	nan
13.000000000000000	nan	nan	nan
13.000000000000000	nan	nan	nan
13.000000000000000	nan	nan	nan
13.000000000000000	nan	nan	nan
13.000000000000000	nan	nan	nan
13.000000000000000	nan	nan	nan
13.000000000000000	nan	nan	nan
13.000000000000000	nan	nan	nan
13.000000000000000	nan	nan	nan
13.000000000000000	nan	nan	nan
13.000000000000000	nan	nan	nan
13.000000000000000	nan	nan	nan
13.000000000000000	nan	nan	nan
13.000000000000000	nan	nan	nan
13.000000000000000	nan	nan	nan
13.000000000000000	nan	nan	nan
13.000000000000000	nan	nan	nan
13.000000000000000	nan	nan	nan
13.000000000000000	nan	nan	nan
13.000000000000000	nan	nan	nan
13.000000000000000	nan	nan	nan
13.000000000000000	nan	nan	nan
13.000000000000000	nan	nan	nan
13.000000000000000	nan	nan	nan
13.000000000000000	nan	nan	nan
13.000000000000000	nan	nan	nan
13.000000000000000	nan	nan	nan
13.000000000000000	nan	nan	nan
13.000000000000000	nan	nan	nan
13.000000000000000	nan	nan	nan
13.000000000000000	nan	nan	nan
13.000000000000000	nan	nan	nan
13.000000000000000	nan	nan	nan
13.000000000000000	nan	nan	nan
13.000000000000000	nan	nan	nan
13.000000000000000	nan	nan	nan
13.000000000000000	nan	nan	nan
13.000000000000000	nan	nan	nan
13.000000000000000	nan	nan	nan
13.000000000000000	nan	nan	nan
13.000000000000000	nan	nan	nan
13.000000000000000	nan	nan	nan
13.000000000000000	nan	nan	nan
13.000000000000000	nan	nan	nan
13.000000000000000	nan	nan	nan
13.000000000000000	nan	nan	nan
13.000000000000000	nan	nan	nan
13.000000000000000	nan	nan	nan
13.000000000000000	nan	nan	nan
13.000000000000000	nan	nan	nan
13.000000000000000	nan	nan	nan
13.000000000000000	nan	nan	nan
13.000000000000000	nan	nan	nan
13.000000000000000	nan	nan	nan
13.000000000000000	nan	nan	nan
13.000000000000000	nan	nan	nan
13.000000000000000	nan	nan	nan
13.000000000000000	nan	nan	nan
13.000000000000000	nan	nan	nan
13.000000000000000	nan	nan	nan
13.000000000000000	nan	nan	nan


14.000000000000000	nan	nan	nan
14.000000000000000	nan	nan	nan
14.000000000000000	nan	nan	nan
14.000000000000000	nan	nan	nan
14.000000000000000	nan	nan	nan
14.000000000000000	nan	nan	nan
14.000000000000000	nan	nan	nan
14.000000000000000	nan	nan	nan
14.000000000000000	nan	nan	nan
14.000000000000000	nan	nan	nan
14.000000000000000	nan	nan	nan
14.000000000000000	nan	nan	nan
14.000000000000000	nan	nan	nan
14.000000000000000	nan	nan	nan
14.000000000000000	nan	nan	nan
14.000000000000000	nan	nan	nan
14.000000000000000	nan	nan	nan
14.000000000000000	nan	nan	nan
14.000000000000000	nan	nan	nan
14.000000000000000	nan	nan	nan
14.000000000000000	nan	nan	nan
14.000000000000000	nan	nan	nan
14.000000000000000	nan	nan	nan
14.000000000000000	nan	nan	nan
14.000000000000000	nan	nan	nan
14.000000000000000	nan	nan	nan
14.000000000000000	nan	nan	nan
14.000000000000000	nan	nan	nan
14.000000000000000	nan	nan	nan
14.000000000000000	nan	nan	nan
14.000000000000000	nan	nan	nan
14.000000000000000	nan	nan	nan
14.000000000000000	nan	nan	nan
14.000000000000000	nan	nan	nan
14.000000000000000	nan	nan	nan
14.000000000000000	nan	nan	nan
14.000000000000000	nan	nan	nan
14.000000000000000	nan	nan	nan
14.000000000000000	nan	nan	nan
14.000000000000000	nan	nan	nan
14.000000000000000	nan	nan	nan
14.000000000000000	nan	nan	nan
14.000000000000000	nan	nan	nan
14.000000000000000	nan	nan	nan
14.000000000000000	nan	nan	nan
14.000000000000000	nan	nan	nan
14.000000000000000	nan	nan	nan
14.000000000000000	nan	nan	nan
14.000000000000000	nan	nan	nan
14.000000000000000	nan	nan	nan
14.000000000000000	nan	nan	nan
14.000000000000000	nan	nan	nan
14.000000000000000	nan	nan	nan
14.000000000000000	nan	nan	nan
14.000000000000000	nan	nan	nan
14.000000000000000	nan	nan	nan
14.000000000000000	nan	nan	nan
14.000000000000000	nan	nan	nan
14.000000000000000	nan	nan	nan
14.000000000000000	nan	nan	nan
14.000000000000000	nan	nan	nan
14.000000000000000	nan	nan	nan
14.000000000000000	nan	nan	nan
14.000000000000000	nan	nan	nan
14.000000000000000	nan	nan	nan
14.000000000000000	nan	nan	nan
14.000000000000000	nan	nan	nan
14.000000000000000	nan	nan	nan
14.000000000000000	nan	nan	nan
14.000000000000000	nan	nan	nan
14.000000000000000	nan	nan	nan
14.000000000000000	nan	nan	nan
14.000000000000000	nan	nan	nan
14.000000000000000	nan	nan	nan
14.000000000000000	nan	nan	nan
14.000000000000000	nan	nan	nan
14.000000000000000	nan	nan	nan
14.000000000000000	nan	nan	nan
14.000000000000000	nan	nan	nan
14.000000000000000	nan	nan	nan
14.000000000000000	nan	nan	nan
14.000000000000000	nan	nan	nan
14.000000000000000	nan	nan	nan
14.000000000000000	nan	nan	nan
14.000000000000000	nan	nan	nan
14.000000000000000	nan	nan	nan
14.000000000000000	nan	nan	nan
14.000000000000000	nan	nan	nan
14.000000000000000	nan	nan	nan
14.000000000000000	nan	nan	nan
14.000000000000000	nan	nan	nan
14.000000000000000	nan	nan	nan
14.000000000000000	nan	nan	nan
14.000000000000000	nan	nan	nan
14.000000000000000	nan	nan	nan
14.000000000000000	nan	nan	nan
14.000000000000000	nan	nan	nan
14.000000000000000	nan	nan	nan
14.000000000000000	nan	nan	nan
14.000000000000000	nan	nan	nan


15.000000000000000	1.419244282083230	0.760864873480914	-0.001123818694752
15.000000000000000	1.366878843500976	0.851512175336244	0.000668349190800
15.000000000000000	1.308867032976703	0.938654378916777	0.002457938654844
15.000000000000000	1.245442443596484	1.021940593324992	0.004237743652231
15.000000000000000	1.176860463796441	1.101035454370819	0.006000597536409
15.000000000000000	1.103397249003645	1.175620474964863	0.007739401916974
15.000000000000000	1.025348609655683	1.245395327553511	0.009447155242386
15.000000000000000	0.943028820076429	1.310079053431989	0.011116980992744
15.000000000000000	0.856769353004261	1.369411194065900	0.012742155369106
15.000000000000000	0.766917544868338	1.423152839865822	0.014316134367854
15.000000000000000	0.673835197187387	1.471087592191898	0.015832580131086
15.000000000000000	0.577897119722686	1.513022434714782	0.017285386466933
15.000000000000000	0.479489621251436	1.548788510624276	0.018668703437040
15.000000000000000	0.379008954037669	1.578241802556107	0.019976960912201
15.000000000000000	0.276859718264230	1.601263712499020	0.021204891001306
15.000000000000000	0.173453232850642	1.617761539347116	0.022347549263275
15.000000000000000	0.069205879216990	1.627668852174482	0.023400334616583
15.000000000000000	-0.035462575337097	1.630945757729086	0.024359007866184
15.000000000000000	-0.140130667887207	1.627579061068824	0.025219708773261
15.000000000000000	-0.244376936966593	1.617582318692893	0.025978971599040
15.000000000000000	-0.347781619642744	1.600995783954551	0.026633739060099
15.000000000000000	-0.449928341754561	1.577886244975076	0.027181374638967
15.000000000000000	-0.550405794504148	1.548346755711571	0.027619673200454
15.000000000000000	-0.648809390652174	1.512496261261521	0.027946869870947
15.000000000000000	-0.744742893647887	1.470479118912867	0.028161647144936
15.000000000000000	-0.837820013133855	1.422464516868161	0.028263140190144
15.000000000000000	-0.927665960400898	1.368645792983380	0.028250940329897
15.000000000000000	-1.013918957529937	1.309239656264625	0.028125096688728
15.000000000000000	-1.096231694143994	1.244485314257438	0.027886115994564
15.000000000000000	-1.174272725904490	1.174643509842439	0.027534960538314
15.000000000000000	-1.247727809120622	1.099995471315779	0.027073044299061
15.000000000000000	-1.316301166097792	1.020841779982043	0.026502227250471
15.000000000000000	-1.379716676129992	0.937501159819431	0.025824807871333
15.000000000000000	-1.437718987340432	0.850309194090786	0.025043513890394
15.000000000000000	-1.490074544893421	0.759616974068234	0.024161491302763
15.000000000000000	-1.536572531437262	0.665789685312554	0.023182291702097
15.000000000000000	-1.577025715991317	0.569205137199807	0.022109857979585
15.000000000000000	-1.611271207859086	0.470252241616329	0.020948508447318
15.000000000000000	-1.639171112531550	0.369329446947827	0.019702919449972
15.000000000000000	-1.660613086939692	0.266843133668359	0.018378106534817
15.000000000000000	-1.675510791820381	0.163205977989597	0.016979404255877
15.000000000000000	-1.683804239374115	0.058835290159369	0.015512444693566
15.000000000000000	-1.685460034814714	-0.045848665899415	0.013983134776288
15.000000000000000	-1.680471510838343	-0.150424364843257	0.012397632495318
15.000000000000000	-1.668858754470386	-0.254470717241850	0.010762322108750
15.000000000000000	-1.650668526182086	-0.357568765156599	0.009083788434338
15.000000000000000	-1.625974071602634	-0.459303369136363	0.007368790334759
15.000000000000000	-1.594874826584866	-0.559264879837511	0.005624233502064
15.000000000000000	-1.557496016812185	-0.657050787537242	0.003857142650887
15.000000000000000	-1.513988153558927	-0.752267342898174	0.002074633232402
15.000000000000000	-1.464526427634583	-0.844531142457961	0.000283882782912
15.000000000000000	-1.409310003952243	-0.933470672459707	-0.001507897977557
15.000000000000000	-1.348561219561783	-1.018727804806750	-0.003293494180281
15.000000000000000	-1.282524688377039	-1.099959239118099	-0.005065715859567
15.000000000000000	-1.211466316201909	-1.176837885077914	-0.006817426904206
15.000000000000000	-1.135672230021534	-1.249054179512751	-0.008541573792078
15.000000000000000	-1.055447625869909	-1.316317332893215	-0.010231213992191
15.000000000000000	-0.971115539913182	-1.378356500240751	-0.011879543919808
15.000000000000000	-0.883015547697014	-1.434921871724789	-0.013479926332079
15.000000000000000	-0.791502396795717	-1.485785678558759	-0.015025917053873
15.000000000000000	-0.696944578368974	-1.530743110144603	-0.016511290926202
15.000000000000000	-0.599722843377998	-1.569613138772771	-0.017930066872736
15.000000000000000	-0.500228669435789	-1.602239248556911	-0.019276531983487
15.000000000000000	-0.398862684464967	-1.628490065668105	-0.020545264518678
15.000000000000000	-0.296033053510515	-1.648259887330909	-0.021731155740183
15.000000000000000	-0.192153835203210	-1.661469107451122	-0.022829430482606
15.000000000000000	-0.087643314491650	-1.668064537161431	-0.023835666381188
15.000000000000000	0.017077681643593	-1.668019618994209	-0.024745811679110
15.000000000000000	0.121587478711707	-1.661334533819061	-0.025556201542487
15.000000000000000	0.225465252645980	-1.648036200114530	-0.026263572817362
15.000000000000000	0.328292724313794	-1.628178165576879	-0.026865077169273
15.000000000000000	0.429655843779054	-1.601840391502421	-0.027358292552492
15.000000000000000	0.529146457535157	-1.569128930811602	-0.027741232962749
15.000000000000000	0.626363951995100	-1.530175501011316	-0.028012356434167
15.000000000000000	0.720916866621002	-1.485136953814999	-0.028170571248218
15.000000000000000	0.812424470197524	-1.434194643556138	-0.028215240329688
15.000000000000000	0.900518293902103	-1.377553696938372	-0.028146183811950
15.000000000000000	0.984843614998848	-1.315442187062662	-0.027963679761229
15.000000000000000	1.065060885181799	-1.248110215057408	-0.027668463056924
15.000000000000000	1.140847097816112	-1.175828903009475	-0.027261722432507
15.000000000000000	1.211897088571784	-1.098889302251240	-0.026745095688916
15.000000000000000	1.277924764212691	-1.017601221399605	-0.026120663099709
15.000000000000000	1.338664254593085	-0.932291978866038	-0.025390939034531
15.000000000000000	1.393870983222827	-0.843305084860856	-0.024558861834642
15.000000000000000	1.443322652090598	-0.750998858198848	-0.023627781981250
15.000000000000000	1.486820136779525	-0.655744983475873	-0.022601448604305
15.000000000000000	1.524188288270931	-0.557927014426182	-0.021483994386078
15.000000000000000	1.555276638207618	-0.457938829486893	-0.020279918920307
15.000000000000000	1.579960004776829	-0.356183045788550	-0.018994070593922
15.000000000000000	1.598138996773231	-0.253069397958036	-0.017631627064302
15.000000000000000	1.609740413812216	-0.149013088261847	-0.016198074410674
15.000000000000000	1.614717541082016	-0.044433114733103	-0.014699185043611
15.000000000000000	1.613050337447762	0.060249415985647	-0.013140994461570
15.000000000000000	1.604745516150059	0.164612984290247	-0.011529776948072
15.000000000000000	1.589836517773139	0.268237354925602	-0.009872020307374
15.000000000000000	1.568383375591428	0.370705269124741	-0.008174399740374
15.000000000000000	1.540472473836737	0.471604124762597	-0.006443750965929
15.000000000000000	1.506216199859455	0.570527637759136	-0.004687042695834
15.000000000000000	1.465752491584349	0.667077478041959	-0.002911348574273
15.000000000000000	1.419244282083231	0.760864873480914	-0.001123818694752


16.000000000000000	nan	nan	nan
16.000000000000000	nan	nan	nan
16.000000000000000	nan	nan	nan
16.000000000000000	nan	nan	nan
16.000000000000000	nan	nan	nan
16.000000000000000	nan	nan	nan
16.000000000000000	nan	nan	nan
16.000000000000000	nan	nan	nan
16.000000000000000	nan	nan	nan
16.000000000000000	nan	nan	nan
16.000000000000000	nan	nan	nan
16.000000000000000	nan	nan	nan
16.000000000000000	nan	nan	nan
16.000000000000000	nan	nan	nan
16.000000000000000	nan	nan	nan
16.000000000000000	nan	nan	nan
16.000000000000000	nan	nan	nan
16.000000000000000	nan	nan	nan
16.000000000000000	nan	nan	nan
16.000000000000000	nan	nan	nan
16.000000000000000	nan	nan	nan
16.000000000000000	nan	nan	nan
16.000000000000000	nan	nan	nan
16.000000000000000	nan	nan	nan
16.000000000000000	nan	nan	nan
16.000000000000000	nan	nan	nan
16.000000000000000	nan	nan	nan
16.000000000000000	nan	nan	nan
16.000000000000000	nan	nan	nan
16.000000000000000	nan	nan	nan
16.000000000000000	nan	nan	nan
16.000000000000000	nan	nan	nan
16.000000000000000	nan	nan	nan
16.000000000000000	nan	nan	nan
16.000000000000000	nan	nan	nan
16.000000000000000	nan	nan	nan
16.000000000000000	nan	nan	nan
16.000000000000000	nan	nan	nan
16.000000000000000	nan	nan	nan
16.000000000000000	nan	nan	nan
16.000000000000000	nan	nan	nan
16.000000000000000	nan	nan	nan
16.000000000000000	nan	nan	nan
16.000000000000000	nan	nan	nan
16.000000000000000	nan	nan	nan
16.000000000000000	nan	nan	nan
16.000000000000000	nan	nan	nan
16.000000000000000	nan	nan	nan
16.000000000000000	nan	nan	nan
16.000000000000000	nan	nan	nan
16.000000000000000	nan	nan	nan
16.000000000000000	nan	nan	nan
16.000000000000000	nan	nan	nan
16.000000000000000	nan	nan	nan
16.000000000000000	nan	nan	nan
16.000000000000000	nan	nan	nan
16.000000000000000	nan	nan	nan
16.000000000000000	nan	nan	nan
16.000000000000000	nan	nan	nan
16.000000000000000	nan	nan	nan
16.000000000000000	nan	nan	nan
16.000000000000000	nan	nan	nan
16.000000000000000	nan	nan	nan
16.000000000000000	nan	nan	nan
16.000000000000000	nan	nan	nan
16.000000000000000	nan	nan	nan
16.000000000000000	nan	nan	nan
16.000000000000000	nan	nan	nan
16.000000000000000	nan	nan	nan
16.000000000000000	nan	nan	nan
16.000000000000000	nan	nan	nan
16.000000000000000	nan	nan	nan
16.000000000000000	nan	nan	nan
16.000000000000000	nan	nan	nan
16.000000000000000	nan	nan	nan
16.000000000000000	nan	nan	nan
16.000000000000000	nan	nan	nan
16.000000000000000	nan	nan	nan
16.000000000000000	nan	nan	nan
16.000000000000000	nan	nan	nan
16.000000000000000	nan	nan	nan
16.000000000000000	nan	nan	nan
16.000000000000000	nan	nan	nan
16.000000000000000	nan	nan	nan
16.000000000000000	nan	nan	nan
16.000000000000000	nan	nan	nan
16.000000000000000	nan	nan	nan
16.000000000000000	nan	nan	nan
16.000000000000000	nan	nan	nan
16.000000000000000	nan	nan	nan
16.000000000000000	nan	nan	nan
16.000000000000000	nan	nan	nan
16.000000000000000	nan	nan	nan
16.000000000000000	nan	nan	nan
16.000000000000000	nan	nan	nan
16.000000000000000	nan	nan	nan
16.000000000000000	nan	nan	nan
16.000000000000000	nan	nan	nan
16.000000000000000	nan	nan	nan
16.000000000000000	nan	nan	nan


